119.0200 116.1800 114.0300 101.7900 100.7900 100.6100 100.2300 102.4000 119.3800 113.2500 106.8200 126.1200 122.3900 109.7100 119.8200 119.5700 119.1100 119.1100 118.4900 118.1900 97.3300 117.3500 117.3500 116.6000 116.3700 115.9300 97.4700 115.1800 114.8400 114.3900 114.5300 114.5300 114.0700 114.1100 114.1300 114.1100 114.0800 114.0200 114.5300 114.4300
119.0200 115.7465 114.5447 108.4232 114.9239 100.2842 98.7901 104.0675 112.1917 105.9024 100.4297 122.1051 116.5522 118.9723 120.6090 119.6466 119.1005 118.7572 119.7770 119.7764 110.8315 115.8555 116.8737 116.4849 116.4348 114.7396 97.5300 115.4961 114.2486 114.2600 113.9787 113.7349 113.5544 113.4412 113.3944 113.4209 113.5215 113.6832 113.9087 113.7300
117.1600 114.6570 113.3508 110.0264 121.4961 113.6634 113.6402 112.4319 103.6566 100.5056 96.4123 123.1361 99.0539 120.9523 116.6086 119.1011 118.8872 118.3691 117.3463 100.4115 116.0228 114.8944 116.6294 116.0843 115.0728 115.0292 107.1031 114.5429 113.8245 113.5769 113.2335 112.9655 112.7435 112.6063 112.5567 112.5832 112.7014 112.9008 113.1665 112.9900
117.1600 114.8969 111.1040 116.1094 115.8559 107.6890 115.6170 123.0242 117.0092 122.4494 113.2634 119.3535 96.9764 121.0142 117.7709 118.8648 118.6503 118.2586 118.8314 121.2140 113.5595 116.8086 116.0155 115.6757 115.1765 115.1871 115.1299 113.6956 113.2673 112.8513 112.4559 112.1168 111.8580 111.6879 111.6175 111.6578 111.8021 112.0380 112.3590 112.1300
103.1300 108.0767 110.6126 108.9738 111.3353 106.1048 108.4204 114.4416 121.0017 122.0984 122.1846 119.9768 113.3008 121.1372 119.7763 119.1197 118.5212 118.0737 117.5386 117.3183 115.1754 116.4600 115.7350 115.2525 114.7334 114.1524 113.6102 113.0440 112.5997 112.0750 111.5979 111.1925 110.8658 110.6562 110.5668 110.6200 110.7956 111.0932 111.4835 112.1300
101.3500 111.5774 109.3854 109.3294 105.9689 105.8459 106.8369 125.2784 120.4168 120.8141 120.4192 120.2954 120.6802 119.4201 118.0527 118.5505 118.1555 117.8910 117.4508 116.9547 116.6422 115.9694 115.4372 114.8746 114.2966 113.6655 113.3475 112.4253 111.8801 111.2550 110.6813 110.1752 109.7608 109.4863 109.3787 109.4377 109.6800 110.0552 110.5361 111.1800
102.3000 103.3549 106.5986 100.7179 99.6338 110.4730 104.9286 117.6993 120.7469 120.9183 120.4884 120.1107 119.7425 119.6232 118.6682 118.5334 118.6217 117.6864 117.2082 116.7288 116.2177 115.6654 115.1007 114.5028 113.8917 113.1507 112.3667 108.1652 111.4784 110.3271 109.6915 109.0467 108.5127 108.1444 107.9940 108.0811 108.3970 108.8966 109.5080 110.0200
106.9400 107.8769 106.6996 107.1313 105.4036 102.8640 117.1786 107.9764 122.0699 121.9051 120.2568 120.0399 119.6412 120.4404 108.3150 113.8548 114.1021 117.1805 117.1175 116.5210 115.9788 115.4020 114.8046 114.1606 113.4776 112.7527 111.9898 111.1156 110.3313 109.5013 108.6077 107.7916 107.0744 106.5674 106.3445 106.4721 106.9211 107.5937 108.3929 108.9000
118.7400 112.2883 106.5125 120.8928 105.6990 104.6485 117.5610 109.9357 122.5411 120.4802 120.2267 119.9536 119.3570 118.8284 119.4973 120.2242 116.9547 117.3576 116.8728 116.3431 115.7813 115.1773 114.5325 113.8503 113.1138 112.3421 111.4519 110.5552 109.5864 108.5672 107.4849 106.4064 105.4121 104.6618 104.3215 104.5212 105.1929 106.1293 107.1984 107.3900
113.1600 97.9127 102.2643 100.8460 102.8915 110.4845 120.0546 115.2630 121.8380 120.6414 120.2288 119.8893 120.0135 121.7989 118.3104 117.5465 117.7936 117.2260 116.7381 116.1876 115.5959 114.9029 114.3138 113.6008 112.8085 111.9593 111.0309 110.0237 108.9029 107.6684 106.3240 104.8812 103.4493 102.2371 101.6556 102.0063 103.1029 104.5092 105.9527 107.2400
101.4500 105.5790 109.5519 107.7699 101.0291 108.2839 116.2155 116.6030 121.5340 120.5703 120.1691 119.7468 119.8247 114.4751 117.6941 121.6301 117.5646 117.1601 116.6373 116.0636 115.4298 115.4857 114.4632 113.0145 112.5570 111.6446 110.6446 109.5301 108.2753 106.8414 105.1969 103.2964 101.1483 99.0864 97.8421 98.6016 100.5760 102.7529 104.7212 105.4800
113.6200 115.0066 114.5279 114.7371 109.3586 115.2813 118.4124 123.5169 120.8294 120.5475 120.1468 119.7890 119.9675 106.9993 119.7513 125.7942 117.0642 117.1602 116.5678 115.9829 115.1929 114.9485 111.0214 116.8561 112.2573 111.4222 110.3734 109.1706 107.7941 106.1855 104.2265 101.7931 98.7024 94.1382 91.1646 92.9627 97.7958 101.0449 103.6631 105.1300
101.0700 108.0569 103.1136 108.8275 112.7041 116.8683 119.2456 121.3912 120.6839 120.5061 120.1448 119.7658 119.4351 119.8438 119.9351 116.8289 117.0826 117.0967 116.5270 115.9275 115.3000 115.0868 108.4231 117.9355 112.3163 111.3229 110.2057 108.9623 107.5121 105.7781 103.6063 100.7279 96.5183 89.0646 85.7514 87.6951 94.8376 99.8005 102.9683 105.0100
101.0700 100.5064 104.4155 98.9335 105.3135 106.0016 118.3279 121.1270 120.8385 120.5058 120.1379 119.7523 119.1806 120.4439 119.2296 116.4228 117.6519 117.0444 116.5118 115.9321 115.3308 114.5471 113.4788 111.8692 112.1795 111.2785 110.1801 108.9271 107.4696 105.7078 103.5014 100.5317 96.1778 88.0815 84.6167 86.6083 94.1994 99.5747 102.8420 105.0100
114.3000 110.7360 111.2128 98.6638 116.6511 115.6979 120.3573 121.0316 120.8701 120.5158 120.1510 119.7835 120.9229 102.8700 122.8011 118.5158 117.6925 117.0775 116.5398 115.9619 115.3513 114.6304 113.8609 113.2813 112.3265 111.3572 110.2868 109.0674 107.6642 105.9863 103.9409 101.3097 97.3503 91.6715 88.9808 90.5621 96.5959 100.4832 103.3458 105.1400
103.9100 101.8516 100.5912 111.3234 109.2667 125.1557 121.3895 121.3918 120.8591 120.5361 120.1420 119.7644 119.6454 117.7676 118.8844 118.0950 117.6389 117.1370 116.6001 116.0333 115.4267 114.8309 113.6184 113.2960 112.4561 111.5388 110.5262 109.3793 108.0671 106.5683 104.7974 102.6932 100.1944 97.4702 95.4551 96.7556 99.5525 102.0950 104.2861 105.3700
111.0200 108.0266 101.6865 102.0942 104.5980 108.8612 118.9119 121.5757 120.8031 120.5751 120.0847 119.8273 119.3829 119.1573 118.6097 118.2176 117.7241 117.2210 116.6914 116.1401 115.5454 114.8621 114.2705 113.6616 112.6452 111.8242 110.8734 109.8160 108.6451 107.3392 105.8777 104.2717 102.6678 101.1089 100.3868 100.8353 102.1789 103.8761 105.4852 106.9100
113.9400 107.3972 106.6326 107.3186 117.8834 124.8654 121.4942 121.2709 120.9944 120.7600 123.3530 119.5367 119.6477 117.6776 118.8216 118.3951 117.8349 117.3178 116.8236 116.2695 115.7608 115.5206 106.6307 113.8432 112.7333 112.1996 111.3093 110.3488 109.3288 108.2168 107.0380 105.8434 104.6903 103.7857 103.3656 103.6246 104.4376 105.5364 106.7380 107.2500
101.2800 111.4811 106.8152 122.4292 113.6988 121.4927 121.7393 121.3791 121.3212 118.2530 136.5113 118.4382 118.2572 119.6693 118.8567 118.1755 117.6542 117.4504 116.9754 116.4495 115.9455 115.1950 113.7082 113.3674 113.2948 112.6217 111.7912 110.9598 110.0641 109.1361 108.1963 107.2797 106.4629 105.8678 105.6107 105.7627 106.2852 107.0613 107.9545 108.5600
124.8800 109.5341 119.8272 113.0309 125.0317 122.1186 121.7059 121.5259 121.4692 108.2951 118.8653 119.8143 121.2747 120.0917 118.7988 122.4614 117.8176 117.6677 117.1495 116.6519 116.1124 115.4521 114.9459 115.1155 114.2509 112.9759 112.0945 111.5130 110.8103 110.0414 109.2819 108.5771 107.9786 107.5558 107.3908 107.4949 107.8540 108.4138 109.0947 109.9200
114.3900 107.2056 118.6237 103.1901 120.4023 121.0017 121.7848 121.5823 121.1041 121.7783 120.7968 120.4000 119.4800 119.0682 118.2907 125.6135 117.5982 117.8351 117.3490 116.8641 116.3891 115.6692 115.0522 111.1931 113.7790 113.4225 113.5047 112.5517 111.6015 110.9268 110.3012 109.7464 109.2914 108.9837 108.8639 108.9378 109.2072 109.6189 110.1583 110.0500
104.3500 105.8101 122.1253 109.8113 129.2778 122.3093 122.2412 121.6039 120.8728 120.5941 120.5725 120.2295 118.8701 119.4756 119.0950 118.1735 118.3781 117.9870 117.5599 117.1374 116.4421 116.4060 117.3368 102.0426 120.0277 107.6084 111.1088 112.7716 112.2650 111.7518 111.2538 110.8169 110.4485 110.2154 110.1209 110.1758 110.3771 110.7078 111.1376 111.9300
104.7600 109.9734 119.3758 123.6300 126.5975 116.4071 122.6997 121.6449 121.0493 121.1379 120.7857 120.4282 119.9864 119.4176 119.3524 119.0758 118.6112 118.2188 117.7890 117.2963 118.1147 106.6677 109.4020 112.1205 122.6833 113.8929 110.9284 113.8366 113.0562 112.5567 112.1301 111.7364 111.4938 111.3009 111.2198 111.2652 111.4235 111.6854 112.0340 112.0600
119.8900 114.0977 115.5597 122.6356 121.6165 119.1910 122.0868 121.7993 121.5152 121.1876 120.8646 120.5585 121.1206 120.8408 118.9460 119.1493 118.8095 118.4470 118.0295 117.6318 117.4807 110.6047 114.3378 109.1061 115.4812 115.6453 114.5137 114.0617 113.5690 113.2980 112.9132 112.8159 112.3545 112.2559 112.2009 112.2359 112.3594 112.5787 112.8612 112.9200
105.1200 122.4827 98.4307 100.7192 120.0708 122.4050 122.1626 121.8994 121.6094 121.3246 121.1005 120.3649 119.4240 105.8561 128.1880 118.8397 119.1853 118.6531 118.2934 117.9286 117.5627 117.1253 116.8537 112.7884 116.1460 115.3621 115.0084 114.7416 114.3050 114.2569 111.8128 112.7162 113.2832 113.1323 113.0760 113.1049 113.2062 113.3913 113.6281 113.6900
119.4000 117.0021 122.1259 121.9751 123.0080 122.5727 122.2864 122.0196 121.7373 121.4629 121.1656 120.7035 121.0184 120.3582 120.1784 119.5628 119.3029 118.9080 118.5637 118.1977 117.8156 117.4180 117.0274 116.7460 116.4333 115.9392 115.2558 114.7897 115.4278 114.5896 116.9327 116.1656 113.9088 113.9232 113.8740 113.8970 113.9872 114.1404 114.3371 114.3900
117.4900 118.1581 123.6988 123.3161 123.1163 122.6002 122.3975 122.1497 121.8761 121.6039 121.3066 121.0328 120.6299 120.4841 119.8074 119.8784 119.4411 119.1707 118.8257 118.4914 118.1419 117.8019 117.4606 117.1272 116.7423 116.5201 116.9614 111.5134 115.2081 115.2132 115.5140 116.7032 114.5464 114.6554 114.6026 114.6287 114.6985 114.8256 115.0029 115.0500
123.8600 124.4412 124.5990 103.9357 127.0949 122.1275 122.5665 122.2815 122.0096 121.7457 121.4761 121.2442 121.1905 117.7498 114.6938 118.3095 119.7408 119.4344 119.0971 118.7852 118.4602 118.1483 117.8292 117.4909 117.4627 112.7581 104.1044 118.8992 116.0489 115.9250 115.5900 115.3338 115.3967 115.3101 115.2740 115.2949 115.3690 115.5058 115.6162 115.6400
123.8900 117.1767 123.8823 111.0175 123.7682 123.0183 122.6293 122.4156 122.1702 121.9015 121.6216 121.3147 122.2209 104.8544 119.8755 122.0974 120.1637 119.7049 119.3812 119.0806 118.7995 118.4808 118.2160 117.8290 118.2331 114.5355 108.0677 116.6738 116.4523 116.4071 116.2475 116.1266 115.9928 115.9289 115.8994 115.9139 115.9036 115.8384 116.2396 116.2000
118.8500 111.7509 124.3614 124.4925 122.8878 123.0426 122.7927 122.5457 122.2222 122.0776 121.8128 121.6628 123.2795 122.5344 119.8543 108.5549 120.1479 119.7794 119.6612 119.3698 119.0341 118.7148 118.4841 118.2095 119.1421 118.8125 118.0845 117.2266 117.0940 116.8786 116.7892 116.6583 116.5745 116.5113 116.4856 116.4958 116.4755 118.5594 116.4506 116.7200
105.0400 125.9351 123.4669 123.6558 123.4265 123.1330 122.9326 122.6964 123.0457 121.9877 121.8746 121.3426 119.3795 113.5524 116.6018 105.8507 122.0570 120.2394 119.9544 119.7052 119.4295 119.6067 119.0415 119.0635 118.4709 116.0975 116.3417 117.7534 117.1575 117.4413 117.3124 117.1889 117.1069 117.0568 117.0514 117.0369 117.0720 117.5945 117.1989 117.2200
124.3600 111.1453 126.0505 123.5947 123.5151 123.3058 123.0719 122.7855 123.0835 123.5701 123.6954 122.1434 123.7696 125.6400 120.0424 122.1508 120.6352 120.2592 120.1056 119.9642 119.8898 116.5462 112.4545 115.8955 117.5019 118.3169 118.5134 118.2179 115.6673 117.9485 117.7924 117.6800 117.6113 117.5676 117.4422 117.5337 117.5913 117.6405 117.7626 117.6800
124.4000 115.6377 124.6088 123.8515 123.6342 123.4382 123.2141 123.0784 122.6861 121.1490 109.5890 117.6707 120.9902 121.3109 121.6482 120.6735 120.9642 122.2619 122.1608 114.4595 121.8082 109.3633 107.1146 118.7053 118.3775 120.8024 118.3867 118.7192 118.6445 118.3040 118.2688 118.1607 118.0934 118.0620 118.6243 118.2450 118.0795 118.1419 118.2195 118.1300
102.5900 126.1948 124.0403 123.9995 123.7801 123.5830 123.3698 123.1690 122.7536 123.1079 117.7181 121.5418 122.2151 121.8819 121.6094 121.4341 121.0320 120.7468 107.3954 118.2394 112.1791 99.6353 105.4585 101.2565 101.9947 113.8425 120.2643 119.0417 118.8762 118.7879 118.6837 118.5991 118.4794 118.5966 114.4787 117.1326 118.5478 118.5891 118.6651 118.5500
124.6300 124.5853 124.3267 124.1188 123.8497 123.7318 123.4455 123.3345 123.1443 123.1710 121.6713 119.8114 122.5038 122.0341 121.8565 121.5927 122.1444 115.4433 106.5586 121.5773 117.0718 103.2254 103.0971 99.7237 99.8651 108.0786 119.3271 119.4217 119.3094 119.1908 119.1102 119.0259 119.2864 119.1524 117.9825 128.0653 117.8565 119.1754 119.0952 118.9500
124.6700 124.5708 124.4080 124.1697 124.2208 123.0347 123.8513 123.4726 123.2689 122.8841 123.2787 122.7360 122.4718 122.2737 122.0734 121.9029 121.6276 121.1570 121.6119 114.4155 104.2776 107.3500 99.8171 107.5635 121.1775 121.8006 119.7267 119.7979 119.6843 119.5984 119.6561 119.5057 114.1801 118.4702 102.7494 120.3690 119.0495 119.5414 119.4984 119.6900
124.8600 122.9340 124.5125 121.0806 126.2200 107.5732 125.5175 123.2727 122.3139 123.2607 121.8592 122.5031 122.5909 122.5380 122.3516 122.0624 121.9262 121.5720 121.5440 105.6522 117.2263 123.1909 113.3261 117.8248 121.4042 120.3033 120.2512 120.1584 120.0530 119.9610 120.7527 119.8075 119.2112 119.5911 115.7758 118.1211 119.6547 119.8182 119.8823 120.0400
104.2700 115.5551 127.3372 104.1610 126.5832 123.1023 125.0769 124.4599 117.5229 125.8310 120.2854 123.8900 123.6412 122.2613 122.4284 122.2105 122.1383 122.6405 122.0089 114.6427 121.5368 120.6667 121.5456 121.6368 120.6106 120.8070 120.6092 120.5100 120.4259 120.3221 119.3772 119.7971 120.0420 120.1839 120.3928 120.2735 120.1058 120.1954 120.2416 120.3800
125.0900 126.6924 122.4927 119.0611 125.4307 119.6402 119.2701 123.6688 124.4349 118.5398 117.4721 120.9852 119.8847 121.9194 123.6720 122.0098 123.6209 121.9293 115.0928 115.0867 121.4931 121.6987 121.4583 121.2899 121.1861 121.0540 120.9445 120.8433 120.7712 120.7509 115.9284 120.2878 120.3993 120.5420 120.5159 120.5077 120.5445 120.5627 120.5969 120.7000
125.1400 125.1400 121.4300 120.6500 124.5900 124.4500 124.1900 124.0300 123.8800 102.1200 102.7300 101.4300 101.2000 101.1500 109.9000 122.6500 116.2300 122.3300 122.3300 121.9700 121.8000 121.8300 121.6800 121.5100 121.5100 121.3200 121.1200 121.1200 120.9500 120.9800 108.2300 120.7600 120.7700 120.8000 120.8000 120.8000 120.7900 120.7600 120.7300 120.7000
