106.5600 103.9200 116.8200 104.4500 104.2400 104.2400 103.1700 103.0400 102.8000 102.8000 115.0400 113.5400 122.6200 124.8800 123.8100 123.8100 123.4900 123.5300 123.2300 123.2300 115.4600 115.4600 122.5400 122.5700 122.4200 122.2600 122.2600 122.0900 121.9100 121.9100 99.7500 99.7500 117.3900 121.6000 121.3500 121.3700 121.3900 121.4000 121.4100 121.4000
106.5600 103.6489 105.6300 104.4163 111.4137 102.5389 103.1579 102.9911 111.5995 118.2571 116.3444 106.8933 122.1169 124.3455 123.7462 123.8467 123.4510 123.2726 123.4443 118.7669 107.7481 118.7791 122.5990 122.3585 121.7153 121.0787 104.3003 122.3256 121.4803 121.6365 114.3605 102.8629 110.4747 121.5128 121.3458 121.2068 121.1958 121.1820 121.1755 121.1100
115.5100 110.6547 104.0592 102.9025 106.8099 104.0802 104.4151 101.8788 103.5568 115.2573 122.7425 111.7625 120.6000 122.4999 122.7492 123.1822 123.2367 123.0430 122.7848 122.2888 110.8009 124.0856 122.3548 122.2766 121.8512 115.9725 112.3295 121.1488 121.3626 121.2686 118.0442 107.1043 112.7560 121.1461 120.9944 120.8992 120.8654 120.8459 120.8354 120.8000
115.5100 110.3084 113.9876 106.0788 103.7073 103.7634 104.7094 110.7210 101.4473 113.2169 114.1385 114.5874 114.9595 123.3941 123.6065 122.8969 123.0778 122.8808 122.8489 121.2898 119.8168 124.4072 121.5811 121.6335 121.4147 119.7580 115.7613 123.1014 120.6676 121.0884 119.1447 121.7054 122.8812 120.6352 120.6568 120.5549 120.5165 120.4942 120.4927 120.4900
103.6900 103.7558 111.3208 111.3367 104.6347 102.2828 105.0309 107.7081 115.5663 109.8817 116.4100 121.6730 121.4522 124.4554 124.3357 122.7784 122.8139 122.5947 122.4790 122.2703 122.5630 121.5520 122.7654 117.9685 124.4241 120.9306 113.6788 120.1162 120.7279 120.7373 120.7065 120.3632 120.1194 120.3535 120.2707 120.1946 120.1529 120.1387 120.1262 120.1600
110.6300 113.4413 112.0259 105.5824 110.3596 108.2422 110.6382 109.5432 106.4122 117.0771 123.3071 115.4944 115.2599 114.2760 113.2688 122.7148 123.4074 122.2490 122.1739 121.9339 121.9542 121.5366 124.0955 100.2826 113.5313 106.9101 121.7469 122.5938 106.4292 120.5534 120.1771 120.0484 120.0423 119.9671 119.8453 119.8197 119.7791 119.7495 119.7470 119.8200
111.1000 110.6279 103.0887 105.0956 105.3815 111.3926 111.8515 110.4009 101.7021 105.7831 126.1206 112.7002 112.2384 112.4077 111.4174 114.2738 110.6110 120.8063 122.4423 121.8835 121.7307 121.2375 121.3598 118.2023 108.0478 102.9066 116.4241 110.4656 99.1594 122.4154 119.2069 120.4511 120.4001 119.3934 119.6100 119.4340 119.3817 119.3627 119.3445 119.4600
109.4200 110.2347 114.0419 105.1177 104.9833 104.8152 113.9200 113.3968 101.2811 110.8406 123.1878 123.6233 120.0107 112.9880 101.0984 110.7864 103.7510 111.0684 116.3636 122.5938 121.1156 120.6652 121.9902 107.2170 106.7786 106.2482 105.5060 118.7403 110.9295 119.8841 120.8242 118.8054 109.5925 120.6399 118.8603 119.1289 118.9709 118.9337 118.9319 119.0900
108.3900 109.6951 108.4286 112.8594 109.2437 104.9683 115.6446 121.0808 126.4153 124.9382 123.4980 123.0622 123.0202 109.6624 99.5712 106.6181 103.8154 109.8934 121.7752 114.7760 119.5536 119.5269 104.9231 101.4529 104.6574 108.5153 104.5815 105.8011 98.2767 100.3798 100.4249 118.0544 117.2041 111.0921 120.7083 116.5491 118.8478 118.5064 118.4829 118.3000
103.1500 109.3621 107.7088 109.2097 107.6546 105.2786 118.3940 112.8427 123.8073 123.1965 122.8714 117.4290 117.8700 105.5202 101.6574 103.5024 111.0225 109.0691 109.9793 104.9287 106.6869 100.0731 99.2325 110.7012 100.5081 109.6424 104.0167 102.1669 108.9331 117.5823 111.1143 116.1676 113.1414 91.7431 121.8642 103.6964 118.3892 117.8261 118.0280 117.8700
110.0700 104.6057 110.0145 109.9684 104.7638 115.5779 114.8167 122.1555 124.7888 123.1854 124.9735 125.2085 99.4661 98.8937 104.2709 107.8337 107.8640 108.1206 108.8094 106.0143 104.8398 102.2570 97.1161 104.9956 118.5968 109.8793 101.4459 104.1712 107.2527 98.9577 93.4273 99.1308 110.5588 110.4239 116.6875 118.8689 118.8392 117.4488 117.5423 117.4300
109.7800 105.7792 107.4835 103.2674 111.5968 119.9164 118.2438 104.7131 122.5683 122.8393 123.9390 92.1641 109.4265 101.0521 106.7826 101.5906 112.1018 114.0211 103.0661 107.7132 107.7712 107.3352 102.3671 113.8287 115.3704 118.7374 109.7282 98.3116 96.6601 119.1382 100.8955 113.0810 118.8570 112.1668 112.2310 117.2718 116.8392 116.9853 117.0323 116.9600
107.4500 103.0432 102.1984 103.7159 112.2682 116.3023 120.1617 127.4530 124.8687 122.8545 123.4485 96.8170 126.0693 117.6094 102.9969 115.8214 122.9926 120.1580 114.2995 111.1466 107.3796 99.4440 102.3267 103.9003 117.7758 121.3801 97.9613 94.2152 97.6379 96.5530 108.4439 103.2278 118.1665 113.9425 116.8963 116.8480 116.6148 116.5196 116.4812 116.4600
107.4500 104.2753 102.8133 110.4199 114.9197 116.5162 116.7795 123.0369 122.9177 122.8325 122.3374 116.2668 111.0590 105.2582 113.4107 104.1867 120.6690 121.0891 121.5231 110.2990 106.1643 106.9016 103.3909 101.0947 103.8434 106.2508 109.6679 103.3473 97.9567 108.3911 114.4487 117.1242 117.2499 116.5299 116.1664 115.9818 115.9829 115.9264 115.9063 115.9300
102.7900 103.8906 103.9067 113.5660 102.1985 107.0955 121.7487 124.0353 122.8557 122.4548 124.1330 127.4614 120.7266 116.4488 118.5434 117.7660 120.9609 120.5272 120.5723 121.1737 108.7970 101.6690 104.9155 99.6795 95.0615 108.4668 111.0958 114.6118 115.1163 107.7476 118.7812 116.3836 115.9769 115.8385 115.6452 115.5174 115.3665 115.3043 115.2804 115.3700
104.6700 102.7891 103.5969 102.9663 116.7462 111.9414 112.0164 114.5431 123.7812 123.7847 109.6809 98.6323 125.9500 104.0810 121.9507 121.0137 120.8216 120.4152 120.0060 119.7914 118.9288 112.6365 97.1469 102.1939 95.9517 97.1559 120.6620 116.9422 116.2914 117.0769 115.6989 115.7729 115.5092 115.2429 115.0312 114.8408 114.7152 114.6303 114.6060 114.7700
102.6100 102.3583 102.4888 101.8702 101.2327 110.1957 116.5118 113.9786 113.6067 111.9147 121.7143 121.7116 122.1301 120.8322 118.9468 120.9422 120.5613 120.2109 119.8893 119.5282 118.7347 121.7037 99.5233 109.4560 104.4264 98.7855 113.1558 118.3132 116.2720 115.9525 115.5215 115.2339 114.9215 114.6289 114.3692 114.1644 114.0072 113.9083 113.8713 114.1300
102.4400 104.0296 104.0368 107.7374 107.9923 108.4510 109.6402 107.0802 113.4988 112.3447 110.8317 108.3329 120.0864 121.4283 121.2288 120.6307 120.2053 119.9253 120.1541 120.4781 118.9851 116.0042 97.3032 119.6442 97.5628 118.4823 107.0196 105.2566 115.7495 115.4052 115.0485 114.6660 114.2896 113.9597 113.6624 113.4167 113.2268 113.1125 113.0768 113.4300
102.4100 101.7359 117.5191 112.4530 122.5908 121.8913 110.6992 113.2353 115.6750 114.1354 102.8516 109.1885 110.2605 115.2973 119.4972 120.2758 121.2262 120.7631 120.3637 110.0021 112.5017 100.8037 95.0737 118.2996 118.0993 108.6264 115.3690 103.6968 110.2168 115.5177 114.4479 114.0816 113.6470 113.2584 112.9082 112.6079 112.3892 112.2458 112.1936 111.8400
104.6300 103.5086 109.4382 104.8034 108.0511 115.4498 122.6574 113.4382 116.4449 113.7169 101.0908 103.6782 116.0719 105.0621 108.3536 107.9549 116.2101 113.3420 113.6994 111.7715 98.3926 98.0258 97.1900 112.5517 110.3614 116.8925 116.2354 117.0740 115.6823 114.2459 113.9842 113.4402 112.9630 112.4990 112.0854 111.7293 111.4605 111.2809 111.2197 110.9300
103.6700 101.5491 106.9079 117.8586 111.6039 110.9310 124.7337 100.3576 101.4583 106.8197 109.3360 101.4505 108.9007 107.9862 118.4061 107.3800 106.2022 101.4845 98.9390 98.1773 98.1239 96.5483 97.1028 116.3656 102.9101 116.8502 115.4749 114.8245 114.6452 113.9299 113.3025 112.8305 112.2424 111.7059 111.1992 110.7657 110.4207 110.1966 110.1131 109.9000
108.6400 107.3951 102.1258 95.9477 108.5104 105.3360 124.1321 114.3422 111.9281 124.4600 119.3129 110.7670 109.6641 125.3100 120.9570 113.9047 118.0803 102.0588 102.0973 99.2481 102.6423 97.7487 95.7211 94.6493 117.3574 115.1150 115.2411 114.8485 111.6863 113.2857 112.7116 112.1572 111.4954 110.8564 110.2451 109.6907 109.2497 108.9586 108.8535 108.7400
108.6400 115.8583 104.7906 114.7752 121.9787 121.4614 124.1180 123.8078 124.3351 124.2031 119.9080 122.7182 124.4975 124.3009 122.1753 120.6016 119.7960 107.5468 113.9367 113.0933 97.0667 95.8108 95.3184 95.0222 111.7328 117.1122 114.8663 114.0463 112.0219 106.8859 112.9173 111.4633 110.7377 109.9570 109.1984 108.5051 107.9176 107.5246 107.3775 107.3900
103.9600 114.0121 104.1178 104.7100 105.9079 121.2682 122.1007 121.9986 121.9682 121.4063 121.4411 121.2978 109.4820 103.7040 99.6621 119.2098 119.1137 119.2054 119.5793 119.4397 114.1806 111.9822 111.4048 91.2081 92.9299 99.8205 115.5388 113.9185 113.7290 109.6461 111.8287 110.8889 109.9604 109.0339 108.0816 107.1744 106.3771 105.8190 105.6038 105.8000
115.9900 111.1946 124.4558 106.5795 119.4734 122.3977 121.9366 122.6370 122.3360 122.3787 122.6995 121.4982 122.2467 99.2833 113.7400 119.1713 119.5224 119.1253 118.7049 117.9946 119.9046 101.6341 120.5863 113.6338 113.5980 113.2546 114.8172 113.7393 112.8567 112.2199 111.2128 110.2585 109.2098 108.0953 106.9069 105.7043 104.5711 103.7008 103.3606 103.8500
111.4500 124.3287 103.0217 114.5642 134.4330 125.2352 122.7754 112.9307 121.4114 123.5754 101.7184 115.7557 121.1797 116.6395 120.1686 119.8183 119.4197 119.0149 118.6943 118.0117 109.1899 95.0452 99.7621 107.1778 116.3992 114.7592 114.1426 113.4450 112.6076 111.7306 110.7592 109.6995 108.5181 107.1928 105.7084 104.0951 102.4204 100.9702 100.3659 101.3300
102.1000 109.9261 110.4010 100.7265 119.4386 121.8716 122.0494 122.9427 122.6838 122.5653 101.2276 125.4414 103.1501 124.8485 116.2676 120.1220 119.3359 118.9549 118.5432 118.0905 118.4254 118.1510 117.2240 116.6312 115.4083 114.2496 114.0239 113.2390 112.3774 111.4453 110.4079 109.2536 107.9260 106.3906 104.5810 102.4395 99.9225 97.1320 95.4543 97.7500
102.1000 113.6068 112.7549 118.5787 124.1249 124.2521 107.2387 124.4030 119.3015 119.5103 103.2732 122.5671 105.8569 114.1129 123.7744 120.3375 119.2192 118.9222 118.4766 118.8314 115.0069 117.1487 116.0561 115.5736 113.8104 109.2623 114.2908 113.0386 112.2154 111.2618 110.1717 108.9379 107.5063 105.7994 103.6985 100.9796 97.2598 91.3098 89.1807 91.5800
108.7900 124.1203 122.7899 111.1554 123.2956 123.3438 120.1124 124.3536 102.2970 120.1185 123.6579 122.9091 111.4617 117.0249 119.3872 131.0411 119.2489 118.7442 118.6423 118.0235 103.4592 120.0513 115.7750 116.0122 115.5323 115.4371 114.0660 113.0321 112.1449 111.1579 110.0622 108.8051 107.3136 105.5078 103.2530 100.1611 95.4452 87.7399 86.4430 91.5800
102.0900 122.1000 123.0068 124.9848 123.3571 122.7995 122.3497 116.6090 107.2760 115.6443 121.3480 122.5029 107.1255 122.5569 113.1264 123.5870 112.8010 118.8304 118.2695 115.6822 104.7019 120.1471 116.7474 115.7953 115.1808 114.3837 113.8368 113.0491 112.1753 111.2284 110.1476 108.7955 107.3105 105.5897 103.3746 100.3882 95.9451 88.5154 87.7043 90.8500
124.0900 123.2622 125.5118 122.4828 123.2048 122.6962 121.2519 119.3335 118.2968 119.8067 121.0685 122.3768 109.5622 122.4283 106.5230 115.5766 118.3497 118.6332 118.3290 118.8044 119.0008 109.1776 119.1218 115.8729 115.3204 114.6823 113.9265 113.1217 112.2681 111.1287 110.0361 109.3616 107.7523 105.9845 103.9909 101.5348 98.4163 93.5951 91.1781 90.8500
124.1000 123.1431 124.1830 123.2969 122.9448 123.3132 123.6408 122.7111 124.3606 124.1268 123.4412 123.9975 123.1854 122.8606 115.6819 123.7473 119.5330 119.4596 118.4231 117.8342 118.5183 98.6627 112.9503 116.0852 115.3966 114.7494 114.0578 113.3288 112.4043 112.6329 111.3103 105.8942 108.1328 107.2467 104.6821 103.1349 100.9907 98.9460 97.8426 97.7400
124.1100 123.9133 124.4038 124.2214 124.5680 115.4133 121.4541 122.5304 112.8766 108.6646 108.7070 108.8302 115.1042 104.6417 96.6460 100.0395 122.2673 119.2334 118.6827 118.2646 118.6072 113.2000 117.0563 115.9099 115.5453 114.9262 114.2031 113.4045 114.1324 95.2460 113.0600 109.2637 109.9318 100.0278 107.8309 103.5153 103.2687 102.1503 101.6617 101.3200
124.1100 124.7113 116.7098 118.5952 114.8931 112.1731 122.8786 122.7046 120.6124 121.8116 118.5830 118.6185 120.7277 117.1066 116.5757 118.0516 100.4251 120.6806 118.7640 118.2955 118.5589 111.1807 115.2684 115.9567 115.7909 115.1216 114.5156 113.5793 114.0936 110.1225 113.5463 104.8023 98.0077 93.6963 108.1120 106.0019 105.4210 104.6061 104.3198 103.8500
124.2800 123.9923 123.9807 124.2519 123.4142 124.6493 126.0975 122.6551 112.8353 103.9701 129.6123 121.6468 121.2401 120.9508 120.5800 120.4822 119.2215 119.0969 118.8408 119.0433 108.5111 116.4920 114.4204 116.3506 115.9070 115.3203 114.5045 116.8023 91.3502 108.6755 89.6452 90.2686 89.1620 91.2502 102.5538 108.0509 106.9814 106.5405 106.3485 105.8000
124.3000 124.9231 108.7720 110.5620 114.3848 103.8051 112.2830 122.7549 121.7430 123.0531 111.3928 119.6838 120.4144 117.0697 120.4824 120.1292 119.7074 119.3573 118.9371 118.1662 118.0133 117.6798 116.7201 115.9079 116.1445 115.6235 115.0558 114.4398 115.2670 93.9431 90.8737 92.1022 89.2339 101.9329 112.4832 109.0363 108.4717 108.1244 107.9922 107.3900
113.7700 112.2828 110.2128 108.3863 104.6465 118.1681 125.4140 104.9469 104.0321 115.7884 108.4535 120.1672 119.8643 121.1834 120.5389 120.2102 119.9177 119.4206 115.2221 102.4083 119.2362 118.4152 107.0398 108.8530 116.9577 116.3132 116.1694 111.6336 112.6695 90.2684 94.0280 88.1083 109.8006 115.2718 111.6753 109.8892 109.7341 109.4759 109.3747 109.9000
102.3300 101.8280 104.7296 101.9863 116.4202 102.5316 118.5363 104.6543 102.6543 109.0947 109.3065 106.4236 117.8028 120.6644 120.7257 120.2515 119.8082 119.8551 119.7618 108.8435 117.6715 117.8425 121.8864 117.6000 116.6432 115.4772 112.2109 96.9871 106.1303 92.6636 96.5506 92.0491 113.3732 111.4263 111.5786 111.1844 110.8527 110.6455 110.5743 110.9200
117.0800 103.7031 112.3242 113.7366 101.7321 111.6480 104.3065 117.2807 105.4456 120.9014 105.2624 123.9239 122.2064 121.1309 120.7662 120.5678 118.5957 119.1330 115.5823 120.4289 119.1237 118.0492 118.5025 114.0372 116.7658 115.1786 108.5965 119.4311 101.0091 96.5296 100.8092 106.2758 113.5244 112.7714 112.5838 112.0670 111.8359 111.6775 111.6124 111.8400
102.8400 102.2100 102.0500 101.8900 109.8100 109.5100 101.0400 106.7000 122.4900 100.7100 100.5900 121.7100 121.4900 121.0600 120.8300 120.6000 98.8000 119.8800 97.7600 119.0900 118.8200 118.2700 119.9800 114.1000 117.3000 116.6300 116.2800 115.9400 115.5300 98.2100 99.4200 113.9600 113.9600 113.3900 112.9500 112.4300 112.5400 112.6100 111.8500 111.8400
