112.2600 111.7700 109.7000 109.4400 108.9200 108.9200 106.9800 106.9800 105.7400 105.8100 105.7200 106.9100 107.8000 108.8200 109.5300 110.2900 111.0000 112.3300 112.8500 113.3900 113.9100 114.8600 94.4700 116.1200 116.5100 99.1900 118.8800 117.7200 99.1500 102.2800 106.5300 105.7400 107.2600 109.4500 107.3300 121.1200 105.9300 121.7700 108.2400 109.1800
112.2600 111.2557 110.1644 109.3555 108.3205 107.2865 106.2726 105.4150 104.8120 104.7008 105.0702 105.8164 106.7727 107.8285 108.8675 108.0555 108.5316 111.5114 112.3506 114.3827 114.5798 101.8363 96.1673 106.7530 107.9692 97.8816 109.6698 107.7003 99.3879 103.0878 103.3387 104.9775 105.4069 112.5051 116.8997 122.2468 104.0151 115.1933 102.7488 109.1800
111.3000 110.7252 109.7246 108.5872 107.3284 106.0046 104.6335 103.3449 102.4085 102.1928 102.8238 103.9677 105.3158 106.6920 107.9559 108.4424 109.1521 111.8980 113.1957 107.8901 100.5254 91.5994 91.6429 110.0511 94.8272 108.5612 100.4010 100.2314 101.1011 102.2016 102.9464 100.9148 99.2940 116.7328 120.7306 121.8616 112.9242 101.5055 100.1436 122.1400
111.1800 110.3013 109.1525 107.8594 106.3977 104.7222 102.8202 100.7990 99.1597 98.7076 99.9152 101.8027 103.8042 105.5868 107.0800 109.0016 109.9394 109.1654 101.4598 100.5270 90.9147 94.0360 110.1961 118.8366 115.5253 105.9271 105.7333 99.7253 101.1589 110.6072 101.9901 109.7738 114.4951 119.5758 120.4466 120.3331 136.4802 123.5804 107.9631 101.2700
110.3400 109.9742 108.7265 107.2917 105.5948 103.5519 100.9690 97.9028 93.5601 92.4685 95.7312 99.5068 102.3472 104.6303 106.4860 108.0039 109.3068 108.2777 109.5652 109.9356 89.7236 90.4753 111.3809 96.2201 101.2590 96.7481 104.4673 98.9230 105.3141 119.9315 116.1023 120.2733 120.4916 120.2843 120.6466 119.8801 133.0813 106.7496 101.6684 102.0000
110.2800 109.7708 108.4648 106.9271 105.0651 102.7274 99.5114 94.2812 87.9978 86.6564 90.4621 97.5544 101.2579 103.9761 106.0577 107.7470 109.1376 110.6424 111.9955 111.8985 111.0676 111.6399 111.7944 112.6601 112.2602 130.4242 106.8759 97.2517 118.8866 118.2236 119.2423 119.2924 119.7527 120.2670 119.7528 121.8456 106.0504 102.4252 103.5564 116.0200
110.2500 109.7160 108.3898 106.8292 104.9177 102.4791 99.0566 92.9631 85.6041 84.1030 88.5950 96.7629 100.9286 103.7924 105.9351 107.6533 109.0899 110.2867 111.3256 112.4154 113.4013 114.1153 114.9198 115.4015 114.4223 135.7020 108.1637 97.5697 119.8476 118.1829 118.9739 119.4309 119.8097 120.3161 119.4436 122.6129 103.4540 102.4412 103.6910 116.0200
110.2800 109.8158 108.5217 107.0088 105.1812 102.9015 99.8387 95.2818 89.2562 87.8592 91.7386 98.0452 101.5002 104.1116 106.1475 107.8058 109.1619 110.3967 111.4572 112.4236 113.2936 114.0817 114.7875 115.3706 116.6690 110.3813 100.3075 105.9420 99.7318 119.9899 119.0698 119.4086 119.8277 120.1967 120.6040 120.7099 121.9157 123.6135 106.1806 119.3200
111.0900 110.0557 108.8348 107.4360 105.7926 103.8508 101.5098 98.6711 95.3728 94.3727 97.0813 100.1014 102.6852 104.4480 106.5983 107.9788 109.7904 110.6199 111.6322 112.5339 113.3646 114.0898 115.2373 116.4440 114.1411 115.0935 102.3976 116.6629 119.6652 118.9716 119.0925 119.4436 119.7384 120.2151 120.5669 120.3493 123.9152 108.7894 123.7713 112.2300
111.1800 110.4146 109.2955 108.0464 106.6429 105.0743 103.3089 101.5454 100.1099 99.7448 100.7456 102.3073 104.2541 107.5405 103.9338 112.8831 108.6068 110.8786 112.0421 112.7559 113.5415 113.9485 114.9839 110.3900 105.9071 98.3505 100.0656 121.9068 117.4454 118.5874 119.1200 119.4857 119.8276 119.9109 120.6237 121.0095 120.9844 122.3301 121.6629 120.8300
111.3100 110.8651 109.8703 108.7856 107.6091 106.3673 105.1015 103.9311 103.1289 103.0085 103.3735 106.4051 102.3694 101.9073 94.3396 113.3864 107.8199 112.3033 111.7769 113.0386 113.6981 116.7572 115.8045 101.8823 104.8157 110.1700 98.1924 121.7293 116.1116 118.7886 119.2554 119.5692 119.9502 120.3546 120.6582 120.9988 121.3817 121.5347 121.9037 122.1300
112.2700 111.3822 110.5059 109.5686 108.5956 107.6529 106.7099 105.9023 105.3201 104.5205 105.4818 100.4794 101.9698 111.1108 93.1257 96.9844 102.2264 107.8162 114.2842 113.1944 114.1024 115.2641 115.1016 119.4702 119.8848 117.0931 111.3220 111.6924 116.0677 118.5847 118.9906 119.6662 120.0189 120.3661 120.7241 121.0523 121.3200 121.5732 121.8181 122.1400
112.3200 111.9467 111.1792 110.4025 109.4864 108.6799 108.1737 107.4556 107.4270 108.4611 104.6525 96.5470 102.8671 99.3452 93.2320 95.8263 90.3383 98.9283 103.3743 113.8427 114.3326 115.7954 117.5442 106.6202 111.7185 117.3052 118.9505 117.9550 116.9643 120.0833 121.2958 119.6724 120.1066 120.4684 120.8190 121.1660 121.1590 122.2314 123.5223 125.1300
113.2300 112.5300 111.8634 111.1840 110.8846 110.1585 109.5766 108.9302 105.9209 99.6681 86.5512 101.5888 87.7590 96.1123 94.5940 110.9289 90.4904 113.2414 110.9738 114.0897 115.6170 102.2100 104.1633 113.2253 113.1131 117.1619 119.6389 118.3743 125.6349 119.9858 105.7774 120.4661 120.2472 120.5172 120.8378 121.2539 120.5618 120.7744 122.8261 122.4000
113.2300 113.1245 112.5497 111.9678 111.9854 108.3451 111.0208 109.9774 109.5697 112.7202 90.5764 117.6816 86.7795 101.5653 91.1196 97.2897 113.1208 113.0336 114.2930 114.6023 115.1404 111.4468 115.5778 119.3964 117.2107 117.6692 118.3130 119.7397 106.6692 120.4287 120.6044 120.5319 120.5621 120.6642 121.0934 121.0188 123.6635 124.9293 116.8836 112.9400
114.0700 113.7157 113.2064 112.6939 112.1779 112.3275 112.3278 110.8159 110.4357 113.1059 93.1397 94.6000 90.5307 90.2169 89.1464 110.5577 114.3739 114.0970 112.1513 115.2472 115.4372 115.8187 116.5968 110.7356 118.9015 117.7479 118.1765 118.5355 117.9643 119.7189 119.9237 120.0329 120.5360 120.7454 120.6622 121.1360 118.6416 111.2707 109.2396 123.9600
114.7000 114.2875 113.8453 113.4146 112.7226 113.9451 108.8989 114.5050 112.9301 111.9559 115.4590 116.7981 114.4005 90.5586 92.5373 114.9163 114.0207 114.6941 114.9020 115.4593 115.8965 116.4921 113.1986 98.4219 117.7342 117.8182 118.4446 118.8188 119.2317 119.5638 119.9389 120.2635 120.6390 121.1709 118.8269 138.7912 109.6934 105.0140 118.8875 107.0900
114.8900 114.8723 114.5187 114.0967 113.5188 112.5067 90.9963 99.9989 111.4153 112.7423 109.7559 98.7238 90.6460 90.9072 98.7785 103.8165 115.8572 115.0363 115.4328 115.8334 116.2843 116.6565 118.1626 106.7143 99.5705 117.3093 118.5113 119.1035 119.4408 119.7685 120.1215 120.4400 120.7002 118.4336 103.0048 112.4436 108.5778 106.8383 104.9771 121.9200
115.4700 115.1754 114.9437 114.7490 114.4288 115.3822 108.6023 87.3362 112.6321 113.8753 111.2934 95.6601 115.8463 99.6729 96.9177 105.0378 112.0613 115.7366 116.0524 116.4272 116.8935 116.8187 120.7539 115.7124 106.3517 120.9840 118.4742 119.2757 119.5949 119.9197 120.1456 120.5132 120.8356 115.4470 104.5509 107.6604 111.3532 104.8457 111.3187 118.4100
116.1900 116.7405 116.1634 115.2796 115.2744 114.2497 105.6635 104.1409 117.0161 114.2422 111.4897 98.3020 95.1156 96.7028 106.9219 100.2928 100.7845 119.9118 116.4539 116.4657 116.2157 117.2880 103.8506 102.7897 119.9298 118.6028 119.4365 119.5118 119.8112 120.1035 120.1308 126.5834 113.0459 125.5380 107.1526 104.1112 118.0434 109.4585 110.3161 110.7000
116.7100 114.1219 111.9999 115.9043 115.3678 116.5610 111.1109 118.2903 98.3128 116.4316 112.5176 94.9110 100.2018 109.5555 96.6191 100.1054 104.8935 109.3833 118.5206 119.3514 123.1869 119.2246 112.9222 105.7098 119.9793 105.4900 119.5286 119.4952 120.0833 120.2083 120.9065 122.4789 102.5132 116.9251 119.2261 106.1341 122.0610 107.0880 111.2379 114.3300
117.1300 116.1476 116.5131 117.3010 113.1267 115.5667 94.1708 115.4259 97.0213 115.1269 104.7743 106.0396 97.9015 99.8536 97.9674 111.8027 99.9254 116.0907 113.0742 102.8610 115.5748 107.5990 105.3173 118.4123 119.0648 110.3156 120.9214 119.7877 120.2699 121.2066 114.9062 110.7680 102.8578 105.1132 119.2628 108.1103 113.1655 107.1881 110.9213 114.6000
117.6300 117.3840 116.8179 117.6644 103.8838 117.3410 119.3847 99.4428 94.8853 96.8058 116.8940 118.8072 110.9997 93.4909 103.1513 119.2710 96.3259 110.6608 101.7978 119.4083 118.7077 108.7650 107.5767 120.0586 119.4439 119.9223 119.8848 120.2343 120.2944 121.0543 107.8713 95.1891 97.6701 108.2426 106.9405 106.7662 109.6730 112.9677 110.9111 115.4900
118.0800 117.8200 117.1479 116.6677 120.2911 116.9960 117.4690 118.7361 116.8667 116.6512 117.3747 117.0095 117.6521 119.1517 105.5823 116.6368 120.3161 113.8173 97.5950 121.9577 118.2110 119.3251 113.4749 113.6238 120.1636 119.7468 120.1219 120.4571 120.6978 120.7149 118.5791 119.2315 114.5660 105.8344 104.4855 109.6765 109.5313 111.9332 111.6633 117.8300
118.5300 118.2455 117.8537 117.7531 118.2984 117.3894 116.7483 114.6967 117.1899 117.2782 117.2779 117.2408 115.9056 112.4253 106.1607 106.0757 110.3542 106.6008 98.9085 113.7373 119.0482 118.9576 117.2139 120.5675 119.7759 120.2318 120.4401 120.6513 121.0764 121.1815 125.9371 122.5355 109.8562 102.3128 108.6746 111.3825 111.7950 112.9593 117.6049 124.7700
118.9500 118.6688 118.4937 118.4154 118.3087 118.1144 112.9931 117.8563 117.7407 118.0534 117.9827 118.6038 117.2172 106.3962 107.7483 105.1412 107.9921 107.0446 115.4180 119.1828 119.2581 119.6499 119.7469 120.0202 120.2270 120.4522 120.7127 120.9304 121.1590 121.1880 122.4348 112.8721 110.5493 108.2947 99.6241 109.6963 112.3766 114.9645 124.0851 116.3100
119.3500 119.0627 118.9364 118.7678 118.6797 118.5645 119.0783 118.2963 118.4224 118.3561 118.6063 118.6738 109.1659 121.1707 107.8354 111.6150 114.7867 113.6908 119.1854 112.7027 109.5075 120.6140 119.9682 120.2814 120.5248 120.6911 120.8049 121.0432 121.4282 120.1862 123.4452 116.0050 105.3520 119.5872 106.2598 99.1541 112.9878 112.6875 111.8568 111.4800
119.7200 119.4799 119.2215 119.1973 119.1043 119.0117 118.8593 119.0125 118.9308 118.8400 116.8237 118.3154 117.3723 120.7739 116.1441 118.1949 121.7821 119.0568 119.4886 112.0716 100.8618 118.1443 120.4342 120.4481 120.7917 121.3593 117.8259 120.3358 121.5775 122.9838 111.4696 105.5856 123.2965 115.2659 109.5437 110.8859 112.7974 110.5813 112.1103 111.4700
114.7000 117.1574 120.7331 119.5742 119.4871 119.3903 118.9605 118.6484 119.0319 119.0803 119.2164 116.9109 119.3955 119.3993 110.8144 123.6950 118.3786 119.3712 120.6608 108.9265 108.4473 116.3943 122.2320 121.0490 121.1089 121.2295 121.6205 122.4010 121.6398 122.5720 119.5131 99.4145 113.9964 99.6211 108.3411 120.8121 109.4161 109.7621 107.3253 111.7800
98.4300 104.6199 120.2568 119.9547 119.8779 119.7967 119.5383 121.1655 120.6246 120.0176 119.9740 119.9133 119.7532 119.7627 117.3550 116.3649 120.7586 120.2020 120.0387 119.7247 121.1230 109.7934 114.1413 121.0355 121.1845 121.5106 121.7384 121.3910 122.8313 113.1054 123.2538 100.9989 108.0923 102.0758 111.5858 116.8517 121.2388 100.5778 109.5305 102.5800
98.7500 121.4548 120.2749 120.3161 120.2090 120.2159 121.8635 102.8786 123.7230 120.6623 115.8686 120.5641 120.1621 120.1415 120.5078 120.6323 119.5816 96.9730 111.7729 121.3152 120.3615 109.3461 108.3821 122.0165 122.1248 121.7780 121.9456 122.1537 125.5516 115.6368 118.4728 104.7096 102.9726 106.3680 110.3410 117.5019 118.8226 111.7957 115.3608 116.1500
121.0600 121.0107 120.6362 120.6606 120.6673 120.1993 122.5713 105.5412 106.1084 120.2316 119.8825 113.0891 121.2277 120.5052 120.6980 120.4139 121.1945 121.6910 120.8978 114.5635 121.9912 118.3356 105.5014 110.1773 122.0781 122.6396 121.8487 123.5149 116.3253 108.5428 113.0419 102.2517 108.7868 116.3224 110.3988 110.6445 112.6836 119.7789 116.3638 116.0800
121.3800 121.1495 121.0726 121.0719 120.5329 122.5402 108.8055 118.4802 120.0789 121.6385 121.3905 116.5578 115.9862 120.4920 120.8208 122.3159 120.7942 112.9803 99.0287 96.9556 122.3877 119.5632 107.8697 107.0897 107.0057 121.5558 120.7901 111.0435 103.9589 103.9231 108.1335 101.3038 122.5212 123.5457 120.9052 121.5142 118.2962 105.6792 119.4372 114.2600
121.6800 121.4740 121.6415 120.3074 120.7375 109.2979 105.1120 119.6641 120.7530 123.2222 98.7206 101.1717 105.8986 117.1147 121.0568 108.7679 123.4798 117.8607 100.1119 108.4729 116.1480 119.2765 104.8799 99.1988 98.3377 111.1306 115.7425 105.4884 103.8288 102.2297 108.3557 107.1329 122.9694 123.7879 124.2925 120.8608 108.1536 108.1855 104.2809 102.6700
121.9600 121.7930 121.8175 112.3312 106.8680 115.5490 98.5896 118.1451 121.0105 121.5311 123.5761 104.9648 125.2628 121.6261 121.5520 106.8488 121.2503 117.2464 100.7660 99.9407 108.0531 112.1501 103.0064 100.2187 104.4531 107.8349 99.9070 104.4828 102.3862 103.8045 122.1586 106.8604 107.2952 118.0524 124.8764 114.6116 116.5855 103.0083 103.8498 116.9200
122.2400 122.0292 121.9366 125.5406 110.9516 120.8593 99.6377 122.2509 121.3145 121.9357 121.6093 114.5169 121.7150 121.5260 121.7481 123.1546 122.0839 124.1329 122.5705 110.8264 103.4265 100.0087 106.4542 99.8013 109.1966 119.0728 123.9868 124.0869 123.9012 102.9404 123.7659 112.1096 110.5020 110.1662 117.2442 126.6215 118.3062 112.0685 102.7186 113.7000
122.5100 122.6874 123.9161 114.4025 94.2802 127.8828 108.4865 123.5372 123.0336 122.0182 122.1756 122.6425 122.9141 122.0998 122.2721 122.5533 122.3234 123.1868 101.0599 117.8570 112.1067 100.5217 106.1170 102.4252 113.7142 123.0644 121.3573 123.6210 123.5590 125.9789 105.6754 109.4905 117.3672 108.0743 121.3769 124.5055 123.3685 116.8807 108.2268 103.1000
100.8000 122.0317 114.5825 99.4527 102.5706 122.3631 122.2763 114.2357 123.0380 122.0907 122.3228 122.3503 122.2957 122.4335 122.5768 117.0214 123.0488 122.9061 123.6089 112.3503 109.6912 106.0036 102.9152 101.9838 123.8967 123.4399 119.3185 124.1360 123.9473 121.8170 113.0990 106.4556 108.8529 113.4259 123.3211 124.8073 125.3603 124.7612 127.2490 107.4200
123.0200 124.5618 111.6294 108.3635 113.3770 99.3010 125.0750 114.3868 123.5718 122.2533 122.6384 122.6952 122.1713 122.8762 123.0684 122.3689 130.7473 116.6788 114.9603 100.3243 104.7677 110.0223 118.6511 106.1695 118.0282 122.7244 119.8144 121.5044 123.7080 123.2075 109.3209 103.7251 114.4526 116.9156 125.9499 124.8427 125.1004 124.9432 124.9479 125.5200
123.0200 123.0500 123.0800 109.8300 122.9300 113.1400 122.7300 122.7400 122.7400 122.7500 122.7400 122.7300 122.9500 122.9300 122.9100 122.8800 104.1900 106.8700 113.5800 106.0600 107.6900 123.4800 123.4800 107.5900 123.7500 123.8800 123.8800 119.7500 124.1600 124.2700 109.5100 102.5300 102.6900 124.8100 124.9100 125.0300 125.1600 125.3000 125.4000 125.5200
