118.6300 118.6700 121.7200 118.4600 118.1500 118.1900 109.0000 117.8500 117.8700 117.8700 110.1100 117.8500 118.2200 118.1800 118.4500 118.4500 118.7300 118.6500 118.9000 119.2100 119.4200 119.6200 119.9000 119.8300 120.3300 120.5000 120.7300 120.9700 121.1300 121.3400 121.7700 121.7700 122.1100 122.2900 122.6700 122.6700 123.0000 123.1700 123.3300 123.5000
118.5900 118.7182 117.4635 118.2268 114.8367 109.3477 108.2273 115.9482 115.3925 109.2299 108.1863 113.4762 118.2309 117.7579 118.0244 118.1205 118.4194 118.8732 119.0607 118.8087 119.1252 119.3404 119.5682 119.8140 120.0656 124.2946 118.2709 119.9784 121.1120 121.2553 121.5078 121.7466 121.9857 122.2197 122.4497 122.6526 122.5793 124.0945 107.6300 123.4500
118.1600 117.9639 117.8842 117.5840 111.9802 107.1321 105.4991 105.8614 110.8765 114.1564 102.8083 103.3658 118.3147 117.2511 117.5464 117.7181 112.8569 114.8835 118.0884 118.4927 118.7630 119.0040 119.2548 119.5443 119.4953 119.2624 127.3207 121.0117 120.8974 121.0417 121.2993 121.5537 121.8052 122.0486 122.2929 122.4753 124.0702 123.7508 123.9505 123.4500
117.7000 117.5717 117.3670 117.1682 116.0217 114.9640 114.3462 99.5180 101.5408 119.2787 128.6086 108.0547 116.7119 116.7868 117.0404 117.6983 117.1705 117.6037 117.7531 118.1184 118.3916 118.6583 118.9168 119.2188 119.4298 119.7405 120.2437 120.0044 120.5313 120.8376 121.0940 121.3603 121.6220 121.8586 122.1564 122.6678 114.4657 120.9934 108.8752 123.1800
117.1900 117.0948 116.3775 116.6381 116.5055 115.9428 106.8557 111.2507 100.9803 99.5926 121.0702 115.9870 115.9131 116.2769 116.3360 116.8818 117.0052 117.1522 117.4900 117.7570 118.0161 118.3062 118.5941 118.9019 118.9039 119.3966 119.6513 120.2228 120.3357 120.6215 120.8975 121.1711 121.4444 121.6985 122.0091 122.2384 120.8160 122.8477 124.7007 123.1300
116.6900 116.5874 116.3232 116.1110 116.4898 111.5662 107.4125 113.1518 113.6825 105.0463 99.6633 110.3698 113.1399 113.6915 116.4370 116.3506 116.4839 116.7482 117.0306 117.3291 117.6359 117.9453 118.2501 118.5394 119.3849 118.9431 119.8809 119.8150 120.1112 120.4074 120.7043 120.9915 121.2665 121.5465 121.8251 122.0338 122.2957 122.7292 124.0114 122.9100
116.1300 116.1150 115.8101 115.6946 118.4240 107.7559 110.3356 97.3079 114.8097 114.0355 121.7893 114.0648 115.4489 118.4417 114.8317 115.6869 115.9784 116.2586 116.5795 116.9087 117.2404 117.5815 117.9399 118.1083 119.3545 118.0684 119.0972 119.6182 119.8898 120.2031 120.5060 120.8082 121.1039 121.3901 121.6469 121.9392 122.3024 122.4187 122.7000 122.8600
116.1300 115.6065 115.2736 114.7187 118.1030 104.6565 114.7759 94.8404 116.5587 113.0617 112.8101 112.1275 114.2096 114.2772 114.9955 115.0789 115.4324 115.7711 116.1197 116.4827 116.8427 117.2134 117.5707 117.9448 118.2413 118.7856 118.8657 119.3248 119.6765 120.0129 120.3259 120.6272 120.9356 121.2351 121.6112 121.5300 124.6359 122.0442 122.6116 122.8900
115.4800 115.0645 114.5805 114.8709 110.8438 104.8822 103.3656 96.0543 115.2512 113.3505 113.4674 113.5371 113.6085 113.7945 114.0608 114.5411 114.8810 115.2506 115.6454 116.0455 116.4447 116.8539 117.2410 117.6600 118.0772 118.4254 118.8260 119.1162 119.5041 119.7488 120.0790 120.4958 120.7817 121.0896 121.3800 121.5834 121.8502 122.2740 122.5395 122.6000
114.8700 114.5034 114.0852 113.1795 107.2878 103.3321 101.8943 103.6524 113.3031 112.1277 112.4350 112.1212 112.5250 113.4270 113.6496 113.8704 114.2797 114.7240 115.1534 115.6205 116.0481 116.3049 116.7491 117.2773 117.6768 118.1553 118.5104 118.9371 118.6754 119.9231 119.9833 120.4488 120.6352 120.9569 121.2535 121.5718 121.8738 122.0714 122.0978 122.5600
114.0800 113.9582 113.4205 113.1520 110.2302 102.6025 114.4771 97.9718 111.5011 111.4294 111.3712 114.9487 112.5834 103.3231 112.7485 113.1743 113.7370 114.1669 114.6746 115.2684 115.3235 116.3167 116.6059 117.7771 118.1406 117.8521 118.3801 118.7206 122.8668 111.7744 120.6577 120.1443 120.4780 120.8171 121.1395 121.4315 121.6968 122.1660 123.8094 122.5200
114.0800 113.2730 113.5231 113.0463 112.1788 104.0731 111.3719 111.8113 111.0600 110.3627 110.4046 110.2186 113.0766 106.8082 112.0157 111.1518 113.1919 113.6296 114.1749 114.3287 118.1258 109.7350 108.7597 112.3973 117.5980 117.2079 117.7305 117.6736 122.9063 110.4670 120.0768 120.0411 120.3567 120.7013 121.0113 121.3744 121.7428 120.6584 114.3494 122.4500
113.3400 112.8762 110.1369 109.2910 104.6190 104.6407 114.5303 108.7696 108.9372 109.1567 109.3142 110.5199 108.2214 110.7473 111.4891 110.9479 112.4538 113.0440 113.6911 114.1416 117.6717 111.8323 115.4248 104.7760 113.2229 117.4556 119.1800 119.3550 119.2812 120.3069 119.4155 119.8891 120.2499 120.5901 120.9931 121.0810 120.2998 127.8588 104.8220 122.4500
112.4700 112.5355 108.7331 119.0055 115.6726 108.8925 111.2525 107.8900 107.8372 107.7321 107.9011 108.4290 110.6912 109.4245 110.3875 111.6439 110.5584 112.5862 113.2326 113.8220 114.7723 111.6960 118.3578 115.0654 116.6389 117.1707 119.2608 121.3786 118.5131 118.8460 119.4225 119.7861 120.1482 120.5178 120.6632 122.2600 123.2243 131.5961 108.3765 110.2200
112.2800 112.0481 103.9247 109.3185 109.3397 107.6541 107.0398 106.6126 106.1184 106.0360 106.2888 106.9428 107.4427 108.5228 109.3942 110.1554 110.9005 111.9793 112.7774 113.4950 114.2319 114.5552 115.5047 109.1848 118.0778 117.2260 117.5396 118.1903 118.4932 118.8947 119.2856 119.6722 120.0405 120.2750 121.7003 110.1214 114.3605 122.7905 113.7379 114.0400
111.4800 110.9285 109.6806 110.8606 107.4866 107.0069 105.7148 104.7400 104.0710 103.9224 104.3664 105.2113 106.2972 107.4253 108.5390 109.5759 110.6850 111.5087 112.3574 113.1576 113.8818 114.9449 114.8174 120.0611 101.9839 117.8178 117.2340 117.8734 118.3413 118.7866 119.2167 119.6048 119.7740 122.0832 106.7832 113.2785 120.4691 106.5290 114.2123 122.1600
111.3200 110.4711 109.7867 108.0293 107.0304 105.5645 104.0411 102.5158 101.3936 101.1490 101.8820 103.2605 104.7956 106.2956 107.6780 108.9269 110.0480 111.0836 112.0032 112.8468 113.6424 114.5017 114.7000 113.7342 112.0423 116.6350 117.3815 117.7889 118.2575 118.7040 119.0900 119.6670 119.8575 122.0914 116.1886 109.4079 121.1451 114.2467 121.8461 122.1400
111.1900 106.2190 109.1186 107.2983 106.1626 104.2822 102.1683 99.8457 97.6228 96.8955 98.6924 101.0074 103.2703 105.2286 106.9051 108.3442 109.6055 110.7194 111.7214 112.6119 113.4348 114.1816 114.8200 115.8214 116.3891 116.7005 117.2065 117.7178 118.1820 118.5623 119.1036 117.0790 118.2880 123.6949 103.0623 108.0313 117.5817 116.9365 113.5269 113.9000
98.1900 100.9539 108.3391 106.9355 104.3622 103.1199 100.4114 96.6006 91.3768 90.1561 93.7858 98.7153 101.9057 104.3567 106.3076 107.9135 109.2767 110.4640 111.4886 112.4624 113.3312 114.0697 114.7349 115.3183 115.9990 116.6152 117.1580 117.6548 118.0522 118.1327 116.1603 119.5443 103.5317 105.7217 114.1017 109.8143 115.8822 111.6306 118.8354 113.9200
115.2700 108.1149 108.7137 106.7739 105.2762 102.4958 99.2030 93.4492 86.6316 85.3330 89.3228 96.9933 101.0413 103.8493 105.9698 107.6773 109.1101 110.3152 111.5128 112.2122 113.0234 114.0078 114.7404 115.4222 116.0224 116.5857 117.1269 117.6377 118.1267 118.4423 121.3270 134.2588 115.4721 112.7240 121.1792 108.4521 112.6331 112.9675 141.5765 113.8100
112.1200 107.7103 108.6468 106.7763 104.8930 102.5445 99.1834 93.4494 86.3920 84.9283 89.1916 96.9345 101.0276 103.8438 105.9690 107.6746 109.0954 110.4116 109.4082 113.1037 113.3433 114.0345 114.7182 115.3867 116.0050 116.5811 117.1220 117.6127 118.0966 118.6287 119.0909 124.6683 116.9520 113.8365 121.1188 114.2205 121.9448 116.5296 128.8513 113.7900
110.2700 110.1547 108.5815 107.1391 105.3734 103.1852 100.3362 95.9357 91.1208 89.9729 93.5767 98.6863 101.8736 104.3295 106.2859 107.9029 109.2815 110.5104 110.8553 110.1665 111.5875 113.8949 114.8229 115.4337 116.0424 116.6180 117.1504 117.6995 118.2149 118.5067 118.9409 119.0492 119.9633 121.2654 120.4381 123.0802 113.6564 120.0364 121.3235 122.1100
111.1700 110.1386 108.9780 107.6297 106.0639 104.2543 102.1158 99.7125 97.4050 96.6621 98.5398 100.9123 103.2138 105.1932 106.8778 108.3324 109.5861 109.9925 113.2855 112.2656 109.4565 114.1971 114.6485 115.5400 116.1174 116.6828 117.2019 117.7447 117.7259 118.8239 119.6731 119.3160 119.6850 118.4919 122.5882 120.3702 108.3063 115.2269 121.9826 122.1200
111.2900 110.5669 109.4807 108.2948 106.9627 105.5163 103.9384 102.4680 101.2647 100.9984 101.7524 103.1862 104.7454 106.2539 107.6508 108.9037 110.0340 111.1715 112.8419 113.6250 113.9397 114.2911 115.0021 115.6447 116.2289 116.7794 117.2761 117.7307 121.4058 122.7792 112.4738 120.4682 120.7191 125.2982 125.9242 104.3794 107.1991 117.1764 122.4126 122.1300
111.4500 111.0351 110.0853 109.0466 107.9536 106.8033 105.6837 104.6527 103.9644 103.8128 104.2634 105.1381 106.2355 107.3862 108.5106 109.5774 110.5722 111.4797 112.2857 113.3138 113.8408 114.5410 115.2102 115.8142 116.3742 116.9051 117.4059 117.8853 118.5436 119.6996 108.1776 119.0887 113.7492 110.1934 116.6425 105.5718 107.8456 116.4485 115.2643 122.1400
112.2500 111.5583 110.7431 109.8574 108.9495 108.0382 107.1995 106.4978 106.0464 105.9489 106.2312 106.8240 107.6133 108.4959 109.4073 110.3043 111.1620 111.9768 112.7609 113.4893 114.1829 114.8180 115.4235 116.0060 116.5442 117.0668 117.5548 117.9638 118.4826 118.9423 118.0606 126.7911 122.7946 107.1436 118.3399 121.3267 121.5994 121.6774 121.6994 122.1500
112.4300 112.2186 111.4015 110.6633 109.9185 109.1968 108.5562 108.0461 107.7320 107.6648 107.8620 108.2818 108.8671 109.5565 110.2872 111.0425 111.7905 112.5071 113.1958 113.8628 114.4991 115.1033 115.6772 116.2210 116.7426 117.2429 117.7774 117.2388 118.6373 119.0619 119.5784 115.5644 115.0836 108.9185 112.0653 109.7207 111.4327 122.1404 121.4032 122.1700
109.9800 112.7294 112.0633 111.4591 110.8400 110.2671 109.7631 109.3746 109.1456 109.0854 109.2313 109.5494 110.0009 110.5417 111.1471 111.7796 112.4205 113.0596 113.6999 114.3015 114.9130 115.5215 115.9898 116.4988 116.9574 117.4410 117.8729 118.3477 118.8986 119.3254 118.7584 110.6050 109.9442 102.7649 106.8891 110.9790 111.1119 128.4147 112.6175 112.9000
114.0400 113.4752 112.7425 112.2383 111.7122 111.2435 110.8412 110.5343 110.3618 110.3510 110.4636 110.6747 111.0248 111.4669 111.9640 112.4985 113.0486 113.6133 113.9615 113.7102 115.2037 115.1783 116.2315 116.5748 117.2157 117.6423 118.1235 117.9297 118.2862 118.9931 118.3104 106.0371 124.2064 105.6453 108.3750 117.2309 116.8622 111.8472 117.3528 112.8600
114.0400 113.9435 113.3971 112.9818 112.5263 112.1377 111.8060 111.5683 111.4262 111.3134 111.3425 111.7113 111.9281 112.3239 112.7390 113.2077 113.6650 114.1528 114.3005 113.6685 115.5127 121.3943 116.6189 117.1314 117.4276 117.8984 118.3706 118.3308 121.8499 125.0043 115.1502 111.6714 117.5785 109.6831 108.4632 114.9564 116.7056 110.8199 117.7983 138.5700
112.6800 114.5214 113.9643 113.6643 113.2604 112.9710 112.6982 112.4941 112.3851 112.3934 113.4329 111.9369 113.0836 113.0202 113.4583 113.8574 114.2935 114.7031 115.1362 115.7134 115.6715 124.3556 103.4625 118.9497 117.8297 118.1546 118.6541 121.7868 115.0567 107.8987 104.6155 105.1582 113.1367 103.7851 104.4911 109.8354 123.8367 112.0248 119.6545 115.1800
115.4500 115.0107 114.4215 114.5431 114.4376 113.7035 113.5252 113.3340 113.2483 113.0682 113.5742 109.4002 114.6251 113.6375 114.1286 114.5224 114.5721 115.1915 115.6570 116.0905 116.4602 115.3245 105.8800 108.6797 119.4191 118.2013 118.3856 118.2677 114.7485 114.6000 103.2371 106.9871 115.4184 119.8836 117.9874 119.8647 122.1081 112.9879 119.8303 122.7300
115.4500 116.0762 115.0346 114.9998 110.8194 114.4540 114.0794 114.1039 114.0359 113.8109 113.9257 114.4669 103.6262 116.0849 114.8162 114.7895 117.0824 115.6240 116.0730 116.4609 116.7115 116.7009 112.4866 98.9763 105.7835 118.9275 119.8933 124.0819 116.5303 106.0700 105.5226 108.2956 118.3256 115.3107 122.2926 121.9752 121.4325 133.6657 107.7609 107.7700
116.1800 116.1521 115.4812 113.8376 116.7219 115.1281 114.7463 114.8283 114.7897 114.3020 111.6847 108.4383 109.5160 115.7320 115.4389 115.4754 113.6728 103.3091 118.4848 117.6089 119.3464 116.5265 122.2995 97.4818 97.7832 106.4789 115.6138 120.0241 117.3661 110.2082 110.9630 115.7114 121.4079 121.9947 121.6699 121.7608 123.5892 130.4312 123.5799 115.1500
116.6900 116.3330 117.7760 94.2283 108.0153 115.5071 115.4587 115.4820 115.3996 115.4211 115.4879 116.0428 116.3110 115.7455 115.9574 116.5012 115.7499 114.0810 117.1324 117.2390 116.9532 111.6431 111.3317 110.0015 103.6357 100.0150 123.8562 113.8114 122.3773 103.1158 119.4231 110.0435 122.0665 121.5626 121.8624 121.8646 120.1725 121.4531 111.5167 107.3800
117.1300 117.4177 107.9729 116.3548 117.0489 116.2749 116.1012 116.0741 116.0202 115.9921 116.0476 115.9587 116.0616 116.4156 116.5448 116.6133 115.3923 117.2146 117.4713 118.1001 108.2118 119.0208 109.6698 101.9281 105.0667 108.7151 110.8353 119.1487 120.2170 120.1440 122.0204 112.0596 113.9810 122.3354 121.9365 122.2502 122.4845 123.7346 103.4660 123.0700
117.6200 117.2051 117.8133 116.3135 116.5715 116.8587 116.7193 116.6399 116.5913 116.5864 116.6099 116.7029 116.7871 116.8643 117.0471 117.0566 117.3320 117.8079 116.9930 121.8426 104.5078 114.5421 121.6258 104.7470 120.4248 120.4656 120.3003 120.8294 120.2715 120.7196 121.0416 124.8285 119.0388 121.9648 122.1433 122.4569 123.0567 126.6718 126.1323 123.2900
118.0600 117.5926 97.3092 118.8899 116.3339 117.3896 117.2493 117.1702 117.1337 117.1279 117.1555 117.1931 117.2802 117.4231 117.5559 117.9314 117.5537 118.7666 118.8891 125.5197 104.3357 120.7275 119.3658 119.3065 120.4993 119.9253 119.8994 120.6999 120.8420 121.0721 120.7843 124.3774 110.2113 123.1079 122.2015 122.4633 125.4436 122.6594 122.1371 123.3300
118.5300 119.6358 113.8150 117.5698 117.6267 117.8530 117.7565 117.6707 117.6415 117.6320 117.6516 117.7032 117.7777 117.8233 117.9317 119.3723 113.5449 113.9804 116.4542 106.5272 120.0798 120.3425 119.6313 119.5733 119.8034 120.2941 124.6994 121.8091 120.9683 121.6150 119.4842 111.0620 116.8874 122.9673 122.5404 122.6630 122.4100 119.9600 123.9872 123.5900
118.5300 118.6200 118.3600 118.4400 118.1300 118.1800 118.2200 117.8500 117.8700 117.8700 117.8600 117.8400 118.2100 118.1700 118.4200 118.4200 99.7700 107.2800 102.8700 98.8200 119.3400 119.5600 119.7900 120.0500 120.2100 120.4400 120.6500 120.8400 121.3000 121.4600 109.6400 110.3100 122.2600 122.2600 122.5800 122.7600 122.9200 123.2700 123.4300 123.5900
