101.3000 101.4000 101.2700 103.1700 104.5100 105.8400 108.1500 108.1500 109.8000 110.5800 111.9500 112.5600 113.6800 114.1900 114.6700 115.5700 115.9800 116.7600 117.1200 99.7000 103.4500 113.2200 97.4400 104.4800 105.0500 106.6000 114.9800 100.0500 99.3000 99.5200 99.9400 101.0900 103.1600 105.4600 105.3600 105.5200 106.1100 107.7300 107.8700 108.7400
97.7000 98.8274 99.7909 101.5238 103.5138 105.3282 106.9169 108.3146 109.5565 110.6585 111.6502 112.5428 113.3633 114.1163 114.8160 115.4046 116.4255 118.8598 107.4412 100.8598 102.0649 109.1796 106.2449 102.3621 99.2899 101.8041 114.6339 108.3497 98.2448 99.5159 100.4058 102.9509 104.0869 106.2144 104.2344 105.8618 107.0682 108.4085 107.7965 108.7400
91.2600 92.6908 95.1802 99.0413 101.9262 104.2758 106.1914 107.7918 109.1585 110.3416 111.3985 112.3370 113.1927 113.9499 114.6576 115.3387 115.8627 115.9153 96.9310 109.9149 99.6557 103.5083 108.0948 109.3743 106.7167 110.0041 110.4147 105.5108 99.1684 99.7640 100.5851 102.1550 102.1531 102.9176 109.1963 103.5067 104.1065 103.5478 110.7324 102.1000
91.2600 88.1802 89.5886 96.5645 100.6659 103.5431 105.7143 107.4519 108.9050 110.1506 111.2387 112.2112 113.0894 113.9462 114.7694 115.3925 116.4302 109.9277 109.7821 114.5385 104.6016 106.3079 100.9485 104.2818 112.9293 115.3949 99.0776 99.1392 98.9369 98.4599 110.7822 103.1524 117.7810 116.9172 117.5612 117.6419 119.4536 111.4252 104.7992 102.1000
91.4200 86.0111 87.5375 95.5662 100.2590 103.3324 105.5612 107.3488 108.8279 110.0955 111.2025 112.1764 113.0588 113.5500 114.0681 114.8475 115.2501 117.1965 111.3950 118.9418 105.2928 107.1796 99.8691 100.6162 109.8688 113.1761 97.5819 97.9244 97.6931 117.5779 110.4958 98.9819 125.3337 125.4591 124.2431 125.9289 119.4558 113.1761 100.2103 102.1000
91.4200 88.0091 90.3077 96.9208 100.7886 103.5557 105.7839 107.4915 108.9361 110.1650 111.2549 112.2302 113.0125 114.5194 116.1690 116.4554 117.3968 117.0635 116.6746 128.2305 105.0675 113.6369 104.8785 100.0744 103.2302 107.7453 98.2126 109.6474 107.7510 112.1650 110.4873 111.7708 112.4009 112.7002 113.4915 114.4652 116.9299 103.1210 102.3396 102.1000
97.6800 93.8856 96.1890 99.3594 102.1399 104.7679 106.2808 107.8688 109.2076 110.3959 111.4347 112.3645 112.9459 116.0115 91.7286 98.7074 94.0962 93.5413 117.0920 98.0378 99.6981 101.9993 103.4129 103.4654 104.7161 109.1731 103.5894 101.4033 106.9217 114.9900 112.7974 112.8408 111.3001 111.6036 111.8374 113.8100 109.8978 101.4351 101.6000 102.1000
101.2900 99.5378 100.3234 102.3244 97.9634 104.5771 106.9211 108.4600 109.6347 110.6625 112.0389 112.5656 114.0807 109.6147 111.1309 94.8269 94.6436 102.4723 100.7764 100.3014 102.0996 104.5238 103.1798 104.4964 105.7309 102.1371 99.7897 99.2235 98.7605 100.5208 102.2818 111.7737 112.5241 112.1552 114.4844 115.3363 116.0246 119.1219 116.5810 102.1000
103.8200 102.7674 103.0532 103.4687 104.6107 107.4489 107.8469 109.1007 110.1992 110.6902 115.9154 112.4988 113.6191 113.9375 117.9890 116.9371 98.0614 97.9722 100.9239 101.7207 103.3715 103.5794 105.6194 105.0466 98.8649 105.3384 99.0603 99.8248 99.0872 111.0490 110.2249 112.9198 113.6199 103.9849 111.2961 113.2593 111.1216 102.3165 118.3716 116.6500
105.7800 105.1701 104.5744 108.8930 106.7541 107.7882 108.8879 109.8247 110.7445 111.6677 112.3118 113.1331 113.9821 111.3953 113.6840 93.4275 97.5438 98.8333 102.5035 101.7086 101.4897 103.8769 103.1669 97.1982 111.1544 96.2745 97.6074 98.8329 99.6957 108.7541 112.0765 110.0119 113.8015 109.3614 113.7929 107.8783 109.2672 118.9645 119.7585 105.5400
107.3800 107.0127 107.2193 107.2326 108.2869 108.9938 109.7922 110.5984 111.4132 112.1566 112.8472 113.6288 119.2296 107.5326 114.2179 98.9657 99.1583 98.0006 101.7370 104.8719 102.2728 108.5143 100.6000 98.1986 96.8202 98.6505 100.0589 101.0024 100.5912 103.9947 112.8288 108.1770 114.3027 115.3737 115.5811 116.2104 117.3218 117.8694 109.4364 118.1400
108.7300 108.5496 108.6619 109.0424 109.4531 110.0381 110.6906 111.3528 112.0227 113.0388 113.4330 114.4690 106.3992 105.4265 109.9049 99.4079 96.6563 95.6617 97.5592 100.5261 101.5649 103.3621 113.1606 96.8978 98.4962 106.5410 105.7219 106.2231 104.2066 111.3326 108.7775 106.1420 110.7087 110.6545 112.5969 116.4566 116.5036 117.9902 111.1889 118.2200
109.8900 109.8508 109.9534 110.2166 110.5896 111.0132 111.5187 112.1181 112.6738 113.5341 109.6570 108.5387 115.9443 104.1526 101.0921 102.5808 104.5459 101.9373 99.0675 100.2853 108.1945 113.2115 114.7237 97.6895 97.6166 106.9000 108.4269 108.6025 111.3045 111.4648 108.8580 111.4563 111.2372 106.6370 107.5430 109.8280 116.1560 113.3514 113.0047 118.3000
110.9200 110.9915 110.9763 111.1891 111.4292 111.9877 112.3588 112.8315 113.3258 113.6836 113.9767 94.8917 100.2246 95.7083 97.8450 100.2939 106.2928 104.8998 106.0238 103.4522 105.3274 105.3084 104.3868 97.7507 100.6805 111.8783 108.0149 108.2831 115.8092 101.0242 102.7900 107.5106 113.7476 111.0975 113.2883 114.2646 113.4905 111.3441 103.8035 111.7400
111.8400 111.9907 112.0058 113.1932 116.6701 112.5887 113.0790 113.5377 113.9530 114.0921 115.9455 114.5752 114.5173 106.4858 95.0915 102.2197 102.8057 112.9214 107.3395 108.5024 105.8515 103.5618 105.9139 103.1712 104.7389 106.7148 101.5275 109.9039 103.1460 107.6047 106.3686 105.7283 113.6106 114.2876 115.3880 115.7250 108.8915 112.4412 101.0207 102.3700
112.6700 112.8887 112.8304 113.9440 113.2233 113.4436 113.8623 114.0017 114.4501 114.9378 117.5498 109.0373 103.5708 112.1023 98.9172 95.7846 103.6041 106.3309 110.6761 107.5614 109.3918 109.7584 108.1461 101.5459 108.8055 104.5520 104.8501 105.6073 107.9904 111.9006 119.9262 112.3231 113.2913 115.2314 109.4246 112.5833 117.1317 101.2619 102.2383 102.5500
113.4300 113.7147 113.7390 113.7528 114.0488 114.2417 114.5005 115.0019 116.0210 116.2021 109.2433 105.9259 115.2928 97.3728 99.1627 104.5296 97.2598 103.1721 107.3221 108.6143 108.4777 109.9664 111.0171 98.1104 104.9111 110.6259 109.8586 106.7271 108.4126 108.3684 109.0017 110.6693 119.4291 121.0700 113.1169 103.9354 101.9976 101.9331 102.4132 106.0800
114.7700 114.3611 114.4763 114.5736 114.7036 114.8922 115.1701 115.4289 101.9058 116.1992 106.3413 100.1674 97.8322 97.1118 98.1659 103.7638 103.8792 99.6466 106.2262 108.3366 109.1995 108.9718 109.6554 110.9998 98.8887 115.1749 114.3563 111.5093 110.8281 108.8505 109.7563 110.4767 110.5844 110.2697 99.7545 101.5630 108.4979 102.0169 102.4207 102.5900
115.3700 115.4409 115.2022 115.2350 115.3537 115.5124 115.7563 115.3365 118.1317 104.1708 103.1807 106.3383 103.6004 110.6558 100.4908 95.9413 102.3097 106.3697 103.4428 106.2736 108.2722 112.7850 102.6581 112.1914 102.2095 113.9192 110.2646 115.8538 114.0876 113.3143 112.9141 110.6747 110.2316 104.2394 101.4359 101.9766 101.9686 102.4234 102.5209 103.2900
110.7200 113.6209 114.7590 115.8758 116.0111 116.1457 116.2567 116.4697 117.4554 114.6824 97.5515 95.2796 103.8469 107.8216 99.4132 100.0499 101.6493 105.7610 109.6550 109.3252 107.7299 112.9979 98.7546 98.7735 115.4100 112.9359 112.7195 114.6045 115.3846 118.0855 109.3034 113.3273 108.8856 101.5691 106.9212 101.6064 101.8138 102.5939 102.6175 103.2900
102.1300 101.2203 109.7440 116.5839 116.4188 116.4876 117.0931 116.9372 116.7139 121.0110 96.8285 102.4250 104.9968 108.2578 102.8349 102.6259 108.1979 102.3239 105.6490 102.9475 106.4108 103.4557 101.7029 101.4554 117.1189 116.9348 116.5031 115.6671 114.8583 116.1531 100.2934 104.6872 100.8220 111.2097 110.3100 103.7815 109.9364 102.2511 102.8670 102.8300
116.9600 116.1811 116.4598 116.9705 117.4181 118.0301 117.0312 112.3933 118.7408 112.0733 96.3801 96.8195 102.3153 104.8273 104.4866 101.5786 101.6342 106.9386 106.5031 106.3866 98.3273 98.1384 98.4759 101.6544 108.7556 115.1336 116.8567 115.8696 115.5938 116.5557 104.8054 99.9986 101.3808 102.9515 100.7140 102.2899 108.4049 102.7060 102.8919 103.0300
117.4300 117.4162 117.3949 117.4327 118.1038 108.6179 109.4122 118.3841 112.6192 104.6016 116.6351 97.5327 104.7391 107.2233 107.0702 108.5977 117.5880 103.4207 107.9021 108.0732 108.9178 97.8881 99.2642 100.9149 101.7459 116.4643 114.9200 117.5428 117.1959 119.0522 113.6405 112.7206 99.9302 100.7254 111.1359 101.8862 101.9333 102.4995 103.3077 104.1100
117.8700 117.9528 117.9830 118.0424 117.9345 117.0993 106.8368 118.3521 118.7709 103.7679 117.6446 99.9240 103.4617 111.1414 99.4789 112.4321 110.7892 107.1138 112.7283 106.5986 109.9946 115.0680 104.9031 114.9543 112.9556 103.7433 113.1249 114.7761 119.6390 110.8960 120.5774 119.3358 113.5841 110.3587 115.4245 101.4691 102.8525 102.8415 103.0996 103.1000
118.3000 118.3892 118.3966 118.4177 118.5479 118.4374 115.2988 117.1430 119.0215 121.0713 100.4045 120.6726 103.0395 111.6764 101.5390 107.2709 105.9378 112.6780 102.5618 104.6252 107.5926 108.7116 113.8599 113.0583 116.7465 116.4040 117.5171 110.8598 117.5235 118.9660 99.8532 115.4225 112.0494 114.8175 110.2725 101.8783 102.5694 103.0379 103.0770 103.2700
118.7000 118.8409 118.8518 118.8876 118.9735 118.8517 118.6332 119.2294 112.3860 109.1620 118.9557 121.2936 108.9458 108.3589 101.9213 101.3735 112.9087 110.1866 109.3126 112.5934 110.8759 108.7299 113.6738 115.8543 116.3525 116.3239 117.9314 119.1119 109.1262 120.1505 103.5553 110.4329 100.3254 102.2882 102.5384 102.8289 102.8021 103.4263 103.6535 103.9600
119.0900 119.2541 119.2690 119.2953 119.3454 119.4387 119.5549 119.2036 121.0456 106.9246 120.4746 117.9370 117.2449 104.2714 99.1290 120.4628 119.7680 112.2297 121.0168 109.2659 108.6946 99.7064 110.2059 114.7780 116.4361 117.3432 114.7975 118.5544 113.9683 110.4937 107.2771 101.8480 102.2916 102.5896 102.4654 106.0309 104.8328 118.4248 105.5432 104.5500
119.8200 119.6598 119.6725 119.6965 119.7422 119.7962 119.6009 120.5710 119.2622 120.0483 117.9054 107.7620 122.2183 109.8901 109.3759 116.1987 119.6017 121.1965 111.7471 111.4800 101.2348 99.9351 99.9169 110.5630 111.6764 119.2599 106.4731 108.9693 120.4190 123.7964 107.7587 100.8481 102.2171 102.7463 101.7418 120.6505 96.3648 124.0105 119.0437 105.1400
120.1600 120.0428 120.0505 120.0704 120.1149 120.1826 119.7085 125.5242 121.8405 120.6448 121.0452 112.9556 120.2775 122.6221 109.2513 108.3224 120.6655 121.6816 122.5766 117.1242 112.5328 99.1890 100.3362 106.3389 113.0968 116.1994 107.4666 116.2265 118.9610 114.1689 118.0835 106.2200 102.4180 102.6806 102.4187 102.6967 104.8104 124.5742 100.8053 103.7200
120.4900 120.4168 120.4287 120.4439 120.4740 120.5162 120.3974 120.5581 106.1068 114.9084 122.9543 116.2412 117.2632 122.4205 110.7073 114.8048 107.0104 124.7000 113.4593 120.5336 118.3325 106.4009 103.0761 106.7441 110.5196 112.7276 118.5438 123.1563 107.6496 100.1430 114.8786 109.0994 101.7259 102.8123 103.5198 103.6103 104.4513 121.9680 103.8013 103.7200
120.8000 120.7537 120.7511 120.8010 120.9575 120.9479 120.2964 122.8136 111.9836 106.4934 108.4693 114.4629 117.4408 120.3893 119.4122 113.9202 113.8309 114.3388 114.3081 117.3047 120.4117 119.0964 103.0071 103.2772 104.0937 110.4643 119.1581 113.7771 106.9901 116.0813 101.1258 102.4692 103.0842 101.8248 99.2444 102.1736 103.9651 109.2591 103.1928 104.6700
121.1100 121.1047 121.0923 120.9568 120.3339 120.8357 121.0507 118.2842 103.9849 108.3516 129.2497 115.5634 116.7500 121.7690 123.5073 108.4720 114.3241 113.6439 116.5974 101.5190 121.3927 108.4677 97.2685 104.2434 102.5941 103.6349 111.3150 104.8884 103.6666 102.0348 102.9072 103.3754 101.4830 101.9976 123.7621 109.8732 100.8516 104.4650 104.9049 105.3600
121.4000 121.4362 121.6367 122.5963 126.7305 123.9594 121.7634 113.8861 112.9511 115.1656 115.1966 109.8565 99.8446 117.0758 114.9411 115.1843 113.3223 116.4918 115.7717 116.9511 117.5659 119.1042 102.6071 101.4160 101.4637 106.0759 107.1372 102.4659 101.9521 102.3900 102.7497 102.1309 110.7776 122.1789 125.4273 124.3907 122.8172 103.3842 103.8360 105.5100
121.6900 121.5976 121.5643 115.1383 114.8236 113.3507 116.6528 115.3656 121.0997 111.6626 109.9878 106.7025 102.4002 113.1714 108.3709 102.2589 101.1733 115.7418 114.3018 117.0637 99.5869 100.8968 108.0122 101.8886 101.9154 104.8376 101.9732 107.5069 101.8710 102.9879 102.8066 103.0629 105.4736 105.0614 119.6311 111.3862 108.5593 106.3535 104.5078 106.0500
121.9700 122.6084 123.7212 112.1758 111.1262 102.9320 106.0263 113.9713 120.6234 109.9440 107.3202 104.9377 123.2879 124.3917 120.2603 117.4101 104.6605 116.0637 115.7973 98.6435 102.9457 106.6016 104.3546 101.4714 102.1075 104.8334 106.2806 102.3959 102.3600 102.7929 103.1274 103.2682 103.0645 103.5269 105.0905 101.7382 103.7987 104.1536 104.2271 105.1600
122.2300 120.9132 115.8564 116.8177 103.6969 103.5662 110.7512 118.0709 123.0565 112.8728 110.9858 104.8320 124.2914 106.4719 118.2257 123.9686 123.7242 99.5958 120.8441 105.1303 101.4857 101.9933 102.2075 102.3402 101.6963 106.2291 109.0421 108.0686 113.6688 104.3432 103.1247 103.8755 103.2929 103.4633 97.4660 125.8386 103.7276 104.8267 104.4943 104.3700
122.7500 125.6171 105.3253 110.1331 111.9072 109.6962 104.3218 120.3075 112.2898 117.9994 110.4013 108.1753 122.7168 119.1002 129.7428 120.5107 124.0640 116.6444 103.5459 104.2839 109.8617 101.8632 102.7158 102.5400 100.8506 123.1862 123.2433 118.0827 117.5990 111.1553 109.9392 111.1962 103.8402 122.4726 106.0225 108.9810 112.1237 105.3027 103.6638 104.5300
104.6100 109.2791 113.1564 102.3743 107.1512 128.0500 119.0357 120.9949 106.7751 108.7180 111.2870 111.4053 122.5403 102.1082 109.9643 125.9991 105.3718 113.8599 110.0749 110.2823 109.0063 101.4606 105.7577 104.3113 105.6313 121.3901 95.7041 107.2230 109.1265 111.6323 106.2662 104.7885 102.2946 114.2619 125.3932 127.7082 110.5743 123.6827 114.5804 128.8000
123.2300 115.3094 108.7435 102.5330 117.8177 108.6289 107.9215 115.3432 121.0663 113.8445 115.8436 111.4025 102.3776 105.2525 123.8157 126.6104 109.8613 118.5553 109.0598 102.8640 104.4581 99.7879 120.5956 102.6086 101.7514 114.0564 103.4521 122.7862 110.1241 114.5242 101.9306 103.2830 104.4802 112.7216 117.1252 110.1817 130.1605 106.5610 131.1926 128.8000
123.2300 123.2300 104.8400 105.8700 105.8700 119.0000 109.0800 109.5800 109.5800 110.8900 103.5600 105.5000 112.8200 115.8400 103.4900 111.6400 111.6400 107.7300 108.2500 103.9300 121.6900 120.6100 120.6100 120.7400 104.9600 104.6100 104.2100 122.8400 123.6400 112.1600 103.7700 103.9000 105.5700 119.0300 106.5600 121.3000 121.5900 128.5500 128.4100 128.9500
