109.3400 108.6000 108.0700 108.3000 107.9800 107.9800 109.2400 109.2400 116.0500 115.6700 114.8400 115.2900 115.3300 115.3700 115.3700 115.3600 115.2900 115.7500 115.6700 116.0500 115.9700 116.3800 116.6700 117.0700 117.3100 117.6800 117.8800 118.2200 118.4600 118.7300 119.2900 119.5100 119.7600 120.0000 120.2400 120.7100 120.9400 121.1300 121.5500 121.7600
109.3400 109.1317 110.6220 107.1790 105.9390 104.8094 107.9645 102.3510 108.0906 114.6722 115.2458 115.0309 114.9208 114.8543 114.8414 114.8200 114.8859 113.9692 115.4436 115.5563 115.7573 116.0010 116.7732 116.6555 116.8743 115.2339 111.8015 111.4489 118.7053 118.6002 118.9926 119.3222 119.6410 119.9566 120.2645 120.5144 120.4352 122.8047 123.5595 121.7600
108.4700 109.2854 106.0270 105.8518 106.3227 110.7224 109.6286 106.3310 100.9857 111.9086 114.4601 114.3276 114.2030 114.1519 114.1496 113.6657 117.5539 111.2138 114.8582 114.9601 115.2363 116.3706 112.6035 116.2726 116.5443 117.1386 121.8719 112.3910 118.5989 118.3442 118.7316 119.0791 119.4111 119.7455 120.0795 120.2740 122.1414 112.6175 112.3255 121.4400
95.9300 106.4608 104.8226 105.6439 105.4439 105.9110 103.6267 105.3091 103.6034 116.5307 113.7808 113.6252 113.4705 113.3687 113.3629 113.3026 115.7337 113.5702 113.9652 114.3314 114.6138 114.7090 115.5662 115.8985 116.1524 116.3611 117.1048 117.4525 117.6998 118.1172 118.4714 118.8354 119.1953 119.5302 119.7809 121.2702 106.4701 104.7808 98.5390 121.3900
95.9300 109.1051 108.9014 103.9965 100.1852 99.5741 88.5007 102.1106 107.8210 114.7397 108.8590 112.9841 112.6290 112.5262 112.5197 112.5975 112.5787 112.9891 113.2770 113.6287 114.0103 114.4139 114.9481 115.3108 115.7045 116.2154 116.5540 117.0034 117.3581 117.8176 118.2177 118.5999 118.9745 119.3335 119.6945 120.3935 116.1752 117.3288 115.1217 114.8400
106.9000 106.7316 105.0456 110.0982 99.3703 97.5183 103.8550 104.6855 99.4474 111.6004 112.4198 112.1691 111.7176 111.5880 111.5685 111.6590 111.8901 112.1483 112.5078 112.9056 113.3536 113.8101 114.2969 114.7852 115.2774 115.7439 116.2267 116.6813 117.1230 117.5551 117.9764 118.3782 118.7674 119.1439 119.5288 119.9267 121.1150 120.1652 120.5276 104.8600
119.8500 110.7215 107.5151 105.5255 99.1331 98.6189 105.5383 100.8326 95.0881 107.3640 111.3166 110.9628 110.6992 110.5388 110.5237 110.6523 110.8792 111.2414 111.6681 112.1533 112.6790 113.2149 113.7615 114.3087 114.8402 115.3700 115.8720 116.3676 116.8449 117.2990 117.7464 118.1692 118.5762 118.9709 119.3618 119.6796 119.9542 120.2573 120.9266 121.0200
109.7000 106.2297 106.9989 112.2796 109.2467 101.1086 103.4985 108.2056 141.7436 126.3257 108.0002 109.9488 109.5452 109.3453 109.3247 109.4824 109.7968 110.2325 110.7634 111.3542 111.9705 112.5959 113.2168 113.8304 114.4192 114.9913 115.5375 116.0691 116.5834 117.0745 117.5256 117.9681 118.4011 118.7988 119.2191 120.2059 124.6069 119.9525 120.6573 120.5700
115.8700 109.3099 125.4143 115.3552 103.1728 94.5818 106.7491 106.6541 110.3553 108.9934 109.2222 108.9350 108.2330 107.9694 107.9365 108.1444 108.5635 109.1403 109.8017 110.5127 111.2431 111.9665 112.6827 113.3576 114.0114 114.6367 115.2234 115.7870 116.2428 116.7525 117.3223 117.7869 118.2345 118.6576 119.0899 119.3667 119.6350 120.2235 120.5648 120.7100
115.8600 111.1476 105.0603 104.9438 111.6868 96.0546 100.3661 107.5817 110.5944 109.0265 108.1246 107.3350 106.7186 106.3260 106.2793 106.5843 107.1648 107.9188 108.7733 109.6539 110.5150 111.3624 112.1619 112.9120 113.6266 114.3051 114.9254 115.5605 116.5195 117.1607 117.0685 117.6232 118.0887 118.5325 118.9586 119.4304 119.8163 120.1030 120.5084 120.6800
100.3200 103.0239 108.5166 107.1197 102.3338 107.1731 116.3385 103.3983 109.3994 107.8396 106.8822 105.8075 104.8949 104.3141 104.2394 104.6954 105.5418 106.5965 107.6939 108.7740 109.8086 110.7705 111.6740 112.5052 113.2823 114.0051 114.7204 115.2720 114.1983 115.7649 116.8768 117.5055 117.9640 118.4162 118.8437 119.2332 119.6043 120.0401 120.1463 120.6500
104.5300 98.0828 96.1860 97.5672 105.4207 114.8942 115.0318 107.1750 108.5691 106.9753 105.5354 104.0750 102.6563 101.6917 101.5654 102.3469 103.6921 105.1584 106.6114 107.9355 109.1440 110.2438 111.2406 112.1478 112.9845 113.7365 114.4935 114.2510 118.6074 115.6545 116.7275 117.3849 117.8671 118.3218 118.7682 119.1869 119.7040 119.7660 121.3475 120.6000
104.5200 110.1709 96.4229 112.2154 102.2087 106.8388 109.2666 108.6531 107.4655 106.0254 104.2080 102.1472 99.9407 98.0082 97.7177 99.4265 101.5586 103.7165 105.5592 107.1707 108.5670 109.7979 110.8853 111.8605 112.7390 113.6611 114.8788 116.8380 119.0308 116.1404 116.7518 117.2889 117.7836 118.2454 118.6894 119.1606 118.7541 122.0098 111.8205 104.7600
104.5200 105.8904 105.6741 99.4182 113.1943 106.5111 107.6606 108.5538 106.9957 105.2253 103.0411 100.2160 96.4905 91.7388 91.1321 95.0753 99.3936 102.3844 104.7027 106.5658 108.1309 109.4563 110.6127 111.6419 112.5439 113.4356 115.3045 114.4732 115.0577 116.1081 116.6894 117.2234 117.7273 118.1997 118.7038 119.0252 120.5841 124.4883 107.8082 106.7200
97.8900 98.1726 93.6915 102.1455 103.1874 117.3076 109.7217 108.2838 106.6781 104.7433 102.2762 98.8407 92.6136 86.6328 86.0268 90.5984 97.7833 101.4960 104.1679 106.2180 107.8810 109.2859 110.5099 111.5689 112.5008 113.3517 113.9945 114.8811 115.5253 116.0866 116.6562 117.1935 117.7106 118.1722 118.4360 119.8063 105.0047 109.1284 112.6297 110.0200
97.8900 96.4486 91.3793 106.7857 102.8213 119.1149 110.0591 108.3480 106.6162 104.6866 102.1755 98.6511 92.1338 85.4313 84.8507 89.8204 97.4987 101.3776 104.1011 106.1703 107.8401 109.2721 110.4336 111.4113 112.3607 113.3309 114.1086 114.8117 115.4603 116.0782 116.6461 117.1739 117.6986 118.4471 119.1158 118.3261 102.6847 106.0372 109.3684 110.0000
103.1200 103.2572 97.4238 97.5621 99.3025 97.8917 111.0293 108.5217 106.8578 105.0500 102.7586 99.8024 94.5246 90.0620 89.4248 93.6586 98.8517 102.0754 104.5108 106.4472 108.0246 109.4322 111.6217 112.3142 112.6795 113.3172 114.1410 114.8453 115.5036 116.1061 116.6759 117.2065 117.6902 118.9237 110.5792 115.1195 108.8929 108.7215 110.4488 114.0900
115.0400 109.2234 102.4510 105.0120 110.2861 97.4135 111.3008 108.7549 107.3635 105.7569 103.8593 101.5269 99.1194 96.4325 96.0429 98.3665 100.9277 103.3034 105.2949 106.9855 108.4353 109.6859 110.4137 112.1355 104.0475 113.8953 114.3157 114.9298 115.6123 116.1644 116.7588 117.4667 118.3322 118.1789 119.1940 117.1503 118.9873 109.3609 121.7910 110.3200
115.0900 104.7070 112.3478 115.2589 112.3629 112.3053 110.2411 109.2873 108.0506 106.6777 105.1787 103.5057 101.9114 100.7924 100.6289 101.5477 103.1105 104.7478 106.3008 107.7069 108.9695 110.1047 111.2113 112.1043 113.2752 113.6075 114.4507 115.0759 115.3220 116.3054 116.6798 116.7548 115.9332 121.4488 116.9258 98.0113 107.3509 121.7258 113.8744 110.4000
104.0900 109.1651 116.9083 115.8632 112.4632 111.6096 110.8857 109.8712 108.8246 107.6836 106.4987 105.3347 104.3069 103.6190 103.5313 104.0761 105.0460 106.1986 107.3767 108.5335 109.6191 110.6216 111.5340 112.3175 113.0166 113.8298 114.6334 115.2646 115.4002 116.3658 116.1222 121.2975 109.5598 111.2806 119.4330 116.9600 123.1734 120.7766 115.0243 120.6000
98.3800 109.3303 114.9240 113.0721 113.6700 112.3069 111.4515 110.5436 109.6479 108.7130 107.7963 106.9276 106.2120 105.7819 105.7314 106.0779 106.7295 107.4903 108.4710 109.4130 110.3166 111.1908 112.0186 112.8284 113.5740 114.2317 114.8609 115.4749 116.1651 116.2703 119.0905 117.7708 108.9706 101.3816 110.1801 116.3981 127.9674 117.4594 121.7228 120.6200
98.3800 108.0649 117.7680 114.1799 106.9909 113.3109 111.8467 111.2471 110.4715 109.7065 108.9833 108.3286 107.8110 107.5129 107.4758 107.7010 108.1458 108.9037 109.5192 110.2603 111.0399 111.8024 112.5271 113.2308 113.8960 114.5326 115.1371 115.7244 116.2540 116.6302 119.9881 112.7669 112.7079 108.3327 104.6985 111.7581 115.5436 115.7473 120.6850 120.6400
115.8300 101.0429 114.9192 114.6256 109.7339 113.6575 112.5700 111.9375 111.2894 110.6540 110.0681 109.5638 109.1800 108.9666 108.9286 109.0879 109.5082 108.6968 109.9053 111.1120 111.8248 112.4145 113.0664 113.6953 114.3041 114.8934 115.4455 115.9833 116.5434 116.8971 117.2883 118.2379 119.7313 117.8820 119.7822 106.1787 111.0337 114.0951 112.6403 111.1900
114.1400 113.1652 115.2539 114.8301 114.3762 113.7443 113.3892 112.6068 112.0606 111.5440 111.0694 110.6738 110.3740 110.2124 110.2493 110.4610 110.5826 114.2197 106.4113 113.6761 112.5052 113.0439 113.6106 114.1752 114.7203 115.2562 115.7855 116.2640 116.7179 118.4680 118.4438 117.7452 118.3144 117.7753 123.0226 116.0827 120.2668 120.5773 111.6333 120.9700
116.5200 116.1816 115.9283 115.2891 114.8903 112.8253 112.5599 113.3532 112.7943 112.3814 111.9824 111.6635 111.4253 111.2949 111.1126 109.8647 111.6885 112.5840 100.5889 113.2921 113.1453 113.6527 114.1479 114.6546 115.1545 115.6389 116.1227 116.6268 116.7965 118.1388 105.5359 120.5314 118.6344 127.7701 108.9246 120.3417 111.0832 120.8483 120.2412 121.0100
116.9900 116.5889 116.1402 115.7153 115.2569 114.7904 114.4055 113.9952 113.5290 113.1505 112.8255 112.5579 112.3614 112.3273 112.6491 113.1751 112.4753 112.8380 113.3760 113.4832 113.7615 114.2669 114.6915 115.1408 115.5892 116.0359 116.4855 116.9006 117.3113 118.2473 116.8884 124.9230 107.3933 109.4299 104.0666 103.9047 117.8392 120.2478 121.1155 121.0600
117.1100 116.9409 116.5321 116.1256 115.7167 115.3249 114.9030 114.5647 114.1912 113.8732 113.6043 113.3797 113.2095 113.1591 113.1490 114.7412 113.3190 113.5010 113.8024 114.0852 114.4768 114.8171 115.2139 115.6212 116.0250 116.4307 116.8092 117.2191 117.5573 118.0913 116.0161 127.5505 114.7593 119.1727 118.6962 120.1463 120.7667 120.5455 121.1189 121.3200
117.3600 117.2612 116.8959 116.5537 116.1866 115.8194 115.4458 115.1334 114.8289 114.5505 114.3168 114.1309 113.9963 113.9678 113.9162 113.7987 114.1205 114.2687 114.4898 114.7526 115.0475 115.3853 115.7298 116.0872 116.4566 116.8844 116.1483 115.8238 118.1086 119.1550 114.2753 106.5250 103.4748 105.2224 107.2556 120.5701 120.3701 121.8380 121.3013 121.3700
117.6800 117.8661 117.3108 116.9688 116.6301 116.3030 115.9978 115.6977 115.4281 115.1927 114.9822 114.8303 114.7106 114.6454 114.6395 114.7104 114.7444 114.8735 115.1197 115.3780 115.6297 115.9173 116.2282 116.5509 116.8771 117.2669 117.4057 116.0350 118.1436 117.0722 115.6736 119.3087 107.8013 107.6705 110.4978 118.8062 121.9119 116.3117 121.1909 121.6300
118.1000 118.0481 117.6599 117.3878 117.0958 116.7738 116.5009 116.2367 116.0022 115.7913 115.6027 115.4611 115.3744 115.3190 115.3096 115.3630 115.5173 115.8557 115.7858 115.9781 116.1479 116.4289 116.6977 117.0018 117.2959 117.6117 117.7958 118.8026 118.1842 117.4234 105.0030 118.9655 115.1260 114.1239 107.9860 113.6190 108.1147 111.8463 122.1369 121.6900
113.3900 118.3825 118.0660 117.7641 117.1248 117.2499 116.9576 116.7569 116.5275 116.3592 116.2098 116.1145 115.9932 115.9382 115.9313 115.9742 116.0093 111.9218 115.9477 116.2920 116.8130 116.8733 117.0455 117.4775 117.6677 117.9921 118.2346 118.5071 117.0185 119.0497 112.9646 106.9137 108.9839 112.2092 107.8385 117.5538 115.6435 116.3727 116.2384 122.0000
119.0000 118.6891 118.2545 118.1233 117.5092 117.5857 117.5265 117.2385 117.0696 116.8214 116.6863 116.4529 116.5487 116.5204 116.5164 116.5332 116.6275 117.7976 113.1841 118.3508 116.7520 118.0596 117.7984 117.9533 118.2606 118.7300 118.3146 120.1352 123.5917 106.7008 109.7572 108.3998 117.8104 118.4003 117.4335 114.7415 119.0149 110.2355 112.3695 113.4000
119.3700 118.9060 118.5208 116.8959 118.7244 118.4184 117.8690 117.6934 117.5873 117.8387 117.1857 117.9742 117.1086 117.0674 117.0663 117.0684 117.1556 119.5288 99.5667 118.9994 122.2450 118.0264 110.1408 120.5436 108.1735 118.1099 122.5432 108.4354 97.5822 119.6957 106.8192 114.0069 122.6566 121.1847 121.0478 121.5184 122.1766 115.4384 100.6429 117.3200
119.4200 119.9990 118.9738 98.7337 104.8084 118.5641 118.3913 118.1446 117.9073 118.0512 102.2438 117.3307 117.6281 117.5814 117.5664 117.5661 117.6081 119.2665 99.7411 107.9724 130.0711 118.3118 113.6325 119.1988 105.5230 117.2906 113.5487 108.6200 97.5641 114.9361 110.5909 104.7485 120.8896 121.1604 121.6047 118.4805 124.2269 118.4973 111.7196 122.3600
119.8400 120.8662 103.4931 113.0655 120.1078 118.9197 118.7363 118.5717 118.3839 119.9180 119.1098 118.0695 118.0762 118.0611 118.0868 118.1028 118.1580 119.2144 105.4601 96.9119 127.1204 108.2024 120.6721 112.2676 120.8115 119.3243 111.7831 107.6960 120.3607 117.3882 121.8237 119.7209 116.5381 118.6759 121.9325 111.5521 118.4098 118.7341 111.9797 122.6100
120.1900 113.8310 97.7606 117.7596 119.5575 119.3173 119.1512 118.9864 118.8569 118.4568 118.4922 118.6146 118.5635 118.5325 118.4183 118.3669 118.6049 118.4725 122.9233 109.0402 110.8724 100.2802 115.7409 119.3239 118.2950 119.8646 119.7862 119.7537 120.4295 120.4716 119.7638 104.6612 108.9564 109.1802 117.0840 122.1855 122.5766 108.3764 107.2834 105.6600
120.5500 107.7332 116.9056 121.8987 119.3184 119.6900 119.4952 119.3939 119.2722 119.2224 119.1292 118.9765 118.9067 118.9496 119.0240 119.6212 118.9752 119.1977 108.0690 113.6907 107.4614 119.9560 111.3343 116.1280 119.7092 120.1841 120.1888 120.5697 120.4807 121.1821 110.1997 107.4024 124.5562 125.3306 122.3800 121.9747 123.6334 112.5287 115.5071 109.6300
120.5500 101.0656 98.3512 118.4016 119.8698 119.8844 120.0729 119.6898 119.6397 119.5854 119.4846 119.4750 119.5979 119.2833 119.4384 109.8634 119.3499 120.2585 115.5578 114.0697 107.6857 115.1982 98.3723 107.2784 121.3719 120.4929 120.6002 120.7440 121.2089 118.9840 119.3242 95.7297 113.6489 121.3221 122.1092 122.3611 122.4881 123.0828 123.3623 122.9800
121.2100 120.4371 122.2319 122.6839 120.4351 121.5235 118.6222 120.4442 120.0366 120.0488 120.2824 111.9978 120.6897 119.4096 119.8330 120.3509 119.3632 119.8774 110.5045 102.6958 106.6922 122.4378 119.6918 107.0183 121.9252 120.6041 120.9055 121.0850 121.0653 123.3290 122.9832 110.5570 113.7479 123.4165 122.5827 122.5396 122.6996 122.5845 122.9391 123.2000
121.2100 121.0300 121.0500 120.8800 120.6600 120.6900 111.9200 120.2500 120.3000 120.3400 120.0700 98.1200 120.1400 119.8200 119.8200 99.4800 98.1300 119.5700 103.6200 109.4900 112.3400 120.4800 120.4800 104.2300 120.8800 121.0600 121.0600 121.2200 121.4500 121.5900 108.0600 107.5400 106.4100 122.2700 122.4500 122.6200 122.7700 123.1400 123.2700 123.2700
