116.1700 113.4800 113.4800 105.8600 111.9500 113.0600 124.1500 124.1500 112.4000 113.1900 120.8300 120.8800 120.6000 120.6800 120.6800 120.4400 120.4600 120.4700 120.4900 120.4900 120.4700 120.4600 120.4200 120.6900 120.6500 120.6100 120.8500 120.8000 121.0600 121.2000 121.2000 121.3800 121.5500 121.7700 121.9200 122.1400 122.2700 122.4800 122.4300 122.6000
116.1700 114.7070 115.9142 109.2926 121.0503 116.8567 113.1506 100.6458 101.9562 115.1867 121.2682 120.5928 120.4551 120.3880 120.3529 120.6204 120.2016 120.1746 120.1556 120.1414 120.2726 119.4412 122.4627 119.9813 120.4311 120.4673 120.5673 120.6808 120.7991 120.9309 121.0749 121.2243 121.3758 121.5439 121.7056 121.8741 122.0503 122.2251 122.4072 122.6000
113.9100 119.3050 117.7774 118.5530 114.6669 118.2244 113.2382 106.5790 106.6199 116.8069 120.0294 120.2110 120.1344 120.0332 120.0134 116.8060 119.3989 119.7323 119.7820 119.7918 119.7371 119.7930 118.6287 120.0815 119.9970 120.1211 120.2228 120.3506 120.4772 120.6239 120.7728 120.9276 121.0919 121.2623 121.4394 121.6240 121.8096 121.9967 122.1811 122.2700
118.4300 113.4672 117.6277 115.8983 113.1803 122.1565 101.7570 117.8383 102.1071 121.9302 118.9948 120.1638 119.7464 119.6740 119.5283 119.3013 119.3636 119.3697 119.3796 119.3856 119.4170 119.2320 119.5443 119.4768 119.6632 119.7530 119.8687 120.0033 120.1434 120.2919 120.4571 120.6273 120.8022 120.9883 121.1758 121.3660 121.5582 121.7579 121.9563 122.0100
116.2900 117.0063 110.8633 114.3305 105.3173 114.3948 97.7673 112.0125 109.1741 106.0683 113.0385 119.5997 119.3762 119.2578 119.1737 119.0831 118.9985 118.9459 118.9633 118.9645 118.9320 119.0118 119.0637 119.1789 119.2594 119.3755 119.4992 119.6440 119.7950 119.9656 120.1390 120.3138 120.5080 120.7006 120.9052 121.1087 121.3083 121.5193 121.7344 121.7400
115.0000 118.6049 124.7212 111.4089 108.3657 105.0557 108.1000 108.5535 105.6188 112.4757 121.2967 119.1449 118.9859 118.8557 118.7482 118.6654 118.6105 118.5650 118.5299 118.5323 118.5723 118.6087 118.6569 118.7488 118.8533 118.9783 119.1170 119.2786 119.4340 119.6148 119.8055 119.9985 120.2075 120.4103 120.6278 120.8474 121.0619 121.2807 121.5037 121.6500
120.8500 119.7414 118.9527 105.9577 109.9468 111.6630 107.1360 113.0523 110.7500 114.6049 119.0361 118.6956 118.5669 118.4329 118.3039 118.2184 118.1417 118.0926 118.0680 118.0701 118.0879 118.1419 118.2141 118.3144 118.4279 118.5643 118.7241 118.8494 119.0845 119.2595 119.4673 119.6800 119.9004 120.1191 120.3462 120.5783 120.8078 121.0459 121.2756 121.3800
114.4000 111.1715 114.9864 114.0089 113.9180 111.5763 113.5273 115.7625 120.5596 118.4973 127.7863 118.1675 118.1400 117.9770 117.8927 117.7709 117.6698 117.6187 117.5866 117.5883 117.6175 117.6752 117.7526 117.8571 117.9845 118.1362 118.2741 118.7267 118.6036 118.9192 119.1177 119.3490 119.5826 119.8187 120.0602 120.2588 120.5650 120.7510 121.0109 121.2900
120.5400 102.6395 115.8224 127.2405 113.5556 101.8877 116.8933 119.1878 118.5632 117.2673 117.9657 117.6436 117.6262 117.7049 117.2713 117.0385 117.1766 117.1140 117.0835 117.0771 117.0931 117.1425 117.2544 117.3797 117.5150 117.6859 118.1679 116.9401 118.7058 118.4882 118.7609 119.0089 119.2668 119.5158 119.7800 120.1183 120.5097 120.4730 121.2261 121.0000
108.4300 117.8294 103.4891 118.3749 105.9506 111.4776 123.5642 108.9440 118.7574 117.8464 117.6799 117.4782 117.3562 115.9631 117.2319 116.8842 116.5525 116.5714 116.5135 116.5155 116.6473 116.7542 116.7628 116.8778 117.0147 117.1050 121.9408 113.7815 117.8059 118.0780 118.4100 118.6645 118.9430 119.2248 119.3959 119.6187 116.7273 114.4419 116.7909 120.9200
112.4400 108.1275 112.3954 119.4700 104.5362 108.8306 120.3049 118.6969 117.8244 117.5157 117.1890 116.8632 116.7237 115.1765 115.8226 113.9874 116.5064 115.8557 115.9711 115.9906 115.5670 115.5662 116.2194 116.3481 116.5082 116.3245 116.2081 119.1320 117.2451 117.8654 118.0211 118.3200 118.6041 118.9037 119.1262 120.5313 110.2119 110.0108 112.7700 106.1200
111.2400 109.3267 106.9874 118.4670 102.5102 108.3114 117.6979 117.6700 117.2543 117.0258 116.6983 119.8936 115.9518 119.8494 113.9711 113.3662 114.8259 115.4162 114.3681 114.1531 121.5633 115.0537 115.6611 115.7760 115.9469 116.4345 115.0729 116.4204 115.0862 117.3359 117.5920 117.9669 118.2899 118.6286 118.8234 117.4938 114.3848 121.0311 121.2209 106.1200
111.4300 114.8542 106.4368 109.2544 111.1389 118.8380 116.3693 117.4568 117.0565 116.5739 115.2828 118.1008 115.5288 115.4199 114.3894 115.4789 115.0472 114.6681 114.7243 114.5094 114.7069 114.8017 114.9728 115.1806 115.4144 115.6275 116.1169 116.4205 116.6123 117.1354 117.2990 117.6081 117.9050 118.2934 118.6797 118.4025 118.7333 117.3112 119.8456 120.1500
112.1600 110.0712 107.5942 112.8454 114.3444 118.0311 116.6524 116.3666 116.4950 116.1795 115.9136 115.2868 115.1280 114.8529 114.5830 114.2281 114.0847 114.0167 113.9217 113.9816 114.0405 114.1171 114.3036 114.5243 114.7953 115.1074 115.4329 115.7792 116.2517 115.8736 116.1073 116.0730 117.7544 117.9832 118.3433 118.7913 118.9992 118.8712 119.6920 119.8300
101.2300 102.8394 103.4607 112.7625 112.3184 113.9005 117.3340 116.5398 116.0811 115.6504 115.2777 114.9089 114.5087 114.1632 113.8486 113.5932 113.3743 113.2171 113.1430 113.1315 113.2078 113.3703 113.5831 113.8472 114.1655 114.4930 114.9107 113.6140 114.2758 116.3112 116.1630 114.0709 117.5306 117.6341 118.0731 118.4208 118.9249 119.1825 119.4986 119.7600
100.6600 106.2561 109.7818 104.4447 116.7145 116.8314 116.1660 116.0900 115.6534 115.2086 114.7586 114.3192 113.8879 113.4936 113.1260 112.8039 112.5447 112.3699 112.2759 112.2794 112.3677 112.5439 112.8006 113.1154 113.4838 113.8965 114.2438 114.8865 115.0000 115.6581 116.1874 116.3582 116.9826 117.3845 117.7923 118.2021 118.5831 118.9644 119.3334 119.4200
107.5300 111.9938 102.4605 114.7305 118.3926 115.5515 116.1891 115.6561 115.2370 114.7311 114.2259 113.7242 113.2408 112.7731 112.3262 111.9511 111.6451 111.4271 111.3112 111.3041 111.4206 111.6388 111.9498 112.3308 112.7613 113.2312 113.7230 114.1633 114.7681 115.1846 115.6990 116.1749 116.6466 117.0983 117.5392 117.9562 118.3696 118.7612 119.1451 119.3600
103.9700 114.5099 122.8504 114.8642 103.9930 117.5648 116.5140 115.3190 114.7714 114.2010 113.7027 113.1283 112.5658 112.0015 111.5805 111.0507 110.6505 110.3669 110.2183 110.2165 110.3649 110.6404 111.0278 111.4927 112.0086 112.5426 113.2059 113.0965 113.8962 114.7992 115.3262 115.8454 116.3461 116.8193 117.2819 117.7336 118.1674 118.5761 118.9794 119.2900
122.3100 124.6984 114.6658 118.9770 118.1282 116.2973 115.3954 114.8775 114.9891 114.4223 113.1702 112.5052 111.8674 111.1925 110.5235 110.7888 109.5104 109.1890 108.9779 108.9746 109.1674 109.5283 110.0154 110.5772 111.2039 111.8546 112.4821 113.1351 113.8481 114.3675 114.9561 115.5195 116.0544 116.5699 117.1005 117.5702 117.9873 118.4045 118.8165 119.2300
105.1100 106.5887 110.4342 116.3928 115.9351 115.6971 115.3083 114.6429 111.5158 112.7149 112.6435 111.9388 111.1607 110.3874 109.2026 113.0457 108.3015 107.7844 107.5322 107.5276 107.7895 108.2685 108.9001 109.6158 110.3759 111.1439 111.8938 112.6194 113.3133 113.9814 114.6152 115.2142 115.7836 116.3205 116.6806 117.1371 117.7629 118.2453 118.6712 118.8500
106.9800 110.3439 107.4240 120.7636 117.4545 115.7071 114.9994 114.2656 111.1131 111.1471 111.8620 111.3586 110.4465 109.5378 108.7286 107.3702 106.8542 106.2360 105.7951 105.7947 106.1685 106.8410 107.6833 108.5952 109.5257 110.4270 111.2969 112.1136 112.8891 113.6113 114.2970 114.9445 115.5518 116.1031 117.9459 117.8533 117.5496 118.1662 118.5486 118.8000
107.3700 109.5880 108.8623 106.5019 109.9612 114.4034 114.7236 114.0443 114.2016 113.5001 111.5726 110.7668 109.7704 108.6865 107.5363 106.4489 105.2182 104.2237 103.6355 103.6246 104.2211 105.2005 106.3553 107.5384 108.6778 109.7517 110.7328 111.6565 112.5023 113.2831 114.0204 114.6557 115.2650 116.3659 105.8705 112.7304 117.4465 117.9774 118.4336 118.7600
124.2600 105.4869 111.6261 97.1445 111.0961 120.7121 113.9439 113.8172 112.8671 112.0358 111.2557 110.2569 109.1396 107.9033 106.5283 104.9832 103.3685 101.8009 100.7914 100.7575 101.7776 103.3271 104.9662 106.4918 107.8747 109.1207 110.2393 111.2481 112.1691 113.0038 113.7779 114.5854 115.2951 117.0195 119.4890 106.7705 118.4004 117.9375 118.3520 118.7300
124.3900 109.7822 118.8040 113.0281 116.8926 116.8908 114.2058 113.6221 112.8280 111.9294 110.9544 109.8507 108.6179 107.2010 105.5589 103.6248 101.3048 98.7941 96.3091 96.3980 98.7973 101.2604 103.5722 105.5223 107.1742 108.5919 109.8298 110.9251 111.9070 112.7875 113.6380 113.9845 114.7922 117.3809 119.8211 115.7584 112.8320 117.7981 118.3020 118.7100
119.6600 114.9784 117.0902 117.1932 115.9140 114.9518 114.1134 113.4852 112.6584 111.7385 110.7216 109.5716 108.2422 106.6900 104.8127 102.4718 99.3647 94.5954 89.6562 89.6924 94.4900 99.2855 102.4190 104.7733 106.6586 108.2142 109.5418 110.7008 111.7281 112.6899 113.0265 119.9344 116.5367 112.0789 105.6816 117.2633 116.7768 117.7592 118.2547 118.6900
116.3200 117.1565 117.7449 93.7631 112.6299 110.6634 114.6498 113.4590 112.5785 111.6583 110.6132 109.4279 108.0611 106.4302 104.4186 101.8150 98.1426 91.0566 85.0621 85.0280 90.8878 98.0566 101.7579 104.3801 106.3907 108.0290 109.4001 110.5948 111.6367 112.5337 113.6154 116.7415 112.7800 107.4069 105.3783 117.5730 117.0055 117.7457 118.2254 118.3700
116.2700 116.9467 118.4431 95.4999 113.8855 110.9050 114.5495 113.4660 112.5927 111.6762 110.6350 109.4519 108.0861 106.4704 104.4816 101.9251 98.3873 91.6102 86.2510 86.1245 91.4549 98.3030 101.8632 104.4378 106.4351 108.0513 109.4266 110.6079 111.6546 112.5721 113.6027 115.8141 113.3096 107.1143 107.9106 117.9910 116.8364 117.7478 118.2389 118.6800
117.7300 117.2118 117.2831 117.4324 116.3289 111.8442 114.4808 113.5242 112.6892 111.7700 110.7615 109.6290 108.3249 106.8048 104.9789 102.7286 99.8155 95.3770 91.2905 91.2396 95.7210 99.7442 102.6898 104.9400 106.7656 108.3016 109.6093 110.7429 111.7667 112.5072 113.3148 113.8974 115.0230 116.3893 117.0397 117.3822 117.1627 117.7708 118.2635 118.6800
115.3900 117.4885 116.5554 115.8686 115.8364 115.3862 114.3727 113.6543 112.8478 112.0893 111.0176 109.9528 108.7400 107.3742 105.7967 103.9673 101.7992 99.7392 97.7655 97.7347 99.6093 101.7931 103.9362 105.7611 107.3423 108.7202 109.9336 110.9964 111.5609 113.8886 114.1116 115.2290 115.1549 115.5492 116.0911 116.6741 117.3010 117.8036 118.2773 118.6900
114.5300 117.3151 116.8683 116.5064 115.7992 115.1506 114.5614 113.8374 113.1789 110.7521 111.4567 110.3830 109.2914 108.1017 106.7864 105.3553 103.8652 102.4562 101.5555 101.5480 102.4337 103.8352 105.3226 106.7560 108.0748 109.2770 110.3694 111.3499 112.1103 117.7199 109.3952 110.0031 113.8603 115.3530 116.3340 116.9488 117.5054 118.1211 118.4877 118.7100
117.8100 118.0887 116.9312 116.5565 115.9883 115.4023 114.7687 114.0523 113.3862 111.2649 111.8324 110.9134 109.9527 108.9096 107.8348 106.7333 105.6790 104.7666 104.2268 104.1935 104.7512 105.6259 106.7063 107.8142 108.8964 109.9184 110.8803 111.7800 112.4904 112.2346 100.9870 99.7838 109.7680 114.3763 116.3573 117.0680 117.3774 116.9034 118.0112 118.7400
98.2700 109.2211 117.3957 116.7602 116.1675 115.6117 115.0193 114.3866 113.8699 113.2243 112.2649 111.3944 110.5451 109.7940 108.8783 108.0243 107.2284 106.6150 106.2641 106.3810 106.6227 107.3153 107.9455 108.8308 109.7540 110.6168 111.4477 112.2520 113.0408 114.2741 110.8719 110.8025 114.5450 116.4799 116.5088 117.2375 116.8927 126.8430 121.4760 123.0300
118.2700 116.6544 117.3537 116.9365 116.3974 115.8668 115.3050 114.7132 114.0810 113.4282 112.7187 112.8610 111.4573 110.5934 109.8969 109.2090 108.6130 108.1559 107.9238 107.1832 108.0175 108.6225 107.4086 109.8925 110.5952 111.3246 112.0548 112.7560 113.4271 113.9530 114.8636 115.8898 116.2696 116.7416 116.8661 117.3160 118.1936 120.8803 119.2803 103.6900
118.3300 118.5482 117.5903 117.1161 116.6413 116.1358 115.6092 115.0651 114.5016 113.9092 113.3140 112.7905 112.1074 111.4412 110.8583 110.2875 109.8349 109.4623 109.4520 114.2733 110.9239 109.8489 110.6006 110.8216 111.4048 112.0424 112.6628 113.2885 113.8996 114.5011 115.0189 115.5351 116.0737 116.6321 117.1139 117.6143 118.2497 128.5032 117.5207 112.3500
118.4000 118.1856 117.8020 117.3633 116.9072 116.4256 115.9407 115.4329 114.9084 114.3811 113.8208 113.2970 112.6278 112.1665 111.7235 111.2767 110.9104 110.6341 110.3808 111.9563 100.7030 112.5679 112.6091 112.4077 112.0735 112.7346 113.2801 113.8212 114.3702 114.8953 115.4362 115.9324 116.4203 116.8875 117.3582 117.8144 117.8178 119.8833 104.9970 104.0700
118.7600 118.4287 118.0300 117.6114 117.1895 116.7362 116.2731 115.8160 115.3370 114.8301 114.6150 113.8853 113.4003 112.9562 112.5481 112.1737 111.8880 111.6480 111.9212 111.7407 111.6600 100.3402 99.2410 112.2026 112.7803 113.4100 113.8793 114.3555 114.8685 115.2672 115.7596 116.3628 116.6425 117.1808 117.5995 118.0208 118.4683 118.9774 119.8485 119.3100
118.8400 118.6538 118.2719 117.8478 117.4505 117.0466 116.6478 116.2071 115.7813 115.3044 114.7885 110.2611 113.9182 113.6611 113.3132 113.0107 112.7460 112.8406 109.7985 110.3784 112.4905 112.5373 111.3574 114.6924 113.5364 114.0391 114.4591 114.8909 115.3833 115.6291 112.6910 115.6443 117.2619 117.5289 117.8590 118.2667 118.6686 118.6394 119.1549 119.6300
119.2700 118.8912 118.5061 118.2611 117.8212 116.1752 116.9797 116.5600 116.1941 115.7914 115.3655 117.3854 114.7545 114.3439 114.0304 113.7621 113.6058 113.3190 114.5960 114.6725 113.3897 113.3971 113.9597 113.6559 114.3746 114.6533 115.0243 115.4006 115.8694 116.5641 118.3729 111.8062 116.5753 117.5813 118.1484 118.4969 119.0137 117.9789 119.7111 119.6900
119.2700 119.0932 118.9028 116.1673 118.3502 114.9304 117.5091 116.9652 116.6366 116.1974 116.1605 117.1460 115.2943 114.9676 114.7022 114.5122 114.2023 115.0271 105.4263 108.0617 114.5251 114.3433 114.4570 114.7894 114.9408 115.2521 115.5665 115.9228 116.3590 112.3429 118.2501 109.8511 116.5494 117.9933 118.4525 118.7668 119.0640 119.2081 119.8206 120.0200
119.3600 119.3600 119.1400 111.1500 118.2700 117.9900 117.7400 117.0800 116.8100 116.4300 116.0900 115.7100 115.3900 115.3900 115.0200 115.1200 114.6600 114.7500 114.7700 114.7700 114.7300 114.6800 115.1500 115.0500 115.4300 115.7600 115.7600 116.0900 116.8200 116.7500 117.6900 104.4900 113.8100 118.2700 118.5500 118.8200 119.3500 119.6000 119.8400 120.0900
