135.1500 121.7200 117.1800 129.8700 106.8700 103.8100 103.6500 107.1000 106.9200 120.1600 120.2700 111.2500 124.9200 114.6900 124.7100 124.7100 124.5900 124.4600 124.2900 124.3300 124.1900 124.0400 124.0800 123.9200 123.9500 123.7500 123.8000 123.8000 123.6300 123.6500 123.6700 106.7100 102.5500 123.4600 123.6900 123.6800 123.6700 123.6500 123.6400 123.6200
135.1500 123.4636 120.3465 122.0108 112.0898 117.1750 108.5863 108.6185 106.4170 119.7238 124.4933 124.6316 125.7232 125.6973 124.9408 124.4516 124.1781 124.0533 124.2480 124.1112 124.0847 114.1143 123.7748 123.7978 123.7653 123.5017 123.5242 123.5743 123.5213 123.5281 122.9716 124.2184 110.6608 124.3942 123.4960 123.4349 123.4649 123.4840 123.5192 123.6200
120.0100 123.5686 116.5080 115.4720 117.3062 111.6760 119.0043 101.1511 100.7247 124.4763 124.7875 124.6845 124.5527 124.4358 124.3803 122.9550 126.3463 124.0364 124.0000 123.6286 124.0796 120.1664 123.9614 123.5473 123.5216 124.3415 124.5180 123.3204 123.2673 123.2355 123.2516 122.9728 123.6918 123.1310 123.2034 123.1829 123.2006 123.2302 123.2621 123.3900
103.9600 119.3158 114.3124 118.1734 111.2195 117.4694 114.7277 104.2531 111.1496 126.4359 124.2469 125.2110 124.4539 124.3660 124.2225 126.1365 121.0979 124.0386 123.7444 123.6982 123.5783 123.6831 123.4289 123.3665 123.3313 123.1330 123.5134 123.0340 123.0083 122.9754 122.9361 122.9737 122.7761 122.8587 122.9149 122.9183 122.9373 122.9689 123.0009 122.9100
104.1800 111.3009 121.0218 115.4214 106.4104 102.7390 101.7854 113.0939 120.7451 112.3789 115.7079 125.1983 124.2677 124.1337 123.8703 123.8744 124.3509 123.5551 123.5525 123.4385 123.3338 123.1777 123.1552 123.0355 123.0819 122.8560 122.8383 123.2557 122.7373 122.7090 122.6839 122.6652 122.6708 122.6587 122.6335 122.6495 122.6664 122.6954 122.7326 122.6600
124.7100 102.2777 99.9503 117.0161 109.6068 103.7690 111.9608 109.7986 110.0697 121.4036 121.2621 124.3424 124.0507 123.9479 123.7011 123.6564 123.5735 123.4330 123.3025 123.1996 123.0880 123.0590 122.9361 122.9171 121.6683 123.5294 122.5549 118.5960 122.9229 122.4224 122.3412 122.2238 122.3066 122.3336 122.3412 122.3582 122.3855 122.4147 122.4612 122.4000
115.7800 116.3667 111.2711 103.8453 121.8583 101.0434 112.2713 115.4692 103.6062 133.7201 126.6509 123.9122 123.9689 123.5187 124.2038 123.2006 122.2155 123.5221 123.0890 122.9645 122.8596 122.6901 122.5624 124.1461 114.1975 119.8188 123.9049 116.3723 122.3190 122.1521 122.0003 122.6523 122.4153 122.0546 122.0933 122.0718 122.0801 122.1183 122.1714 122.1400
120.1400 119.9416 115.0019 100.8142 115.7814 107.7648 117.1028 111.4662 111.4348 124.4119 118.3756 124.8542 123.6132 123.4989 119.2307 110.4633 123.9335 123.4383 122.8366 122.7113 122.6396 122.7684 122.3461 113.5666 108.0007 105.0987 117.6501 123.1074 121.8854 121.8454 121.5768 121.4355 116.9493 121.8692 121.8088 121.7354 121.8841 121.8836 121.8754 121.8600
118.1100 120.5629 117.1800 114.0722 102.7199 105.6027 116.2482 114.7851 124.4703 123.5846 123.9907 124.0506 119.5566 121.2893 124.5604 105.1973 113.8174 122.8946 122.6106 122.4601 122.3210 122.7761 114.6238 102.3232 112.6694 100.8357 110.7774 122.7421 121.1077 121.6494 121.0415 122.1291 118.4030 121.5900 121.5208 121.5536 120.9335 121.2905 121.5753 121.5800
103.1500 111.8647 125.3221 114.7835 115.7230 101.8764 112.1642 122.5291 124.0161 123.6984 123.5581 122.7516 122.7200 109.3117 123.1861 122.8704 122.7521 122.6272 122.3115 122.2171 122.1344 121.9853 113.4336 104.8997 98.5266 104.4052 109.0094 112.2850 122.3587 120.7403 121.1095 122.3019 111.6764 121.4955 121.3299 120.4176 126.5599 120.8113 121.2605 121.2900
103.0900 104.3165 117.4631 111.8174 112.6622 120.0473 106.1936 120.3426 124.1505 123.6293 123.2449 111.7535 115.7651 113.9422 109.6497 122.9689 122.3002 122.3030 122.0728 121.7590 121.6391 121.9990 122.7052 115.9592 111.1423 110.4250 104.6688 121.7101 111.8876 122.4248 122.0715 110.8200 110.5586 121.1902 122.4934 120.9299 121.1376 120.8908 120.7818 120.9800
110.1900 109.6911 116.3354 101.8332 122.1045 117.2392 109.8229 108.3407 123.3565 123.3251 123.6578 108.1290 106.8808 117.8652 117.6107 121.7318 121.9681 121.4423 126.1695 121.3561 122.7917 121.9305 102.9775 106.6832 122.3891 122.9399 115.6114 106.1477 119.2724 109.3668 112.2050 121.1501 111.0766 120.8774 116.3253 120.0142 120.4079 120.4068 121.3971 120.6700
110.1900 103.6392 108.5685 100.3118 103.2277 118.8612 119.7491 126.6394 124.0847 123.2392 122.2860 114.8130 106.1457 119.0686 123.5657 120.6132 122.2748 121.8733 126.4953 120.4352 120.0214 110.6115 112.6974 100.9542 114.4466 103.9281 106.1092 104.9286 112.3522 108.1879 115.4749 119.5767 127.8415 120.0354 120.4193 120.0635 119.9836 121.2178 114.0170 120.3400
102.6200 104.5303 102.4696 107.6863 116.5771 110.2391 122.6423 122.6849 123.1708 123.0216 123.0778 124.8288 120.9253 120.6828 110.2032 121.5368 120.9411 121.3489 120.8212 121.2116 123.0756 121.0203 118.1945 112.2610 113.7264 106.8127 106.4427 115.2117 110.5402 124.5482 119.5716 119.7299 118.8997 119.4203 119.5898 119.7007 119.6802 119.7288 114.2368 120.0000
102.5700 103.3246 103.3975 107.0099 108.8477 113.2492 123.4043 123.3632 123.0817 122.8242 122.6715 122.0558 122.4182 121.9952 122.9494 126.4486 121.3390 121.3791 121.0370 120.5654 120.6122 120.8039 114.6948 121.5611 122.1433 103.5975 109.2349 101.8139 121.5480 121.2934 118.9504 119.2926 119.4901 119.3700 119.2861 119.2948 119.2974 119.5435 120.1004 119.6500
102.3800 102.6733 102.2915 103.7239 108.6460 112.2826 123.6581 122.9738 122.9159 122.6052 122.5225 122.0398 123.4041 109.5338 118.7678 118.5845 121.0831 120.9521 120.7649 120.5780 120.2826 121.4545 113.3266 121.0889 115.0038 100.5849 116.7199 118.3897 120.1420 118.7953 119.0812 118.9177 118.8267 118.8191 118.8493 118.8839 118.9441 118.9929 118.9890 119.2800
107.4200 102.0598 104.4161 103.1569 113.4776 111.0740 125.2236 122.7633 122.5501 122.9222 121.3574 122.6615 121.9549 121.0647 122.3427 121.1533 121.0354 120.6902 120.4700 120.2814 119.9276 119.5577 120.3185 122.6632 107.1965 113.0000 121.4668 118.8842 118.5008 118.6106 118.4734 118.4432 118.4238 118.4106 118.4145 118.4450 118.4883 118.5652 118.6807 118.8900
102.1400 99.4429 125.4182 115.4373 109.0204 107.4277 121.6099 122.2736 122.3071 122.4533 103.0434 121.0003 121.9285 121.4150 121.1273 121.1387 120.6568 120.4296 120.1932 119.9433 119.7613 119.4989 118.8899 115.5653 120.0116 118.4645 118.3825 118.5837 118.4659 118.1584 118.0642 118.0085 117.9556 117.9425 117.9459 117.9834 118.0415 118.1278 118.2296 118.4900
116.9600 112.6906 100.8235 118.4304 122.0420 125.3108 123.4261 122.7849 122.7050 117.2090 107.1144 101.7052 119.7640 120.8529 120.3637 117.5243 120.4308 120.1593 119.9074 119.7097 119.2895 119.3245 119.1403 119.0842 118.6677 108.1739 119.0065 117.9594 118.5606 117.6897 117.5863 117.5158 117.4639 117.4472 117.4597 117.4932 117.5623 117.6542 117.7763 118.0600
114.2400 111.7004 104.9381 106.8944 110.6407 123.4901 121.8883 123.3471 123.1296 121.3615 124.1828 109.9427 104.7691 118.1255 120.4872 113.3064 120.9210 119.8365 119.6101 119.3598 119.3644 116.9531 114.4342 118.4492 103.6959 108.2837 112.0687 117.5100 117.2800 117.2036 117.0842 117.0002 116.9483 116.9262 116.9407 116.9833 117.0526 117.1602 117.2921 117.1400
101.8000 103.3033 106.3480 101.4996 118.0226 122.0239 122.5914 122.7265 99.6202 116.6141 122.4725 112.7764 113.9816 106.2128 121.3579 120.8697 119.3329 119.7068 119.5643 118.8706 118.6822 110.5754 117.7398 118.8803 116.1066 112.9583 112.6623 116.8537 116.8683 116.6657 116.5522 116.4575 116.4002 116.3712 116.3858 116.4385 116.5217 116.6361 116.7880 116.6400
102.5800 106.2997 105.8803 100.5584 111.4725 123.3407 122.1782 121.5278 113.0571 121.3229 121.2399 121.6193 121.7181 124.4194 121.0528 119.6204 120.6666 119.3354 118.1143 118.7363 118.4380 110.1730 115.8033 117.2978 117.3036 117.7639 116.9902 116.3527 116.4072 116.1867 115.9613 115.8822 115.8107 115.7866 115.7945 115.8492 115.9498 116.0887 116.2489 116.1200
102.5800 109.4089 106.1392 112.5953 118.9518 124.0732 121.8182 122.3101 123.3821 121.9989 121.0084 120.4994 121.9743 121.7334 120.9613 120.5477 108.3519 114.0876 118.6923 118.3445 117.9935 118.6633 106.4400 120.1926 116.5229 116.3203 116.3838 115.5172 117.6949 115.4273 115.3926 115.2595 115.1843 115.1527 115.1653 115.2343 115.3417 115.4970 115.6824 115.5300
122.7400 122.5334 104.2028 103.0143 125.0444 121.8949 122.0542 121.7861 121.3482 121.2963 121.1959 124.2819 109.1616 102.6870 107.6153 116.7421 120.6352 117.6805 118.6565 118.0503 117.8053 118.7526 118.2516 116.3079 116.6445 116.0760 115.6084 114.3061 114.8523 114.9399 114.7253 114.5909 114.4979 114.4645 114.4822 114.5573 114.6842 114.8711 115.0835 114.9200
123.5500 116.4374 121.3269 100.3315 120.6334 119.6026 122.3781 121.6560 121.4475 120.6962 123.6516 99.4753 107.6825 106.2263 122.6343 115.1540 119.1245 118.6044 118.1471 117.7822 117.3408 116.9592 116.6270 116.1308 115.9135 115.4489 115.1624 114.8376 114.6592 114.2576 114.0503 113.8733 113.7640 113.7215 113.7417 113.8478 113.9849 114.1823 114.4492 114.9200
123.2800 122.7099 123.7660 96.9421 114.0975 117.4529 122.2616 121.5782 121.3717 120.5120 120.6548 108.8909 100.0535 124.8692 119.5321 118.8258 118.5645 118.2555 117.8547 117.4663 117.0664 116.6614 116.2079 115.9037 115.4638 115.7027 114.7084 114.5351 113.8412 113.5553 113.2910 113.0827 112.9467 112.9044 112.9423 112.9562 113.2091 113.5068 113.7529 114.2500
123.2500 123.4591 122.8798 122.9689 122.8819 118.4085 122.0935 121.5215 121.1365 120.8471 121.1551 119.3262 117.1928 96.6038 112.3996 118.7590 118.3977 117.9946 117.5873 117.1656 116.7172 116.2737 116.1667 114.5415 122.0549 112.7189 109.9512 113.1308 113.1403 112.7865 112.4751 112.2761 112.1636 112.0273 112.1108 112.4789 112.4599 112.5833 113.0903 113.4500
123.2200 119.5687 122.6699 122.1400 121.8687 121.9112 121.5656 121.4020 121.0733 121.1393 120.1783 119.9623 120.1534 123.2997 105.1831 120.0683 118.1655 117.7318 117.3237 116.8685 116.4205 115.7299 117.3934 114.7573 113.5230 107.4952 111.3739 113.6276 112.2724 111.9684 111.5740 111.2995 111.0421 110.7296 107.8307 108.8586 110.2153 112.7030 112.1037 112.7200
121.0700 101.4013 124.7506 122.6301 122.1939 121.8791 121.5599 121.2876 121.3182 116.6145 120.6995 119.9716 119.3646 118.4019 118.9591 118.2893 118.0250 117.5169 117.0668 116.5878 116.0917 115.5929 114.9651 114.6267 114.4396 113.4864 113.0334 112.0163 111.6256 111.0720 110.5923 110.1831 113.0822 110.3528 105.7356 104.5432 93.7722 108.4558 111.3191 111.8800
126.0200 107.7104 124.1244 122.1205 122.1718 121.8165 121.4856 121.1919 121.0299 114.1574 120.3807 119.6956 119.4733 119.1064 118.4900 118.0700 117.7862 117.3136 116.8260 116.3165 115.7906 115.2522 114.6924 114.0486 113.3593 112.6896 112.0877 111.4308 110.7607 110.1107 109.5006 109.1328 108.6491 108.3666 109.2962 107.9256 101.8102 111.1649 110.7584 110.8200
122.9400 113.9995 122.9313 120.9989 121.3481 121.6021 121.4085 121.1118 120.8549 121.4662 120.7418 119.6843 119.2931 118.9100 118.5249 118.0796 117.5987 117.1233 116.6108 116.1085 115.5822 114.9214 114.3019 113.6573 112.9690 112.2498 111.4782 110.6740 109.8697 109.0749 108.3335 107.6975 107.2881 107.0908 106.9989 108.3311 107.3678 107.9391 109.5683 110.6900
122.9300 123.6186 122.4004 123.4852 125.1659 122.0084 121.3963 120.9283 120.2644 119.8773 119.8734 119.6129 119.2158 118.7989 118.3646 117.9119 117.4409 116.9431 116.4244 115.7490 115.0656 114.6262 113.9796 113.2784 112.5117 111.7029 110.8405 109.9216 108.9624 107.9817 107.0084 106.1376 105.4826 105.2249 105.4276 105.8151 106.5702 106.8733 108.6592 109.3700
122.9100 122.6520 122.1983 123.8166 102.0800 118.0435 121.0099 120.8173 121.8028 121.4781 119.9311 119.5129 119.0770 118.7061 118.2620 117.8023 117.3171 116.8137 116.3190 115.5480 115.5260 114.4640 113.7514 112.9338 112.1189 111.2278 110.2591 109.1954 108.0574 106.8201 105.5415 104.3208 103.3159 102.8285 103.0906 103.9637 105.2220 106.5214 107.7044 108.2300
122.9000 122.6880 122.5524 122.1318 118.1339 114.2799 121.7362 120.3213 118.8505 106.7146 119.3543 119.5890 119.2710 118.5982 118.1813 117.7070 117.2109 116.6595 116.1573 115.6883 105.3577 114.0121 113.0877 112.6781 111.7872 110.8121 109.7424 108.5386 107.1935 105.6748 103.9801 102.1475 100.5339 99.6503 100.1883 101.6129 103.4538 105.1919 106.7508 107.9300
122.8900 122.9894 122.3071 122.3672 123.0096 122.2628 121.1288 120.9148 120.6440 118.0556 114.0643 120.3174 115.8397 118.9122 118.1066 117.6434 117.1216 116.5969 116.1917 115.5281 114.8211 114.0196 113.1436 112.4400 111.5269 110.4858 109.3283 108.0002 106.4536 104.6299 102.4310 99.7623 96.5102 94.1085 95.4699 98.8862 101.6689 104.0239 105.9452 106.6100
109.5500 107.5108 122.9457 122.1198 103.9914 102.1258 122.8629 120.4471 120.4531 120.0483 114.9587 120.0270 119.0335 118.6048 118.0738 117.6083 117.0754 116.3716 116.2073 110.9800 114.9578 114.1785 111.3393 112.4664 111.2857 110.2799 109.0546 107.6295 105.9409 103.8575 101.1413 97.4338 90.9092 87.6660 89.4012 95.7984 100.1304 103.1332 105.3751 106.4300
100.8800 102.1726 99.0576 100.4483 117.3390 120.6908 121.8565 118.6864 120.7454 120.1879 120.0542 119.4658 118.9242 118.5048 118.0686 117.5876 116.9838 115.7215 125.8405 116.1559 114.7375 114.0875 110.8099 112.5690 111.2001 110.1881 108.9477 107.4868 105.7331 103.5362 100.5693 96.1535 88.1266 84.4167 86.2199 93.8683 99.4383 102.7684 105.1369 106.3300
100.8800 124.6841 109.5257 123.2834 114.9687 120.2665 120.9601 121.0482 120.5110 120.0915 119.6947 119.3866 118.9800 118.5389 118.0843 117.5887 117.4880 116.0901 118.8387 115.3346 114.5682 114.0939 111.0014 112.4249 111.3127 110.2517 109.0176 107.5856 105.8719 103.7493 100.9841 97.0050 90.3403 86.7977 88.4690 95.2008 99.9167 103.0263 105.2924 106.3400
122.8800 123.1799 117.4819 119.5624 122.1375 121.6037 121.2328 120.8466 120.5433 120.1912 119.8209 119.4072 118.9934 118.5620 118.0320 117.1897 111.9764 107.6712 104.7634 116.1825 114.6267 114.0524 113.3911 112.5551 111.4958 110.4408 109.2639 107.9158 106.3435 104.4519 102.1417 99.2591 95.3337 92.5233 94.2406 98.3651 101.3328 103.8288 105.8142 107.7400
122.8800 122.7000 122.5100 122.1100 121.9100 121.4800 121.2600 120.8100 120.5700 120.0700 119.8100 119.5500 118.9900 118.6900 118.0800 117.7500 101.2800 101.2000 112.9100 115.4900 114.5800 114.0900 112.7500 112.4400 111.8100 110.4000 109.6000 107.7500 106.6600 105.4200 104.1800 102.3800 97.5100 97.8800 97.6900 100.3500 102.2900 103.9900 106.6500 107.7400
