107.0900 100.6700 109.7500 104.7400 106.4100 116.7400 109.7100 109.4700 108.7500 107.9800 106.3200 107.9900 119.8300 116.0100 117.0400 116.6700 115.8800 115.4500 114.5400 93.4000 117.9400 102.3900 111.0200 110.2600 109.4300 107.5000 106.3400 103.4300 101.5000 95.5300 89.6200 89.6200 90.1400 90.1400 99.0200 103.4300 105.0100 106.3400 108.5200 109.4400
107.0900 100.5285 104.9181 104.3460 103.2379 111.1299 109.5944 111.0308 108.3441 107.0236 106.8726 114.0589 121.1728 116.5835 117.2427 116.6201 115.9931 115.1585 115.5178 92.0188 110.6070 102.2077 112.0060 110.1973 109.0327 107.5841 105.8695 103.6898 100.7701 96.4767 88.5419 84.8412 85.9846 93.3911 99.3406 102.6810 105.0383 106.9207 108.4549 109.4400
110.9700 106.3512 105.2928 108.2533 109.3972 109.8414 107.4477 107.7875 115.3322 105.7145 99.6547 125.2404 116.6583 117.2325 116.9559 116.3823 115.9047 115.1303 118.1470 92.9999 117.4734 107.4193 111.4640 110.3510 109.1025 107.6891 106.0035 103.9178 101.2245 97.4595 90.8081 87.1447 88.6828 95.1691 99.8343 102.9301 105.2204 107.0833 108.6125 109.4800
110.9700 114.3010 107.4395 106.7820 109.6971 101.4385 97.9145 107.9877 108.2678 99.4240 98.7311 120.1186 117.2399 118.5717 117.3770 117.3922 115.9613 115.1339 101.5621 90.6398 112.2838 112.6535 111.4872 110.5295 109.3600 108.0344 106.5243 104.6803 102.4299 99.8540 96.2718 93.4856 94.7525 98.4683 101.3735 103.8151 105.8152 107.2916 108.6493 109.5800
113.2600 113.1653 110.6746 114.9841 110.8178 108.4099 108.1378 117.5203 100.4079 101.5158 103.8641 123.8536 107.2429 120.4584 113.0318 115.7120 114.9308 117.7988 97.9001 114.4258 112.4510 112.6254 111.7918 110.8324 109.7661 108.5733 107.0871 105.5444 103.9364 102.0136 100.2876 99.2700 99.7823 101.2846 103.2074 104.9740 106.6383 108.2727 109.4055 109.7300
114.6300 114.2410 112.1288 112.1858 109.8553 99.3951 113.6784 109.4359 103.3726 104.1495 101.2947 100.2720 97.1649 97.7571 117.9062 118.4960 118.6331 101.6179 104.8909 105.9797 113.8080 113.0392 112.1306 111.2367 110.1880 109.7952 107.2418 108.0326 105.4824 104.1707 103.1318 102.5281 102.7772 103.6846 104.9534 106.2895 107.3648 110.0035 95.8030 110.6700
116.5200 107.1229 110.4898 110.6288 108.2376 97.8247 107.0681 114.8464 106.4341 103.9898 111.4728 95.3756 100.9824 106.5491 101.8755 97.3645 95.2820 104.4749 115.5686 114.7662 113.9061 113.2827 112.5162 111.7543 110.8668 107.3565 102.2147 110.6328 107.7535 105.9769 105.3395 105.0990 105.2958 105.8879 106.4561 107.5146 108.5296 109.5167 111.0399 93.8100
101.8900 105.7971 106.8728 103.5156 100.7743 99.4153 105.6362 112.4233 106.9260 108.2824 112.8878 121.2475 103.4998 108.0580 102.1303 119.7839 117.3692 116.4906 115.2740 114.8712 114.3424 113.6471 112.9625 112.2340 111.2299 111.3090 108.3873 110.4197 108.3207 107.6138 107.1604 106.4999 104.6480 106.7519 108.4340 108.6853 109.5102 110.1934 110.7940 111.7300
106.3600 105.9551 102.2955 99.7843 99.5693 98.3252 112.0304 116.6559 119.6848 114.9973 116.4032 119.2416 119.8351 118.2212 98.9045 117.3312 115.1976 116.3889 115.9255 115.2700 114.6644 114.0557 113.4220 112.7626 112.1164 111.3223 110.7615 110.1186 109.3166 108.9683 108.5702 109.6697 107.1607 114.1809 110.3548 107.2450 110.4525 111.2035 111.6016 111.9600
100.6000 99.0159 99.5697 102.8607 100.7813 104.8234 120.5504 116.8089 120.9414 120.6862 120.1395 119.2343 118.5712 118.4515 119.0347 118.4564 112.1242 117.2632 116.0308 115.5614 115.0397 114.4838 113.9050 113.3207 112.7328 112.1301 111.4930 111.0199 110.5230 110.1419 110.9277 99.2430 99.0575 92.8290 107.8633 113.8452 106.0682 112.0893 114.9200 115.3500
100.9900 107.4781 108.6180 106.9825 101.9096 112.5657 114.8907 111.3015 120.9685 119.8562 119.6353 119.3659 119.0234 118.4576 117.7584 117.7045 117.6858 116.7707 116.4222 115.9178 115.4235 114.9129 114.3936 113.8754 113.3508 112.8505 112.3733 111.9031 111.4981 111.1674 112.9046 94.7075 96.9157 93.8542 102.8722 104.6538 103.3354 112.7859 108.7514 113.6300
107.7600 117.6345 111.1884 110.3114 99.6896 105.7610 121.0945 115.2966 120.7780 120.2668 119.9007 119.5226 119.2055 117.8993 118.5384 117.8332 117.5082 117.1614 116.7241 116.2742 115.8202 115.3600 114.8924 114.4361 113.9674 113.5282 113.0553 112.7457 112.4048 112.1620 112.4244 112.2307 108.1858 95.6968 105.5164 105.6137 114.5827 113.0325 113.8248 114.3500
112.2900 112.6802 112.6408 111.2278 107.3151 105.6966 121.2902 120.6177 120.6509 120.3885 120.0309 119.6938 119.4267 118.2969 118.5479 120.3349 117.6472 117.4854 117.0492 116.6413 116.2200 115.8042 115.3817 114.9632 114.4778 114.5024 113.9038 113.4309 113.2286 113.0277 112.7984 112.7013 113.1254 108.2198 101.0059 115.1183 113.6395 113.9330 114.4542 114.9700
112.2600 108.9424 109.2962 101.4268 104.8186 111.9057 116.9199 121.3489 120.8522 120.5226 120.2183 119.8936 119.5534 119.2675 118.7671 119.5986 118.0426 117.7640 117.3912 117.0053 116.6251 116.2423 115.8642 115.4991 115.1178 113.6099 112.7328 114.2176 113.9910 113.8147 113.7215 113.6745 113.6582 114.9634 112.7093 114.3958 114.4256 114.6860 114.9730 115.0600
107.0100 108.9554 99.8599 98.9861 100.5708 109.0061 121.8444 121.0859 121.0264 120.7016 120.4039 120.0885 119.7649 119.4242 119.2062 118.8310 118.4308 118.0913 117.7300 117.3790 117.0274 116.6911 116.3490 115.9906 115.6540 115.5021 114.9423 114.8535 114.6907 114.5287 114.4310 114.3879 114.3815 114.3520 114.6686 114.7149 115.0260 115.2666 115.5636 115.6900
112.0200 103.3647 105.7125 103.0911 123.9043 117.9849 121.5521 121.7510 121.1203 120.8876 120.5955 120.2920 119.9918 119.6803 119.0658 118.0793 118.7984 118.3898 118.0710 117.7401 117.4268 117.0450 117.1307 116.7196 116.1705 115.9038 115.6881 115.5041 115.3339 115.1985 115.1225 115.0914 115.1061 115.2314 115.2193 115.5237 115.5997 115.8418 116.1019 116.2800
111.4700 105.1525 105.0071 108.3640 105.7447 125.1243 118.4123 119.5011 121.2717 121.1009 120.7819 120.5049 120.2118 119.8822 119.7002 119.3092 119.0398 118.7127 118.4075 118.1055 117.8140 117.7115 118.5159 115.4048 116.9628 116.5034 116.2583 116.0848 115.9362 115.8211 115.7431 115.7354 115.6570 115.8559 116.7790 115.9027 116.3653 116.3634 116.6171 116.8200
110.2400 106.8373 108.5045 104.3881 104.8149 101.0131 120.9476 122.7354 121.4857 121.2689 120.9442 120.7194 120.4438 120.1685 119.8790 119.5535 119.2702 119.0425 118.7404 118.4533 118.2286 117.6359 117.9666 108.7380 118.1208 117.0480 116.8012 116.6312 116.5043 116.4091 116.3757 116.3017 117.0157 116.5940 117.9903 119.3271 116.7361 116.9886 116.9816 117.2600
109.4800 112.5510 104.4057 107.4603 103.6814 108.8536 113.3830 122.2661 121.6424 121.4568 122.0485 120.8675 120.6395 120.2932 120.0940 119.8171 120.0405 119.2205 119.0874 118.8105 118.5994 118.0644 118.4040 113.9568 117.7214 117.4398 117.2493 117.1559 117.0472 116.9232 116.8892 116.6169 116.2450 116.8593 118.0104 107.2863 118.3150 117.3536 116.4834 117.8000
101.7400 109.7677 104.2940 108.4971 117.4865 124.7307 123.7764 121.8079 122.9694 121.8846 122.8761 122.6039 121.5143 120.9854 120.4932 116.6872 119.7720 119.6192 119.4279 119.1476 118.9269 118.2368 118.7634 116.3173 118.3181 117.8980 117.7297 117.6395 117.4159 117.7389 116.8701 117.2515 109.0069 115.0753 118.0458 102.0317 119.4780 117.8281 118.1189 118.2500
120.3800 101.0746 127.6909 117.2176 125.6991 123.3544 122.2700 122.6486 114.7923 120.5949 122.0779 115.7966 110.6375 118.0761 120.6400 116.3188 114.0528 119.9349 119.5993 119.5125 119.3345 119.0617 118.8833 118.9125 118.3543 118.4535 118.6993 118.1613 118.2517 116.7669 108.6677 117.8881 110.7601 115.4818 117.7269 117.1295 119.1963 118.1582 118.4439 118.6800
102.9100 106.2947 137.2386 112.7603 116.8685 111.9566 123.4856 122.6180 113.1022 119.4457 120.6043 108.4545 100.9838 114.6324 121.4530 121.3062 121.3541 120.3503 120.0600 119.8333 119.6234 119.4414 119.2482 119.0796 119.1457 117.2674 113.6422 113.5162 118.7124 119.3349 118.9028 118.3756 118.7271 118.6997 118.0724 118.6088 118.4260 118.6640 118.8628 119.0900
105.0200 109.7848 102.4762 97.7051 106.0466 111.6087 123.2057 122.4341 125.0251 124.6546 122.1574 123.4684 124.9413 121.5593 120.8571 120.9326 120.4436 120.4400 120.3367 120.1404 119.9713 119.7858 119.6267 119.5043 119.2672 116.3224 110.2938 119.1480 117.4526 118.9179 118.6895 118.7725 118.6162 119.3635 119.4633 118.9351 119.1032 119.1616 119.2667 119.4700
102.2400 112.6461 110.4904 119.5913 120.8689 122.9459 123.6490 122.6982 122.6386 122.2983 122.0366 122.0703 121.7233 121.8739 121.4582 121.4160 121.0667 120.8125 120.6296 120.4600 120.2937 120.1281 119.9776 119.8614 119.4046 119.4416 118.6768 117.9484 101.1659 118.6423 118.8470 119.5909 119.3525 119.6352 111.7264 120.0295 119.4564 119.5369 119.6527 119.8300
110.8100 111.2899 123.4507 124.1086 124.8366 115.4393 122.8669 122.9222 122.8592 122.6236 122.4754 122.1954 122.4978 108.7821 118.8291 117.7664 121.1250 121.1315 120.9346 120.7720 120.6142 120.4603 120.3125 120.1987 119.8938 119.8434 119.6783 118.1913 107.9348 120.0567 121.6280 117.5508 120.4547 114.4212 117.2045 119.7367 119.8594 119.9190 120.0169 120.1900
106.1300 109.5983 118.3074 124.4440 123.6562 123.1096 123.4737 123.1410 123.0286 122.8330 122.6401 122.4189 122.8005 118.3543 102.2910 123.7707 121.8021 121.4589 121.2291 121.0756 120.9258 120.7800 120.6545 120.5174 120.4931 120.3131 119.8568 120.4654 120.5933 120.1530 119.6172 129.0416 117.4922 118.3190 120.1032 120.1123 120.2161 120.2752 120.3707 120.5200
124.5400 124.7788 125.3355 100.0303 109.8956 125.1412 123.4357 123.3923 123.2076 123.0296 122.8463 122.7682 122.1149 123.7107 120.4671 122.6916 121.7291 121.6873 121.5126 121.3657 121.2250 121.0952 120.9701 120.9063 120.4358 120.9062 120.9903 120.4391 120.4230 120.4201 121.2947 111.5025 118.3732 119.2427 120.4142 120.4806 120.5331 120.6252 120.7119 120.8500
116.4200 124.6817 125.0347 125.7341 124.1226 119.8545 123.5790 123.6218 123.3976 123.2286 123.0776 122.8592 122.8466 122.4445 122.2666 122.5025 122.0678 121.9360 121.7830 121.6562 121.5236 121.3922 121.2819 121.1710 121.2310 117.4999 113.0637 120.9471 121.0087 120.6019 102.1242 117.6515 117.3485 120.9393 120.7727 120.9020 120.9799 120.9534 121.0576 121.1600
124.7800 125.9768 124.0894 122.0435 122.5842 128.6123 123.9621 123.7395 123.4556 123.4586 123.2194 123.0419 122.9236 122.8096 122.5417 121.8860 122.8251 122.1294 122.0597 121.9226 121.8082 121.6931 121.5810 121.4867 121.4038 123.5206 125.2525 120.6987 114.9005 121.0727 111.7516 121.6651 121.4624 121.1008 121.1619 121.0620 120.9101 121.5387 121.2576 121.4600
119.3200 124.5147 124.8481 119.6957 111.1586 124.7310 123.7707 124.1378 124.4385 123.5848 123.7661 123.4065 123.1706 123.0093 123.5431 123.1693 120.6791 122.4517 122.3124 122.2082 122.0876 121.9555 121.8891 121.7105 121.6594 121.7284 120.6244 121.8135 101.5758 120.7892 101.1187 120.9721 121.1332 121.4634 121.4804 121.4146 122.6985 124.6316 121.3280 121.7500
125.1400 125.5691 124.8370 127.7525 126.7857 124.4718 125.9259 112.8964 124.9100 124.1845 122.3082 122.6352 123.3165 122.9892 119.0825 104.1494 120.3286 122.7576 122.6083 122.4410 122.3531 122.3256 121.9661 122.4826 122.5037 120.4715 122.1770 102.5843 101.6333 123.1650 120.1298 121.9891 121.6971 121.7441 121.8029 121.7845 117.6966 117.5205 122.5681 122.0300
125.1400 125.2288 123.9592 124.1362 124.1678 124.2416 124.7160 117.5664 121.6450 124.2864 118.8349 124.1814 123.4737 126.4885 122.4887 110.5495 123.8101 122.8560 122.6293 122.7542 122.7261 122.5548 124.2211 118.6693 122.4695 128.1157 131.2780 114.3382 115.9409 114.2947 116.0552 123.4522 123.0748 121.9476 121.9977 122.0303 122.2585 122.4472 113.6789 122.3100
125.4400 125.9734 124.5034 126.0363 124.8882 124.8406 124.5059 126.0762 122.5671 112.0260 125.1537 122.6462 124.2247 119.4624 104.7594 97.8681 123.5320 124.2249 123.6901 121.8818 122.6101 125.8215 111.9871 111.0189 126.8484 110.2484 108.8594 106.2054 108.9229 100.4416 115.6695 122.3051 122.2831 122.3996 122.6853 122.4069 122.2522 123.2941 118.4206 122.5700
125.6200 125.7504 106.0886 108.7221 125.4908 124.7762 124.8237 124.4145 123.3499 124.4393 126.0955 118.9260 128.6758 110.5240 102.7518 114.8974 129.0552 104.4517 122.6559 119.8721 123.5207 109.2103 102.0974 110.3568 112.2354 110.1585 103.6905 100.7124 112.2744 114.4856 121.5211 122.8064 122.5481 122.2717 119.7578 121.9981 122.6047 122.6876 123.2932 122.8200
125.6300 125.3617 121.8477 126.6304 125.0391 125.1171 124.9347 124.8730 124.5584 125.4145 113.7768 109.2768 126.6527 110.6317 115.6793 124.2219 122.6613 116.8962 115.0127 110.4633 124.1243 113.6798 105.8099 103.6106 106.1955 108.7509 104.5178 115.0766 124.4438 123.9371 122.8188 122.2454 123.5203 124.4244 124.4441 123.0721 122.9977 123.0313 123.0036 123.0700
125.8400 125.5546 125.4455 125.5387 125.3175 125.2531 125.1819 125.0067 124.8676 124.7949 125.4236 120.8690 124.8310 124.5380 126.2377 123.9795 124.0163 124.4353 110.4735 106.3419 124.5765 109.9558 106.2081 105.7102 125.7643 103.4700 112.3580 110.7073 124.3420 123.0179 124.6177 124.9396 127.3416 108.2647 120.6510 107.5686 123.6850 123.1509 123.3176 123.3100
126.0100 126.0164 126.0214 125.6412 126.4849 117.6054 126.5823 124.8352 125.0877 124.8814 135.7654 126.0983 124.3852 124.3758 123.9186 124.4110 124.1517 114.8788 119.8311 104.4995 122.7678 116.8292 107.3982 120.0030 123.6097 120.6295 115.2992 125.4422 123.0552 123.4711 119.1894 117.8905 126.5800 121.9995 123.8136 125.0312 125.0800 123.4322 123.6007 123.5500
126.0700 110.8765 128.0180 125.0813 127.0653 118.9471 128.8795 124.8475 125.4324 123.8888 126.5771 129.2129 124.6081 124.4378 125.5047 124.3946 124.9578 126.2152 107.9618 103.2190 123.3130 120.5838 122.4760 124.3935 123.4495 124.1831 124.5922 123.4113 123.7720 123.6818 116.6420 107.3813 113.9247 123.9377 123.6796 123.2021 117.0726 122.0107 123.5525 123.7800
126.2300 126.4588 126.6384 125.4026 127.3134 109.8377 124.7088 125.3140 125.4045 126.1064 122.9302 123.1909 124.7823 129.7099 119.7925 125.3548 116.7005 113.2688 109.8188 126.9914 124.3667 124.5023 124.2184 124.0510 124.2107 124.0194 123.8743 124.0118 124.0515 123.9741 114.4711 122.7536 123.0496 124.0238 124.0772 123.6699 123.5815 121.1900 123.8889 124.0000
126.4200 126.2900 126.1800 122.4000 125.9600 125.8700 129.1100 125.6400 125.5100 125.3500 106.9500 106.9500 125.0400 125.0400 124.9400 124.8300 112.6900 112.7000 109.4400 124.4400 124.4800 124.3300 124.3600 124.2000 124.2200 124.2500 124.0700 124.0800 124.1100 124.1200 124.1200 124.1300 124.1300 124.1200 124.1100 124.0900 124.0800 124.2400 124.2400 124.2100
