116.9200 115.2100 117.9700 117.2400 126.1700 104.0300 103.8900 106.1500 106.2600 113.4300 127.8300 125.2900 125.1900 116.7700 124.9400 124.8300 124.6700 124.7100 124.4200 124.4200 124.2900 128.3800 124.2000 124.0500 124.0500 123.9300 123.9300 123.7600 123.8100 123.8100 104.7000 111.3100 112.4000 123.6800 123.6900 123.4600 123.6900 123.6800 123.6700 123.6600
116.9200 105.5780 113.6495 118.4149 122.6195 109.8181 106.0818 108.2252 108.2212 121.4677 122.6607 125.2520 122.3400 121.9319 125.2056 124.7279 125.0513 124.2896 124.4147 123.5273 127.2703 120.9676 124.0605 123.9678 123.8628 123.7924 123.7259 123.6624 123.7089 123.4913 121.9169 119.0547 109.4773 124.1064 123.5897 123.4044 123.4316 123.4411 123.4662 123.4300
116.0600 113.9880 118.3269 118.2743 105.5497 118.4134 110.2609 114.1698 106.7503 124.4432 125.4985 125.1425 125.1638 125.1769 125.1666 120.5800 123.4363 124.3189 124.1916 124.2749 123.5254 117.8698 124.1225 123.7078 123.6279 123.5669 123.4843 123.4448 123.3829 123.3399 123.2005 124.1600 122.4136 123.3448 123.2593 123.1624 123.1752 123.1872 123.2032 123.2000
116.0600 120.6775 117.3372 122.9731 119.3361 114.0355 102.4490 97.6692 111.3435 128.9895 124.4136 124.7865 124.6562 124.4797 124.4384 118.4826 124.5776 123.9773 123.9988 123.9115 119.6186 123.6197 123.8145 123.5344 123.3987 123.2381 123.2457 123.0794 123.0414 123.0741 123.0122 122.9118 122.9326 122.8479 122.9506 122.8993 122.9098 122.9203 122.9400 122.9600
107.5300 111.5836 113.4300 115.4196 103.0139 117.0788 105.3884 106.4798 118.1750 112.6044 126.1707 124.4322 124.5279 124.4406 124.2431 124.1140 124.3075 123.7995 123.7729 123.6151 123.8968 123.5343 123.2898 123.1444 123.0410 123.5426 123.0712 122.7567 123.2686 122.7027 122.7540 122.7047 122.7068 122.7459 122.6587 122.6337 122.6356 122.6517 122.6708 122.7100
121.1200 109.2149 115.3451 119.3881 105.9173 112.1438 109.2017 107.5681 111.3276 121.7384 125.4815 124.4651 124.3395 124.1559 123.7161 123.9922 123.7067 123.7125 123.5606 123.4265 123.2755 123.1618 123.1006 123.8677 123.2973 116.7448 123.9917 115.2957 115.9922 122.4805 122.5474 122.3862 122.2998 122.0643 122.2336 122.3523 122.3373 122.3604 122.3864 122.4600
121.1200 117.9799 106.8992 115.3769 105.1685 103.4900 107.9918 107.1759 104.3489 117.1416 122.8067 124.4470 124.0531 124.8814 123.5722 123.8283 123.7874 123.5519 123.2897 123.1962 123.0856 122.8837 124.0035 123.9740 102.4538 113.6656 124.5521 119.4598 114.8786 122.8650 121.8676 122.5913 122.0485 123.2455 122.8999 122.0488 122.1134 122.0627 122.0956 122.2000
123.9000 105.2955 117.1853 104.5453 114.2470 109.7813 108.1778 110.0498 127.1965 113.3192 118.4520 124.6762 123.7092 125.4136 103.7860 118.5167 114.3238 124.2879 122.9328 122.9782 122.8394 122.6682 122.3192 107.9687 116.6651 108.1364 116.4828 114.2021 105.0335 121.5155 121.4763 119.4899 119.3999 121.5203 111.8496 122.1008 121.8444 121.7604 121.7935 121.9300
115.3400 112.2365 110.9705 130.8057 105.7089 103.9025 115.5834 110.7724 120.5962 125.4076 123.7407 124.1072 118.8773 121.9575 111.5656 107.1199 104.9727 125.8079 122.9077 122.7115 122.6013 122.6252 116.8048 115.2374 118.5581 101.7333 111.2023 106.1178 109.6040 121.4700 113.2789 108.7279 114.4827 122.2402 118.5938 121.6840 121.4143 121.4162 121.4758 121.6500
106.2900 105.0123 116.5531 109.6634 108.4969 105.3982 106.2916 114.5303 125.8676 123.9791 123.9818 125.7442 107.6889 113.2170 123.8718 110.5620 123.7318 122.4633 122.5576 122.5725 122.3422 123.7879 112.8777 98.0941 110.4778 99.4983 114.8383 118.9656 115.7965 123.5470 115.8979 102.9448 118.8734 121.0069 121.2987 121.0080 122.4883 121.0170 121.1615 121.0600
108.7900 108.1119 121.6204 116.1321 102.8787 115.0762 107.0049 108.6368 124.3322 123.8900 122.0847 113.9858 113.3340 105.3592 110.3248 124.7482 122.6949 122.6293 122.5772 123.4233 122.5739 124.5466 109.8767 108.7756 105.7924 113.8347 106.1531 113.9521 110.3329 104.4345 120.6488 109.5148 112.8831 123.6499 123.0647 120.5978 120.6889 120.8011 120.8277 120.7500
108.7900 109.2336 113.1425 106.2244 106.3298 109.0899 116.3118 116.2775 125.0098 123.7961 123.2436 107.6430 120.4330 113.0324 109.3091 113.9839 121.0787 123.4548 107.2830 116.7943 111.0956 122.7799 109.5931 108.0780 104.0115 119.7389 112.2974 104.6840 109.0020 103.9948 106.2629 114.3657 110.3295 118.8997 118.8322 120.4544 120.4446 120.4470 120.4789 120.4300
103.0900 102.6296 103.4325 109.4962 105.7360 116.7000 118.6885 124.9631 123.4757 123.5369 124.2515 98.2404 103.6040 129.2710 117.9362 123.7742 123.8233 121.9146 125.0666 123.5267 112.5841 113.7413 117.1702 103.0418 117.2510 119.9648 112.1347 105.0543 107.9856 104.9501 114.4416 121.8763 120.5698 120.2844 120.4837 120.0954 120.0554 120.0834 120.1190 120.1000
116.4400 102.4867 102.4058 104.3073 108.9402 107.9202 119.1015 123.9443 123.6264 123.3277 123.2196 117.8639 116.5887 109.4482 106.5616 117.3118 122.2013 121.9447 121.1531 121.5198 118.9387 112.7774 118.4681 117.2852 104.6110 108.1743 113.2207 96.2291 108.6175 124.9066 122.7263 119.5307 119.8293 119.5933 119.6086 119.6342 119.6743 119.6968 119.7370 119.7500
102.8600 102.0338 103.0431 108.8632 109.3836 102.3104 127.6947 124.1791 123.2426 124.0787 124.9275 123.2276 124.6236 122.6394 125.1310 121.4330 121.8715 121.6858 121.4239 121.2138 121.5413 115.9023 110.0469 123.4186 120.4694 106.9939 123.7670 121.7134 119.8260 119.6054 118.4985 119.4235 119.3637 119.3574 119.3079 119.2746 119.2750 119.3044 119.3499 119.3900
103.8100 111.6712 101.9665 105.0456 106.4560 109.7921 111.9496 122.7281 123.5329 116.4641 103.5390 122.2203 121.3313 99.2224 114.5465 122.3401 121.4909 121.3853 121.1619 120.9543 120.9075 115.4110 96.5969 121.5812 121.1483 98.8560 112.7183 121.0281 119.0882 119.2180 119.0884 119.0385 118.9405 118.8835 118.8454 118.8462 118.8535 118.8790 118.9327 119.0100
102.6300 106.9012 105.9648 103.9513 103.6259 107.1836 123.7740 123.6468 123.5817 122.7256 122.4770 122.8888 121.3044 122.6353 122.1620 121.5175 121.3837 121.1261 120.9015 120.7119 120.5502 120.5197 110.7101 116.6338 121.3450 117.0318 122.9643 104.8206 119.8027 118.8263 118.7135 118.5928 118.5173 118.4620 118.4227 118.4050 118.4167 118.4474 118.5021 118.6200
102.5800 102.1634 107.7719 112.8338 106.6413 114.6366 124.8091 122.9922 120.3765 104.2612 106.5193 121.5753 122.1401 121.8915 121.7517 121.6455 121.1223 120.8845 120.6459 120.4545 119.8139 121.7263 109.9747 111.5819 119.9267 119.6861 112.2955 116.0269 120.0283 118.3824 118.1193 118.2097 118.0440 117.9937 117.9553 117.9425 117.9486 117.9883 118.0466 118.2100
116.2200 113.4217 116.1190 113.0026 117.0356 124.4880 123.1051 123.5349 121.1850 125.1983 107.3207 104.9629 119.7218 122.0826 117.9330 120.9120 120.7940 120.6405 120.3723 120.6787 120.5972 119.6985 109.8189 121.4074 116.6204 118.8555 118.4052 119.3607 119.8308 117.9842 117.6378 119.4960 117.5106 117.5193 117.4658 117.4478 117.4632 117.4996 117.5700 117.7700
114.8900 113.2494 99.3425 100.8896 123.3631 122.9362 122.3066 122.9100 123.3284 120.5638 124.9932 100.4942 104.5594 117.3881 112.1762 119.7015 120.6028 120.4658 120.1158 118.8953 114.3655 117.5262 109.9927 119.6876 110.1050 111.8801 118.8523 117.6634 117.6299 117.5076 117.3238 117.0754 116.9406 117.0056 116.9478 116.9274 116.9451 116.9822 117.0650 117.3200
107.4900 109.2144 102.6975 100.5904 117.4403 122.8629 127.0462 115.2089 113.1657 119.0179 122.2373 114.8866 111.2668 103.4630 122.7329 121.1396 120.4278 119.9831 119.9877 120.9064 116.5549 107.0877 119.0661 118.0154 110.8612 117.5737 114.7655 117.3844 117.2552 117.1655 116.8111 116.6905 116.5790 116.4618 116.3938 116.3712 116.3908 116.4372 116.5242 116.8300
102.2700 112.8870 101.2300 101.6865 108.9881 117.2825 105.8831 118.1084 123.7030 122.7444 121.1225 122.4194 123.1186 121.2154 119.8747 120.1656 119.8685 122.7599 119.6491 118.4869 108.1118 96.5080 111.8613 109.7622 114.0487 113.0023 110.7206 116.8621 116.7693 116.4927 116.2861 116.1149 115.9744 115.8725 115.8052 115.7859 115.7986 115.8589 115.9512 115.7800
118.1500 104.3979 101.8432 106.9205 110.5105 118.2625 119.3448 122.9012 123.5383 122.3038 122.1409 121.0408 120.8151 122.7995 122.8291 120.8340 119.6827 118.8421 118.6452 119.3758 123.9252 104.6048 106.3035 118.9663 118.2822 117.6333 117.7484 117.0255 118.1604 115.9685 115.7368 115.5416 115.3856 115.2502 115.1777 115.1516 115.1703 115.2344 115.3465 115.1900
122.4500 115.3836 103.9180 102.4739 107.9925 110.7883 112.5049 124.1084 124.6570 114.2322 108.0115 124.0453 116.3560 102.1662 102.0695 112.5846 121.0803 118.7618 119.2038 118.6726 118.3050 116.6234 117.9800 116.9575 116.7666 116.6744 115.9767 114.2801 115.8671 115.4105 115.1447 114.9095 114.7039 114.7052 114.4953 114.4646 114.4846 114.5637 114.6915 114.5700
119.3000 116.7635 122.6508 102.4765 122.3018 119.5855 120.2971 123.2480 100.7874 117.7460 102.7754 102.6024 119.8587 101.0036 118.8542 117.0101 119.4895 119.1356 118.9656 118.5334 117.8877 118.3322 118.2272 116.9714 116.6419 116.2878 116.1650 115.5610 115.1430 114.8251 114.4990 114.2896 114.1979 112.8122 113.9005 113.7030 113.7291 113.8383 113.9938 113.8900
113.6500 121.0801 121.3601 97.5869 118.4831 117.9302 122.8681 122.3033 121.4855 121.3966 114.4481 103.9851 102.6075 99.1065 117.9141 119.5084 119.3917 118.9694 118.6014 118.3252 117.5629 116.1949 98.8121 118.7326 116.3584 115.3067 115.4603 115.0527 114.5797 114.1980 113.8706 113.4389 113.6339 110.2041 112.9763 112.9205 112.9858 113.0658 113.2341 113.1600
123.7600 121.9330 117.1480 119.8133 121.5635 119.9421 122.3058 121.9964 121.6036 122.2386 105.0152 122.3757 114.0368 102.5181 125.8534 117.3419 119.1499 118.7941 118.3710 117.9745 117.4863 118.1233 116.8193 116.1630 114.6588 122.0557 117.2369 113.5229 114.0982 113.5218 113.1663 112.8540 112.6267 114.5996 112.3781 111.8295 111.9183 112.1368 112.4060 112.3500
117.2000 102.6231 125.7498 123.3123 122.3813 122.4853 122.0786 121.9921 121.7300 121.3505 122.6507 121.5172 122.4932 99.8395 112.8572 117.7101 118.9732 118.5611 118.1516 117.7296 117.2936 116.6088 114.7363 115.8271 115.7834 111.4085 109.7243 114.8136 113.2281 112.8727 112.3683 112.3342 106.0729 99.4748 104.4708 111.8931 111.5961 111.1650 111.5021 111.4600
120.9700 111.5781 123.9223 122.9609 122.6213 122.4091 122.1586 121.8389 122.0312 120.6438 120.6940 120.5836 120.0986 121.0693 121.1238 109.7481 119.6156 118.3637 117.9339 117.5041 117.0493 116.6706 116.2056 115.5136 115.1794 113.9982 114.1445 113.2389 112.7433 112.0835 112.4437 109.1382 115.4739 104.8042 96.0475 96.4377 110.9673 110.0372 110.5055 110.4600
101.6900 113.2570 125.6273 122.7288 122.7038 122.3555 122.0492 121.7643 121.9801 119.9205 121.0576 120.5094 120.1608 119.3802 118.8385 119.4179 118.6427 118.2278 117.7434 117.2838 116.8005 116.2555 115.7167 115.2086 114.5556 114.0426 113.4095 112.7481 112.0764 111.3692 110.4729 102.4211 107.1867 121.1323 111.2346 120.1739 107.6456 109.1064 109.3916 110.3300
123.4800 118.9451 126.5455 120.1796 122.1231 122.3460 122.0466 121.7409 121.3912 121.1912 120.8160 120.3934 120.0423 119.7798 119.4100 118.7848 118.3819 118.0447 117.5785 117.1300 116.6175 116.0722 115.5051 114.9054 114.2863 113.6211 112.9190 112.1971 111.4218 110.6134 110.6460 108.9376 109.3010 110.4504 106.3971 105.7225 107.2978 107.5430 108.1760 108.0000
123.4600 123.7846 122.3373 123.8588 124.3615 122.0188 121.7455 121.4980 121.0485 120.9077 120.6485 120.3432 119.9762 119.5719 119.1774 118.8051 118.3719 117.8961 117.4374 116.7892 116.2743 115.8958 115.2125 114.6243 113.9500 113.2431 112.4798 111.6699 110.7987 109.8734 108.8829 107.5745 106.4621 105.9387 105.5365 105.6124 105.3694 105.9578 106.7742 108.0000
123.4500 123.2118 122.7026 123.1395 105.0410 122.4784 122.7129 121.4654 122.0040 121.2807 120.7365 120.1896 119.8253 119.4760 119.1009 118.6776 118.2303 117.7685 117.3652 116.8251 116.5149 115.1271 115.1458 114.3849 113.6646 112.8980 112.0778 111.1808 110.2075 109.1588 108.0092 106.8580 105.5372 104.2761 103.2545 102.7464 103.1358 104.0436 105.2227 106.1000
123.4400 122.9336 123.1722 122.3343 118.6825 116.4231 110.4119 121.3431 115.8730 118.3354 118.7624 120.4957 119.9653 119.5664 119.0421 118.6001 118.1618 117.6897 117.2015 117.4170 103.8233 121.2715 114.0035 114.1176 113.4444 112.6227 111.7388 110.7644 109.6876 108.4761 107.1217 105.5969 103.8977 102.0644 100.4701 99.6571 100.2326 101.7051 103.5495 104.3200
114.4800 124.0926 113.1855 123.3577 113.0876 122.7568 107.3556 123.0376 122.2189 119.7975 117.0032 118.2563 119.2125 117.8439 118.9526 118.5640 118.0999 117.5667 117.1047 116.6086 116.0712 115.9021 114.6915 114.0977 113.2443 112.4005 111.4732 110.4327 109.2677 107.9308 106.3728 104.5340 102.3106 99.6007 96.3662 94.0626 95.6092 99.0409 101.7910 103.8800
114.9200 108.5942 107.1986 105.7084 105.1480 104.1362 100.4945 120.8788 102.9320 122.0612 118.0373 118.3746 119.6571 119.3562 118.9325 118.5147 118.0463 117.7962 116.5854 108.9282 114.8564 115.3545 110.2755 110.8857 113.3242 112.2818 111.3029 110.2250 108.9861 107.5550 105.8495 103.7444 100.9723 97.1984 90.5935 87.6308 89.5534 96.1129 100.2963 101.7000
101.9400 106.8742 106.9809 101.7824 109.5603 118.4336 123.7311 122.0814 119.5736 121.1028 120.7139 120.1774 119.6660 119.3493 118.9417 118.4718 117.9072 119.2925 96.9299 112.9058 114.8990 114.9892 114.1854 110.8149 113.3072 112.2410 111.2319 110.1349 108.8817 107.4107 105.6393 103.4151 100.3821 95.7836 87.4642 84.0968 86.5177 94.2994 99.6225 101.4800
123.4200 119.9804 117.9532 103.1452 115.2937 125.3619 121.1367 121.2274 121.0961 120.8381 120.4342 120.1018 119.7694 119.3730 118.9729 118.5137 118.7315 121.1132 98.3632 112.9724 115.5402 115.1253 114.1327 111.8455 113.1626 112.2659 111.2779 110.1943 108.9535 107.5097 105.7822 103.6346 100.8030 96.7998 89.7135 86.5254 88.5192 95.5963 100.0911 101.5200
104.2000 106.5509 122.9941 118.3978 123.6332 120.2865 122.1104 121.6040 121.2349 120.8630 120.6773 120.1449 119.7776 119.4154 118.8625 117.3701 113.8274 115.3752 105.1890 118.2977 115.9235 115.3239 113.7331 114.1662 113.1801 112.3667 111.4315 110.3820 109.2037 107.8457 106.2609 104.3511 102.0106 99.2200 95.1363 92.5040 94.2299 98.5312 101.4530 103.9800
123.4200 123.2500 123.0700 122.7000 122.5100 122.1100 121.9100 121.4800 121.2600 120.8100 121.1000 120.0700 119.8100 119.5500 118.9900 118.6900 104.7200 100.7200 115.3400 116.6900 115.9100 115.4900 109.1600 114.0900 113.0200 112.4400 111.8100 110.4000 109.6000 107.7500 106.6600 105.4200 102.4900 102.4900 97.5100 97.8700 97.6200 100.3500 102.2900 103.9800
