103.1700 111.5300 110.2800 117.3400 114.3800 111.0900 107.7400 101.9400 123.3000 117.3200 100.7700 108.1700 119.5000 122.0700 122.1200 121.8900 121.5500 121.5500 121.1400 121.1700 99.0000 117.7700 120.5600 120.3400 120.3600 120.2000 120.2000 119.9500 120.0000 119.7200 119.7700 97.7900 97.8100 119.4600 119.4600 119.7900 119.7800 119.7200 120.0000 120.0000
103.1700 105.8180 111.8902 112.0634 102.6276 107.4433 102.4796 102.2755 115.7077 124.1355 113.3028 100.7928 121.2631 119.3768 122.6718 122.1211 121.4594 120.6448 121.3211 109.7760 116.5636 120.4619 120.4955 120.2524 119.9198 116.0586 114.2140 119.6859 119.6954 119.6005 118.8639 120.1880 103.7004 120.7277 119.4883 119.4221 119.4693 119.5261 119.6083 119.6500
109.0800 109.0034 106.1197 110.0815 111.3715 107.1776 104.9980 107.3356 112.4997 121.8417 125.4874 111.9985 116.9903 121.0668 120.5950 118.2819 121.1380 121.1180 121.4239 122.2092 110.2277 116.3506 120.2939 119.9628 119.2261 118.3284 114.6493 119.4702 119.2687 119.1425 119.0433 118.6978 119.2467 118.9933 119.0211 119.0167 119.0601 119.1318 119.2127 119.2800
107.3200 110.3901 107.3057 111.0176 114.6691 112.7588 106.2076 108.4088 108.5293 113.0422 122.3692 122.5643 120.4572 121.2293 121.5505 118.7141 120.9819 120.6496 120.3245 120.2917 112.9801 121.4702 119.7228 119.6011 119.1777 114.9929 113.8311 119.2893 118.7224 118.7481 118.4278 119.2281 112.2380 118.7147 118.5932 118.5873 118.6338 118.7123 118.8037 118.8900
116.1400 107.3987 106.0180 104.5644 105.8185 106.3143 111.6566 112.0172 116.5571 118.1678 122.2450 121.7209 121.7480 122.3667 122.5763 121.1742 120.7336 120.5478 120.3056 120.2383 120.5882 119.5008 119.4057 119.2120 119.5772 117.5599 111.7949 119.0748 118.1880 118.3130 118.2299 118.1040 118.8326 118.2233 118.1101 118.1335 118.1870 118.2751 118.3733 118.4900
107.3200 105.7648 107.5984 105.5741 109.9790 103.2807 108.9333 103.9269 109.0997 125.8849 121.5275 121.7157 121.4305 117.1600 115.1521 121.0203 120.4587 120.2519 120.0111 119.6454 119.5204 119.2807 119.0714 118.8655 118.4978 109.4677 104.4594 113.4946 118.1444 117.7973 117.7048 117.3862 117.4435 117.5466 117.6107 117.6494 117.7169 117.8088 117.9243 118.0600
110.3700 110.1299 107.8564 106.6890 112.3225 103.6174 116.3128 104.7970 100.0530 120.4622 121.2708 121.6551 120.9303 121.8144 98.3630 116.0307 120.1547 120.0285 119.7113 119.4466 119.1903 119.0019 118.6369 118.4418 119.0649 115.8634 101.9665 105.4559 117.5098 117.4941 117.2827 118.8509 117.5668 117.1160 117.1564 117.1528 117.2231 117.3219 117.4506 117.6200
109.9900 110.3265 111.5214 103.1296 106.1276 108.0497 112.8117 113.6307 104.7455 115.7493 122.0501 121.3073 120.8830 120.0162 99.9777 105.5516 113.4723 119.9933 119.2755 119.1392 118.8157 118.6030 119.2444 116.6094 117.9347 107.4182 103.1502 102.8351 119.1053 116.6971 118.1382 108.6232 110.4123 116.7079 116.6477 116.5743 116.6823 116.8061 116.9515 117.1400
108.3100 109.9574 118.7093 111.9093 108.1643 113.1548 121.7475 120.7750 118.5215 121.4872 121.2316 121.3846 121.0373 119.8565 94.3855 102.3202 112.7154 120.2818 119.5989 118.6361 118.1716 117.7369 112.6846 108.9519 122.6928 102.0073 102.9138 97.6005 108.2432 116.0785 110.0734 99.3839 104.0432 116.4266 116.2191 116.1026 116.1541 116.2668 116.4251 116.6400
109.9700 108.1115 106.6590 107.3192 104.8596 105.6131 123.1634 117.3279 122.0214 121.6106 121.6454 120.7786 121.3050 106.5457 99.0560 103.4958 109.8389 117.8207 110.1974 119.2538 119.0165 110.7147 98.0679 108.0854 102.7680 96.6074 107.6119 97.9389 99.8567 116.2679 114.1378 93.8756 102.7552 116.0811 115.4563 115.2868 115.6162 115.6891 115.8661 116.1100
106.7500 111.9725 110.0347 106.1853 107.0324 114.4476 121.1818 116.4695 121.8276 121.3395 118.8892 110.3943 108.9678 99.3012 98.8325 113.1472 120.0739 106.8514 110.2216 116.7832 106.3716 121.2737 101.0022 105.9681 118.7055 120.5405 100.6143 101.4283 93.8272 115.1458 116.3890 95.7709 103.1817 121.6586 121.9148 115.7159 114.9543 115.0698 115.2821 115.5300
102.3300 100.4990 103.4048 104.3103 109.9268 130.8193 116.8544 117.9928 121.8453 120.8622 121.0574 99.4350 97.5655 100.4461 110.2809 104.9650 101.3720 119.6769 114.8885 102.2095 104.9188 122.6932 99.3828 115.2404 119.8506 105.8131 110.5684 94.4148 93.5006 114.7533 105.5017 113.5016 101.6676 113.3851 120.6053 114.7241 114.2373 114.4119 114.6553 114.9200
102.3300 104.7519 106.4752 106.6568 113.4020 112.5739 113.9187 122.1823 121.2600 121.0323 122.0775 103.9282 112.7076 95.7080 120.1905 117.8480 113.4934 117.6111 110.7517 100.2774 101.4659 97.5518 107.0348 100.5505 113.9394 112.3027 110.6497 95.2682 93.3420 99.3548 112.5025 113.0966 112.2237 113.2146 112.7637 113.2745 113.4819 113.6995 113.9852 114.2500
108.4000 108.2243 101.5451 102.9765 120.9071 117.3663 120.0921 121.0788 121.0437 120.2868 119.8509 114.7953 122.4822 119.8330 101.8187 118.2949 118.9063 118.6322 117.3393 115.1240 98.7971 101.9000 101.7133 103.9070 105.5509 110.7456 107.9484 100.6535 96.6167 115.8454 110.3949 112.5295 112.2242 112.3503 112.4406 112.4624 112.6698 112.9430 113.2784 113.4400
105.8100 102.1169 112.9740 112.3731 124.7283 120.8767 116.0379 122.0785 120.9096 121.5999 123.0568 122.1868 119.0378 116.8094 113.4986 117.6985 118.1979 117.7366 117.5433 117.4677 109.8502 98.2413 97.3096 99.6104 112.6183 114.6435 110.2699 114.7987 101.1323 113.2515 111.2437 111.6236 111.4798 111.3403 111.3707 111.5405 111.7872 112.1178 112.5160 112.7200
103.8600 101.6541 102.4454 103.8364 101.1756 120.8659 119.5314 121.7396 121.5277 108.3147 98.5512 106.4290 120.7858 121.0884 119.2825 118.3374 118.0287 117.5910 117.1391 116.9567 101.4990 98.8237 101.0635 95.9574 95.0565 96.2061 113.3920 112.5836 112.1090 111.5094 110.7549 110.5820 110.3600 110.2589 110.3098 110.5007 110.8214 111.2265 111.7022 111.8700
107.1500 105.5119 102.0210 101.3393 98.4471 114.9138 108.6577 121.3621 120.8294 121.2054 121.0892 114.7279 118.9599 104.7015 119.0488 118.3511 117.8192 117.3818 116.8542 116.6000 116.6449 103.8503 98.3807 97.4062 92.4986 106.0932 112.9762 111.8493 111.0992 110.4669 109.9231 109.4464 109.1532 109.0184 109.0888 109.3375 109.7420 110.2619 110.8504 110.8200
100.9700 107.7500 113.4939 101.2636 104.8661 108.4911 123.7745 111.3011 121.6287 119.4999 112.3874 122.2263 122.0118 118.4124 108.7691 119.1292 117.6420 117.1658 116.6878 116.1682 115.7842 114.5846 133.2203 98.3744 93.2761 109.3521 96.5556 101.3942 111.6748 109.3388 108.7250 108.1584 107.7459 107.5722 107.6671 108.0112 108.5413 109.2083 109.9342 110.6800
106.7800 106.8993 119.0765 111.6981 122.7332 122.5759 120.9760 122.7163 122.0237 120.0691 100.5571 118.8929 118.4139 118.5467 118.8189 118.1285 117.5157 116.9948 116.4805 115.9886 115.3933 114.4686 113.4985 114.9989 111.1655 98.4781 112.3817 110.5146 108.0374 108.0099 107.4676 106.6656 106.0894 105.8420 105.9795 106.4619 107.1971 108.0593 108.9780 109.6600
104.3500 106.3901 105.7206 100.4604 123.2361 120.1586 122.1587 114.3557 112.1961 119.2582 112.4452 118.4166 111.9539 119.1405 118.2478 117.7600 117.3724 116.8468 116.3154 115.6357 115.5525 105.5854 114.6688 112.9756 112.7011 111.4443 110.6400 110.6233 109.1901 107.2518 106.0417 104.9339 104.0701 103.6728 103.8891 104.6407 105.6738 106.8467 107.9988 108.2300
101.5900 99.7670 114.7920 113.3396 117.4668 120.5597 119.1508 105.8122 106.9037 108.8710 107.8055 96.0997 114.6033 118.7572 118.1466 117.7626 117.2536 116.7192 116.2104 115.6405 117.1530 106.1674 114.3183 112.3167 111.8352 110.9245 109.9651 108.5123 107.3700 105.8527 104.5110 102.8893 101.4760 100.7961 101.1816 102.4186 104.0155 105.5845 107.0478 107.9200
112.3100 101.3480 99.0861 105.2932 111.4858 116.3577 120.8216 111.3611 122.8515 120.1187 121.6719 120.3839 117.6673 117.9720 117.8511 117.6786 117.1617 116.6073 116.0909 116.1045 101.2621 104.8660 112.8510 113.5916 111.5152 110.5714 109.4493 108.0861 107.0971 105.2107 102.9238 100.5073 98.0263 96.2997 97.3295 99.7984 102.2253 104.3635 106.1841 107.9200
105.8600 100.0325 103.5411 105.0497 122.9868 119.7741 121.1597 121.8919 120.8139 119.4685 119.3277 118.9000 119.6493 117.3762 119.7193 117.5365 117.0888 116.5596 116.0084 115.3356 112.2659 106.6061 108.6108 102.6227 112.4008 110.3987 109.1573 107.7181 102.7158 103.5537 101.3329 98.2329 92.5996 89.5850 91.1445 96.7940 100.5610 103.3736 105.5160 106.4200
104.3500 117.8048 102.4919 119.6063 123.8737 122.3538 121.1189 120.7117 120.3737 120.2030 119.9393 119.4406 118.8126 119.4240 103.1239 119.8245 117.0296 116.4971 115.9444 115.3379 114.9700 115.2018 113.9994 108.8124 112.2213 110.1462 108.9284 107.4800 105.4297 102.6802 100.5892 96.3591 88.4561 84.9528 86.7901 94.0603 99.5267 102.8122 105.1647 106.3300
104.3500 114.6542 123.2675 122.1539 121.5928 121.3844 121.2109 120.8997 120.5269 120.1259 119.7573 119.2838 118.9825 121.0212 98.9075 119.4958 116.9497 116.5072 115.9575 115.3557 114.2367 114.3208 114.4466 112.7244 110.9253 110.4398 109.1261 107.5370 105.9855 103.7187 100.7434 96.4358 89.1239 85.5171 87.1949 94.4209 99.6302 102.8598 105.1918 106.3500
116.2100 110.9823 123.4067 122.4865 122.0468 121.4665 121.2251 120.8735 120.5271 120.1982 119.8123 119.2864 118.8688 111.4459 120.3241 116.6802 117.1803 116.5800 115.9554 115.1610 117.2144 92.2885 89.7769 112.7477 111.7936 106.1243 109.6840 107.7657 106.1582 104.1843 101.7056 98.4554 93.6246 90.4427 92.1132 97.3324 100.8063 103.5038 105.6059 106.4600
106.3000 121.8992 110.4721 107.5955 128.8266 122.1504 121.2665 120.9020 120.5297 119.9059 119.9058 113.7312 118.5879 117.6036 118.0581 117.7791 117.1375 116.6215 116.1703 115.7807 103.4099 93.5618 98.2651 89.7371 113.7109 110.5386 108.9491 108.4267 106.7792 105.1046 103.1595 100.9548 98.6335 97.2013 98.0468 100.2359 102.5133 104.5583 106.3161 107.7500
114.7300 110.5919 120.4033 118.0333 122.2012 122.5529 121.3135 120.8754 121.0830 121.2923 120.3752 121.5133 102.8305 120.2677 116.6860 117.8854 117.2852 116.7406 116.1978 115.4886 117.5336 96.6941 116.8154 113.6054 111.6524 114.8755 105.3289 109.1692 107.4469 106.2301 104.7476 103.2288 101.9075 101.2820 101.6392 102.8069 104.2883 105.7898 107.1978 107.9800
102.1000 118.0596 120.2834 116.3724 120.4029 121.4368 121.3342 121.6768 118.1609 120.6342 119.9325 119.6255 109.1969 100.1592 110.5758 118.1047 117.3623 116.8333 116.3323 115.7276 114.8721 114.7887 113.0137 112.8023 112.4039 111.4938 110.9188 109.5405 108.5289 107.3773 106.2706 105.2237 104.4170 104.0345 104.2416 104.9421 105.9440 107.0472 108.1589 109.4300
118.7200 116.3988 123.5145 112.7904 121.8977 121.4697 121.6834 116.3039 108.5000 117.7329 120.1733 121.3393 99.5632 104.0822 109.9100 116.9972 117.7827 117.0364 116.5138 115.9536 115.2458 115.9766 115.0936 113.2712 112.6694 111.5146 108.7402 110.2846 109.4175 108.5087 107.6698 106.9046 106.3671 106.1242 106.2502 106.7204 107.4257 108.2394 109.1399 109.4300
113.8500 111.4807 125.8819 122.3681 121.9997 121.2702 122.7441 108.4469 110.5125 111.4585 119.3780 111.2741 106.0766 119.9662 119.9676 118.2852 117.5564 117.0608 116.6127 116.3341 115.9517 108.8559 116.1525 115.0978 113.1736 112.2520 108.9137 111.3239 110.3029 109.6223 108.9214 108.3636 107.9786 107.8189 107.9160 108.2252 108.7380 109.3802 110.0886 110.7000
102.4200 102.9181 127.2264 122.3524 122.7012 124.0403 114.5722 111.5319 102.5488 114.1410 118.5507 120.2689 122.9758 119.0216 118.4095 118.3076 117.8204 117.5425 116.7069 116.3803 116.1776 99.4921 100.9138 108.0628 113.5381 113.5052 112.4575 111.6474 111.1599 110.5905 110.0615 109.6347 109.3438 109.1614 109.2087 109.5238 109.9205 110.4140 110.9857 111.6500
123.1800 117.8591 123.4265 116.4908 122.0525 110.9743 118.6383 118.5749 118.2296 119.1853 121.0746 103.7137 108.7094 119.6082 119.0330 117.9563 121.0704 105.3547 115.9445 117.1876 117.3980 105.0619 91.6042 116.9382 114.2637 113.5979 113.0023 112.5154 111.9849 111.5037 111.0883 110.7541 110.5307 110.4566 110.8464 110.7289 110.9108 111.4088 111.8436 112.5000
123.2000 124.4311 114.2044 115.3658 122.1071 119.9160 121.9816 121.8548 121.4954 121.1651 120.7181 117.9537 118.6065 119.1029 119.8110 102.6465 99.2534 99.4010 116.0219 115.6048 100.6930 101.3181 97.1599 104.1279 112.7941 114.2006 113.6595 113.2151 112.7669 112.3618 112.0234 111.7474 111.5897 111.2772 107.6498 110.1005 111.8865 112.2649 112.6384 112.6400
123.4000 123.1981 122.4003 122.7474 122.5751 122.3879 126.9712 121.0948 121.2167 120.2606 115.9539 120.9306 120.1664 119.5714 121.5519 98.5844 118.8795 116.0789 120.3395 98.3183 100.9161 100.1860 93.4879 114.8529 114.9131 114.7497 114.2781 113.8785 113.4967 113.1674 112.8642 112.6163 112.5662 112.2907 111.8852 112.7226 112.5846 113.0457 113.4207 113.4500
123.4300 123.1370 122.8574 123.0771 112.6336 123.2882 121.7730 121.5534 121.7422 130.9732 131.8865 120.6149 118.1409 118.9713 119.6183 118.6246 119.1808 118.4531 113.1871 94.1152 114.3947 95.9006 118.8067 116.0157 115.4343 115.2367 114.8729 114.5124 114.2341 113.8413 113.7725 113.7727 113.3539 113.0889 104.0411 112.2279 109.9941 114.0229 114.1720 114.2100
117.3200 114.4351 122.4372 122.6473 107.3583 128.3134 122.1702 120.8920 121.6537 119.3494 121.6265 118.6092 120.6726 121.2580 119.3914 119.2123 118.8973 118.5504 118.7986 101.7078 120.9503 116.7781 117.7232 116.4393 116.1322 115.7856 115.4314 115.1166 114.8233 114.7341 112.2723 113.8562 113.9686 114.1274 115.9082 95.2477 97.0809 115.8615 114.7901 114.8600
108.0900 116.1642 115.6118 110.4929 107.6991 117.6450 123.5797 112.9757 116.4848 124.0185 113.6458 117.5526 121.2750 124.4384 119.7867 119.7195 119.2774 118.9288 118.8342 118.1858 118.7050 117.2051 117.1173 117.6902 116.2913 116.0800 115.9811 115.6850 115.4472 115.1782 113.5176 115.9610 114.6300 114.8230 115.5186 99.5804 113.2520 114.7157 114.9863 115.4900
123.7000 123.9186 119.4252 110.8801 124.1061 122.9676 117.1985 111.1940 119.3655 118.9366 108.5646 99.9279 121.0536 119.6215 120.0647 119.5598 119.5386 119.1577 118.7246 118.3736 118.2301 119.1393 120.2430 112.9675 116.3085 116.9546 116.4209 116.2409 115.9460 115.7395 113.1072 113.5846 115.6070 115.2902 113.3573 127.2337 108.4819 108.7855 116.1842 116.0600
109.5000 119.6800 115.9700 117.0800 122.8900 122.7100 100.3400 115.8300 116.6300 108.7900 100.9800 103.6400 120.7200 120.5000 120.3000 120.0400 119.5600 119.3100 119.0800 118.8000 118.5300 118.3000 117.9800 95.7700 117.1100 117.1700 116.9000 116.4800 116.5900 116.2300 100.4400 115.8700 115.9100 115.9400 115.9300 115.8800 115.8300 116.2500 116.6000 116.6000
