118.9300 123.9000 115.7300 115.7300 123.9100 123.9000 123.8900 123.8700 123.8600 124.0400 116.5700 105.8700 124.1700 124.1400 124.2900 124.2600 124.4000 124.5400 124.5000 124.6700 124.8000 124.9100 124.9100 125.0200 125.1300 125.2400 125.3900 125.3600 125.6300 125.6000 125.8500 125.8500 126.0700 126.2100 126.2800 126.4100 126.5100 126.6200 126.7400 126.8600
123.6800 123.6624 123.7832 123.9080 123.4888 124.0778 118.7479 124.3963 124.9907 106.9943 113.6003 122.5948 112.7898 125.0552 124.0983 124.1501 124.4806 124.4935 124.3945 124.4979 124.5905 124.6902 124.7923 124.9175 124.9660 125.0309 116.8882 126.0055 125.4965 125.5812 125.6858 125.8180 125.9369 126.0328 126.1501 125.8331 126.1315 126.4071 126.7404 126.8300
123.4500 123.2311 123.3779 123.3134 123.2644 123.8360 116.0172 122.5114 122.3154 108.7089 125.0320 113.1132 111.5144 125.1902 123.9016 124.2215 120.6504 124.0649 124.1992 124.2885 124.3932 124.5006 124.5991 124.7174 124.7568 125.5850 122.8950 124.2253 125.2815 125.3908 125.5349 125.6589 125.7871 125.9211 126.0636 127.2968 126.5782 126.6742 126.5225 126.6800
118.2600 117.6938 123.5994 123.1624 122.6655 126.2928 116.1502 122.5303 117.2291 102.9631 106.6740 120.5775 109.6965 125.1901 123.6301 123.9460 122.8071 124.2938 123.9566 124.0746 124.1834 124.2943 124.4014 124.5103 124.7311 124.3998 126.5951 125.5217 125.0919 125.2637 125.3780 125.5083 125.6381 125.7993 125.6480 126.4983 117.4729 126.3893 126.4728 126.4700
118.5400 118.7279 123.9128 123.0852 122.5933 122.8297 117.4701 120.9451 121.0830 108.5376 105.2735 108.4479 116.1370 120.2305 123.5601 123.4077 123.6573 123.5951 123.7696 123.8640 123.9699 124.0859 124.2044 124.3256 124.4175 124.5391 124.6894 124.6240 124.9440 125.0838 125.2072 125.3513 125.4809 125.6117 125.7387 126.2306 126.6506 126.1535 125.8243 126.3100
118.5300 118.3246 121.4519 120.4930 123.6157 123.0074 113.9117 132.2887 124.0406 112.1214 126.7761 106.7984 123.6573 114.0598 123.7470 123.2024 123.3876 123.4297 123.5304 123.6434 123.7598 123.8819 123.9985 124.1219 124.2805 124.3758 124.5635 124.6394 124.8019 124.9180 125.0521 125.2324 125.3661 125.4998 125.6157 125.7711 125.8357 126.0587 125.8817 113.6100
117.2900 117.0063 117.6155 115.2619 118.1891 122.5218 113.8710 121.2166 127.0864 120.7420 109.2039 114.1849 125.4313 128.0180 122.4018 123.3742 122.7374 123.2447 123.3023 123.4311 123.5765 123.6561 123.7937 123.9554 124.0433 124.4626 124.3084 124.4869 124.6165 124.7514 124.9233 124.9063 125.4398 125.4096 125.4253 125.6181 125.7736 125.8687 126.2119 126.1000
116.2000 115.3744 119.2854 121.2150 121.4305 123.0124 115.4802 121.7712 111.6616 123.2499 125.6375 121.0334 121.7756 121.9781 121.8792 122.1854 123.1461 123.0812 123.0508 123.1526 122.8368 123.2247 123.1274 123.0021 123.9982 123.0737 121.3671 124.8143 124.4382 124.5537 124.7672 124.6580 125.1604 124.7753 125.1849 125.5086 125.6305 125.6871 125.8327 126.0500
114.2000 114.5453 115.7194 116.8093 115.0268 119.6666 112.9607 120.1502 108.0277 122.7872 121.6801 121.9207 122.3593 123.1181 122.0540 119.4953 122.0616 122.9387 123.1387 123.5364 123.6770 125.8513 120.2932 115.4645 119.8263 121.5080 117.4656 124.1648 124.1709 124.2532 124.5747 124.8135 124.5101 126.3209 125.1523 125.3430 125.5578 126.4850 126.0894 125.8900
114.5500 115.1241 119.8122 116.3211 120.9099 119.1519 122.7868 111.3137 114.9385 122.3457 121.8836 120.9638 118.9218 119.0598 99.2874 108.9241 124.0509 122.3287 122.7558 123.6330 121.3495 111.7582 114.1376 110.6552 112.3432 117.2119 116.9073 113.4023 113.4963 125.0953 124.0278 124.3445 124.6857 125.3265 124.8545 125.0225 126.6146 117.1308 116.7550 117.7900
114.1800 113.7810 117.0395 117.1503 109.8805 115.3168 103.7118 125.4423 112.9518 122.5175 121.2366 127.2115 118.3457 104.4910 99.6664 106.5506 116.4421 122.7609 121.5620 121.0585 120.9295 104.0546 110.0179 119.4954 121.9259 107.6479 120.8825 129.4989 120.1924 124.0670 124.2821 125.3822 121.6691 124.5649 125.9926 124.9879 122.9991 111.7334 112.0516 104.8100
116.1400 120.0157 114.6459 111.5793 101.5682 117.1263 104.6304 114.7596 124.1705 115.2456 120.7569 123.5342 129.1210 102.7559 114.8428 114.2212 112.3121 122.1965 122.2042 109.3002 125.7358 118.1114 123.3506 102.7094 117.4010 122.9308 121.8655 121.9341 123.9855 124.1867 125.6970 110.6791 121.8764 125.2582 122.0777 124.2502 123.6012 115.7991 111.2488 104.8100
118.8700 98.8037 122.5878 100.2832 109.1908 117.0786 114.6569 122.6504 120.2021 119.6372 120.7443 120.2841 120.5789 113.7601 122.4763 118.6728 125.1331 121.1612 121.9315 121.8638 124.3101 122.1906 115.8658 98.9124 102.0353 122.4865 123.2335 123.5883 123.4835 123.8912 113.8468 120.7427 119.6767 114.7181 122.0185 120.4379 112.2832 106.9639 116.5175 124.0300
129.4000 105.1338 120.5804 125.2180 114.6995 108.3667 112.5379 118.0208 120.3562 120.3553 120.3173 121.0562 118.8208 120.6665 120.4574 119.1373 120.3788 120.9197 121.6234 122.7675 121.7846 118.9874 109.8147 107.2982 114.8802 124.0508 124.8787 123.2438 123.3319 118.7056 115.2792 124.9940 113.7795 121.0423 127.2085 125.7839 113.0854 111.8856 118.3590 123.2000
115.5500 117.5993 113.3873 114.1104 121.9225 108.2221 121.0609 119.7308 119.7908 119.7890 119.6211 124.3921 108.7231 121.8824 120.5162 120.7309 121.1225 119.1656 113.4691 122.1415 121.3816 121.3391 105.2689 102.1874 118.0828 122.7014 123.1506 122.8598 124.0769 113.9323 123.0215 124.0527 123.6266 124.6016 126.1254 114.6273 123.9819 124.4471 123.0817 123.3000
113.5600 113.5002 112.9240 112.7960 122.2197 115.0347 120.4805 119.3146 119.2681 119.4578 116.9034 114.0877 114.7145 120.1961 120.3032 120.4758 120.6336 120.8838 121.0544 121.2242 121.3781 122.1736 111.1147 112.2514 122.8813 122.0990 122.6778 122.8163 123.0233 122.7912 124.2477 123.2185 124.3475 124.2922 122.5881 122.8169 124.5687 123.6452 124.9230 125.0100
119.0500 111.5958 110.1366 110.4926 119.7210 122.0407 119.8456 118.6321 121.2700 119.1989 119.2754 124.4355 119.6626 119.8162 120.2477 120.1331 120.3422 120.5446 120.7466 120.9516 121.1869 119.7371 122.1420 119.0300 118.8401 122.5157 122.4216 122.6353 123.0224 122.9561 123.3477 123.7309 119.6575 121.8183 124.1520 123.1374 125.1570 124.4932 123.7804 124.9700
110.3600 112.6543 114.3211 111.3903 119.1535 116.5312 118.6177 118.5465 119.2248 118.3713 119.0437 119.9460 118.9405 119.9258 118.8249 117.9303 120.1404 120.0262 120.4713 120.5469 121.7116 114.9325 117.3146 122.6636 121.8788 121.9408 122.2578 121.9592 127.0557 122.7547 122.9274 124.9196 108.0964 130.1457 125.1922 102.1749 125.3202 125.4161 111.7181 124.9200
110.4500 114.7464 112.9295 102.9542 119.8650 117.9623 117.9409 117.8840 117.8392 116.2531 111.1332 110.1724 116.4301 115.0100 120.1221 119.0915 122.9016 119.0684 122.4912 119.8424 120.1959 121.6407 116.5187 120.6914 122.5323 122.4541 122.3703 122.4016 122.6698 122.8325 122.9652 123.0362 114.7578 117.0155 123.7518 119.2754 119.7764 122.2083 118.4364 115.2400
106.8800 112.7172 106.9812 101.4713 118.9811 118.4067 118.3841 117.3451 111.8260 132.5448 105.5146 122.1517 120.2204 109.5243 118.5342 117.4972 124.0205 119.4681 122.9814 118.4740 120.7103 119.3904 97.7711 117.4353 117.6445 117.1374 118.6859 122.5089 122.1293 122.3874 122.1638 125.6067 116.3923 111.2594 124.4561 120.8818 109.6407 114.6734 119.4746 122.4500
104.1200 104.6489 102.6503 101.9870 120.1079 103.0236 118.6246 116.6056 117.5185 101.8204 112.4071 118.5062 118.3077 118.9795 120.0500 118.9338 118.6207 118.5928 125.3100 116.0843 121.0146 121.7869 111.9108 113.5856 110.8361 127.3352 110.3752 120.3350 122.7576 124.2326 113.8618 123.5131 120.8208 126.2121 115.5013 112.7957 113.6646 116.2202 123.8206 122.9600
109.9700 103.0336 110.0998 115.8191 107.9584 114.0454 106.5014 116.1472 112.5920 102.9236 108.4530 118.0021 117.1627 116.2843 118.1947 117.8148 118.7784 118.4275 117.7458 121.2472 117.8547 110.7838 106.2182 104.3190 119.5437 114.5441 117.7840 120.8929 118.5781 114.8632 107.1264 122.9059 123.2859 125.0760 111.8497 116.3795 115.3697 118.9151 114.2559 124.4400
104.0000 103.4737 112.4006 125.6924 115.4412 116.2973 115.2197 115.9363 117.1538 117.6050 112.4355 117.3802 117.8479 118.4348 117.9611 119.7010 120.0127 118.9056 107.8452 113.3553 120.8720 104.6339 105.4250 109.1025 115.4359 121.4106 121.5298 122.0437 118.8413 123.0819 108.0135 124.3602 120.5280 122.6911 114.2227 115.6559 119.9898 122.4801 122.0711 124.4000
111.9900 124.1771 116.6250 111.6271 115.0850 115.1227 115.4207 115.6397 115.4213 115.9749 116.1244 116.5469 111.5416 109.4704 115.6333 104.2595 109.6375 113.3738 119.6080 117.5137 117.1435 110.9692 107.0009 110.9811 108.2548 120.6981 121.2381 121.4173 122.4269 124.1095 125.5245 115.2905 109.4034 119.9089 110.0784 112.0439 109.8451 128.0475 119.7490 120.4200
114.6600 117.0964 112.4780 115.0661 114.5281 114.5643 114.6392 114.7185 114.7356 115.0938 115.6659 115.9365 115.8821 116.8614 107.4715 97.4477 117.1545 117.8982 118.4468 119.0490 120.7190 103.7210 110.4671 109.1154 107.6658 122.2384 120.6917 121.3472 121.5835 121.8057 121.5071 128.3413 117.2014 110.4859 106.0868 115.2418 114.2949 131.0167 126.4830 118.9400
114.0000 113.5652 113.8249 113.6345 113.6778 114.4437 114.1069 114.8762 113.1930 114.9247 115.1069 118.1487 116.5315 115.3903 125.1100 116.3977 117.1887 115.9486 117.9164 118.7815 102.3945 102.0672 104.2364 111.6999 117.8589 119.6739 121.0741 117.0023 121.2969 121.5612 121.9738 121.8276 104.7768 116.8856 115.1728 115.5542 115.4873 120.4536 124.0825 124.1500
113.2600 113.0709 112.9162 112.8863 112.7643 112.4410 99.8328 113.9439 113.9427 114.2180 114.4924 115.0436 115.1892 115.8846 111.6062 116.8081 117.1886 117.5253 117.7829 115.3148 113.4136 111.8246 114.8385 104.2803 120.5575 118.6697 122.2549 112.1523 122.4211 121.9716 112.1003 115.5369 107.5831 112.1913 115.5034 121.3132 124.0196 124.0108 123.8210 124.1200
112.4900 112.1565 112.0244 111.9858 111.9304 113.6859 112.5327 112.7631 113.1091 113.4867 113.9675 114.4679 114.7369 116.6588 116.0876 116.4605 116.7043 117.1999 116.5328 125.5725 121.3229 119.5885 124.5064 100.1580 118.6291 120.9226 128.8502 121.5373 120.8672 121.6606 110.7529 108.4109 115.9018 118.7647 116.6166 124.4250 123.1448 124.1195 124.3269 123.9300
111.6300 111.2049 111.0316 110.9882 110.9929 110.7616 111.4714 111.9524 112.3749 112.8389 113.3422 113.8413 114.3889 114.7950 115.2303 115.5638 116.4141 116.8500 116.1938 116.6344 117.5810 120.4227 118.4653 111.7848 122.1831 119.7496 119.5169 122.3837 122.0888 119.3858 121.4887 117.6764 123.5361 106.4987 113.6364 120.4651 124.2515 127.7991 129.3747 123.9100
110.6700 110.1307 109.9151 109.8484 109.9642 110.2716 110.5726 111.0244 111.5622 112.1225 112.7099 113.3014 113.8801 114.4708 115.0449 115.5911 116.0713 116.4790 117.4026 117.4592 118.2294 117.4099 121.0394 120.0095 113.1703 121.4391 120.3399 121.9789 116.9643 110.2566 101.6673 112.3584 110.0765 105.5607 110.4388 116.9075 126.7672 123.9863 112.6689 123.8800
109.5800 108.9196 108.6342 108.5484 108.6772 108.9895 109.4798 110.0606 110.7066 111.3795 112.0602 112.7361 113.3822 114.0185 114.6655 115.3234 115.9407 116.3387 116.5589 117.1674 117.3894 118.0314 119.0597 119.4256 96.5872 121.9067 120.2672 121.8860 105.0509 105.2893 97.5640 106.3961 112.9819 118.5446 120.2824 124.4362 124.8085 109.4278 108.0855 115.1000
108.3300 107.5262 107.1306 107.0120 107.1926 107.6407 108.2674 109.0124 109.8153 110.6257 111.4142 112.1799 112.9123 113.6017 114.1875 114.5978 114.4032 115.7083 117.7492 118.0208 119.1111 120.6135 103.4392 110.5080 95.8535 115.0232 111.3333 113.6591 112.3417 114.0532 111.0403 117.8553 114.3841 122.4642 123.1249 122.5852 125.4133 137.3395 127.8290 119.7400
106.8600 105.9080 105.3339 105.1537 105.4232 106.0572 106.9291 107.9036 108.8925 109.8575 110.7826 111.6507 112.4638 113.3187 114.0449 117.2757 123.3619 117.6329 108.0053 103.0652 102.3917 96.7802 102.0691 108.8493 106.9378 117.7603 124.7831 110.7607 110.7680 111.9361 113.1122 113.7095 121.1140 123.9870 120.3918 123.0680 123.3857 120.8876 113.3887 120.3600
104.8800 103.9819 103.0665 102.7665 103.2165 104.1990 105.4498 106.7362 107.9770 109.1259 110.1943 111.1703 112.0714 112.9043 113.6971 114.8507 113.5057 108.9471 106.4382 110.1647 110.8342 120.1827 112.6740 113.9471 110.4896 119.4473 113.8481 110.9903 111.2934 113.0898 113.3330 113.3594 114.8025 115.9108 123.0193 121.2395 120.6231 120.3654 118.3379 120.7600
102.7200 101.6403 100.1312 99.5340 100.3914 102.0152 103.8543 105.5746 107.1046 108.4634 109.6779 110.7600 111.7328 112.6199 113.4206 114.1364 114.5844 115.2104 116.9468 104.9019 107.2945 104.2262 105.1784 104.1449 114.1061 113.9483 109.3365 109.4182 110.9200 113.0533 112.2636 114.4417 114.6900 113.5782 122.4549 122.4508 123.3771 123.1310 128.2427 123.6100
100.0100 98.9059 95.4778 93.8990 96.1601 99.5473 102.2762 104.5126 106.3638 107.9221 109.2577 110.4351 111.4673 112.3982 113.2490 113.9616 114.2363 120.7020 118.9065 110.9082 104.0538 102.0778 107.1562 107.0145 120.1465 119.3083 120.1546 120.8693 120.5631 121.2879 121.6755 123.1722 112.8665 123.3651 122.2335 122.7407 122.0507 129.6390 106.7726 108.6200
99.3200 96.0354 89.4017 87.2966 90.5250 97.0939 100.9624 103.7296 105.8489 107.5488 108.9905 110.2163 111.2991 112.2644 113.1433 113.9339 114.6013 114.7313 113.8732 107.5353 95.5539 102.4141 105.6180 112.0189 108.3512 120.2975 119.3473 123.6295 107.7865 121.8876 119.8158 123.1466 105.0614 123.0031 122.0492 122.6912 122.4057 128.0157 116.5653 123.6000
99.0000 94.3519 86.3939 83.9805 87.5472 95.8295 100.3905 103.4133 105.6439 107.4086 108.8874 110.1426 111.2376 112.2150 113.0870 113.8955 114.8319 113.9159 115.0234 111.9643 109.7846 106.1724 119.2986 119.0603 119.8448 119.3535 119.6730 120.8587 122.1893 121.1450 119.6280 123.1411 106.0288 119.0612 122.7205 122.6632 122.4615 127.8225 119.5635 123.5900
99.0400 94.8378 88.9303 86.8418 89.8166 96.8352 100.8262 103.6604 105.8014 107.5207 108.9631 110.2007 111.2872 112.2543 113.1239 113.9301 114.6361 112.6299 113.6162 106.0253 111.0142 110.8918 116.8817 117.4716 118.6961 119.2134 119.6798 122.5887 116.4532 115.5977 117.3804 122.1460 109.2577 106.1309 120.6588 122.9681 122.8045 125.8958 123.5633 123.5900
99.4500 99.4500 91.5500 91.8500 96.7900 99.4400 101.7700 103.6100 106.4400 107.5700 109.4800 110.3000 111.0400 112.3700 112.9700 114.0500 114.5400 109.1700 113.2000 102.1300 117.0400 117.7300 118.0600 117.7100 118.9700 119.2600 119.8000 119.3900 107.6300 105.8100 119.2200 123.4300 112.9300 111.2300 111.7500 122.6900 123.0600 123.2400 123.4200 123.5900
