101.3700 101.1400 102.9600 104.7000 105.8400 107.0000 108.9600 109.8000 110.5800 111.9800 112.5600 113.6800 114.1900 114.6700 115.5700 115.9800 116.7600 117.1200 97.7300 99.9800 108.3100 112.8100 97.3200 104.6700 105.2900 110.4700 115.0100 99.3000 99.5100 99.9400 100.1400 102.7300 105.5500 103.5900 103.9400 105.5500 106.9800 107.7400 108.7500 109.3700
97.8300 99.7793 101.4850 103.4645 105.4129 101.8392 108.1473 109.4870 110.6314 111.6228 112.5221 113.3456 114.0969 114.7953 115.4592 116.0649 116.4950 121.4301 101.0457 101.2282 103.2769 110.4880 107.6736 100.7188 99.2420 108.1199 110.8535 105.4209 99.5125 99.8873 101.1900 102.9029 105.3188 105.6671 104.3611 106.4333 107.2252 108.8228 107.3894 109.3700
91.7600 95.0763 98.9525 101.8496 104.6449 107.3077 108.0281 109.1211 110.3142 111.3738 112.3154 113.1777 113.9431 114.6393 115.2951 116.0285 116.8053 106.0081 102.3826 103.3640 99.8390 106.6093 106.8313 104.9617 109.0595 115.7884 106.9454 100.6759 99.5997 98.6884 102.3826 102.8325 102.9654 103.2837 105.4737 103.6646 105.7585 103.1927 101.6715 109.1000
91.7600 89.4640 96.4223 100.6028 103.4284 105.5173 107.3689 108.8721 110.1247 111.2153 112.1918 113.0657 113.8881 114.7131 115.3812 115.9451 117.3367 109.5994 113.9389 116.1666 102.8360 104.5133 103.8973 105.3370 113.6311 110.6937 99.9004 104.3413 99.8719 104.0241 100.9127 105.7817 116.9181 120.8113 117.0042 118.3881 115.3017 107.5395 101.4007 102.4200
89.5300 87.3065 95.3893 100.1638 103.2693 105.5418 107.3166 108.7952 110.0631 111.1740 112.1588 113.0505 113.7662 114.2787 114.7804 115.4875 115.8948 117.3225 111.5554 120.5538 104.9888 104.1301 100.0010 102.0268 113.7917 104.3717 99.2383 99.2192 99.6512 122.8504 100.2338 110.8411 123.7604 125.4425 124.7683 127.8256 108.7452 112.1880 101.7115 102.4100
91.7500 90.1244 96.8098 100.7742 103.5853 105.7285 107.4526 108.9073 110.1455 111.2370 112.2130 113.0818 113.6893 114.9828 116.6493 116.8903 117.6115 118.5171 119.9530 127.8360 105.0921 113.3365 101.5880 102.7390 103.5650 112.0523 100.1786 102.5703 112.2179 111.2269 110.0657 111.1656 112.3706 113.2616 114.0492 114.8803 117.2688 101.9669 101.8952 102.4100
91.7500 96.0766 99.3892 102.1454 104.4001 106.2599 107.8366 109.1838 110.3679 111.4122 112.3457 113.2319 113.7880 111.0890 93.3358 99.3880 97.5174 96.0465 99.0186 98.9928 100.4985 101.5239 103.5969 103.3170 103.8155 114.9426 97.7146 99.4486 109.4564 113.5485 113.7619 112.4606 111.1881 112.6590 110.9285 115.5951 103.5425 102.1800 101.5632 109.7800
97.8200 100.2805 102.0510 103.7943 105.3138 107.0116 108.3973 109.6059 110.6948 111.6727 112.5789 113.2248 114.3448 114.1468 103.6588 94.7321 94.3313 104.3000 99.7387 100.7777 103.5807 103.2163 103.9142 104.6949 102.6580 105.5771 97.5866 99.5473 100.1028 100.5932 104.2646 112.1311 113.0156 112.4290 114.9541 114.5636 114.6503 117.5975 106.8460 102.4200
103.8700 103.1887 104.0184 107.9543 106.8365 107.9488 109.0654 110.1374 111.1212 112.0213 112.8521 113.6620 114.3770 114.1393 119.1064 104.9767 96.8144 99.1788 100.1721 101.9094 105.4184 103.0433 105.6526 105.5996 96.3465 111.9445 96.9878 99.6465 103.9950 105.1869 113.6603 112.7081 112.4353 105.0992 114.1241 110.8309 113.6747 106.1435 117.7981 106.1700
105.8200 105.4009 106.0261 103.6816 107.4121 108.9401 109.8100 110.7381 111.6064 112.4132 113.2761 113.7805 114.6801 114.3898 114.6824 117.1265 98.2552 98.7940 99.3843 103.5143 97.2348 103.3961 106.8679 97.6223 104.7521 97.7058 98.0728 99.0735 102.1169 109.3693 112.9030 110.2767 113.3137 113.0860 115.0360 108.6479 109.5753 118.3870 117.8898 109.2900
107.4000 107.1673 107.7433 108.4121 108.9693 109.7704 110.5795 111.3744 112.1440 112.8961 113.0800 113.0414 117.3675 106.0350 119.6186 100.1310 99.9412 99.0987 98.4959 104.5576 103.4893 107.7178 111.7792 97.6315 97.9505 99.8485 99.5159 100.7944 101.9940 100.9137 114.5292 104.4212 114.7281 115.1473 115.3945 117.1850 117.7776 116.7198 116.9041 117.9200
108.7500 108.6619 108.9873 109.4358 109.9884 110.6769 111.3253 112.0289 112.6930 113.4090 113.4009 122.9748 113.0817 107.2218 111.9102 98.4063 97.9177 97.4434 99.4980 101.4499 101.7637 107.2853 112.0628 100.7826 98.4505 97.3335 106.3261 104.6008 103.5222 109.2017 113.0863 105.0959 107.4219 110.6174 111.8059 112.1969 115.5143 117.7817 114.4553 109.4400
109.9100 109.9410 110.2408 110.5288 111.1124 111.3623 112.0907 112.6801 113.2755 113.7707 115.4350 105.2312 112.9996 110.6897 101.2523 103.0735 104.9181 103.4868 100.0054 101.4503 107.0206 112.8161 106.0229 97.3174 102.1742 104.9267 108.8822 108.2872 109.8745 113.2919 112.5637 108.2607 111.1091 111.5951 107.4084 107.5324 113.7094 113.2244 111.4761 107.8300
110.9300 111.0514 111.2905 111.5210 108.2077 112.6073 112.8373 113.3210 113.8105 114.4172 115.5041 107.6347 104.6615 102.3958 97.6505 105.5516 105.3399 104.6542 107.2871 105.0913 105.6251 110.5631 100.9527 104.3846 100.0095 107.6317 108.3631 110.4145 108.6631 101.1977 101.6260 111.5930 114.0464 114.3040 113.4350 114.0093 116.2985 107.7671 110.9461 111.4500
111.8500 112.0448 112.2656 112.2232 113.8077 112.9451 113.4662 113.9384 114.4163 114.6628 115.7111 116.3420 116.4438 106.4896 96.1843 100.5798 103.4238 110.6703 108.0921 108.9056 107.5423 103.5308 96.4938 106.2161 103.4047 106.7263 105.5787 104.6690 101.7674 107.3283 108.8542 110.2909 112.4174 113.8159 114.9041 118.2986 104.2930 109.7163 102.8558 102.6700
112.6800 112.9318 113.0495 113.2904 113.2601 113.8407 114.1910 114.5309 114.9210 115.4677 112.1847 107.9943 116.5287 98.1378 97.9489 100.0762 103.5195 105.6791 107.4774 108.9748 109.9627 108.4400 109.9726 98.6245 109.8565 108.8192 106.1188 106.3899 107.8511 108.6935 110.0122 110.6132 115.4809 118.0703 114.4142 114.9983 106.0900 104.2789 102.6444 102.7000
113.4300 113.7491 113.8438 113.9942 114.2556 114.4837 114.7817 114.9610 115.8657 117.1407 105.5849 107.3228 111.8796 98.8366 100.9998 103.8504 106.0335 104.8775 106.7571 110.2495 107.9992 110.3021 110.9055 104.5128 107.5197 112.5737 109.7729 110.3393 110.5662 109.4957 111.0409 111.7529 111.5499 111.5196 111.8996 105.3343 100.4225 102.0011 102.9147 102.7200
114.1300 114.4187 114.5529 114.7072 114.8856 115.1230 115.3694 115.6779 107.9444 100.4173 108.2827 104.3260 100.2691 117.0641 99.2921 98.3397 104.1205 105.2250 107.3416 109.9562 108.8466 109.3306 108.9505 102.2000 100.4900 107.5928 114.3738 113.9214 111.2312 112.2917 111.8442 111.5621 110.6741 105.7158 101.2411 104.5242 104.0064 102.9696 102.7976 102.8900
115.3700 115.4324 115.2930 115.3539 115.5270 115.7065 115.9338 116.2576 118.8839 110.9055 102.7798 107.6802 99.1100 102.0038 96.6011 98.1644 98.2901 103.6083 106.7269 109.2113 111.1618 112.1355 112.4363 108.3261 107.8663 113.5278 111.2608 112.8151 115.9254 115.7029 114.7743 114.6899 113.3374 105.1276 101.9611 101.4680 101.6709 102.5732 102.7584 102.9100
119.4300 112.6764 114.0880 115.9645 116.1499 116.2754 116.5002 116.4860 116.7158 116.8436 102.6491 105.8919 102.2812 115.5168 99.2245 100.5502 102.9640 102.9946 110.1585 110.6487 112.6166 110.8629 104.3784 101.3101 115.6739 113.0840 114.1594 115.7178 115.0955 116.3484 112.1602 114.7037 99.8116 109.6210 106.4257 102.8712 102.3347 102.7519 102.8604 103.3600
116.4600 101.6947 109.3396 116.7489 116.6786 116.8219 116.7460 117.7894 114.9654 119.2011 94.2102 101.7792 100.8241 105.9438 108.6505 104.7026 105.0001 101.6045 106.9414 100.1515 103.7985 96.3348 98.0524 100.1268 115.4450 117.7403 116.5887 115.7078 116.8124 117.2224 100.5291 107.5111 99.8559 115.6821 118.5750 106.0538 110.5771 102.3565 102.8020 103.2600
116.9600 116.6360 117.7042 117.0635 117.2797 116.6274 118.6932 117.1416 124.6959 128.7845 113.7302 98.4410 98.0920 110.3604 106.6161 110.3260 103.6705 113.3123 106.2293 106.9353 101.5208 99.0482 99.8142 98.6078 104.1277 108.7741 115.6577 115.8300 115.2939 118.4228 99.7382 101.0818 100.0969 109.2271 108.9855 103.4649 107.0828 102.4414 103.4469 103.8500
117.4300 117.3670 117.2524 117.4918 118.0722 114.1000 103.6772 118.5780 117.4631 118.0913 118.4642 119.0768 117.4971 113.5298 98.5904 108.8350 107.9352 121.2506 107.0807 108.0544 107.1871 105.4613 99.4707 99.7538 116.9159 114.3389 117.1019 116.8964 115.8507 117.4149 114.8040 116.1087 110.6502 99.4639 100.0387 102.6229 101.9104 102.9272 103.3168 103.2000
117.8800 117.9788 118.0480 118.0900 118.4506 116.1939 117.7191 119.4815 117.8933 99.6466 121.0793 119.2587 117.3410 114.4062 115.0649 110.0315 119.5518 107.9941 112.7189 100.1392 108.7775 107.6706 103.4825 102.5569 113.4410 113.0650 118.5724 117.7990 120.1997 105.1176 113.8972 121.5305 123.2080 101.9011 113.8751 102.0230 102.7671 103.0026 103.1513 103.3700
118.3000 118.3981 118.4295 118.4908 118.5607 118.8868 118.8722 117.0728 119.9225 120.5117 99.2791 119.8865 113.4823 108.7671 104.2554 105.3878 108.3682 113.3263 100.9676 109.0991 102.4256 110.6225 109.4280 108.4834 115.8743 116.8384 117.3542 118.1006 120.0150 118.8216 107.1473 102.6918 110.0592 111.9488 117.2571 101.8469 103.2244 103.1553 103.3224 103.4000
118.7000 118.8502 118.8825 118.9319 119.0119 119.0673 119.4196 118.4813 119.7891 100.2531 112.0819 111.5183 115.8298 104.9148 112.3748 110.1047 111.3382 113.5431 123.9235 116.5402 111.1576 108.5078 111.9351 108.8064 112.9493 116.6904 117.1527 118.0030 117.9771 121.5078 101.6772 102.3902 101.5766 101.7056 103.0511 102.5005 103.1149 104.1230 102.8629 103.4400
119.0900 119.2664 119.2929 119.3456 119.4116 119.5004 119.5714 119.8997 119.7866 119.5748 123.9337 109.5444 112.0275 120.8854 99.6158 108.3094 116.8464 104.8040 118.7965 119.7225 110.9647 105.4121 108.7194 111.4171 110.5888 110.8847 118.0269 116.8028 119.4918 118.8616 105.0228 102.1628 102.5798 103.0377 102.9124 103.0045 102.1910 118.7485 106.2322 104.6400
119.8200 119.6710 119.6937 119.7402 119.7987 119.8764 119.9525 119.8391 120.6912 120.5296 117.6202 107.8737 108.2863 122.4897 107.6830 99.3717 119.4480 117.0370 114.7369 111.4957 101.3770 112.1788 101.0138 111.2304 113.6030 110.4407 111.0472 109.7088 121.2724 120.6052 105.2665 102.6824 102.4274 102.6684 102.8430 102.9547 103.8546 103.2935 123.4049 125.4500
120.1600 120.0467 120.0765 120.1123 120.1757 120.2335 120.2976 120.6512 120.6213 123.7107 122.9729 111.7739 121.4986 122.5433 105.5188 107.7154 119.8000 118.6024 123.4341 113.7649 117.0320 116.0733 99.2726 104.1744 111.0585 117.4313 107.8778 112.5442 115.7304 116.0028 119.9758 101.4751 102.3952 102.2363 102.9751 103.2724 102.7076 101.9096 99.0554 103.8100
120.4900 120.4192 120.4441 120.4740 120.5293 120.5799 120.5849 120.6857 100.0101 104.1620 119.0447 122.4136 115.1727 118.1265 121.8903 113.3692 104.0860 119.3388 113.6073 116.8630 120.9117 110.5914 103.3896 118.4158 114.7446 115.0233 116.2546 116.5369 104.9156 106.7686 111.1387 101.5565 103.1826 108.1331 103.4453 104.1483 104.6111 107.7617 114.1138 104.5600
120.8000 120.7669 120.7969 120.9040 120.8871 120.9076 120.6874 122.3197 109.9745 105.1155 111.1597 121.8348 117.1145 102.9751 119.4049 117.4556 112.5155 107.0122 108.9619 115.9052 109.2111 119.1478 109.5264 109.6413 112.6048 117.2813 115.7373 112.7171 109.4001 107.9526 103.4047 102.8746 103.2515 107.2493 99.9179 100.2604 104.8842 107.0804 104.6570 104.5600
121.1100 121.1018 121.0022 120.7416 121.2569 121.2740 121.6041 123.2415 102.9260 115.9960 106.1552 111.5506 114.7728 117.9152 122.4351 111.2231 114.4415 116.3968 113.8323 110.1839 127.3333 107.4741 102.1010 103.6043 103.3468 116.2747 114.6708 104.2773 104.6684 101.7401 102.9010 102.7959 100.7539 103.2468 118.5157 122.7538 99.8928 103.5958 105.4789 104.6500
121.4000 121.4465 122.0908 123.7324 125.1768 120.7558 117.2105 109.3293 123.2355 117.1563 112.8196 114.8265 107.8182 120.0836 114.5398 103.3786 121.1047 114.8144 104.5570 107.1643 118.3073 101.8783 102.4089 101.3485 102.6546 110.0553 106.7238 102.1846 102.0085 102.7109 102.8118 103.6719 104.0924 124.1879 125.7882 126.9167 124.0317 104.5190 105.0924 106.2500
121.6900 121.6103 121.6807 108.5855 110.0384 121.8322 121.7241 122.4610 122.3321 112.9542 109.1145 106.4064 98.7015 102.7717 103.2561 105.5550 104.2198 113.4019 112.6725 102.1864 100.5957 102.8148 108.3126 101.8459 102.2341 104.3694 102.0898 102.0856 102.7006 102.9618 102.9934 103.1637 101.4984 104.2413 123.4309 105.5710 111.6084 111.3492 117.2246 117.3100
121.9700 122.6485 123.2046 115.4696 108.9666 111.7233 104.8938 115.9464 112.6387 111.5094 109.3493 110.9166 121.5080 111.5631 106.4090 112.2266 100.2949 112.5798 107.8310 98.4409 101.7176 108.8436 104.8636 101.8390 102.3129 102.4960 105.2453 102.6059 102.4151 102.6324 103.2382 103.2172 103.6309 103.6556 104.4013 105.6435 103.2974 104.2654 103.6457 104.4400
122.2300 120.3708 122.8736 105.6846 112.6860 122.2246 103.3109 103.6448 125.3935 113.2926 109.7512 110.2034 116.6075 99.7257 127.3337 121.5523 120.5617 105.1411 119.5603 105.6863 100.3553 102.8655 102.1481 102.6779 101.8832 105.4892 107.9601 106.4325 111.6093 104.6910 103.9661 104.1487 103.3642 104.2502 103.2108 119.2998 102.0648 104.7723 104.5042 104.6000
122.7500 125.7381 113.1401 108.2197 124.6473 116.8286 106.9401 119.5222 120.8621 109.6733 110.5536 110.3853 119.1354 115.3472 121.1185 123.2990 121.7112 100.3674 113.5120 106.2217 110.5244 101.8586 103.4397 102.6582 103.3624 118.6914 115.3199 118.9200 114.1696 124.6840 112.8758 113.4757 104.8830 121.7108 108.7851 106.0246 104.8785 105.2064 103.2979 104.6400
122.9900 109.3187 113.6157 110.0536 105.3239 124.4781 108.1707 119.8245 114.7302 109.5217 109.7344 111.2203 113.6765 110.7600 102.1143 126.8724 113.4627 116.0743 112.6343 109.5664 101.2414 102.4875 107.2277 104.2010 102.8475 117.2953 102.7904 120.5931 110.8696 118.1194 106.7404 105.5624 101.8710 101.4032 128.2084 121.4093 112.9183 106.3053 115.4059 108.7100
108.7200 116.1985 110.9990 101.6009 110.2507 117.0894 111.9813 115.3265 112.5176 112.6342 110.3671 112.8563 113.1056 118.5157 110.7392 119.5939 114.6347 108.0811 104.8290 102.2448 102.7853 99.1861 108.0721 109.0248 104.7741 107.0191 102.9180 123.7003 118.0583 114.4423 109.7498 103.3266 103.7820 108.3816 115.3829 119.6909 127.8117 112.6283 126.0783 122.4100
108.7200 123.2300 104.8000 101.4400 101.4300 115.9600 120.9000 111.9000 123.5300 112.2400 104.7900 113.2400 113.6400 113.6400 112.2700 111.7000 102.1800 107.5700 102.4600 102.5600 112.7100 114.0500 114.0500 105.7900 107.2500 106.4900 106.9700 104.0700 122.8100 108.7800 103.8800 104.0000 104.1100 114.3500 115.0600 115.0600 120.7300 126.7900 126.6600 122.4100
