114.0400 113.5200 112.9600 111.7100 111.0200 109.4400 108.5200 106.3400 105.0100 101.5100 99.0200 89.6300 89.6300 89.7400 89.7400 95.5300 101.5000 103.4300 106.3400 107.5000 107.2900 110.2600 111.7100 112.3600 113.5100 110.7600 112.0400 101.6800 100.3700 97.8500 117.0400 104.6500 114.0800 118.6800 118.9800 119.5400 119.8100 120.3200 120.5600 119.6800
114.0400 113.5405 112.7080 111.7917 110.7760 109.6031 108.2573 106.6725 104.7141 102.2270 98.7012 92.1816 86.0306 85.0318 89.3238 97.3811 101.2911 104.0807 106.1271 107.9917 107.2574 106.4267 106.7172 112.2671 111.6854 108.0531 114.5301 101.0464 100.6458 96.2438 113.1747 102.5548 110.4091 115.5491 118.8747 119.5102 119.8605 120.2719 120.7276 119.6800
114.0600 113.5698 112.7441 111.8404 110.8263 109.6761 108.3587 106.8043 104.9306 102.5497 99.3433 94.0504 88.3170 87.3895 91.7945 98.7601 101.8481 104.1723 106.2484 107.9075 108.4781 110.3512 108.3455 112.3880 114.2846 126.0281 118.8920 101.1929 110.9825 108.1458 117.9371 111.5369 116.5019 116.5261 118.9487 119.4790 119.8708 119.8414 119.9628 120.8000
114.0900 113.6667 112.8653 111.9811 111.0002 109.9095 108.6579 107.2202 105.5327 103.4939 100.9694 97.9636 94.4930 93.5849 96.8583 98.9336 104.2864 105.1325 106.8792 108.3243 109.6711 110.7345 111.9793 112.5867 113.0423 106.5908 110.3580 101.9829 104.8331 118.6412 117.7849 118.7093 118.7690 118.9061 118.9727 119.5182 119.8095 120.0749 124.3201 120.8100
114.1500 113.8305 113.0530 112.2098 111.2838 110.2690 109.1309 107.8306 106.3870 104.7340 102.9207 101.0512 99.5512 99.3279 100.4727 102.6677 104.2189 106.2190 106.9816 108.0244 109.9117 110.9622 111.8297 113.2680 113.1586 112.2917 104.2569 103.9909 97.6469 118.3668 116.9341 116.8155 118.1738 118.6350 119.1317 119.5633 118.3669 126.3658 109.0666 105.1000
114.7000 114.0402 113.3089 112.5123 111.6486 110.7138 109.6621 108.5358 107.3577 106.1015 104.7700 103.5643 102.7373 102.5652 103.2244 104.3633 105.5493 107.2019 107.9328 114.4862 110.1945 111.3349 112.1621 113.3448 119.4166 109.5676 98.9063 105.6885 101.5223 110.0158 117.9407 117.7416 118.3832 118.7894 119.1735 119.4884 123.2367 121.0138 105.8593 111.2700
114.7900 114.3055 113.6070 112.8695 112.0870 111.2133 110.6482 109.3622 108.3406 107.3890 106.4132 105.6064 105.1043 105.0056 105.9344 106.1672 106.7951 105.8355 109.8841 101.2293 112.2566 111.6600 112.6375 113.3293 115.4249 102.0657 121.0423 102.0717 103.9942 116.8904 105.6457 119.2728 118.4028 118.7683 120.2083 119.9226 115.9327 119.4730 100.8920 120.3300
114.8800 114.6047 113.9618 113.2765 112.5750 111.7533 111.0658 110.6440 109.5414 108.6220 107.8847 107.2994 106.9610 106.9038 107.2020 107.5859 107.8079 112.2937 110.7049 106.4484 101.1801 112.7266 112.9828 113.9718 114.6831 111.6636 114.0309 116.2589 108.8426 117.7324 108.4583 119.0595 118.5841 118.8834 119.3636 119.9388 115.5838 107.0663 106.0328 108.3400
115.4200 114.9339 114.3326 113.7172 113.0657 112.2546 112.9226 112.6262 109.8779 109.7841 109.1661 108.7405 108.5102 108.4674 108.6449 109.0108 109.7144 101.6102 110.9942 111.7853 110.5149 106.4486 113.5064 112.8024 114.2126 114.6980 122.3851 115.3174 117.2717 117.4450 118.0140 118.3244 118.6832 120.2006 119.5638 118.8558 121.5135 120.6653 122.3064 114.5800
115.5400 115.2778 114.7330 114.1943 113.5312 113.3303 112.4605 112.3693 110.8495 110.7607 110.3170 110.0082 109.7626 109.7518 109.9081 110.2106 110.3135 111.5051 111.7010 111.8293 113.7452 113.7576 112.8953 110.9953 114.9175 115.0298 106.2443 115.0231 116.8932 117.5097 117.9121 118.4143 118.3503 124.1918 119.1069 120.0179 119.7097 118.9944 120.3229 119.9300
116.1800 115.6468 115.1475 114.6125 114.3727 113.7598 115.5447 112.5232 112.3080 111.6416 111.3566 110.7771 110.9580 110.9062 111.0192 111.2611 111.6161 111.8510 112.4191 112.9242 113.0169 113.4206 112.6819 92.8984 99.0986 108.2004 118.3594 116.8381 117.2052 117.8547 118.2635 118.6436 119.0833 119.1158 119.7168 120.1040 120.1849 120.7009 121.0847 121.4500
116.1800 116.0307 115.5713 115.1112 115.1926 107.6372 120.2905 110.5194 112.9113 112.5905 112.4151 110.3860 112.4318 111.8248 112.0097 112.1943 112.4541 112.7890 113.1436 113.6195 113.9505 114.6587 115.0859 107.8910 104.1712 110.3484 116.4115 117.0844 117.6896 118.0368 118.4565 118.8409 119.2204 119.6370 119.9750 120.2507 120.6683 121.0190 121.3135 121.4500
116.7900 116.4144 115.9207 115.7787 115.8751 106.4583 102.9257 111.7573 113.5700 112.8902 113.3735 112.9548 112.3786 112.7790 112.8930 113.0487 113.2608 113.4965 114.1056 114.1219 117.1935 115.1945 116.1562 116.5694 117.1571 117.2961 117.2145 117.6975 117.7095 118.3166 118.6880 119.0471 119.3907 119.7321 120.0907 120.4194 120.7260 120.8544 120.9472 121.5300
117.2500 116.8175 116.3518 113.4928 115.0186 104.2919 109.7712 114.9151 114.2080 114.0891 113.8601 106.2404 114.7056 113.3278 113.7058 113.8390 114.0127 114.2214 114.3239 112.3747 113.9871 108.2468 116.2553 116.3073 116.4841 117.1349 116.3263 117.4527 118.5925 118.8677 118.9330 119.2569 119.6109 119.9328 120.2374 120.7018 120.3718 121.3878 125.1530 121.7900
117.3200 117.0965 117.2176 111.0580 106.2121 98.9965 113.7238 115.3924 114.9774 114.7434 114.7103 115.4605 114.2868 114.4197 114.4388 114.5540 114.7090 114.8633 115.3750 115.5133 115.5833 116.2211 116.4313 116.7460 117.2141 116.3672 119.7283 121.7886 106.8754 119.1108 118.9076 119.5128 119.8174 120.1559 120.4763 120.8922 122.8651 114.4131 128.6044 121.8400
117.8300 117.5998 117.1930 116.9894 107.5540 98.9892 115.7164 115.8329 115.6034 115.4164 115.2386 114.9768 115.1145 115.0830 115.1271 115.2212 115.3564 115.5316 115.7205 115.9725 116.2363 116.5008 116.8316 117.1738 117.4222 117.6779 118.4499 118.2442 118.2991 119.2248 119.3937 119.7240 120.0230 120.3954 120.5998 120.5154 121.9945 108.7308 107.4135 106.2700
118.3100 117.9464 117.6237 117.9645 115.2276 117.2785 114.8503 115.9853 116.1800 116.0625 116.0342 116.2178 115.7529 115.7261 115.7623 115.8381 115.9569 116.1063 116.2939 116.5089 116.7507 116.9989 117.2761 117.5568 117.8199 118.1695 118.4696 118.6884 119.0068 119.2883 119.7111 119.9727 120.2531 120.3340 121.0007 119.8144 121.9860 115.7481 106.3448 122.1400
118.3100 118.3665 118.0069 117.7065 118.8325 109.3167 111.9553 119.8525 116.6450 116.4073 116.9265 116.2982 116.3429 116.3138 116.3514 116.4172 116.5169 116.6556 116.8205 117.0134 117.2216 117.4684 117.7008 117.9446 118.2368 118.5083 118.7918 119.0582 119.3728 119.6384 119.8858 120.1980 118.1376 120.8433 120.0664 105.0307 115.2432 119.8427 124.4161 122.2000
118.7700 118.9618 118.3410 118.0202 117.9649 99.4991 110.7028 115.6442 117.1663 118.4094 112.2768 117.2739 116.9388 116.8879 116.9042 116.9782 117.0937 117.1694 117.3251 117.5006 117.6994 117.8319 118.4891 118.3608 118.6126 118.8509 119.1123 119.3736 119.6401 119.9036 120.1221 121.2946 112.3693 117.6596 111.3299 116.9148 111.8213 109.4928 119.6008 122.5000
116.9100 115.3923 116.8167 118.8741 119.3685 117.2733 120.4898 114.2473 118.2671 117.3022 106.9640 118.5166 117.4401 117.3234 117.4234 117.3762 117.3315 117.6962 117.8025 117.9503 118.0083 118.0601 115.6203 118.9276 118.7312 119.1947 119.4350 119.6804 119.9267 120.2733 120.5868 118.7410 110.8355 105.9158 109.4064 109.8497 115.0029 117.9124 115.1663 122.5000
119.5800 117.5837 118.5956 118.5662 116.8669 118.7955 118.1894 118.6859 118.0337 118.9928 118.7327 117.6424 120.2403 117.6523 117.9218 117.9284 120.0246 117.8375 118.2503 118.3943 118.6427 117.3604 103.3696 120.3419 119.2513 119.5269 119.7570 119.9860 120.1999 120.4045 120.2796 119.5641 105.5266 116.0862 125.3294 116.5978 113.9158 122.8915 122.2391 122.7900
119.6300 119.8034 119.6588 119.5552 119.1920 118.9119 118.7993 118.6588 117.3187 117.1641 118.2759 118.2388 118.1981 118.3778 118.3742 118.3325 119.2896 118.4644 118.6888 118.8217 118.8888 119.4360 110.4176 119.3704 119.5633 119.8646 120.0478 120.3257 120.2888 122.0099 119.7899 118.9757 117.2977 121.8877 122.2332 123.1708 108.5879 123.0693 122.1792 122.7900
120.0600 120.0514 119.8868 119.7239 119.1915 119.5071 119.2295 119.1331 119.1207 118.9958 118.8789 118.8808 118.8472 118.7827 118.8365 118.9638 118.8654 119.0169 119.1061 119.2140 119.3143 119.5338 119.9723 120.1939 119.9303 120.1756 120.3825 120.4212 121.9734 111.5164 115.0985 117.7113 121.9228 112.3925 119.1212 118.0801 112.1851 117.2892 114.8378 116.6100
120.6700 120.3666 120.2177 120.0507 115.8438 118.7299 119.6106 119.5136 119.3972 119.3422 119.2914 119.2437 119.2270 119.2548 119.2821 118.8517 119.1945 119.4238 119.4807 119.5982 119.7236 119.8600 119.9569 120.0532 120.3502 120.4811 120.6754 120.9049 120.6598 113.2423 113.5647 123.1505 121.6127 116.1404 104.4005 111.1405 121.3266 117.7633 116.6247 116.6100
120.6700 120.6872 120.5301 120.3055 120.4691 120.1815 119.8923 119.9215 119.8256 119.7468 119.6935 119.6549 119.6305 119.6713 119.2755 122.9859 120.1573 119.8616 119.9056 119.9513 120.0816 120.1987 120.3338 120.4970 120.6201 120.8024 120.9757 121.1266 121.4722 120.0681 123.7156 116.3199 112.0261 108.6565 120.4709 114.3887 114.5581 123.4572 117.0526 123.3700
121.0100 120.9939 120.8486 120.7274 120.5542 120.4580 120.3725 120.2623 120.1869 120.1232 120.0686 120.0336 120.0200 120.1046 120.6916 124.3232 104.5843 121.6093 120.1813 120.3231 120.4259 120.5460 120.6719 120.7943 120.9603 121.0732 121.2429 121.4016 121.5539 121.0353 121.7623 110.2693 117.3296 107.0850 108.4223 121.6436 122.9390 123.4882 123.4934 123.5900
121.3300 121.2821 121.1453 121.0263 120.9129 120.7974 120.7019 120.6188 120.5383 120.4812 120.4303 120.4062 120.3748 120.3975 120.2940 121.1114 121.3134 121.5440 120.5598 120.6675 120.7668 120.8764 120.9889 121.1131 121.2243 121.4820 121.4535 121.9203 121.7245 122.1662 122.4860 120.5133 116.6639 104.8672 102.6801 117.0641 123.4524 123.1800 123.6950 123.6400
121.6300 121.7206 121.4099 121.3280 121.2252 121.1157 121.0277 120.9472 120.8852 120.8229 120.7785 120.7536 120.7366 120.7354 120.7612 120.7731 120.5474 120.5826 120.9069 120.9998 121.0897 121.1941 121.2979 121.4122 121.5429 121.5845 119.9048 121.5242 122.2003 123.0557 127.4958 111.1749 123.6377 112.5585 107.0472 123.2555 123.3396 124.3191 123.6744 123.8700
121.9100 121.8124 121.5888 121.6371 121.5276 121.4368 121.3513 121.2770 121.2162 121.2036 121.1592 121.0903 121.0883 121.0818 121.0859 121.1149 121.2168 121.2148 121.2541 121.3239 121.4025 121.5020 121.5969 121.7073 121.8301 121.9233 125.0636 122.7572 122.2086 123.2485 118.6803 115.0074 123.0051 119.6426 116.5217 120.1906 119.9943 121.5638 126.5335 124.1400
108.3900 122.4444 121.6954 121.9248 121.8278 121.7383 121.6570 121.5935 121.5643 120.9359 121.4103 121.4594 121.4039 121.4004 121.4163 121.4643 121.2229 121.5965 121.5997 121.6185 121.7114 121.7794 121.8872 122.0303 122.0597 122.1525 122.3115 121.8052 124.6146 117.4071 121.3226 108.9043 114.2141 120.2774 121.6011 115.0249 115.7873 114.8237 114.9254 124.3500
101.0600 122.4987 122.0810 122.1835 122.0679 122.0245 121.9559 121.8961 121.8587 120.9869 121.8799 121.0492 121.6314 121.7306 121.7226 121.7976 122.3148 120.7318 121.4765 121.8231 122.0169 122.1417 122.1910 122.0136 122.5080 122.4590 122.2757 122.9950 122.5506 111.0866 119.4359 111.8271 111.2728 124.9022 122.2626 124.7525 114.8150 116.3736 121.0802 124.3800
122.7600 122.3431 122.6295 122.5638 122.6564 122.3615 122.3045 122.1940 122.1550 122.2355 121.2667 121.9144 122.5839 122.0150 122.0357 122.1133 121.6453 123.9534 119.6843 122.4067 122.3051 122.2764 122.4351 124.5289 120.0909 122.1764 122.4938 122.5539 122.9433 123.3484 113.1357 106.2015 112.8455 119.2310 123.9465 123.9215 120.6454 126.4101 128.2905 137.0900
123.0200 122.8778 122.8697 122.5197 118.6045 122.8491 122.3748 122.4815 122.4080 122.4272 122.6162 119.1470 121.7394 122.1934 122.3193 122.3830 122.3466 124.7595 102.5438 123.0602 122.5163 122.2566 124.1968 114.5561 113.7139 114.3848 127.5195 122.3195 111.6003 107.6451 113.1030 121.6453 122.7492 124.6601 123.7937 124.3160 124.3988 124.5190 112.3094 127.0900
123.2700 123.1873 123.0541 123.4453 119.8481 121.2259 122.6623 122.7648 122.6903 122.7093 123.4300 111.1212 123.8910 122.1219 122.6116 122.6984 122.7826 113.5207 104.6734 125.2157 125.2982 124.6275 124.8939 115.6582 118.0395 120.5393 115.5276 118.7862 113.5382 108.1216 107.8898 122.8653 124.0685 116.1092 122.1475 122.1386 127.6587 116.3769 122.8898 126.5900
123.5000 123.4036 123.3264 123.1232 118.9078 123.1357 122.7231 123.0397 123.0069 122.6794 122.7129 120.0581 122.7497 122.9274 122.8905 122.9106 122.9269 122.8146 102.3608 126.0731 121.3322 127.4927 125.3520 112.2803 125.4440 109.1895 106.1627 110.9213 120.7144 113.4035 117.9918 126.1642 123.8924 128.2714 114.8615 112.4008 125.5620 109.8982 122.1979 125.0600
123.7400 123.6736 123.4983 123.2757 124.0087 123.2759 123.3099 123.2706 123.2495 123.1249 121.7674 122.7897 123.0767 123.1741 123.1432 123.1310 123.1852 124.8024 117.2545 117.9154 99.8073 117.8068 116.2811 109.8427 126.1703 123.4816 114.3737 113.6874 124.1085 117.5672 112.1769 117.5700 124.7093 124.6072 123.5699 126.0155 123.2849 121.7379 125.9092 125.2400
123.9700 123.7922 124.1994 124.7396 123.3604 123.6243 123.5558 123.5298 123.4990 123.3926 123.5206 123.4192 123.4107 123.4066 123.4398 123.4363 123.4299 123.5693 113.4192 108.2966 114.9867 104.1198 112.3015 119.7876 124.3180 124.1159 124.0694 123.6596 125.1211 122.9772 109.2456 121.3475 114.3005 124.5551 124.9372 124.1775 127.2782 116.6700 108.9545 108.7700
124.1900 124.1632 118.3186 118.1985 124.4249 123.7855 123.8075 123.7653 123.7370 123.7338 123.6928 123.6662 123.6594 123.6726 123.6464 123.7330 123.9088 124.0434 120.3558 108.9943 109.1324 103.0583 123.0970 124.6178 123.9586 124.1867 124.2002 124.3653 124.5717 124.1106 112.0428 135.3082 121.4509 125.2963 125.0907 125.1128 125.8152 126.3780 110.9662 125.6500
124.4100 124.8474 115.9147 105.5613 126.1393 123.9545 124.0173 124.0109 123.9732 123.9355 123.9188 123.9137 123.9023 123.9281 123.9373 122.8194 121.7575 124.7751 120.4800 105.7626 114.8711 119.2518 124.7925 123.9855 124.3823 124.3923 124.4572 124.5190 124.5845 127.8424 123.1855 104.3565 118.6575 125.4378 125.1567 125.3310 124.7585 126.1779 126.1977 125.6800
124.4100 124.4500 124.4800 104.6000 124.3600 124.2000 124.2300 124.2500 124.0700 124.1000 124.1100 124.1200 124.1200 124.1300 124.1200 124.1200 106.8200 123.9600 102.2500 102.2500 124.2100 124.3700 124.3400 124.4900 124.4500 124.5900 124.5900 124.7200 124.8400 124.8100 111.3800 117.2000 125.1700 125.1700 125.4200 125.3900 125.5100 125.6200 125.7400 125.8400
