114.5900 110.9900 110.9000 129.2400 105.0400 117.9100 125.8700 125.8700 114.2400 105.8700 120.1500 118.5700 118.6100 118.6400 118.2800 118.3000 118.3000 118.2900 118.6300 118.6300 118.5500 118.8500 118.8500 119.1300 119.0600 119.3000 119.5200 119.8100 120.0000 119.9600 120.4300 120.4300 120.8400 121.0800 121.2300 121.4400 121.6600 121.8100 122.0000 122.1900
113.3300 114.9220 103.3832 103.8153 97.2278 117.4448 119.0979 115.6628 98.8338 111.7043 118.8838 118.3272 118.2281 118.2189 118.1488 118.3403 115.9454 115.4499 118.2680 118.2969 118.2836 118.5781 118.8785 118.7087 118.9260 119.1036 119.2947 119.4904 119.7066 119.9217 120.1418 120.3648 120.5962 120.8279 121.0539 121.2881 121.5172 121.7519 121.9812 122.1900
128.0100 123.7837 112.7909 111.3472 114.8590 109.9752 110.2818 113.7197 89.9849 114.9992 102.2111 118.4646 117.9120 117.7108 117.6732 117.6152 114.8651 116.5521 117.7156 117.8396 117.9457 115.9749 117.8611 118.2984 118.5303 118.7221 118.9338 119.1506 119.3718 119.6073 119.8420 120.0808 120.3259 120.5683 120.8096 121.0550 121.3012 121.5398 121.7831 121.8600
114.7600 122.8297 113.2950 115.5175 99.6491 99.0682 98.1169 122.1705 103.7902 119.2321 100.9637 119.4344 117.3966 117.2118 117.1730 117.1857 117.6885 117.2241 117.2381 117.3176 117.4094 117.5127 117.6420 117.9374 118.1159 118.3230 118.5517 118.7921 119.0340 119.2859 119.5412 119.7957 120.0562 120.3142 120.5732 120.8318 121.0860 121.3493 121.5962 121.7800
98.4700 111.5492 109.0473 103.3534 97.0766 107.3211 99.3910 104.3985 102.9481 114.2352 106.9202 118.3137 116.8840 116.6762 116.6384 116.5876 116.5065 116.6270 116.6915 116.8000 116.8766 117.0400 117.2946 117.4638 117.6866 117.9244 118.1684 118.4299 118.6938 118.9568 119.2357 119.5052 119.7861 120.0561 120.3344 120.6043 120.8709 121.1411 121.2467 121.5200
113.8600 108.1969 118.2370 105.4521 127.7433 94.8185 104.9825 97.2114 102.0643 113.6488 115.7168 117.0055 116.3487 116.1264 116.0558 116.0328 116.0317 116.0590 116.1333 116.2460 116.4024 116.5748 116.7763 117.0003 117.2402 117.5034 117.7706 118.0549 118.3428 118.6332 118.9278 119.2218 119.5156 119.8017 120.0935 120.3765 120.6620 120.9389 121.1885 121.4400
98.6100 108.3383 111.4731 106.4110 112.6282 95.3580 99.9477 103.7905 104.1187 117.0689 117.7429 115.6151 119.0657 115.3518 115.4644 115.4088 115.4036 115.4521 115.5322 115.6644 115.8297 116.0304 116.2585 116.5099 116.7774 117.0695 117.3673 117.6791 117.9882 118.2966 118.6156 118.9275 119.2462 119.5528 119.8552 120.1563 120.4566 120.7431 121.0321 121.1700
109.5400 100.2265 100.5426 120.2475 105.4593 107.1319 109.3775 116.5075 113.8363 117.4324 115.4949 115.1514 114.8646 114.7000 114.8027 114.7473 114.7412 114.7962 114.8914 115.0362 115.2337 115.4582 115.7154 115.9998 116.3031 116.6331 116.9001 117.2905 117.6032 117.9728 118.3073 118.6392 118.9716 119.3026 119.6186 119.9412 120.2543 120.5530 120.8579 121.1000
110.1200 113.6581 102.2610 94.3931 113.3873 108.3333 106.5299 107.2089 116.3808 115.0199 114.8962 114.6790 114.4305 114.2792 114.0993 114.0287 114.0265 114.0850 114.2003 114.3720 114.5985 114.8568 115.1578 115.4680 115.8094 116.1729 116.5194 117.2239 117.3262 117.6269 117.9965 118.3544 118.7094 119.0569 119.3961 119.7302 120.0546 120.4092 120.4973 120.8200
99.8400 108.9436 115.2901 103.1218 107.9509 109.4142 115.0221 104.4690 116.1456 114.5569 114.2800 113.9482 113.6808 113.4387 113.3472 113.2508 113.2460 113.3113 113.4538 113.6394 113.8971 114.2486 114.4660 114.9360 115.3043 115.7069 116.1677 114.7843 116.3611 117.2640 117.7048 118.0733 118.4465 118.8191 119.1766 119.5301 119.8440 120.1648 122.3769 120.7500
108.0500 92.9628 106.4852 105.6627 107.8076 101.0828 110.6306 111.2633 114.3740 113.9786 113.5883 113.2471 112.9121 112.8721 112.1833 112.4214 112.3781 112.4698 112.6112 112.7621 113.7884 113.1144 114.0900 114.3394 114.7808 115.2517 115.6142 115.5571 118.2599 116.6915 117.4371 117.8328 118.2083 118.5844 118.9635 119.3376 119.7959 119.6044 121.5687 120.6900
108.0500 97.6352 98.3879 96.4025 107.8501 105.3890 104.9552 115.1941 114.0798 113.3239 112.8995 112.4676 112.0945 112.1129 108.7795 111.6567 111.4321 111.5348 111.7272 111.5438 116.3375 104.2319 113.6551 113.7732 114.2568 114.7900 115.0120 120.1759 120.4765 116.4292 117.0616 117.4489 117.9899 118.3619 118.7511 119.1065 119.3293 121.3293 108.2029 120.3500
117.1100 122.0668 100.6760 92.1404 107.0459 110.6117 109.1672 113.4151 113.1861 112.6963 112.1513 111.6396 111.1864 110.7759 110.7976 110.5655 110.3551 110.4884 110.7477 110.5577 114.0492 109.8680 113.2940 113.1689 113.6970 114.3467 113.3941 115.3719 115.4381 116.2995 118.1828 118.1659 117.5350 118.1596 118.5896 119.0158 120.1923 118.9192 104.2692 108.8500
125.0300 99.8044 105.9839 106.9068 106.6672 104.8642 113.5840 113.1760 112.7142 111.9824 111.3585 110.7564 110.1894 109.7146 109.3037 109.1059 109.1306 109.3087 109.6336 110.1783 110.3386 111.4593 111.6859 112.5578 113.1725 113.7834 113.8114 114.8671 115.7371 115.8287 109.8958 116.5596 117.2744 117.9966 118.3516 119.9089 110.2818 122.0420 111.5146 110.9900
94.5900 102.6045 110.6390 118.7072 103.5582 114.0966 105.3403 113.2389 112.0255 111.2924 110.5521 109.8060 109.1064 108.4866 108.0121 107.7412 107.7124 107.9549 108.3929 108.9759 109.6918 110.4446 111.1799 111.9313 112.6372 113.3180 114.0470 114.6200 114.8702 119.7516 113.8379 116.7199 117.2383 117.7997 118.4246 120.0494 110.6309 103.8681 103.9243 102.7100
116.5100 117.3497 111.0227 97.4645 119.8264 113.8234 112.1778 112.1888 111.4813 110.5935 109.7137 108.8094 107.9171 107.0940 106.4374 106.0398 106.0113 106.3496 106.9715 107.7729 108.6594 109.5653 110.4530 111.3097 112.1185 112.8922 113.6075 114.2751 114.8930 115.8578 116.1783 116.6339 117.1902 117.6650 118.1264 117.8122 119.3372 118.1750 118.5345 119.9200
116.4400 114.1719 97.0035 114.8085 114.3115 113.2977 112.6283 111.7348 110.8930 109.9232 108.8785 107.7703 106.6319 105.5118 104.5613 103.9486 103.8972 104.4239 105.3429 106.4423 107.5823 108.7023 109.7564 110.7353 111.6448 112.4903 113.2667 113.9894 114.7000 115.3076 115.9305 116.4867 117.1109 117.5892 117.8664 118.4343 118.7684 119.2084 119.6331 119.8900
111.1500 106.8981 111.9364 115.0673 113.5294 113.1110 112.2923 111.3886 110.3940 109.2992 108.0889 106.7395 105.2652 103.7331 102.2220 101.2065 101.1245 102.0164 103.4458 105.0164 106.5060 107.8772 109.1074 110.2182 111.2311 112.1422 112.9806 113.7672 114.5150 115.3312 115.7575 116.1461 114.2002 116.0861 118.3042 110.8896 118.6726 117.7553 118.8061 119.8600
108.7700 107.6408 119.5259 110.7722 112.6907 112.7573 112.0336 111.0548 109.9771 108.7713 107.3882 105.7968 103.9278 101.7297 99.3552 97.2347 96.9471 98.9771 101.3427 103.5838 105.5041 107.1432 108.5524 109.7933 110.8826 111.8643 112.7273 113.5652 116.3349 115.2489 115.5931 119.7699 100.3817 112.8542 117.0203 114.2750 110.6598 107.9093 113.0427 119.8400
100.9000 95.6873 115.1512 109.3569 112.6310 112.3035 111.8636 110.8282 109.6869 108.3778 106.8601 105.0367 102.7737 99.7991 95.5552 90.6855 90.2310 94.6338 99.2606 102.3420 104.7014 106.5799 108.1486 109.4805 110.6450 111.6752 112.5811 113.4743 114.0160 114.9390 116.4017 125.6222 112.8464 115.8390 117.5174 110.7136 116.8101 116.7189 116.3367 119.8200
104.9300 107.7321 117.5527 114.0743 114.4285 112.4277 111.7170 110.7030 109.5255 108.1763 106.5739 104.6090 102.0737 98.5285 91.9552 85.7429 85.2990 90.5353 97.8116 101.5734 104.2379 106.2782 107.9347 109.3212 110.5184 111.5698 112.5083 113.3900 114.1524 114.8547 115.1078 115.1367 117.1940 117.1490 118.1951 119.2939 119.1984 119.4432 119.6792 119.8100
100.5500 112.1911 115.0840 113.9702 112.4636 112.4906 111.7197 110.7288 109.5234 108.1752 106.5777 104.6101 102.0797 98.5495 92.0213 85.8122 85.2871 90.5618 97.8379 101.5790 104.2436 106.2796 107.9337 109.3221 110.5183 111.5692 112.5175 113.3379 114.1971 115.0368 115.6266 116.3213 116.6067 116.5384 117.1040 118.0649 118.4201 118.8706 119.4377 119.8000
102.7100 109.5050 114.3738 114.4481 119.5481 108.8317 112.1236 110.8576 109.6824 108.3850 106.8656 105.0422 102.7819 99.8178 95.2173 90.6253 90.3729 94.6523 99.2885 102.3613 104.7117 106.5885 108.1566 109.4842 110.6480 111.6692 112.6015 113.3955 113.8574 113.8622 115.6312 116.1544 116.7807 115.0548 125.0257 114.7542 119.0348 119.5923 119.5411 119.8100
118.8700 117.0365 117.8398 104.7937 116.5823 109.2786 112.2952 111.0671 109.9831 108.7778 107.3992 105.8000 103.9485 101.7981 99.3871 97.2293 96.9558 99.0281 101.3793 103.6198 105.5221 107.1490 108.5616 109.7943 110.8894 111.8686 112.7693 113.5794 113.0789 126.1192 114.4186 116.2779 116.7620 120.6583 125.8155 100.2996 118.7865 114.3513 119.5060 119.8200
114.6400 103.2357 98.7174 115.0234 113.2652 112.8946 112.3015 111.3900 110.3961 109.3079 108.0913 106.7586 105.2797 103.7412 102.2422 101.2229 101.1273 102.0285 103.4974 105.0414 106.5245 107.8900 109.1125 110.2306 111.2288 112.1481 112.9824 113.7422 114.5197 116.3466 115.6104 116.2858 117.9696 107.3116 120.6504 103.4223 118.8081 113.1782 119.3413 119.8300
119.9400 112.5264 114.6967 114.9428 114.1718 113.3995 112.6173 111.8053 110.8948 109.9330 108.8897 107.7877 106.6389 105.5393 104.5676 103.9590 103.9073 104.4366 105.3552 106.4726 107.6027 108.7174 109.7649 110.7497 111.6559 112.4922 113.2710 113.9910 114.6768 115.4416 114.3006 120.2361 110.6273 101.5777 119.4187 118.5152 119.3599 118.9339 119.4756 119.8600
116.4700 116.0645 115.4960 114.9286 114.4134 113.2195 113.0988 112.2493 111.4506 110.6091 109.7235 108.8223 107.9222 107.1123 106.4389 106.0459 106.0182 106.3543 106.9875 107.7871 108.6720 109.5753 110.4703 111.3198 112.1317 112.8939 113.5881 114.5593 114.8923 115.7181 116.1365 118.0460 105.0475 107.6535 112.1308 111.7123 118.0998 119.4269 119.7394 119.8800
116.5400 116.5619 115.9151 115.2890 115.3594 108.8410 114.0419 112.6364 112.0565 111.3036 110.5576 109.8183 109.1141 108.4910 108.0142 107.7463 107.7230 107.9581 108.4051 109.0076 109.7047 110.4353 111.1900 111.9251 112.6432 113.3377 113.9343 114.5735 115.3966 115.9734 117.1350 125.3595 106.4553 117.6805 125.0640 107.1131 106.7909 120.1176 119.0464 120.1700
113.1400 116.6640 116.0844 115.6325 115.0749 114.6024 113.9466 113.2804 112.6431 112.0141 111.3707 110.7655 110.2012 109.7178 109.3529 109.1575 109.1140 109.2742 109.6396 110.1103 110.6621 111.2710 111.9028 112.5419 113.1792 113.7882 114.4053 114.9594 114.7121 115.2776 117.3851 100.9272 120.8319 107.2398 112.0959 116.4961 105.8396 116.3875 118.8987 120.2100
117.0700 116.6431 116.4846 115.7149 115.3366 114.8996 114.2606 113.8257 113.2478 112.7021 112.1577 111.6508 111.1840 110.8080 110.5207 110.3754 110.3605 110.6589 110.7930 111.0560 111.5759 112.0700 112.6091 113.1558 113.7169 114.2640 114.8546 115.1335 119.7573 115.5003 117.5129 113.5906 112.7511 118.1125 110.2170 112.7857 126.2273 111.9978 118.2164 116.9000
124.0400 117.1174 117.5582 117.2159 115.8405 115.3367 114.8328 114.3371 113.8432 113.3660 112.9029 112.4727 112.0985 111.7829 111.5620 111.4482 111.5027 109.0212 111.1982 112.0550 112.3833 112.8566 113.2842 113.7710 114.2584 114.7755 115.1119 115.0202 121.1888 112.3358 111.5473 108.0993 102.6792 114.9081 109.9753 120.2081 119.6009 115.1315 116.4903 120.5800
124.0400 118.2626 107.5929 111.2846 116.2244 115.7204 115.3027 114.8648 114.4203 114.0051 113.6113 113.2415 112.9342 112.6729 112.4887 112.3985 112.3303 112.2909 113.2662 112.6356 113.4787 113.4475 113.6469 114.4125 114.7674 115.2300 115.6445 116.2692 116.2935 116.2442 107.2407 104.2120 108.5949 118.8108 119.8284 119.7992 119.7209 121.5308 122.6688 120.6300
118.1100 117.8046 111.9312 114.4798 116.4710 116.1701 115.7704 115.3798 114.9880 114.6200 114.2726 113.9666 113.6961 113.4808 113.3320 113.2345 113.2897 114.0702 108.9230 115.4835 111.8409 116.0768 115.2378 115.9775 115.3143 115.7696 115.6603 115.4854 112.5391 119.1179 108.2759 113.6593 118.6103 119.2001 119.0597 119.3383 119.1881 118.4980 108.0494 106.6500
118.2100 117.8858 118.1818 118.3146 116.9426 116.6014 116.2341 115.8739 115.5257 115.2124 114.9090 114.6446 114.4143 114.2320 114.0968 114.0089 114.0221 116.0180 99.4943 113.7404 111.2187 110.0570 99.6830 113.3929 115.7724 116.1371 116.9198 115.7790 105.9665 110.5131 107.4675 115.9899 118.7689 119.0651 119.3088 120.2035 121.2617 131.4154 116.3770 107.1700
118.6000 118.3701 118.0176 117.6527 117.3656 117.0087 116.6831 116.3646 116.0513 115.7700 115.5038 115.2703 115.0765 114.9160 114.8117 114.7480 114.7457 116.5515 116.9275 115.8038 113.2816 105.5350 113.7370 110.8376 117.6270 116.5447 117.0265 116.9734 119.7422 101.8357 118.4375 117.7947 118.8138 119.3473 119.6311 116.9318 103.6668 108.9584 111.3633 108.8100
118.7100 118.6733 118.3541 118.0336 117.7373 117.4189 117.1211 116.8299 116.5587 116.3000 116.0660 115.8652 115.6870 115.5572 115.4614 115.4107 115.4088 115.4014 115.0445 116.8133 104.0096 99.0013 102.2997 105.8348 118.5529 117.0892 117.3642 117.7623 118.4137 117.6669 117.9220 107.2867 119.5563 119.4686 119.8109 120.6303 121.0905 116.2476 110.1449 113.6300
119.0800 118.9841 118.6821 118.3918 118.1111 117.8201 117.5480 117.2874 117.0449 116.8088 116.6091 116.4226 116.2683 116.1570 116.0673 116.0018 115.9703 116.1056 115.8638 113.0588 97.1994 111.2660 100.4560 106.5010 116.9592 117.5861 117.7758 118.0655 118.3816 118.1810 118.1177 106.2356 117.0210 119.7941 120.0978 120.2939 120.6353 123.4293 122.2459 126.1500
119.4700 119.2868 119.0055 118.7406 118.4764 118.2171 117.9672 117.7266 117.5052 117.2968 117.1098 116.9495 116.8187 116.7049 116.6804 116.7353 117.1156 116.5382 117.1656 120.5327 109.0744 118.0617 115.1017 105.6108 118.0520 117.9366 118.1753 118.4375 118.7796 119.0646 121.2630 122.8714 119.8854 120.1380 120.3215 120.6944 120.8810 122.9821 120.7476 121.7000
119.8900 119.5880 119.3355 119.0849 118.8299 118.5964 118.3627 118.1485 117.9502 117.7634 117.5966 117.4596 117.3328 117.2858 117.0420 115.5343 112.3408 117.7309 117.5130 102.5265 115.1723 117.2980 118.5526 118.2907 118.2140 118.3213 118.5563 118.7946 119.0819 118.6528 114.6189 110.7184 120.1504 120.2301 120.5901 120.8381 121.1920 121.1858 121.7418 121.7000
119.8900 119.6600 119.7200 119.1900 119.1900 118.7100 118.7600 118.5300 118.2800 118.2800 118.0100 117.6900 117.7400 117.3700 117.4000 96.4300 96.4400 117.4200 117.3600 102.4100 117.6900 117.9900 117.9900 118.2600 118.5100 118.4600 118.7300 118.9500 119.2200 119.4400 122.2400 106.6300 120.3300 120.6000 120.7600 120.9600 121.1800 121.3800 121.7700 121.7700
