105.4400 106.6900 106.4900 107.6600 108.8500 104.8000 109.4300 109.4300 108.7900 101.4900 123.3300 123.3800 123.2100 119.0100 123.0400 123.1000 123.1000 122.9200 122.9400 122.9500 122.7300 116.3300 122.7500 122.7500 122.7400 122.9700 122.9500 122.9400 122.9200 123.0900 123.0900 123.2400 123.2400 123.2100 123.3700 123.5300 123.6700 123.6700 123.8100 123.7600
108.7700 107.1147 105.6624 106.4667 107.5640 105.4598 109.7577 101.9374 103.1901 103.0514 125.4345 123.7065 123.0444 123.0147 123.3122 123.7824 121.2056 122.9396 122.7307 122.5373 122.6100 116.6204 123.1943 122.6749 122.6641 122.6540 122.8717 123.1568 122.5778 122.8492 122.8460 122.8941 123.0676 123.1274 123.2112 123.3041 123.4011 123.4986 123.6159 123.7600
108.6000 107.5398 105.6255 106.5631 105.8960 104.0902 110.3392 117.0416 100.7498 101.9851 105.2130 123.2378 122.9457 122.7855 122.7071 117.4551 114.2615 122.6920 122.4490 122.2533 123.3851 114.8625 123.0943 122.3962 122.4188 122.8485 114.1743 123.2948 122.1906 122.5306 122.9366 122.9705 122.6700 122.8796 122.9626 123.0615 123.1555 123.2911 123.3821 123.5400
107.8900 107.9493 105.7634 104.3212 106.0878 101.0592 108.5555 111.8963 109.3755 108.9800 104.1315 123.8647 122.3030 122.4719 122.9803 122.3323 123.6023 122.6537 122.1661 122.1386 122.0074 123.0387 122.3318 122.0763 122.1332 122.8402 110.4621 122.6918 121.8719 122.3614 118.1758 121.4970 122.3120 122.6182 122.7045 122.8030 122.7548 123.7063 124.1352 123.2700
107.5300 112.6314 108.2705 105.1277 103.7161 103.6849 105.7465 112.7007 105.2981 101.4301 115.2492 122.4968 123.5222 123.0328 115.8124 123.3596 121.3528 121.6448 121.8897 121.8320 121.8248 121.6471 121.7021 121.7608 121.8304 122.9345 122.3668 121.9276 121.6438 122.2873 113.9724 121.5917 121.8028 122.3595 122.4803 122.5571 122.6123 122.6687 111.1675 122.9900
107.4000 107.7653 107.2088 105.5980 99.7425 101.3522 102.4296 107.0521 103.7667 98.1660 124.4551 123.3071 116.8920 104.7636 107.2489 123.4494 123.6448 122.6060 121.5288 121.5673 121.4723 121.4909 121.4603 121.4110 122.4208 113.9381 103.8552 122.8529 121.3807 120.0708 115.9189 121.6868 121.6550 122.1779 121.9985 122.3429 122.4960 123.5469 120.3156 122.7600
105.1700 107.4675 107.4680 106.8479 101.2501 100.5609 101.4094 103.3959 99.4298 100.0944 117.3784 122.6377 113.6793 102.6251 106.5331 112.1102 111.8348 110.3479 121.4882 121.0895 121.2405 121.1274 121.1342 121.1224 120.7577 117.4126 99.6200 121.4759 117.3620 107.1303 107.9189 117.7942 119.7656 120.4863 122.4702 124.2149 121.2607 122.8047 122.3875 122.4900
105.0400 105.6317 105.0536 106.5189 106.1794 101.7931 99.4481 102.7305 105.2019 113.6897 121.7589 121.7388 123.5452 106.8422 103.5460 104.1247 99.3743 121.5546 122.2782 121.5262 120.5402 120.8829 120.7874 120.7905 121.0733 121.0304 102.8959 117.4636 110.6906 105.4535 106.5590 106.6348 110.2431 111.6494 117.3756 112.3940 106.5507 122.4581 123.0922 113.9300
105.0400 103.7869 105.3306 106.0580 104.2441 101.6923 100.2232 110.4759 112.4411 112.9385 121.4315 121.3441 117.7850 104.1037 107.1007 104.2507 112.7380 121.2882 110.5955 111.9569 118.9078 119.7709 120.5903 121.3164 107.0610 104.1158 104.0805 107.0593 108.8519 113.0850 105.9107 107.2529 107.2870 103.6306 101.7829 104.1677 110.0814 112.2527 119.5130 112.9900
103.4300 101.0323 105.5668 101.3793 101.7361 103.9956 101.3124 104.0699 117.4454 121.8587 122.3978 110.7738 116.8533 108.4735 112.2048 110.5571 121.0987 121.4977 103.2739 123.0532 101.2861 121.7219 119.9549 121.3476 106.8108 110.4616 127.7264 110.5179 101.3061 107.5671 106.4743 108.3850 106.4348 102.3687 117.3668 101.7272 117.5059 97.2273 115.2366 112.7000
105.5800 102.0946 101.1926 99.7204 101.2263 114.1935 110.4430 104.6203 114.9749 108.3718 109.7573 97.3317 103.7215 100.3057 102.1062 99.7679 118.8061 120.2497 118.2723 116.6623 110.5242 120.6805 119.6600 119.8774 120.1879 119.5476 117.4490 97.2668 97.1796 104.9430 106.7674 110.2742 110.2753 100.3681 102.1237 107.2009 115.7429 111.6945 111.9847 111.7000
105.5700 101.9302 101.0790 100.9413 97.5510 114.6378 107.2790 105.3103 113.5538 108.3418 102.6555 106.1087 99.6656 97.9217 107.6598 113.8927 120.2775 119.5202 114.5399 123.0795 102.3785 111.1639 119.6481 120.0899 106.4689 120.8747 118.7416 112.4169 103.1889 98.4140 107.1005 106.6542 97.5693 100.9979 108.9775 119.8434 120.4977 110.5390 112.0431 110.5500
100.3100 100.1919 100.1114 102.7179 112.2016 108.4780 105.8128 113.0021 117.1412 107.4374 110.5330 115.1002 114.5970 98.3908 101.7112 107.5790 119.0372 119.6355 117.5816 119.9431 110.1113 110.5639 119.6669 119.4218 120.3278 119.3150 110.1209 106.6832 99.9098 98.8766 104.1996 102.7426 100.6157 114.8741 128.2377 118.4723 110.8507 110.3905 108.5408 111.7200
101.2700 100.4021 106.4188 109.1600 118.9866 112.0003 102.2239 111.0291 109.0209 108.0474 112.5135 107.2766 100.9840 102.1601 109.2082 107.3932 119.3264 118.7865 118.8259 118.7947 116.8613 120.9706 118.7293 118.1594 118.1299 115.0735 105.6822 111.7941 98.1974 100.8897 104.4426 110.8324 119.3798 121.5162 120.1246 106.2629 105.7977 109.8944 107.9714 112.4600
99.7300 104.5239 104.2314 103.2398 101.4217 106.9521 101.8030 111.4704 107.6736 112.3762 106.8722 102.3224 102.2849 103.3683 109.9569 110.3275 118.4577 118.4549 118.1987 118.1576 118.2519 112.5775 116.4480 117.8877 118.2223 118.7200 123.3664 113.6925 100.5820 98.1456 108.5768 116.0165 118.9399 119.1580 120.6435 109.4925 108.5613 105.9377 108.4822 108.7000
99.6500 98.5429 98.9540 110.9053 95.9507 109.1790 111.8187 110.0783 108.9656 109.1017 110.2411 102.6978 95.6353 97.4592 97.2987 120.0116 118.2190 117.9160 117.7465 117.6330 117.1756 117.2630 115.9167 117.5603 115.1210 117.1691 118.9477 121.2574 102.7452 115.4288 118.9513 118.3682 118.6019 115.8734 102.4153 103.7939 107.9270 107.6960 111.6509 110.6600
99.3800 104.4860 110.7235 99.7485 97.8648 101.9120 114.1096 108.6500 111.5543 108.0657 111.0241 112.9265 101.4055 96.4570 97.6961 120.2195 117.3999 117.5065 117.2745 116.7110 117.8951 117.8364 117.0126 117.0558 116.4010 117.6475 104.9143 116.6207 104.2692 117.5152 116.7247 118.3966 119.7034 111.4116 106.8732 106.0805 110.0657 108.5706 109.9816 110.5300
99.3000 99.3017 103.0910 112.7528 101.4169 100.2678 111.2080 102.3885 108.5723 105.5426 110.4466 110.5950 99.3784 108.3962 92.9969 113.7206 118.7209 116.8564 116.6971 117.1059 119.2251 99.9607 117.4943 116.4820 116.6380 117.0383 108.1463 117.2048 114.5049 117.2924 116.7656 117.7360 106.2132 106.0137 105.1467 95.1759 106.1622 109.5599 108.7790 119.7600
110.4300 110.8153 102.2627 107.4959 106.9146 112.5703 110.4721 110.1989 109.5676 110.1057 109.0713 105.8191 107.6287 102.2186 96.8124 97.1404 95.3824 118.7817 116.3061 117.9438 97.7555 95.8637 112.7539 115.7385 115.6330 116.5025 113.0186 116.0512 118.4143 115.8740 110.5069 112.8791 100.2165 100.3676 103.7506 98.9703 107.5362 109.6822 120.9582 119.4200
98.9500 109.7072 99.8008 100.3252 111.1468 115.0511 110.6389 109.4352 109.5928 105.2037 100.1860 101.7726 110.4459 106.0941 117.7663 114.8438 111.5042 106.8659 114.1193 117.6057 96.6758 96.9051 111.6124 114.2669 114.7425 94.6715 106.7984 115.8838 115.5121 116.7330 86.9424 115.3572 96.3466 100.0449 104.3173 100.0123 109.9895 115.3262 118.6194 118.9700
100.1300 100.4571 97.2449 97.1750 102.7721 102.1376 114.3712 108.9295 102.1918 102.6825 104.7007 110.1859 108.1847 101.1775 96.5640 107.0137 116.8320 102.0450 113.3671 110.6859 105.3613 102.7526 117.1822 113.4114 97.4537 93.7826 92.4273 116.2888 114.2500 117.7847 90.2582 100.7107 98.7087 106.0540 102.6098 114.6024 106.8226 109.0564 119.3889 118.9500
98.5200 106.4172 103.7231 112.3340 108.0018 106.0805 107.0467 103.8547 107.2671 109.3830 104.2552 103.7241 95.1313 101.3922 97.3583 112.1324 117.6178 113.3870 116.0874 103.8841 114.3123 117.9904 115.0190 116.1710 109.4673 114.3150 103.7706 115.2963 100.4058 102.0529 96.5770 96.9861 98.4753 104.2482 103.4052 113.2771 110.4625 112.5938 118.7079 118.4900
98.5200 102.8189 102.1378 94.5250 107.0430 100.9546 110.0697 104.6751 107.6513 102.4669 101.3708 102.4661 98.8787 99.0467 100.5966 101.7572 99.2743 118.1717 113.3157 114.2771 113.0981 112.4486 112.5127 112.6309 113.8186 91.6259 118.3392 113.7559 114.5961 103.1243 119.2626 106.2070 100.8043 103.3720 107.6329 114.2490 117.6085 118.3586 117.8543 118.4700
120.9600 113.9300 99.8338 99.3034 103.3116 97.8989 106.9140 107.1840 104.6806 100.2784 108.9161 100.3112 101.2543 100.1085 108.0707 105.7300 103.8951 114.6086 112.8522 112.5618 112.4044 112.3336 112.1620 111.9153 114.0497 92.5794 102.7598 112.8758 114.7913 99.1959 112.2520 101.5137 96.8408 101.5412 109.7102 116.5007 116.7692 117.3828 117.7889 117.9800
121.2300 116.8047 102.7384 97.0488 97.6683 109.3760 116.5819 110.1589 96.5506 113.3663 111.8048 106.1829 98.5474 99.7029 113.1655 110.5329 93.2993 116.2769 112.1271 111.6580 111.4218 111.1871 111.0696 110.9775 112.0791 113.0445 111.6046 112.2067 112.6571 113.1036 95.4866 104.0896 108.0843 100.3591 118.3914 116.0988 116.6129 117.0849 117.5302 117.8800
109.7800 114.2982 120.6853 101.2685 126.4646 116.5789 118.2510 117.1569 116.8083 116.6215 114.4512 103.8101 100.3773 104.1729 99.2857 102.9992 90.6029 111.8371 111.1460 110.5176 110.4641 110.1080 109.9798 109.9517 110.0619 109.3660 111.4412 111.3793 111.9774 109.2549 95.1117 107.4336 106.2680 115.1919 114.5740 115.9573 116.3146 116.8208 117.2880 117.4700
102.8900 103.4229 99.1696 98.4805 117.0274 115.7903 117.5928 116.8354 115.2287 116.3873 108.1120 113.2813 97.5684 92.6074 106.6513 114.2082 106.7936 92.5003 106.6422 112.4758 108.9726 108.8837 108.7021 108.7003 108.9782 105.8151 111.6691 105.7145 108.3624 114.1994 99.8365 112.8851 113.1024 114.3277 114.8579 115.4943 116.0790 116.6034 117.0722 117.3900
97.7000 117.6531 100.2124 116.4875 115.6101 108.2205 117.2132 116.7002 117.0295 115.7054 115.6991 114.7070 115.0232 105.5289 89.9699 88.7197 108.8458 109.7615 99.3009 104.2300 107.9557 107.4576 107.2040 107.2136 107.6845 108.2795 110.8577 102.2110 105.1625 110.1868 112.6597 105.1606 114.7736 113.9615 114.6167 115.2102 115.6161 116.0069 116.6256 117.3100
117.3900 101.4119 120.8711 119.0403 106.8427 118.6029 117.0732 117.0610 121.8369 114.4173 114.7315 114.0089 113.0200 113.5257 112.5039 97.3577 89.0142 85.9291 100.3999 109.1211 106.3904 105.7546 105.3878 105.4343 105.8388 106.5811 107.3888 109.8906 109.7345 110.3630 113.5151 98.0489 113.6877 113.3583 114.3148 114.8935 116.5107 117.8639 117.8651 116.8900
120.1700 99.3647 120.3368 119.3562 118.4765 116.9972 116.7206 115.0842 103.8447 114.7145 114.5627 113.8960 113.2943 112.2356 111.6117 112.7450 108.6965 94.9870 107.3094 105.5559 104.7830 103.7091 103.0938 103.1505 103.8674 104.9659 105.8525 107.3661 99.0645 111.5609 110.5962 112.2610 112.5303 113.3537 114.0018 115.3267 106.4976 107.5200 112.6504 116.8200
116.6000 108.4476 117.6090 121.7810 117.2431 117.3589 116.7737 116.1180 102.1452 114.4224 114.2677 113.6895 112.8845 112.1077 111.1319 110.0026 109.4777 109.9867 107.1502 104.4746 102.8020 101.1034 100.0311 100.1903 101.3707 103.1092 104.8260 107.3152 98.6475 110.4980 110.0750 111.1620 112.1626 113.0233 113.6326 114.6117 107.3795 106.4046 101.5501 96.5400
119.2700 120.0317 119.0740 118.1657 119.3083 116.9923 116.4519 116.0197 116.5569 115.8795 114.0673 113.5030 112.6901 111.7629 110.7867 109.6686 108.2839 106.7236 105.0614 103.1605 100.6067 97.7543 94.9447 95.2137 98.3326 101.0875 103.5403 105.6916 108.0844 108.3795 109.9020 110.9555 111.9679 112.8239 113.6237 115.3307 112.4515 119.7461 103.2023 101.4700
119.2600 120.0682 119.4116 121.2783 103.0601 119.3206 118.2693 116.4505 117.3133 115.0804 114.4201 113.3624 112.5647 111.6700 110.5873 109.4079 108.0702 106.4943 104.5439 102.0245 98.7085 92.9573 88.3509 88.7724 94.2633 99.3056 102.5307 104.8602 106.6525 108.3218 109.6139 110.7660 111.7904 112.7002 113.5240 114.2276 112.9616 120.1977 105.4610 103.2300
112.2900 109.5343 107.1819 105.7310 105.4893 112.4732 100.7521 119.2858 100.9086 109.4477 112.0537 113.9708 113.0462 111.2405 110.5272 109.3063 107.8947 106.2250 104.1701 101.4647 97.6205 89.9439 84.4493 84.9800 91.4550 98.3884 102.0070 104.5741 106.5614 108.1523 109.5153 110.7059 111.7155 112.6493 113.4939 114.3759 115.2055 115.7505 118.7744 116.6600
112.2900 108.0054 105.2981 103.1056 106.3960 111.6531 99.1906 120.2419 100.2253 107.8621 113.1844 114.2948 113.3534 111.3962 110.6897 109.3597 107.9684 106.3398 104.3292 101.7505 98.1865 91.5027 86.6940 87.0407 92.9531 98.8445 102.2522 104.7126 106.6466 108.2252 109.5498 110.7774 111.7743 112.6822 113.5076 114.2753 114.9458 115.5967 116.1189 116.6600
107.4500 106.7928 105.1499 105.4390 101.6503 99.2631 97.1207 95.4051 93.9212 98.3870 111.8612 110.6795 102.3091 111.6259 110.9652 109.5584 108.2550 106.7443 104.9264 102.7155 99.8977 96.0540 92.3627 92.8343 97.0657 100.4168 103.1419 105.2716 107.0318 108.4953 109.7107 113.1307 111.7766 112.8017 113.5964 114.3627 115.0813 115.6241 115.5903 116.6700
105.2300 105.7955 103.5393 102.8838 98.9761 120.6318 99.3927 97.9789 96.6297 95.4409 109.4702 112.3014 120.2861 118.3103 111.7452 109.8787 108.6982 107.3689 105.8279 104.0352 102.0938 100.0567 98.6011 98.7619 100.3779 102.4202 104.3490 106.0284 107.6174 108.9641 109.7264 112.2568 109.5649 113.0777 113.7405 114.5543 115.5700 109.1044 104.2304 98.8900
107.3200 104.1820 98.8230 100.2177 113.5697 110.6387 103.8910 97.9335 98.8961 98.8351 89.3958 93.4889 101.8735 102.3719 111.1371 110.4602 109.5039 108.1756 106.8684 105.4678 104.1073 102.8669 102.1028 102.1718 103.1032 104.1556 105.9673 107.7119 108.1666 111.7597 107.6605 110.2718 101.8402 113.3630 113.6023 114.6709 115.7325 109.1424 117.1135 116.7300
107.7000 107.1017 112.9907 107.5884 102.6844 110.8747 99.4039 98.4719 97.9432 98.7696 98.9713 96.4765 117.1162 116.9667 111.7404 111.3124 107.1434 109.9766 107.7582 106.9549 105.8896 105.0916 104.6251 104.6901 105.2262 106.3513 103.2774 107.8276 108.5946 116.0193 112.6937 105.6882 101.0489 115.5279 114.0443 114.8362 115.8346 112.1631 117.3857 117.1900
111.8500 107.4300 109.8900 105.1700 106.7100 97.9300 98.4200 99.0300 96.3700 95.6400 116.8300 114.3500 113.3500 112.8000 112.2300 111.6600 98.5000 109.5000 108.8100 108.8100 106.9300 105.7300 105.8200 105.8100 105.6800 106.8500 107.8000 108.6800 109.6200 110.2400 96.3300 96.0300 97.8300 113.8600 114.3400 114.8100 115.6700 116.0800 116.8300 117.1900
