126.6000 124.8900 116.3200 101.3700 101.0200 100.8400 116.2300 102.3800 119.5200 114.6200 106.4200 124.5700 115.2200 111.1600 120.3800 120.1500 119.6600 119.4000 119.2000 118.8800 99.8300 118.0300 117.8000 117.4300 116.8000 116.8600 116.4600 116.1900 115.8800 115.4000 115.5300 115.1200 114.6400 114.7100 114.7500 114.7800 114.7700 114.7000 114.6400 114.5700
126.6000 120.4239 117.7507 105.8550 105.2501 104.3170 105.8439 107.6432 114.8169 108.1238 103.3781 120.2234 118.2580 116.8489 121.1953 119.8228 119.6124 120.1629 110.5861 104.4095 95.3807 118.5604 117.2861 117.2274 116.9032 116.3824 109.9428 115.3091 115.4333 115.4789 107.2086 91.8877 116.0931 114.1433 114.1671 114.1458 114.1700 114.2575 114.3940 114.5700
115.0500 122.3076 112.9940 110.2475 115.3104 113.3125 100.8958 124.5951 105.4314 96.3610 100.3897 121.9156 117.8696 115.6058 120.0703 119.4673 119.5661 119.3481 108.2459 95.2596 109.0965 119.3991 117.2438 116.8240 116.4339 116.3702 116.4467 116.0329 114.8067 114.3097 116.7586 111.1098 115.2298 113.4808 113.4172 113.3823 113.4014 113.5086 113.6741 113.8900
101.7700 115.5329 117.3615 111.0033 105.2413 107.0562 104.9598 120.3681 114.5195 126.2795 114.8539 118.3434 116.2329 114.3097 118.9884 119.5271 119.3248 118.7678 119.0339 112.3969 111.5125 117.6818 116.9440 116.4566 116.0747 115.6111 114.9526 114.6863 114.3617 113.9326 113.0938 113.6617 112.7066 112.6561 112.5763 112.5315 112.5699 112.6842 112.8847 113.1600
101.7400 121.4468 107.7539 108.1623 105.6805 103.6986 101.0805 118.0514 137.6756 128.4959 121.5180 119.9718 118.5888 120.9203 120.5978 119.3145 119.0573 118.6931 118.3452 119.3281 114.5124 117.2134 116.5691 116.0993 115.6319 115.1853 114.6526 114.1394 113.6495 113.2514 112.8334 112.4460 112.1341 111.8374 111.6581 111.5918 111.6395 111.7811 112.0232 112.3500
106.3700 112.6543 112.3739 116.0688 106.4435 100.0744 98.0789 121.7310 116.5606 119.0366 120.8233 120.6795 120.5473 119.7482 119.8256 119.0907 118.9150 118.5221 118.0228 117.5215 117.2997 116.6968 116.2565 115.7462 115.2410 114.6861 114.3054 114.1857 113.0947 112.5543 112.0384 111.5659 111.1596 110.8345 110.6254 110.5409 110.5964 110.7835 111.0797 111.3500
109.0800 108.1410 104.3990 102.8270 103.5982 103.5750 115.2242 107.6449 121.9517 120.7206 120.8416 120.5335 119.8663 123.0197 100.4124 120.6063 118.7712 118.0663 117.8966 117.4134 116.9278 116.4361 115.9361 115.4071 114.8613 114.3408 112.6025 111.0601 112.6202 111.8014 111.2195 110.6499 110.1400 109.7235 109.4516 109.3390 109.4150 109.6527 110.0424 110.4600
112.4800 110.2838 108.3322 107.8580 106.8461 110.8828 117.1990 113.9190 121.3746 127.7628 120.1042 120.4627 119.7096 121.1089 102.5761 122.3598 102.1777 121.4300 117.6177 117.1715 116.7136 116.1881 115.6476 115.0788 114.4852 113.8330 113.3698 112.5879 111.7734 111.0791 110.3474 109.6431 109.0048 108.4738 108.1036 107.9512 108.0478 108.3754 108.8824 109.3100
106.3200 109.3672 101.0629 106.1905 107.5717 115.0944 116.2767 115.8487 121.6703 120.9528 120.5867 120.3404 119.8183 119.3213 124.3743 118.1941 119.0767 118.1272 117.6008 117.0365 116.5327 115.9734 115.3920 114.7777 114.1367 113.4496 112.7026 111.9410 111.1570 110.3081 109.4402 108.5738 107.7445 107.0253 106.5152 106.2983 106.4460 106.8919 107.5748 107.9800
101.5900 101.7456 105.8585 105.4937 105.2501 118.0374 117.5645 118.9471 121.2633 121.1372 120.6805 120.2705 120.4056 121.2636 119.2157 118.0581 118.3296 117.7811 117.3534 116.6426 116.1322 115.7095 115.1384 114.4960 113.8346 113.0813 112.3643 111.4639 110.5450 109.5550 108.5162 107.4297 106.3437 105.3430 104.5820 104.2553 104.4802 105.1580 106.1214 106.3700
113.3400 110.2502 106.1405 107.0479 105.2064 120.3183 116.4732 119.7156 121.0564 120.9611 120.5719 120.0598 119.1616 113.9220 112.1820 119.1322 118.2792 117.7969 117.1778 117.4290 117.3166 115.7314 114.9372 114.4096 113.5592 112.7705 111.7537 110.9259 109.9664 108.8552 107.6117 106.2579 104.8103 103.3655 102.1371 101.5820 101.9488 103.0725 104.5007 106.1800
106.6000 119.1701 111.3422 112.7409 111.3326 120.3929 120.3802 119.8582 121.1630 120.9319 120.4998 121.2204 119.7589 110.2520 103.6500 120.3841 118.0022 117.6747 117.1523 112.6146 105.9392 114.8107 115.5967 113.2781 113.3838 112.5118 111.5413 110.3087 109.4925 108.2344 106.7876 105.1268 103.2031 101.0235 98.9507 97.6994 98.5724 100.5664 102.7642 103.9500
118.4000 113.1990 105.6426 111.3313 124.0426 115.4149 113.3019 121.7291 121.0012 120.8696 120.2097 121.4495 109.4914 122.2292 117.4085 118.1458 118.1767 117.5555 116.9644 115.8725 107.8872 115.2054 113.2278 112.1940 113.3488 112.3498 111.4046 110.3739 109.1223 107.7465 106.1279 104.1546 101.6972 98.5941 93.7487 90.9921 92.8159 97.7972 101.0788 103.9500
108.3700 103.4776 102.7095 108.8654 111.0615 117.6691 116.6749 120.4142 121.0652 120.8673 120.4757 121.1203 112.5315 107.2538 121.8731 118.6591 117.9258 117.5164 117.0735 116.5651 116.9692 115.9027 114.8918 113.2490 113.2653 112.2422 111.2665 110.1706 108.9187 107.4698 105.7264 103.5413 100.6205 96.3781 88.7975 85.5167 87.7728 94.9670 99.8601 101.5100
108.3600 104.4897 107.0768 106.7048 111.3987 124.1718 115.0563 121.0051 120.9776 120.8684 120.4076 120.2514 121.1923 103.5269 119.7965 119.9264 118.0952 117.5506 117.0428 116.4006 115.7312 115.0486 114.1438 113.7300 113.0687 112.1843 111.2388 110.1540 108.8994 107.4257 105.6671 103.4442 100.4470 95.9857 87.8959 84.4601 86.7493 94.4231 99.6523 101.5000
109.9100 102.6436 103.0284 114.2073 109.6451 124.5587 117.8322 120.1780 121.0305 120.8821 120.5092 120.1695 120.0358 117.9282 119.1491 118.5398 118.0635 117.5789 117.0728 116.5613 115.8649 115.3957 115.1791 114.1675 113.1689 112.4039 111.3115 110.2668 109.0441 107.6335 105.9558 103.8976 101.2601 97.6469 92.0129 88.8747 90.8132 96.7850 100.5772 101.7400
108.9200 107.9081 106.1913 106.4255 107.5132 123.8697 121.1224 121.6537 121.2287 120.8727 120.5307 120.1836 119.8004 119.4565 119.0003 118.5575 118.1166 117.6337 117.1177 116.4423 117.1776 99.5882 96.7756 114.3616 111.0802 112.3843 111.4361 110.5083 109.3603 108.0535 106.5400 104.7750 102.6802 100.2548 97.4654 95.6573 96.9809 99.6729 102.1936 103.9200
102.5000 105.3029 106.0824 105.3350 125.6918 122.3465 121.9196 121.5365 121.2511 120.8608 120.6773 120.1539 119.8852 119.1475 118.5266 118.5381 118.1314 117.7077 117.2028 116.6617 116.6324 116.9389 108.6183 97.1961 114.9092 112.6299 111.9557 110.8320 109.8064 108.6292 107.3250 105.8679 104.2703 102.6366 101.1610 100.4710 100.9389 102.2884 103.9484 104.3800
118.9000 115.1443 119.2024 104.4339 124.3717 121.8762 121.8930 121.6528 121.2637 117.6369 118.8576 120.0639 119.9677 116.0471 118.4200 119.2369 118.7501 117.8111 117.3076 116.8244 116.1574 115.1625 113.0987 114.2560 113.4398 113.0014 110.5769 111.2970 110.3610 109.3096 108.2098 107.0479 105.8340 104.6953 103.8240 103.4283 103.6987 104.5023 105.6012 106.1400
108.5300 114.6690 115.2274 108.9569 122.2483 122.0439 121.9721 121.7613 121.2587 115.0331 119.5972 120.0765 120.3043 120.2438 119.3154 114.6308 118.5578 117.8083 117.4552 116.9317 116.4454 112.5287 116.0893 115.5602 111.0507 112.5151 109.5756 111.8094 110.9757 110.0490 109.1359 108.1911 107.2968 106.4834 105.8970 105.6538 105.8166 106.3357 107.1126 107.7400
103.2900 108.7240 107.5928 109.7166 122.9124 122.3070 121.9990 121.7481 121.1656 121.6953 120.9166 120.1755 124.5236 118.4536 120.1007 109.4757 119.3709 118.0132 117.6065 116.9365 117.7282 110.5038 107.6480 113.0541 112.7603 117.1876 113.5320 112.2383 111.5842 110.8176 110.0473 109.2973 108.5952 108.0028 107.5900 107.4284 107.5335 107.9010 108.4596 109.3000
108.1700 105.2833 121.5939 122.3588 122.0446 122.4811 121.9545 121.8091 121.5142 120.9372 121.6256 120.2839 122.3113 119.5455 119.3622 119.4724 118.5588 118.2553 117.8015 117.2169 116.8017 98.5483 104.9864 102.4882 103.6295 99.7419 112.6531 112.9445 112.2251 111.5765 110.9250 110.3136 109.7667 109.3174 109.0153 108.8882 108.9734 109.2396 109.6589 110.4000
103.2500 111.0267 112.2343 123.1549 120.5091 122.2229 122.0202 121.9016 121.8203 117.4701 120.4177 120.0095 119.9563 120.1993 119.6292 119.1302 118.8127 118.4078 118.0115 117.3917 116.9958 93.3629 107.3358 90.4047 108.3381 115.7499 114.4066 113.4429 112.8654 112.3150 111.7598 111.2689 110.8165 110.4753 110.2381 110.1456 110.2126 110.4094 110.7424 111.4100
117.2900 124.6830 105.2745 121.3396 122.6454 119.6842 122.2404 122.0077 121.5647 118.1855 121.0583 120.7409 120.6171 118.2276 120.1748 119.5192 119.0239 118.6051 118.1974 117.6661 117.6196 114.5121 98.6857 109.4839 115.3778 114.8960 114.3196 113.9805 113.4878 113.0056 112.5775 112.1534 111.8278 111.4844 111.3171 111.2478 111.2952 111.4549 111.7196 112.2200
106.6800 105.0622 99.8907 100.6728 121.5564 122.1076 122.3780 122.0709 121.8084 121.6672 121.1999 120.8803 120.5923 120.4737 114.6899 120.0594 119.1064 118.8106 118.4274 118.0377 117.6516 118.1560 111.1847 117.4537 115.8178 115.5066 114.9726 114.7158 114.0992 113.7148 113.4733 112.8529 112.4198 112.4341 112.2813 112.2182 112.2557 112.3867 112.6029 113.1300
123.5800 115.2805 121.7606 122.5606 123.1853 122.7064 122.4126 122.1742 121.8753 121.5990 121.3172 121.0186 120.7176 120.4687 119.7189 119.7942 119.4132 119.0228 118.6686 118.2883 117.9676 117.4131 117.1283 116.6140 116.3828 115.4926 115.2756 115.5724 114.0496 114.6197 110.4726 114.2083 113.3855 113.2730 113.1459 113.1018 113.1326 113.2395 113.4123 113.8700
114.7700 117.6584 123.8111 123.2484 122.7870 122.4073 122.5257 122.2921 122.0044 121.7392 121.4524 121.1661 120.8714 120.5901 120.4096 119.9958 119.5766 119.2544 118.9087 118.5615 118.1957 117.8300 117.5164 117.0564 116.6803 116.5722 121.8371 121.6230 115.3667 115.1256 108.3365 113.4555 114.1647 114.0341 113.9310 113.8847 113.9051 114.0097 114.1532 114.5500
123.9800 122.1537 124.8978 102.1415 122.1874 119.7173 122.7324 122.4345 122.1613 121.8496 121.5751 121.3183 121.1292 120.4465 108.8972 120.3807 119.4412 119.5131 119.1622 118.8301 118.4830 118.1400 117.7936 117.5736 118.3048 113.4787 96.1147 110.8183 115.8786 115.2995 115.9574 115.1519 114.7943 114.7496 114.6541 114.6328 114.6764 114.7000 114.8665 115.1700
102.8100 110.9912 123.9010 111.5605 124.4974 123.6128 122.7242 122.5280 122.0274 122.2880 121.9358 121.4191 121.7815 116.3515 117.4698 121.8278 120.0324 119.8239 119.4592 119.0964 118.7873 118.4750 118.1425 117.9974 112.4860 96.7367 106.1245 116.6059 116.6430 116.1371 115.7787 115.6639 115.5220 115.3995 115.3235 115.3085 115.2569 115.7821 115.4084 115.7600
118.7100 112.8990 125.3205 123.4087 122.9835 123.0563 122.9141 122.6870 122.9754 118.4696 122.2053 121.5438 121.4051 122.3622 106.1476 117.9988 115.8292 120.8263 119.3302 119.4001 119.0294 118.7688 118.4353 118.0581 120.3707 120.2524 118.9899 117.3021 116.5686 116.6229 116.4302 116.2477 116.1109 116.0105 115.9378 115.9422 116.0006 114.3038 117.1118 116.3100
119.1300 126.2999 123.5736 123.6496 123.5727 123.2578 123.0267 122.7805 121.3495 116.0891 122.0824 121.6664 121.5621 121.8399 108.8590 102.1916 115.6745 120.7004 120.0303 119.6332 119.2544 119.4658 119.2516 118.4392 118.0387 114.6206 116.8977 117.4980 117.3448 117.1130 116.9460 116.7907 116.6778 116.5776 116.5167 116.5710 116.9841 109.1461 116.7866 116.8200
124.4600 112.0208 125.1305 125.1838 123.4479 123.4072 123.1649 122.9725 122.5603 122.7248 123.6006 121.8749 121.7831 121.3627 114.4067 111.9615 123.5164 104.9784 118.8782 120.0429 120.5270 116.4663 117.1122 119.3203 118.7089 119.2879 118.4531 117.7758 118.2518 117.5955 117.4397 117.3060 117.1945 117.1104 117.0073 117.0022 117.0605 117.7977 117.8606 117.3000
124.5000 119.3427 124.5157 124.5627 123.6675 123.4932 123.2769 123.1020 122.9420 119.3895 119.2856 119.1380 118.6815 124.0474 122.8451 106.1531 123.5995 118.4765 120.5735 113.9245 119.2366 113.0845 111.9191 118.6666 118.3917 113.0777 110.6915 118.4145 118.2230 118.0684 117.9133 117.7813 117.7246 117.6389 117.9970 117.7610 117.5686 117.5184 117.5444 117.7600
124.5400 124.9354 124.1662 123.9734 123.8927 123.6901 123.4559 123.2446 122.8833 121.9340 121.9714 122.2154 115.4659 122.1385 101.4945 96.5058 108.2617 113.3595 100.3291 116.2546 101.1711 100.5491 103.5192 108.4318 117.8364 120.1536 117.6290 119.0052 118.6476 118.4862 118.3888 118.3611 117.9826 118.1929 115.2142 117.5993 118.0605 118.1008 118.1694 118.2000
124.7300 124.5507 124.3967 124.2810 123.8516 123.5860 123.5396 123.3768 123.1242 123.2018 119.1986 122.3655 122.9588 122.9586 120.2613 116.8668 121.3496 102.9014 99.7039 122.5019 96.5296 99.1722 100.3115 101.1950 103.2916 120.1089 119.2458 118.9985 119.0621 118.9608 118.6301 117.9670 119.3386 118.1969 126.3588 120.1867 118.4222 118.5473 118.5974 118.6100
124.7700 124.6263 124.4858 124.7080 125.0930 123.3611 123.6923 123.5495 123.3879 123.1053 122.6731 122.9212 122.6055 122.0749 121.9373 121.9463 121.4625 123.3696 110.0214 106.1082 108.1974 101.8463 102.3015 111.8427 117.4519 121.0994 119.6748 119.5972 119.4789 119.1291 121.9275 122.6062 109.7937 117.9702 104.8364 120.7386 119.0239 118.9854 119.0319 119.0000
124.9500 125.3859 124.2051 122.2370 98.6110 108.7114 123.3928 123.8268 123.5424 117.3199 111.3370 121.1801 122.7396 122.8903 122.5432 122.2166 121.5450 122.9973 108.9050 102.6919 120.2824 114.4869 113.3546 118.6664 121.2643 120.2360 120.0778 119.9129 119.8940 119.8398 114.8121 121.7589 118.8761 119.3625 118.0283 119.3287 119.2935 119.3914 119.4368 119.3800
102.9900 121.2131 124.9939 110.0572 113.8952 124.6020 123.8162 122.9312 122.1033 123.9868 126.7019 123.8041 122.8422 122.5744 118.4385 121.6955 122.2371 122.7813 121.2132 121.9280 120.4824 121.6616 121.3926 121.1418 120.6501 120.5599 120.4131 120.2850 120.2900 120.2112 111.4881 118.9140 119.2000 119.7732 119.8256 119.7722 119.7897 119.7857 119.8262 119.7400
125.1700 126.5418 125.4432 119.9433 127.2006 131.1545 122.7535 124.1202 123.4887 124.7054 124.2982 125.8504 123.5827 118.7594 124.2408 123.2597 122.4059 119.4707 109.6514 122.4757 123.8622 121.4810 121.3049 120.9866 121.0395 120.8708 120.7312 120.6165 120.5287 120.7529 110.8778 118.6069 120.1010 120.2450 120.1626 120.1334 120.1436 120.1612 120.1970 120.0900
125.2200 125.0800 126.2700 102.8100 124.7000 124.3900 121.8100 124.1100 119.7800 123.6600 101.5100 101.4800 123.2100 102.0600 122.8800 122.7300 118.9100 122.4200 122.0400 122.0800 121.6900 121.7200 121.5000 121.3400 121.1600 120.9800 120.9800 120.7800 120.8400 120.6100 120.6500 120.4000 120.4500 120.4700 120.4800 120.4900 120.4800 120.4600 120.4500 120.4300
