108.8800 108.8800 116.3400 110.5300 113.2800 106.8300 102.2800 103.1200 123.7000 118.9800 101.1900 101.6000 126.8500 116.4000 122.3400 122.2100 121.9800 121.7900 121.6600 121.4200 114.8100 113.1500 120.9000 120.6300 120.4700 120.2700 120.2700 120.0600 119.8300 119.8300 103.1900 103.1900 116.1800 119.4100 119.4300 119.0900 119.0900 119.0800 119.4200 119.4200
102.9400 110.7844 109.8168 110.3089 109.1501 112.2919 104.0313 101.9861 112.4251 111.2326 111.1322 102.1925 122.7735 121.8065 122.6097 122.1578 121.9293 121.6933 122.2684 112.3542 102.6123 117.0880 120.9012 120.4960 120.3473 114.3609 104.9720 119.8701 119.9947 117.9707 115.3367 99.2705 106.5162 119.1948 119.1443 118.9926 118.9938 118.9983 119.0301 119.0500
102.9400 113.4454 108.0553 109.7853 103.6790 105.4343 104.5584 104.6149 115.5577 113.8404 129.6964 114.0015 118.5766 120.7474 121.9885 120.2645 121.6889 121.2550 121.4392 120.3225 115.5166 116.8228 120.5200 120.1726 120.1711 117.2221 112.4366 103.2316 120.0267 119.7227 116.6872 106.8952 111.5735 118.9233 118.6651 118.5652 118.5608 118.5721 118.5992 118.6600
102.9100 105.2930 104.6817 107.8695 107.3433 105.1513 105.8002 106.9112 103.2472 123.8202 104.8977 119.4875 123.1055 122.3659 121.9921 121.2810 121.5277 121.2066 120.4814 116.6471 115.6975 121.4388 119.9570 119.9031 118.7448 119.2896 102.8851 119.8889 120.1180 118.5557 118.9574 119.2301 120.1199 118.2234 118.2048 118.1123 118.1040 118.1112 118.1527 118.2500
102.6900 116.1110 105.3876 103.6727 104.3869 103.3268 105.0889 119.2785 114.8753 114.1104 126.7476 121.1622 122.1651 121.6593 121.3901 121.2732 121.2297 120.9524 119.8840 119.0751 120.2087 120.0452 119.7595 119.6563 119.4037 120.8201 111.6350 120.3005 117.5147 118.3475 118.1001 117.8821 117.6077 117.7710 117.6875 117.6321 117.6207 117.6355 117.6715 117.8200
110.0800 113.2634 109.0872 109.9468 104.0577 102.3091 109.4135 114.0126 116.2906 121.4909 116.5551 122.4598 122.0557 122.3288 121.4687 121.1479 120.9437 120.4644 120.7186 120.2455 119.8458 119.6984 119.2242 118.9611 119.1741 119.0657 119.3297 107.3039 108.7090 117.8977 117.7099 117.3070 117.2762 117.2610 117.1692 117.1304 117.1116 117.1252 117.1689 117.3700
110.1000 115.0655 105.7391 111.0653 104.1385 108.0995 120.9097 102.8280 101.8251 112.5187 123.0754 122.2081 121.3138 123.5873 100.6823 124.7555 119.9546 120.6728 120.2378 119.9687 119.7448 118.9277 122.2480 118.3965 111.5817 114.4959 118.5594 107.3677 106.2152 117.4888 116.5541 118.0739 117.3254 116.7013 116.6762 116.5658 116.5663 116.5860 116.6404 116.9000
110.7800 105.7989 102.8300 104.3306 104.1410 111.8389 116.2174 108.1361 114.6540 117.8234 120.6288 122.0117 121.6220 117.9686 94.2532 118.9537 106.1374 121.5266 120.0576 119.6366 119.5780 119.2121 114.4182 104.6162 115.6211 107.1870 115.4442 119.4680 106.7712 116.2444 117.3043 115.1926 104.9092 116.7861 116.1683 116.0648 115.9857 116.0056 116.0626 115.8500
109.4100 110.6642 116.6262 103.6460 104.6227 105.2120 120.8142 111.5628 122.3260 121.7725 122.1717 121.6051 120.7962 124.0913 98.2196 101.8149 115.5026 119.7718 119.4533 120.3379 114.5548 116.3763 117.9101 101.7796 100.6568 104.2302 99.3917 101.4558 112.7902 94.5854 119.6653 117.1263 114.1672 116.8070 115.2645 115.3166 115.3807 115.4095 115.4618 115.2800
105.3700 105.1400 106.3374 108.4996 102.2941 106.1028 120.3055 112.8711 123.5445 122.0054 121.9400 123.1932 122.6387 116.3804 102.3530 120.8487 121.1337 121.4526 113.0710 121.2274 101.8700 102.0100 99.5960 96.6833 103.3344 101.0606 99.6330 97.7598 101.9095 113.4412 109.6768 115.9008 115.2700 107.7267 114.8417 120.2927 114.1918 114.8129 114.8083 114.6700
113.3500 104.0869 101.3544 106.4772 98.2432 110.4085 114.3407 112.1876 122.7843 122.5768 113.9166 114.0418 114.3206 104.2786 111.2982 111.1733 118.9059 119.5515 105.4873 114.2220 103.3507 102.6685 105.9855 99.7087 109.5742 108.4539 99.1780 99.5061 109.9213 98.8885 107.0156 108.6876 113.1781 116.1058 117.6838 113.3890 113.6489 114.0254 114.1020 114.0100
102.1400 101.6230 104.8934 107.1113 112.6163 113.2699 107.0640 123.1424 122.5844 119.2282 106.3781 95.0946 96.5054 99.3760 105.3407 105.8631 119.7444 119.3465 120.8115 103.0928 101.5614 99.2592 98.3101 104.9861 98.4258 110.7639 94.9698 98.7440 92.2232 92.3614 96.1757 97.5745 113.9941 113.1287 110.1119 113.4187 113.2800 113.2295 113.3309 113.3000
106.8400 106.0686 105.2752 105.4326 114.8844 114.8132 114.6438 120.7471 121.0086 117.9897 119.6786 107.4217 105.2294 102.1159 120.0554 114.4242 120.7102 118.8845 118.1679 117.8632 101.3677 96.3961 100.0257 102.5423 107.5550 114.9340 91.1189 97.1476 95.9836 93.8425 105.7037 115.2401 113.7701 109.4001 112.7456 112.5693 112.3217 112.3722 112.4937 112.5100
106.2800 110.0046 100.8259 103.5857 118.8384 110.0429 121.2251 123.0197 121.9777 122.2762 122.9356 113.7121 115.4609 104.6995 109.6231 105.9808 121.0316 119.7663 120.2651 120.4596 108.7546 101.8052 94.9281 92.3547 104.7921 106.1091 91.8999 104.1899 100.7653 102.0185 112.3157 112.5480 111.9603 112.4481 111.4978 111.3334 111.3627 111.4154 111.5763 111.6500
112.0100 103.0619 106.8549 111.9527 112.6530 122.8817 121.0108 122.2428 121.7098 122.4135 122.3355 115.4473 120.6965 119.2604 114.1575 108.8574 109.1876 108.5102 105.6323 109.7202 120.4665 103.3642 97.4718 113.2802 112.8977 106.0126 107.8648 92.9991 109.3261 101.3870 113.4794 111.8011 111.4470 110.8300 110.6305 110.4040 110.2922 110.3467 110.5493 110.7000
104.0300 102.6769 102.4889 104.8553 100.2904 99.5500 123.7836 121.9527 122.3544 110.6142 103.2699 121.8878 122.0815 122.5306 114.7380 103.9277 109.6798 101.1132 106.4752 98.1498 100.8681 97.5855 98.9741 93.7085 94.3846 113.2822 113.4795 110.7668 114.3891 110.6336 111.7449 110.9888 110.4171 109.8976 109.4453 109.1542 109.0501 109.1302 109.3968 109.6100
105.3900 103.5836 103.2096 101.1089 101.4441 115.3919 108.0099 122.2433 121.7000 121.7275 122.4173 103.2671 119.4293 108.8954 119.8637 118.8747 120.7842 98.3416 104.7871 99.5474 110.9824 98.7765 103.9588 102.1618 92.7393 96.6351 115.1694 113.0461 112.2587 111.7171 110.8249 110.1433 109.3833 108.7179 108.1520 107.7711 107.6130 107.7254 108.0822 108.3800
104.7700 119.0885 114.0354 101.1637 103.1223 104.0216 125.4769 111.5237 122.6467 120.5532 115.1040 121.1479 120.7485 117.5752 116.0815 119.4685 118.5908 119.1272 118.0110 112.4381 95.9993 102.4689 102.7934 98.3464 118.6492 95.1549 113.8581 112.2912 111.8693 110.9989 110.1287 109.2088 108.3088 107.4220 106.6558 106.1123 105.8823 106.0491 106.5511 106.9100
106.9200 104.1128 116.1096 112.3911 122.4788 124.8138 122.7610 123.2520 123.1839 121.4457 101.3679 120.6568 119.0963 120.3836 120.0422 119.2225 118.7691 117.9803 117.4583 117.4746 119.1104 98.3480 92.2821 97.6356 99.1556 110.9946 113.6069 112.1008 111.3069 110.3805 109.3682 108.2865 107.1368 105.9836 104.9026 104.0832 103.7271 103.9848 104.7628 105.1200
112.2900 108.3998 106.5080 99.7287 122.3273 113.0468 115.7948 117.8230 113.0019 118.1699 122.6489 116.1481 117.1653 119.7469 119.2403 119.0077 118.6174 118.2640 117.8350 116.6648 115.7528 103.6545 101.4475 119.6712 111.6254 111.5688 110.2611 111.8174 110.9162 109.8410 108.6738 107.3848 105.9575 104.4178 102.8312 101.4769 100.8739 101.3235 102.5873 102.8300
101.7200 100.1015 112.1800 116.1363 118.6993 118.9103 108.5493 111.3399 108.9866 102.0153 122.6873 99.0905 118.4460 119.5899 119.3285 118.9987 118.5347 118.0521 117.6379 117.1832 118.3494 110.6291 116.9932 114.5866 112.1635 113.8257 112.9830 111.3788 110.3745 109.3427 108.0707 106.5835 104.8289 102.7833 100.4070 97.9754 96.4241 97.5716 100.0293 102.6500
109.9000 101.8595 99.6413 98.2890 112.5760 114.1103 124.6078 103.0375 108.3135 110.9627 121.8639 122.0369 114.0827 121.0612 119.3686 118.9731 118.6334 118.2615 117.6532 117.2075 107.0720 105.8939 113.6975 116.6755 114.3077 113.1427 112.1176 111.3010 110.7106 109.0570 107.6520 105.9620 103.9196 101.3320 97.9224 92.3423 89.5612 91.6956 97.2097 99.2700
103.9200 102.8873 102.9509 116.2319 120.1110 119.3634 121.7796 121.7837 113.1642 121.8405 120.0458 120.1390 120.7803 120.7914 119.1902 118.5518 118.7378 116.1628 117.6759 116.9031 117.3479 92.8995 104.7209 99.8833 114.3878 113.1622 112.2691 111.3367 106.8471 107.6747 107.2393 105.6576 103.4101 100.4067 95.8702 87.9114 84.5431 87.0085 94.7683 98.9800
103.9200 103.0196 102.6733 123.5789 123.4306 127.3773 122.0110 122.3926 122.5821 121.4081 120.9851 120.4567 119.8143 119.1325 117.1298 119.9889 118.6828 114.9931 117.8362 117.0201 118.7544 95.3439 101.2770 93.2700 112.2975 112.6753 112.0024 111.3274 105.1064 104.0459 107.4015 105.7005 103.4355 100.4570 96.1226 88.3182 85.0588 87.3311 94.9944 99.0800
102.1600 116.3860 99.7773 114.1558 123.6224 122.4923 122.1680 121.7508 121.3512 121.1810 120.6497 120.3165 120.2458 119.4125 105.2363 119.1598 118.0797 117.8369 117.5884 117.1504 116.5559 113.6282 115.0370 112.0290 114.1947 113.9459 112.4055 111.3436 109.7695 108.9961 107.6478 106.0107 104.0039 101.4595 97.8156 92.7505 90.2293 92.3412 97.5668 99.4400
115.5700 111.8817 123.1137 112.8335 121.3729 121.5969 122.1643 121.8544 121.5346 121.1722 121.3688 120.8684 119.6293 119.1364 111.9798 119.1273 118.7588 118.1209 117.6356 116.9967 116.3459 116.4586 115.5636 116.6330 94.9003 100.8541 112.4492 111.5345 110.5602 109.3902 108.1377 106.6620 104.9632 102.9544 100.7236 98.4887 97.0314 98.0926 100.3257 102.3600
110.8700 119.3365 100.4944 112.6148 130.7325 126.1813 122.0610 121.8520 121.6890 121.8157 105.6081 112.3259 120.8171 116.4019 120.1110 118.6908 118.5924 118.1949 116.7480 117.9808 93.5583 97.4153 98.6847 93.9596 95.8014 114.2470 112.3986 111.8568 110.9368 109.8986 108.7397 107.4781 106.0926 104.5569 103.0118 101.7776 101.2024 101.6170 102.8592 104.8100
111.4500 100.9296 107.0297 100.6394 126.5413 119.5829 122.4110 121.9004 121.8326 121.7874 110.1192 120.8828 111.7481 118.2348 117.5589 118.2283 118.5719 118.9517 101.0990 95.9918 97.4917 100.9087 95.0163 118.7626 116.4401 92.6381 112.6668 112.2410 111.3693 110.4438 109.4529 108.3877 107.2549 106.1541 105.1025 104.3114 103.9714 104.2096 104.9574 105.1000
114.1800 108.9785 128.0782 109.3827 117.5851 123.1549 122.2918 121.9549 121.3704 118.0763 118.4826 120.5792 114.2222 99.8419 124.4456 122.8657 118.6074 114.4198 104.3739 103.1068 116.0872 116.1034 117.2141 114.4315 108.6445 111.2755 113.3686 112.7487 111.8752 111.0601 110.2062 109.3182 108.4155 107.5622 106.8212 106.2875 106.0707 106.3221 106.6979 106.8500
115.0900 108.9294 125.0283 123.9931 117.7353 122.3348 121.6831 118.1155 116.4029 116.9874 117.0087 124.3059 101.7259 104.1171 120.0879 126.2665 118.5576 119.0220 119.7102 119.9553 119.1907 114.3476 115.4379 116.2564 116.5896 115.0107 113.8438 113.0929 112.4376 111.7029 110.9679 110.2286 109.5106 108.8491 108.2980 107.9202 107.7637 108.0466 108.2352 108.3300
119.2700 113.8882 118.5306 121.8799 123.5665 122.4999 121.9784 107.6720 107.1442 117.4570 114.6480 105.7571 116.7757 116.9531 116.2657 116.4453 118.7466 118.4269 117.9640 117.7553 107.5705 103.8428 108.3890 114.9947 115.6768 113.5436 114.2754 113.5875 112.9922 112.3568 111.7223 111.1082 110.5187 109.9999 109.5759 109.2946 109.1846 109.2519 109.5124 109.5800
101.8600 119.1426 120.4214 116.4340 123.4584 122.4239 112.7914 114.7535 110.1107 123.1822 111.9546 114.7331 122.6914 120.5075 114.2945 118.3046 120.2736 119.4332 118.4043 118.2778 102.9594 106.1228 112.5398 116.6231 114.2727 115.3465 114.6689 114.1062 113.5540 113.0004 112.4538 111.9408 111.4488 111.0363 110.7039 110.5001 110.4015 110.4622 110.6653 110.6700
116.1200 124.4771 125.0111 121.6991 119.6222 119.8375 117.7825 123.5546 119.2709 107.9967 135.8195 107.7494 120.5154 120.5216 121.5217 122.6307 110.0647 127.6062 115.3750 118.8186 114.8070 102.7055 107.1255 103.2637 115.2235 115.4779 115.0989 114.6033 114.1206 113.6606 113.1824 112.7241 112.2559 111.9385 111.7629 111.5162 111.5087 111.5205 111.6776 111.6300
115.9700 124.4995 116.3480 122.5529 122.6633 122.9434 123.3967 122.0397 120.7851 120.6267 97.4345 119.1296 120.3952 119.7147 98.0427 100.5053 100.2765 112.4026 119.2687 112.2966 104.7770 95.5577 93.9963 104.7096 117.1387 115.9658 115.5505 115.1078 114.6662 113.9822 113.7014 113.3993 113.2871 113.1972 111.7905 112.5188 112.3473 112.4581 112.5844 112.5000
124.0900 123.6698 122.7338 123.7035 123.6957 116.7116 123.1108 122.0733 122.9583 123.0135 123.2536 121.7755 120.9382 120.8025 119.4538 108.1881 115.0541 119.2576 113.1226 100.4992 95.4515 96.3693 110.6830 118.3578 116.8672 116.3633 115.9982 115.5856 115.2386 114.4302 115.1112 114.5019 111.0066 114.7492 107.3568 113.9503 113.2185 113.3202 113.4118 113.2800
124.1200 123.8602 116.0132 125.3870 114.8057 121.5082 121.0258 123.0057 113.4050 120.5945 125.9683 118.3510 121.0434 121.0755 120.1296 120.2454 120.8298 118.4686 119.6763 101.2940 105.8223 115.4570 117.9179 117.4416 117.3073 116.7895 116.4329 116.0597 115.9756 116.6066 115.6757 99.4188 107.1724 106.0599 99.1134 111.2269 113.8161 114.1292 114.1744 114.0000
102.1500 99.1693 111.7536 122.3066 112.5510 130.0274 118.8841 119.9191 122.7401 126.8303 116.0789 123.3807 123.7573 121.9324 120.7878 120.4662 120.0455 111.5478 102.5760 95.9286 119.1856 119.0813 117.7366 116.8237 117.9596 117.1824 116.8747 116.5185 116.0721 113.6639 96.6937 94.7853 109.2919 92.1137 107.4655 115.3115 114.8515 114.7932 114.8695 114.6600
102.3300 107.8701 103.8079 109.8535 108.5534 105.8733 126.0272 108.5461 118.9674 122.8566 113.2133 116.7508 102.6848 123.4455 120.6887 120.5703 121.4369 121.4819 119.0597 115.0144 121.0417 118.6181 119.0318 113.1901 117.9640 117.5501 117.2876 117.0894 116.6849 118.0161 104.5000 93.5928 119.5967 111.2710 117.2547 115.4292 115.3953 115.4532 115.5210 115.8500
106.9200 123.5669 108.0373 117.4324 108.4148 113.8810 121.8501 122.1891 111.7578 119.5938 116.6566 107.7387 107.5157 121.6066 121.0235 120.9670 115.6716 118.1267 101.5813 118.8010 119.1021 119.9578 113.4920 115.5019 118.9532 118.0225 117.6896 117.4560 117.0461 115.5859 97.6846 94.6070 104.3356 112.7883 116.0208 116.0643 116.0630 116.0695 116.1250 116.3800
114.3600 114.3600 102.0900 101.9400 106.3800 105.4100 113.3800 117.5100 105.7500 105.3700 102.9100 106.4000 121.8300 121.6500 121.2300 121.0200 114.3900 120.3900 98.2900 119.9000 119.6700 119.4700 98.9000 118.6700 118.7200 118.1400 118.1400 117.5800 117.6300 117.3700 97.5700 97.5700 116.8000 116.8000 116.4300 116.4500 116.4600 116.4500 116.4200 116.3800
