117.3600 117.1700 110.5800 112.7300 115.8000 101.8100 102.8500 104.0200 103.8700 107.7800 106.2800 118.3400 118.1800 121.9100 121.7200 121.5600 121.3300 121.1100 120.9200 120.7500 104.5500 120.0900 120.0900 119.6400 119.6400 119.4500 119.1300 118.9200 118.6700 118.6700 96.4600 96.4600 116.8400 118.2300 117.8500 117.8700 117.8800 117.8700 117.8500 117.8200
112.4900 115.3697 111.4794 111.8205 114.9316 106.8558 107.0525 111.9627 100.3969 102.3450 102.5925 110.6259 120.1777 116.9037 121.8076 122.0256 121.2536 120.8330 123.4235 114.0418 103.7056 119.7539 120.0802 119.5470 119.2405 119.3955 99.6059 117.9626 118.6125 118.6854 110.4861 96.3013 106.3414 118.3263 117.7731 117.6554 117.6538 117.6704 117.7057 117.8200
112.4900 113.8202 111.2116 108.9794 108.2673 110.3077 106.5025 114.4693 107.0587 112.3613 103.7994 103.3100 118.1934 121.9437 116.2473 120.6729 120.8231 120.8415 110.5072 115.0903 112.6077 116.4869 119.3829 119.2091 118.9625 120.4463 118.2482 119.9692 117.4063 118.0321 111.5075 103.0320 111.7987 117.4022 117.2847 117.1629 117.1504 117.1649 117.2076 117.3700
102.6700 104.8312 109.3472 110.3470 114.2981 104.6305 101.1060 113.9183 112.6405 127.2585 119.0705 115.0386 113.9554 118.8053 116.4559 120.7826 120.7569 121.0507 121.9013 113.5110 115.6130 115.7677 119.4252 118.8610 118.6093 118.2396 117.9532 117.5851 117.4008 117.3872 118.0434 117.6550 115.3515 116.8990 116.7319 116.6193 116.6075 116.6237 116.6781 116.8900
116.0600 112.4017 106.4327 107.1885 113.8104 100.0006 126.5982 123.9765 116.5883 118.4993 122.6783 123.3397 119.5495 122.4615 121.9808 121.1458 120.5954 120.1574 119.4754 119.2250 119.1659 119.2949 118.9038 118.5348 118.0994 117.9476 117.6696 117.4441 117.2240 116.9245 116.6492 116.9797 114.4857 116.4043 116.1553 116.0493 116.0379 116.0495 116.1053 116.3900
104.4300 106.4279 107.0124 107.0114 108.1692 105.0628 121.7682 106.6878 114.7712 123.1218 122.1351 121.6141 121.0705 123.5799 101.7476 121.7314 120.0173 119.9929 119.7963 119.6535 119.3667 118.7267 118.5060 118.4050 117.8444 117.6557 117.7561 116.9643 116.7718 116.4390 116.2131 115.8766 115.9885 115.5532 115.5160 115.4427 115.4147 115.4398 115.5042 115.2800
110.6800 104.2486 101.9122 105.1586 106.4499 109.7942 118.5752 105.4654 109.8010 123.5164 122.4550 121.6096 121.1602 117.5391 107.8713 121.5448 120.7809 120.2098 119.4788 119.2114 118.8718 118.6285 118.2197 118.6588 105.4252 107.0872 117.5903 115.3985 116.2512 115.9132 115.6309 115.4172 115.1542 115.0289 114.8800 114.7903 114.7526 114.7741 114.8528 114.6700
111.0500 106.3045 102.0074 108.6966 104.5647 113.9923 116.0101 108.3999 119.2385 119.2524 117.9525 121.6313 120.9914 124.9025 98.3064 118.8491 102.0172 118.7669 119.1518 119.0789 118.4168 118.3513 118.1158 117.5963 117.8238 108.4624 105.5359 110.6478 115.6385 115.1748 115.0902 114.7744 114.5346 114.3130 114.1701 114.0721 114.0394 114.0674 114.1537 114.0100
110.2600 103.4404 104.0109 106.0337 105.5324 107.0734 122.0419 116.8775 122.3206 121.8098 121.8179 120.9594 120.4850 116.9172 95.8432 102.7289 115.9720 120.3658 117.3711 118.1115 116.5249 113.9543 114.9894 117.5349 116.4521 101.6233 103.0333 95.2713 109.0751 115.0694 114.4532 114.1293 113.8388 113.6233 113.4207 113.3043 113.2531 113.2909 113.3901 113.3000
113.4300 112.5016 115.7455 108.9590 104.2760 110.2758 122.4645 116.2426 119.3453 121.8382 121.8564 122.7646 123.3547 102.9411 102.1627 121.9396 120.1581 120.3378 105.7045 114.8993 105.0616 96.2602 95.0943 109.9864 114.2455 105.1117 102.6050 104.7383 107.7459 115.2726 113.7060 113.3383 113.1672 112.6771 112.5578 112.4617 112.3996 112.4381 112.5577 112.5100
108.2300 106.4654 112.2107 107.6893 103.6031 113.7302 120.9868 118.2064 122.6362 121.9825 113.4578 113.1783 113.0104 110.7882 117.9394 120.2572 119.3498 118.9819 119.0318 120.1309 107.1176 106.2280 100.9814 104.0950 106.2033 113.4830 110.0068 96.0063 114.0829 108.2920 114.5958 113.1917 112.2687 112.6222 111.7764 111.4844 111.4607 111.4863 111.6483 111.6500
108.0800 104.4519 103.3800 106.2393 110.2009 114.2591 112.0014 119.4868 122.0188 121.2461 116.0126 94.9282 110.9639 98.6628 100.6158 121.6973 119.0195 118.7648 118.4640 119.2632 109.1054 99.0383 103.8687 110.7947 108.4024 119.4205 109.0234 104.8795 112.8059 93.3751 101.7314 111.3482 111.2177 108.5273 105.2717 110.7170 110.3811 110.4273 110.6286 110.7000
103.7400 101.6285 103.9917 108.5605 110.0521 116.4163 110.8121 123.7277 121.8828 121.2110 121.6679 96.6906 103.6263 106.4344 122.0351 113.0048 119.1553 118.7278 118.0124 118.3674 97.2976 115.2718 107.6889 102.2474 107.7834 104.5073 105.9483 116.0041 112.6118 92.4689 94.5526 110.3577 110.6835 109.0645 109.8253 109.4817 109.1557 109.2244 109.4877 109.6100
101.8300 101.0279 100.6188 106.4863 114.7556 116.7091 119.3707 122.4985 121.7939 121.2509 120.6682 113.6627 112.7376 112.9361 122.9667 114.4696 119.2514 118.5286 118.0952 118.1295 104.1756 99.0838 91.1377 106.4904 113.6287 89.8484 91.3757 100.7512 118.7704 103.9701 100.4253 109.3831 109.3213 108.9263 108.2066 107.8071 107.7250 107.8371 108.1862 108.3700
104.1000 106.3014 107.4532 115.2634 102.9112 115.2868 115.1868 121.9335 121.7326 121.2906 121.8435 117.5625 122.5665 122.2625 119.4480 119.2252 118.8749 118.4096 117.9474 117.1128 119.2731 94.8040 97.9412 117.5498 116.3232 110.6446 94.2110 100.6862 103.3045 111.2734 109.5351 109.4059 108.3161 107.5165 106.7907 106.2626 106.0222 106.1844 106.6757 106.9100
106.9700 105.7943 103.4371 106.6135 107.2669 108.6862 117.6089 122.3045 121.6672 121.6861 110.2946 120.5894 122.0937 98.4085 112.5305 117.7009 118.4522 118.3102 117.8157 117.3833 116.8049 107.4103 94.6488 92.9639 110.3375 114.5493 112.4690 111.3397 110.9308 110.6031 109.4277 108.3532 107.2244 106.0965 105.0458 104.2506 103.9080 104.1597 104.8906 105.2000
101.6200 101.6469 101.2610 100.9604 103.8055 111.1710 120.1019 121.7735 121.5196 121.3076 121.2283 120.8740 120.0054 119.8144 120.1537 119.0368 118.5263 118.1913 117.7121 117.0224 116.0163 118.4873 94.9572 95.2558 113.2652 110.1676 112.9865 111.7986 110.8552 109.8882 108.7358 107.4435 106.0487 104.5412 102.9998 101.6856 101.1212 101.5392 102.7587 102.8400
117.2300 113.2456 108.5631 101.4529 102.8475 110.7591 123.6024 112.7949 121.8480 118.8826 109.6256 120.9972 120.3181 115.1694 115.5094 119.0668 118.5080 118.0161 117.6851 117.0277 109.8086 93.1359 95.0933 114.1349 113.8918 88.1045 112.1785 111.1546 110.5670 109.4005 108.1124 106.6367 104.9136 102.9170 100.5942 98.3138 96.8172 97.9082 100.2397 102.5000
105.2000 104.4954 117.7436 108.2375 124.5411 123.4482 121.8995 122.1947 121.8554 117.6599 100.5041 122.8525 119.4215 120.5364 115.9737 117.1077 119.0264 118.7075 118.7160 114.5546 94.3104 94.5740 96.0161 104.8655 110.7251 104.5220 114.1378 110.9164 110.2670 109.0650 107.6556 106.0000 103.9782 101.4149 98.0717 92.7859 90.0525 92.0981 97.3621 99.7100
112.4100 108.6584 106.1731 98.5594 122.4530 115.9224 120.9706 121.8693 116.2936 119.3510 123.9445 118.4467 115.1668 120.0189 113.0082 107.5345 120.3782 111.8340 118.5298 94.3797 97.1111 94.3370 92.4511 89.8073 96.9568 112.9569 109.9285 110.3834 110.0615 108.8823 107.4121 105.6459 103.4259 100.4393 96.0024 88.2365 85.1995 87.3348 94.9202 99.1700
105.4700 102.4449 125.5672 113.2515 117.9571 121.4609 119.8855 122.0667 97.8119 102.4653 122.6589 98.4030 112.5669 120.2458 120.6628 120.4634 120.2588 106.0232 107.2412 107.1533 105.6449 94.0183 104.0240 102.0043 116.8588 112.4602 109.3913 109.9579 109.9930 108.8848 107.4051 105.6368 103.4162 100.4233 95.9872 88.0611 84.7656 87.1468 94.8493 98.9700
101.6000 99.0440 109.1668 115.8718 112.3677 116.8517 122.5542 112.4264 109.4639 118.2115 121.3910 113.8212 107.8419 119.9022 118.9377 118.6849 119.5111 119.6587 119.6187 118.7266 119.7484 109.7172 120.7026 116.0653 113.3564 113.0245 112.6688 111.3982 110.2819 109.0586 107.6467 105.9827 103.9508 101.3624 97.9055 92.6945 89.7503 91.8677 97.3049 99.1700
112.6400 105.1395 99.6141 105.5233 114.7365 113.8564 122.1378 115.4610 104.4900 121.7407 119.6773 117.4834 119.8300 121.3124 119.1935 118.7696 118.2229 117.7676 117.2453 116.4144 115.3724 99.9548 99.1323 116.2002 114.3347 113.2286 112.3365 111.5142 110.4836 109.3396 108.0742 106.6034 104.8791 102.8402 100.5103 98.1401 96.5928 97.7605 100.1302 102.5100
119.9300 103.8754 101.6091 107.1144 118.4991 121.6107 122.0786 118.8796 115.1564 120.8621 120.6217 120.9090 120.1421 120.4554 119.7065 119.6595 118.4789 118.2658 117.7992 117.2168 114.5264 110.5536 111.7580 114.3429 113.5018 113.4895 112.7516 111.8776 111.0136 109.9393 108.6711 107.4261 105.9962 104.4641 102.9249 101.5705 100.9671 101.4124 102.6747 104.8100
116.7400 106.2059 103.7440 105.9832 124.0216 122.6668 122.2125 122.3618 122.1065 121.3203 120.8650 120.4970 120.2683 119.2767 116.1977 111.5889 118.5328 118.3563 117.8103 117.2914 117.0028 117.5521 116.0682 114.9110 114.4049 113.7968 112.9884 112.1126 111.2038 108.5476 109.4946 108.3176 107.1800 106.0373 104.9610 104.1429 103.7958 104.0541 104.8180 105.0400
123.0400 117.5223 122.1818 123.5848 122.3598 122.3407 122.2372 121.9485 121.6435 121.3900 121.2266 120.4470 120.0712 122.3733 96.6046 124.7637 118.6550 118.3129 117.9397 117.4517 117.0170 116.4322 115.9201 115.2837 114.8119 113.7756 113.4298 112.8802 111.7538 110.9690 110.1285 109.2476 108.3424 107.4615 106.7098 106.1621 105.9376 106.1012 106.6064 106.9100
119.4400 118.5767 108.7378 110.1879 122.5733 128.4936 121.7974 122.0626 121.7607 121.1120 119.9809 115.4889 120.3896 120.8026 119.0611 118.7979 118.9506 118.5201 118.0856 117.6296 117.1141 116.5187 116.2317 115.9191 113.4462 115.2344 106.9711 112.4320 112.2437 111.6910 110.9034 110.1597 109.4378 108.7555 108.1962 107.8094 107.6334 107.7443 108.1347 108.3300
108.9600 104.9740 103.0383 103.6859 125.3393 121.6083 122.3471 122.1009 121.8463 124.0086 121.9340 121.6611 120.0440 122.3867 110.3367 119.5952 118.8404 118.6786 118.2530 117.8359 117.6856 118.1401 114.0817 109.9786 88.8499 89.4981 107.7357 114.4812 112.9830 112.3307 111.6718 111.0372 110.4488 109.9151 109.4899 109.1943 109.2099 109.3554 109.3905 109.5800
114.9900 106.7161 107.7270 120.9354 122.1656 122.9531 122.4293 122.0423 121.6540 121.3629 121.4259 121.3666 122.3939 111.0693 122.6831 120.3719 119.1701 118.8298 118.4342 117.9994 116.0824 109.3367 105.2422 103.2929 100.3917 91.1229 109.5180 114.1262 113.4950 112.9434 112.4087 111.8807 111.3865 110.9593 110.6278 110.3877 109.8277 109.0717 110.7688 110.6700
120.6200 120.3884 125.5050 119.5905 122.9447 122.4842 122.4235 122.8269 122.6285 120.2334 122.3684 118.7114 106.3367 96.4467 124.5417 121.4116 119.4809 119.0379 118.7217 118.2174 116.7279 107.9908 115.6702 117.2741 118.8755 118.6073 113.8485 114.6275 114.1530 113.5781 113.1067 112.6603 112.2584 111.9059 111.6477 111.4127 110.6167 121.9952 109.9824 111.6300
120.6200 123.9496 125.8648 123.2408 123.2911 123.3704 123.8293 119.2661 124.1750 109.3236 115.8247 103.1012 109.2531 114.4210 123.9324 119.1429 119.5808 119.0776 118.7031 118.4176 115.7117 105.6087 123.0175 106.8392 116.8487 115.9453 108.5547 115.4873 114.6320 114.1965 113.7869 113.4030 113.0673 112.7703 112.5516 112.4068 112.2361 114.0629 112.3714 112.5000
106.5800 112.7108 115.6127 124.2498 123.9051 119.4266 110.7793 119.5609 109.8380 110.8948 109.6856 114.6170 122.6659 123.8526 123.2833 121.4845 119.4929 120.2233 120.2026 118.4482 114.8766 107.8796 96.8599 100.5898 117.4267 116.8473 116.1378 115.4980 115.1624 114.7839 114.4257 114.1013 113.7913 113.5873 113.3539 113.2683 113.2312 113.1601 113.3600 113.2800
124.1300 118.4810 121.4806 120.5785 123.7231 108.3758 114.7401 121.3420 113.0735 95.3310 120.5748 120.5022 123.1215 104.6723 101.8212 119.0210 120.8074 109.5544 116.9942 115.8226 114.1166 105.5834 104.9060 116.8001 116.9461 116.7547 116.3642 116.0711 115.7084 115.3387 115.0432 114.7467 114.5613 114.1734 114.4978 113.9973 114.0033 114.0405 114.0936 114.0000
116.0400 125.8014 117.4415 112.8060 117.7623 109.5264 124.9226 122.5364 121.5145 125.5198 123.4082 122.0580 111.8334 94.9084 117.7556 122.9746 104.5212 98.6753 106.3521 107.2441 105.4451 100.2129 99.6787 107.2763 118.7877 117.0414 116.8690 116.5097 116.1700 115.9321 115.6357 115.4052 114.7005 115.9828 111.4445 114.8904 114.7911 114.7372 114.8360 114.6600
124.3400 124.6976 119.1688 121.8917 123.1660 116.6825 123.0727 122.5430 122.6146 122.2488 118.5004 120.4611 120.5185 120.4103 122.3051 98.1004 105.7787 120.5315 119.6743 106.2258 103.6435 101.0994 96.5994 114.1344 117.9313 117.5686 117.2488 117.0095 116.6710 116.2863 115.9838 116.5676 115.7138 114.9885 109.5688 116.4638 115.5212 115.3919 115.4685 115.2700
116.3900 116.4011 114.2062 124.9084 123.5802 123.7448 123.3513 122.9967 122.6905 121.9842 124.2227 122.3857 116.9744 121.3086 121.2630 120.0550 120.5818 120.3366 115.6879 101.9736 100.0617 97.5499 96.9796 121.2606 117.0457 118.1297 117.6213 117.4173 116.9262 117.1794 117.6606 105.0663 93.7277 121.2013 106.3178 116.8443 116.1918 115.9926 116.0796 116.3800
114.5600 106.4129 119.0934 120.8421 113.6751 130.2307 126.3476 119.7440 122.2520 124.5625 122.5386 122.4793 121.8874 122.3343 121.2800 120.9590 120.1572 121.8176 103.6472 103.5700 120.7770 120.3329 119.9175 115.8588 119.5068 118.3320 118.0363 117.8334 117.5455 114.8606 98.8438 112.2349 110.1180 116.4594 111.5798 116.7652 116.6992 116.5801 116.6451 116.8900
112.0600 112.6199 106.8264 103.4480 114.1566 122.4930 124.3541 108.2135 120.9939 122.7233 119.9991 118.1618 104.3478 124.6179 120.9776 121.3525 120.8751 119.1232 97.6886 108.3707 121.4885 118.6264 120.2186 121.0076 118.8679 118.4801 118.5026 118.2639 117.8271 117.9301 103.3555 100.3603 118.0287 117.5392 117.3149 117.0908 117.0968 117.1305 117.1832 117.3700
124.8100 128.0556 114.1081 115.9033 123.1774 115.3771 123.0738 120.3723 124.2333 115.7192 103.0922 103.0662 121.7365 122.9447 121.4698 121.7602 121.9280 118.2648 114.8114 122.2446 119.9989 120.8585 120.7776 115.3878 119.8024 118.6762 118.8980 118.6293 118.3612 118.2940 104.1397 99.8838 118.7758 117.8829 118.6655 117.9239 117.7461 117.6503 117.6782 117.8200
124.8100 124.6700 102.3900 102.2300 112.8100 115.3900 104.4500 101.9300 123.1100 109.9800 100.7700 122.4100 100.6800 122.0500 121.8900 121.6700 108.5200 121.1200 105.1700 120.6600 120.4500 120.2500 120.0100 120.7000 119.5600 119.3700 119.1700 118.8600 118.6200 118.6200 118.4400 118.4400 118.1800 96.2200 117.8500 117.8700 117.8800 117.8600 117.8500 117.8200
