108.3200 109.0400 103.0600 102.1700 108.7800 108.9500 101.3300 102.1900 101.8900 103.0800 101.0900 123.1800 129.0500 115.3300 120.9900 120.7700 120.5800 120.0700 119.8200 106.5100 114.2000 112.0700 118.5600 118.2000 117.6000 117.2900 113.6500 99.1700 94.2500 116.0000 101.0800 95.1000 114.8800 114.8800 114.4600 113.9700 114.0400 114.1200 114.1300 114.1300
108.3200 109.1848 107.9239 105.4275 104.8560 104.5645 103.0564 103.5557 105.9981 106.2793 101.9262 120.0524 127.5666 118.4692 118.8617 121.1307 120.1703 119.5038 109.9863 117.2804 118.9377 114.8293 118.8469 117.8592 118.0142 108.4798 111.0224 105.0821 95.3756 105.8033 98.6992 100.5056 111.1721 114.2740 113.9215 113.7265 113.5428 113.4346 113.4031 113.4300
110.0300 112.8639 108.1737 108.1983 104.9855 103.4068 105.6466 113.6531 105.7652 101.8324 103.6150 117.1705 97.6941 119.1667 138.9312 119.7012 120.1515 120.2816 109.8823 117.7322 122.6485 117.0204 118.2245 117.6114 116.2422 93.7391 94.6637 116.8098 98.1011 89.4802 119.8402 108.8137 115.1436 113.5019 113.2181 112.9336 112.7296 112.5985 112.5521 112.6700
113.5000 115.2275 109.7199 107.0160 104.6621 105.3131 105.1041 110.8758 101.9971 99.8824 98.0184 120.2293 114.2793 118.4850 138.4210 119.6398 120.1634 119.6954 121.2419 113.9851 116.7770 117.2153 117.8053 117.4614 117.9326 117.4640 108.2064 117.2905 108.9735 104.8368 114.9023 113.5629 113.3081 112.7989 112.4301 112.0875 111.8391 111.6746 111.6178 111.8400
106.4500 107.4375 107.2163 109.2285 102.9961 103.4709 105.5067 112.7635 115.4616 113.4787 116.5033 120.6376 119.6425 120.1147 118.1211 120.8793 120.0725 119.5483 118.8071 116.6997 118.1596 118.4201 117.5610 117.1655 116.5317 116.1131 116.2435 115.2100 115.5038 116.9163 114.4528 113.0028 112.5254 112.0284 111.5500 111.1609 110.8480 110.6417 110.5697 110.9300
107.0900 111.2611 106.4438 106.8307 105.0569 103.4096 101.4368 123.5921 118.5101 121.9549 122.6706 121.9867 121.4598 119.6448 120.3770 119.3746 119.7198 119.5187 119.1402 118.9437 118.4090 117.7695 117.3808 116.9041 116.4258 115.8184 115.0775 114.7884 114.1185 113.3757 113.0392 112.5111 111.7977 111.1995 110.6312 110.1310 109.7277 109.4688 109.3737 109.9000
107.1800 109.8366 106.4212 104.5479 103.2198 107.3708 120.4093 104.4868 124.0447 122.0202 121.5976 121.3437 120.7254 123.2248 105.4382 122.5022 120.3475 119.2105 118.9402 118.5111 118.0862 117.6438 117.1734 116.6821 116.1623 115.6742 115.0393 115.5937 113.7110 113.1897 112.4817 111.7596 111.0469 110.3214 109.6237 108.9931 108.4658 108.1203 107.9881 107.3900
109.2200 108.8052 109.0023 108.8234 104.5185 110.4010 117.7216 112.3328 124.6728 111.9748 122.7157 121.3562 120.5716 121.8370 96.2834 99.8195 100.6689 120.7595 118.8422 118.3628 117.9416 117.4756 116.9815 116.4612 116.0113 115.6089 114.9496 114.1138 113.4190 112.6875 111.9245 111.1171 110.2670 109.3974 108.5419 107.7204 107.0211 106.5344 106.3430 105.8000
106.8000 108.0252 113.8949 107.8718 106.6061 112.3155 117.1849 109.3522 117.1457 122.0506 121.7944 121.0991 120.4175 120.5064 109.9892 118.7763 115.6941 119.6547 118.8438 118.3223 117.8686 117.3850 116.8406 116.2380 115.2943 111.5857 108.8149 113.7286 113.0530 112.2508 111.4024 110.4880 109.5044 108.4681 107.3859 106.3067 105.3226 104.6018 104.3129 103.8500
102.1200 99.6460 111.1244 102.2306 104.0159 114.2174 116.6741 117.3301 123.1874 121.5145 122.3066 122.7439 122.7971 121.3386 121.9534 119.5176 119.4414 118.9118 118.4312 117.7590 117.2536 116.8099 116.6455 115.7155 115.5507 91.2108 95.5692 116.1479 112.6377 111.8407 110.9477 109.9089 108.7833 107.5420 106.1829 104.7410 103.3117 102.1388 101.6506 101.3300
103.4600 106.7825 105.3809 105.2358 103.0281 114.4725 117.0462 118.8230 121.8883 121.5710 120.6597 112.2113 110.1613 110.5524 109.6017 119.2971 119.4185 118.9835 119.5579 120.0641 119.8934 119.5962 116.6979 116.6186 115.3517 109.4109 107.1498 126.3949 112.3358 111.4349 110.5303 109.3900 108.1547 106.6943 105.0144 103.0875 100.9291 98.9395 97.8191 97.7600
111.3200 112.1221 107.4210 108.2332 104.4572 115.8672 114.2802 123.9940 122.1138 121.6546 122.9873 107.5733 109.5257 98.9435 104.2083 117.2362 119.3895 118.7740 118.9722 105.9707 106.8387 104.0376 117.9844 112.1532 115.5236 115.2915 115.7949 113.3135 112.4785 111.2625 110.2884 109.3659 107.5939 106.0154 104.0184 101.5355 98.3804 93.6145 91.1809 91.5800
102.1000 103.8854 104.0835 103.8245 116.6747 116.5527 123.1354 121.6260 122.0657 121.4399 121.1131 105.8756 122.3336 114.9368 111.2103 114.7916 119.5166 118.9967 118.6559 105.2809 101.8959 106.9533 108.5599 114.2090 115.5105 114.4360 113.5377 113.0863 112.4048 111.1372 110.2694 106.0666 107.8197 105.5604 103.3679 100.3905 95.9444 88.4712 86.7696 91.5800
102.1000 102.5397 104.8790 102.4696 107.1450 115.2773 125.3242 122.1132 122.1253 121.3467 122.2583 96.2167 121.5065 105.1707 113.6155 110.5473 120.2783 119.0257 117.8600 116.4652 100.2155 118.9317 118.5776 115.7676 115.1961 114.6136 113.8605 113.0598 111.9004 111.3888 110.6239 104.5999 107.4825 105.4074 103.2617 100.1992 95.4498 87.7411 86.7649 90.8700
108.6700 102.8213 102.6876 101.5893 117.7754 117.3412 122.8103 122.0860 122.1172 121.6143 120.9752 122.0964 104.9991 102.7397 111.5847 109.9931 120.0008 119.0008 118.2564 116.6359 115.4863 116.8081 115.6979 115.5024 115.0258 114.6081 113.8922 112.9185 113.2568 109.1075 110.5298 108.0901 107.5933 105.8121 103.7210 101.0133 97.3047 91.4458 89.4550 90.8700
102.3800 102.1541 102.7566 115.6385 112.1120 124.1143 121.3130 122.7538 122.1076 121.5121 123.3676 116.4384 119.4040 120.2336 120.2131 119.8119 119.2934 118.9743 118.5015 118.2468 117.6207 118.0532 116.8774 116.8176 115.9189 114.3826 113.7346 115.5841 92.2185 113.7778 110.3693 109.2827 107.9289 106.4063 104.6169 102.4608 99.9645 97.1791 95.4664 97.7500
105.4600 105.3280 103.2825 103.6244 105.5504 113.3617 118.8989 123.0430 122.2228 123.5059 101.7389 123.4314 123.2041 99.9697 117.7438 120.1010 119.2563 119.0211 118.5743 118.2259 119.2850 99.1804 114.2219 90.4273 115.4759 112.1244 113.9383 113.1534 102.1730 112.6319 110.6377 109.7072 108.5274 107.2065 105.7283 104.1198 102.4311 101.0040 100.3841 101.3200
102.1100 103.7595 102.4561 99.0527 117.7510 115.7555 123.2565 121.2266 122.3878 122.1900 122.0931 121.2958 121.8881 121.4478 119.6843 119.8059 119.4889 119.0880 118.6592 118.2040 117.9628 119.8855 94.5237 100.0304 92.9293 112.3690 106.9886 113.3981 113.0982 112.0788 111.2362 110.2583 109.2156 108.1075 106.9181 105.7116 104.5900 103.7154 103.3702 103.8500
102.2800 113.0760 113.1406 104.3299 102.9495 111.0758 124.2733 114.8676 122.6504 121.9509 112.3383 119.9406 120.9677 117.1765 119.1145 121.1165 119.6403 119.1898 118.7557 119.0024 116.0832 106.3736 97.3771 110.8531 104.2511 115.6487 103.9461 114.2271 113.3533 112.4539 111.7162 110.8657 109.9717 109.0490 108.0980 107.1963 106.3847 105.8252 105.6113 105.8000
107.3400 104.6925 117.5898 115.2627 120.0127 122.9036 123.4965 123.4856 122.2987 122.3745 104.9031 121.8901 119.0794 122.0238 113.3615 114.2964 119.8023 119.3447 119.1443 113.8699 99.4450 106.4863 106.5003 109.5093 110.5563 104.1801 117.0042 114.1399 113.6476 112.9790 112.2554 111.5109 110.7486 109.9673 109.2129 108.5097 107.9265 107.5285 107.3830 107.3900
116.5600 107.1512 104.4788 103.1431 121.3359 120.5353 122.8661 122.7257 119.1772 122.2941 124.0357 112.6986 114.7546 122.4877 106.6027 114.7706 119.8306 119.0328 119.4538 104.2029 97.9045 108.0225 104.5407 90.9568 112.5525 111.6770 117.6748 114.5221 114.0317 113.4640 112.8120 112.1601 111.5048 110.8642 110.2491 109.7019 109.2532 108.9690 108.8565 108.7300
102.6200 103.9129 103.0176 111.1670 120.3399 120.8370 122.8667 123.0537 117.6659 121.4584 120.7977 115.4863 118.7822 121.3469 123.0070 121.4769 119.7512 120.6533 122.6750 100.9964 97.8423 94.1109 93.9369 94.1419 108.9757 100.1829 116.4055 114.9027 114.6002 113.9520 113.4370 112.8187 112.2569 111.7118 111.2091 110.7706 110.4255 110.2035 110.1161 109.9000
117.1000 103.2619 100.6949 112.9580 113.6294 117.1036 123.2036 123.1902 121.2005 126.8302 120.6717 122.6989 121.3833 121.0299 119.9677 119.9951 121.6705 106.1007 103.3032 96.1840 96.8432 97.3025 97.8055 99.0823 108.4432 108.5854 114.8147 115.3612 115.0642 114.1729 113.7655 113.4615 113.0197 112.5128 112.0879 111.7354 111.4608 111.2855 111.2219 110.9200
105.9700 112.1016 104.3894 110.4605 124.1246 124.4773 122.9887 122.8873 122.6022 123.2938 121.2940 122.9093 124.2756 114.9532 122.6156 121.2431 113.3681 97.7171 115.5001 116.0381 95.5740 102.0308 100.1211 98.8365 117.8176 117.6340 117.9694 115.8697 115.5226 115.0949 115.7968 114.0282 113.6189 113.2682 112.9115 112.6177 112.3944 112.2487 112.1954 111.8400
121.0500 104.8287 102.8621 107.8676 114.0404 123.8027 123.2919 122.8831 122.4917 124.6248 102.2202 118.5499 97.9922 121.0460 106.1171 119.8333 119.0577 118.3859 121.4151 120.0663 117.1896 116.1877 116.6042 116.5652 119.2000 116.9452 116.6327 116.0424 117.0511 105.3915 112.5319 115.0723 114.1897 113.9632 113.6668 113.4190 113.2319 113.1170 113.0768 113.4300
120.2400 115.6026 124.8255 123.5107 123.7036 123.5534 123.2968 123.0058 122.8235 122.8537 121.1320 121.8204 121.3417 123.1671 108.8998 122.5359 120.4076 120.1398 119.8909 119.5111 119.2536 119.9053 118.6309 118.1693 117.7486 117.5437 117.4342 116.3597 116.4831 115.3782 136.5619 117.3932 114.9690 114.6137 114.3720 114.1660 114.0099 113.9150 113.8799 114.1300
118.3400 123.3855 123.1871 123.8727 123.5170 128.0647 123.1009 123.1072 122.9303 122.5455 122.8688 116.1601 121.8824 121.7546 121.3278 120.7675 120.7818 120.4060 120.0847 119.8071 119.3536 119.2017 111.8947 119.5747 117.7245 118.2631 114.5977 105.5096 117.7137 118.5473 126.2358 114.9139 115.4982 115.2517 115.0360 114.8533 114.7200 114.6129 114.5885 114.7700
124.6300 124.5647 102.9564 111.8911 128.0453 129.3106 123.2209 123.2543 122.9610 122.8086 122.4441 122.3701 122.3075 122.4833 120.5679 120.2767 120.8487 120.5926 120.3014 119.9908 119.7096 119.3879 120.6088 119.6247 117.7703 116.0080 103.5963 114.4616 118.0783 116.5931 116.1378 116.3451 116.2697 115.8256 115.6414 115.5089 115.3275 115.3353 115.3252 115.3700
114.1800 113.3293 106.0594 111.2661 124.9070 123.3699 123.6034 123.4622 123.2705 122.8539 122.3597 122.0817 122.0140 125.1534 121.8922 124.2572 120.6957 120.8679 120.5188 120.2213 119.9867 119.3521 105.4529 120.1812 113.0737 102.4685 110.9354 119.9122 117.8592 117.4691 117.0780 116.8275 116.5867 116.3901 116.2576 115.9356 116.7308 115.9943 115.8597 115.9300
113.2600 122.7807 124.0075 121.5176 124.0892 124.2139 123.7144 122.8581 122.2815 121.3434 123.7891 124.2427 121.5532 121.7424 123.2039 139.3958 121.3892 121.1531 120.7211 120.4661 120.2340 119.8723 122.3183 121.7892 120.0713 122.4511 114.8400 116.1244 117.8412 117.5042 117.5562 117.2915 117.1050 116.9210 116.5807 117.4851 112.3538 115.3098 116.4249 116.4600
123.5500 123.2696 124.9818 124.9921 124.2778 123.7738 125.2143 125.7587 126.7729 120.1436 120.4245 115.9956 120.1972 122.4201 116.7931 130.8467 120.7467 121.3292 120.9385 120.6422 120.6025 120.6271 109.9308 114.4260 119.7405 117.6539 114.4095 111.3741 113.9425 118.2741 117.9626 117.7536 117.5752 117.4171 117.2084 116.8961 106.1779 116.5584 116.8297 116.9600
111.2500 123.9891 133.0105 126.7592 124.0243 124.1204 112.6457 124.8244 128.0223 127.2983 114.9486 115.4762 124.4743 112.1684 116.2470 120.7143 122.1054 121.3144 121.5993 121.3111 120.7329 116.2921 97.6707 107.7978 120.0918 119.4501 120.3111 118.3404 115.6052 118.6865 118.3883 118.2020 118.0323 117.9087 117.7599 117.8770 118.3219 112.7822 117.4684 117.4300
125.1100 124.8115 129.8116 125.1358 125.6079 125.0720 117.8875 123.9327 110.5512 109.0431 101.2301 117.4304 104.9047 125.3573 126.1991 107.2164 124.5420 122.4623 119.9644 118.2416 123.1414 108.1911 100.8353 116.7910 119.1277 120.1423 119.4065 119.4425 119.1051 118.8600 118.8086 118.6053 118.5088 118.2472 118.7283 117.8161 112.3356 117.2926 117.7224 117.8700
125.2800 125.2397 124.1578 125.5638 111.4096 115.3302 125.4102 124.4254 120.2011 117.8725 104.2870 107.3998 120.4094 124.0243 105.6714 98.8789 103.9319 109.9056 103.2468 119.7374 100.2906 100.1597 102.3694 107.8656 114.9750 118.9963 120.2846 119.6827 119.5073 119.3637 119.1987 119.0366 118.6186 119.5064 114.4941 118.8605 119.1620 118.4364 118.5110 118.3000
125.3200 125.3265 125.0802 125.0528 123.4735 124.0401 121.0507 124.3313 124.0473 118.4387 117.1434 119.9793 123.2699 123.0380 122.0220 119.9563 122.5146 100.3411 107.6028 117.2687 103.4141 106.0318 101.1699 108.0267 123.0277 119.8470 120.3072 120.0314 119.9635 119.6028 119.2846 120.8960 119.4617 119.9883 108.2956 117.0732 118.5539 119.0039 118.9329 119.0900
125.4900 124.7897 125.3046 124.9635 122.0714 122.6928 123.6911 124.1066 124.1013 123.7036 123.9366 123.8333 123.4479 121.6869 122.9019 122.6520 122.6240 122.1720 112.8105 105.4348 106.2777 105.6202 100.6506 116.4280 120.2440 120.6548 120.4966 120.3663 119.9753 120.2659 121.5179 104.0737 112.1382 105.4182 106.8313 117.9148 119.2385 119.4017 119.3500 119.4600
117.7600 103.4463 126.3288 123.3980 108.1826 101.1888 118.9321 124.7984 125.5678 124.1907 124.2239 121.4459 123.9483 123.9544 122.9950 122.8513 123.5122 111.8540 107.8556 108.2461 104.5018 104.9027 100.4188 122.6975 121.9244 121.1028 120.8314 120.6896 120.5428 117.6395 102.9985 116.1108 117.1767 96.8434 105.0752 117.2805 119.7832 119.7572 119.7499 119.8200
106.8200 118.4585 113.3415 102.8240 127.1723 120.9379 125.4379 124.0330 115.9606 123.8262 127.6011 122.5100 123.2370 123.4490 123.1284 123.0603 123.0036 122.1588 108.6054 107.7902 122.9820 105.9746 121.5346 121.3871 122.4336 121.3116 121.1354 120.9862 120.5724 120.8961 103.4322 101.7410 123.0272 118.7637 112.9246 119.0577 119.6113 120.2148 120.1329 120.1600
127.7000 128.9418 104.9296 116.1351 127.5917 127.8379 121.5056 128.8489 126.3222 122.1997 120.7597 106.2459 122.0080 123.7235 123.4158 123.8235 124.4019 117.2003 106.6818 112.7158 117.9468 121.9784 122.5482 121.7522 121.6738 121.5581 121.4339 121.2989 120.9145 120.5481 99.9260 98.6183 121.8303 120.7513 122.5645 120.7647 120.6281 120.4943 120.4894 120.4900
127.7500 127.7500 113.7000 103.4000 126.7000 129.9700 109.0500 108.1500 121.7300 104.9600 104.0900 107.2500 113.1300 123.7300 123.5800 123.4500 108.5700 106.9100 108.3500 122.6800 122.4800 122.3100 122.3500 121.9700 122.0000 121.8500 121.6300 121.4600 121.2800 121.3400 100.9000 100.9000 120.9600 98.9900 120.7400 120.7600 120.7800 120.8000 120.8000 120.8000
