120.6200 119.4700 114.5100 113.9700 114.7500 113.1800 116.0200 122.6300 118.4400 108.1500 113.0800 121.6200 124.5400 124.8300 119.8100 119.2600 118.9800 118.3800 118.0600 98.6600 100.6500 113.2700 115.8800 115.4500 114.5400 114.0400 112.9500 112.3600 111.0200 110.2600 108.5200 107.5000 105.0100 103.4300 99.0200 95.5300 89.6400 89.6400 89.6400 89.6400
120.6200 119.2471 115.5451 118.7807 114.5262 114.5632 116.2016 122.3394 120.3066 107.9697 112.9691 115.2108 123.4800 123.9730 119.5712 119.4359 118.9117 118.5396 117.9911 105.6209 98.0782 110.1533 115.5919 115.2384 114.5738 113.7878 112.5773 112.2191 111.1845 110.0966 108.8346 107.3535 105.5739 103.3208 100.2778 95.6677 88.0326 85.5142 87.4174 89.6400
116.1300 122.8320 115.5755 124.3621 111.4706 109.1562 108.9381 107.4393 107.4542 102.5042 106.0973 112.4697 116.6255 122.4787 119.2699 119.2749 118.9026 118.5060 120.0194 111.7966 112.7375 116.1779 115.9060 115.2700 114.7250 114.4644 115.6137 112.2374 111.2182 110.1521 108.9111 107.4698 105.7428 103.5947 100.7580 96.4974 89.9738 87.2671 89.5823 96.2400
101.9400 106.1451 108.1246 117.1204 111.3484 98.1219 96.5610 106.4820 112.5733 106.3862 111.6325 118.2802 121.5945 120.5277 120.8781 119.2724 119.0404 119.4839 104.7231 109.0162 123.9887 114.8692 116.1436 115.3423 114.7528 115.0744 113.2496 112.4475 111.4098 110.4202 109.2223 107.8277 106.2480 104.3674 102.0789 99.2366 95.6493 93.3910 95.2665 96.6800
115.5400 118.8500 119.1629 116.1596 115.7863 126.7537 111.5827 120.1117 105.4851 102.0494 102.2608 115.5529 117.3130 114.5864 118.8415 119.3023 118.6164 115.3567 114.6189 115.3532 118.2689 116.2444 116.0575 115.4650 114.3096 120.2019 111.7177 112.6023 111.6926 110.3347 109.5959 108.3595 106.9960 105.4334 103.6675 101.8271 100.0920 99.2431 99.9379 100.3900
101.9500 107.0381 107.6284 106.0391 105.1860 105.1906 114.7648 103.2293 108.2319 108.3252 104.8131 124.0107 104.4748 114.4551 121.2148 119.6478 120.4357 97.6843 116.2800 118.0310 117.2568 116.8239 116.2061 115.6104 114.9459 115.0385 117.6338 112.3995 111.9301 110.9755 110.0960 109.0207 107.8713 106.5989 105.3029 104.0235 103.0097 102.5668 102.9237 103.5800
115.6000 115.3712 113.6018 116.2992 117.1799 97.7432 113.9721 107.5381 100.5842 123.2754 121.5139 100.9774 97.3630 124.3959 120.2042 119.3823 119.2696 118.0807 118.1216 117.8179 117.3917 116.8815 116.3615 115.7895 115.1846 114.4385 114.1302 113.1739 112.7416 111.4253 110.4692 109.8323 108.8189 107.7094 106.7762 105.9236 105.2594 105.0028 105.2124 105.5700
101.9700 101.5540 100.8254 100.9433 101.1873 104.7013 100.9458 117.8730 122.4713 121.8247 121.9608 122.2086 120.4904 118.5864 113.6011 119.4030 119.1722 118.7677 118.3779 117.9997 117.5384 117.0559 116.5437 116.0089 115.4582 114.9431 114.3960 113.3216 111.0213 107.9675 113.9575 110.8692 109.7073 109.0286 108.2241 107.4866 107.0726 106.8927 107.0362 107.2200
101.9900 104.8982 103.9619 106.8936 118.3631 120.4883 125.5512 118.5793 121.5587 127.0947 120.8102 120.6496 120.5923 121.0598 115.3634 117.4822 119.0959 119.0986 118.6147 118.1650 117.7203 117.2509 116.7628 116.2638 115.6670 114.9093 113.9680 114.4505 106.8117 112.7511 100.0773 111.3744 110.8206 110.3988 109.1204 109.0656 108.5716 108.4430 108.5475 108.6000
110.5900 116.6239 120.5568 108.5523 107.6609 112.2173 133.0919 125.3335 121.7088 121.2247 121.6674 121.3796 120.9749 120.1701 120.2085 119.9344 119.5253 119.1017 118.7421 118.3321 117.9095 117.4663 117.0020 116.5756 116.0242 113.8902 111.3996 114.5642 112.9849 114.0116 112.3101 117.9485 115.9533 110.5488 109.2111 110.1165 109.8697 109.7614 109.8407 109.8000
110.5900 110.3583 120.9449 111.8028 108.0180 106.6922 124.1923 116.0442 122.5060 122.0041 121.5895 121.2981 120.9652 121.1352 120.1623 119.7942 119.6875 119.3043 118.9206 118.5260 118.1211 117.6920 117.2561 116.8139 116.1033 116.0010 111.0897 115.7314 111.8259 112.4807 113.1852 113.8516 112.1843 112.2062 111.4795 111.1803 110.9813 110.9132 110.9667 110.8400
125.7000 113.6237 111.8583 106.0131 103.0046 112.7182 120.4131 122.0858 122.1730 122.0350 121.7445 121.4547 121.0896 121.2025 121.3821 120.4789 119.8803 119.4479 119.1036 118.7299 118.3380 117.9364 117.5222 117.1067 116.6815 115.6743 108.0565 117.6112 114.8873 114.8310 113.9266 113.3948 112.8746 112.6437 112.3748 112.1284 111.9787 111.9167 111.9650 111.7700
115.1500 109.1064 111.7211 108.2574 114.3621 119.4058 128.3696 123.0933 122.4574 122.1152 121.8406 121.5555 121.2319 121.5320 112.5778 123.8063 119.6145 119.6576 119.3051 118.9438 118.5698 118.1983 117.8049 117.4054 116.8777 117.2483 115.8687 120.5839 114.8580 114.8915 114.5163 114.1217 113.7915 113.4575 113.2004 112.9961 112.8731 112.8247 112.8609 112.6100
115.1200 116.0087 118.4979 108.5718 117.5749 127.4259 124.2901 122.1380 122.4569 122.2430 121.9642 121.6683 121.4012 121.5493 116.6238 121.0666 120.2389 119.8101 119.5115 119.1666 118.8196 118.4166 118.0840 117.6685 117.3591 116.8954 116.2894 116.1216 115.8919 115.4765 115.0849 114.7458 114.4483 114.1783 113.9494 113.7869 113.6865 113.6489 113.6766 113.3800
116.8400 132.8454 111.7103 115.9603 112.8054 123.5140 123.3018 123.0751 122.5896 122.3490 122.0837 121.8158 121.5566 121.2381 121.4694 121.6389 120.3112 120.0358 119.7247 119.3972 119.0743 118.7702 118.3618 118.1379 117.6752 117.3313 117.0240 116.6669 116.2749 115.9610 115.6380 115.3404 115.0796 114.8347 114.6721 114.5059 114.4228 114.3943 114.4198 114.7300
114.5700 120.1970 102.6459 113.0230 113.3607 127.3629 122.9044 123.0312 122.7082 122.4744 122.2212 121.9548 121.6874 121.5002 120.2528 120.9415 120.5328 120.2525 119.9420 119.6358 119.2727 119.2548 115.3845 118.4633 117.9505 117.7091 117.3746 117.0300 116.7410 116.4493 116.1683 115.9077 115.6645 115.5418 115.1586 115.2113 115.1039 115.0898 115.1016 115.3400
104.9300 115.6511 112.3642 116.3274 110.6328 131.2799 139.0071 122.5818 122.7718 122.6195 122.3598 122.0950 121.8443 121.5707 121.2857 121.0250 120.7488 120.4615 120.1704 119.8740 119.5847 119.3186 118.8547 118.9655 118.3283 118.0693 117.7629 117.4729 117.1914 116.9220 116.6735 116.4481 116.3352 115.5519 117.2600 115.7064 115.7274 115.7297 115.7426 115.9000
111.5800 116.5012 108.7991 109.1724 106.8344 103.5530 123.1087 124.2389 122.9218 122.5358 122.3481 122.2545 122.0006 121.7323 121.4850 121.1940 120.9141 120.6744 120.3918 120.1126 119.8418 119.5385 119.2581 118.9848 118.7002 118.4208 118.1508 117.8839 117.6263 117.3851 117.1610 116.9562 116.7698 116.8160 119.1002 116.1628 116.3147 116.3218 116.3329 116.4300
113.9900 119.7135 107.6126 108.1633 111.8370 113.8725 124.5069 123.1834 123.1408 123.2016 123.1746 122.7048 122.0903 121.9029 121.6341 121.4835 121.4657 120.8813 120.6279 120.3657 120.0962 119.8387 119.5703 119.3131 119.0389 118.7766 118.5321 118.3383 118.0557 117.8283 117.6258 117.4454 117.3297 116.9345 116.8627 116.9456 116.8909 116.8771 116.8874 116.9300
102.9400 109.6718 117.7368 119.4240 125.9085 123.8191 123.3403 123.4450 123.2195 125.0673 124.8467 121.3168 122.5174 122.0448 121.8772 119.6776 120.9043 121.0179 120.8749 120.6067 120.3458 120.0749 119.7243 119.6272 119.3435 119.1468 118.6462 118.6606 118.4520 118.2584 118.0732 117.9021 117.7481 117.6651 117.5638 117.4586 117.4124 117.4008 117.4099 117.4100
102.9400 108.3878 130.6225 123.0033 125.4083 124.9194 123.7897 123.5757 123.4861 123.1902 122.3164 120.3941 121.0549 122.2646 122.1082 118.9754 121.0452 121.3704 121.0932 120.8494 120.5019 120.3928 120.5165 119.8838 119.7893 120.7888 118.9719 119.1454 118.8388 118.6723 118.4960 118.3520 118.2238 118.0975 118.0127 117.9474 117.9058 117.8958 117.9053 117.8600
112.0500 107.8177 118.1624 109.1168 112.2061 122.4560 123.9132 123.7918 123.4992 123.3321 123.0841 123.3871 122.5667 122.5299 122.1478 122.5826 121.7109 121.4626 121.3364 121.1215 121.0221 116.8233 118.6662 120.2334 119.6154 127.9927 120.3796 119.3956 119.2260 119.0624 118.9131 118.7739 118.6506 118.5522 118.4703 118.4122 118.3757 118.3601 118.3763 118.2800
117.9900 106.6825 108.7138 112.6276 116.5615 120.7139 124.1691 123.8860 123.6602 123.4594 123.2394 123.0137 122.6740 122.4606 122.3878 122.1318 121.9757 121.7791 121.5509 121.3459 120.8538 121.4126 121.0239 120.2336 120.2659 122.0783 119.9430 119.8019 119.5889 119.4509 119.2918 119.1795 119.0769 118.9808 118.9013 118.8527 118.8125 118.8083 118.8147 118.6900
112.9600 106.2032 121.7125 125.3533 125.9096 123.9848 124.2079 123.9959 123.8112 123.6108 123.4485 123.2025 123.7043 122.7710 123.3686 122.5992 122.1869 121.9895 121.7880 121.5940 121.3695 121.1912 120.8618 120.7930 120.5688 120.4452 120.2195 120.0881 119.9491 119.7663 119.7077 119.5639 119.4643 119.3846 119.3191 119.2725 119.2367 119.2248 119.2394 119.0800
115.8600 117.3965 126.9097 124.7795 124.7284 124.5648 124.3289 124.1461 123.9503 123.7839 123.4237 123.3221 122.6244 111.3991 116.1106 121.9597 122.4212 122.2094 122.0154 121.8265 121.6477 121.4614 121.2725 121.1016 120.9208 120.7440 120.5899 120.4546 120.1022 120.4208 119.4837 119.8664 119.5520 119.7896 119.7162 119.6655 119.6400 119.6292 119.6368 119.8000
105.9800 125.3411 125.3416 125.1956 124.7094 124.6279 124.4572 124.2906 124.0937 123.9736 123.8685 122.5715 124.7155 122.0942 122.7740 122.8344 122.6157 122.4317 122.2485 122.0609 121.8850 121.7045 121.5382 121.3726 121.2064 121.0476 120.8942 120.7332 120.6968 122.7897 119.9127 124.6881 119.8543 120.1689 120.0963 120.0488 120.0269 120.0257 120.0235 120.1500
117.7800 126.4003 125.1133 125.1680 124.9756 124.2741 124.6801 124.4054 124.2550 123.8988 125.5254 108.5963 122.1665 123.2013 123.1969 122.9100 122.8319 122.6456 122.4722 122.2987 122.1289 121.9621 121.8016 121.6443 121.4942 121.3878 121.2590 121.4648 120.8303 120.7766 121.2942 120.1550 120.5961 120.4953 120.4580 120.4164 120.3856 120.3500 120.3930 120.4800
125.6500 125.6005 125.3949 125.1781 125.4864 120.6669 124.9913 124.4875 124.4143 124.3044 123.5868 124.6012 123.8282 123.3461 123.4506 123.6618 122.9917 122.8384 122.7044 122.5312 122.3779 122.2193 122.0584 121.8720 122.3165 121.5251 121.9972 118.0579 121.7424 121.2403 115.5510 121.0203 120.9662 120.8488 120.8016 120.7695 120.7797 120.8722 120.7292 120.7900
124.7000 125.6880 125.5260 125.3991 125.1845 125.1994 124.9151 124.7004 124.4790 124.3219 124.1984 123.9734 123.8596 123.7444 123.3145 123.2831 123.2605 123.2157 122.9134 122.7655 122.6126 122.4703 122.3188 122.1180 121.8849 113.9010 119.5922 116.7935 122.3570 121.4276 121.8173 121.3258 121.2467 121.1805 121.1345 121.1089 120.9786 120.7637 121.1440 121.1000
121.7600 126.0434 125.7252 125.5054 125.3129 125.1475 125.0469 124.9143 124.7394 126.6636 124.6206 124.1417 124.0541 124.5633 122.6864 120.7911 123.8653 122.9296 123.0971 122.9982 122.8344 122.7089 122.5581 122.4114 122.7377 121.8988 122.6094 120.0920 114.2538 121.8104 121.6791 121.4451 121.5808 121.5025 121.4547 121.4908 121.6054 124.6630 121.0921 121.4000
121.7600 125.9083 125.4087 125.6276 125.4738 125.3244 125.1740 125.0181 124.6940 119.4707 124.5218 124.3510 124.2411 124.1598 119.0140 117.3166 122.9875 124.0032 123.5806 123.2552 123.1516 122.8602 122.8119 122.6415 122.5162 122.3482 122.1054 122.8412 122.2683 122.3148 121.6165 123.4864 121.6881 121.8185 121.5973 122.2781 108.5649 108.0186 122.5670 121.6800
126.2300 131.3354 128.1448 125.6530 125.6100 125.4539 125.3137 125.1820 125.1481 125.2751 124.6076 124.5788 124.4369 124.1788 126.4708 124.2817 123.4966 123.2520 123.3307 122.7036 123.0795 123.3467 123.5254 123.2754 122.8042 126.0003 127.2074 120.6953 122.7638 123.7592 122.0388 125.9393 121.6002 122.1570 121.9212 122.7533 123.5031 122.9640 122.5832 121.9600
126.2700 110.2378 126.2417 125.6177 125.7353 125.5962 125.4508 125.3046 125.1516 124.9875 124.8155 123.9264 124.6950 124.4877 123.9688 124.1457 125.0617 127.6043 117.5795 124.2997 123.4515 122.1806 110.6979 122.6039 125.0959 109.2682 123.0423 123.1552 122.6270 122.4833 122.4791 122.0264 122.4930 122.3440 122.6897 122.1865 121.9641 122.0999 122.1279 122.2300
126.4300 127.0706 126.2082 126.1065 125.8556 125.7376 125.5993 125.4602 125.3271 125.1804 124.9855 124.4704 124.7743 124.6492 124.4475 125.1084 119.6429 105.4519 107.0904 131.2302 124.4101 105.6328 108.9530 111.8830 116.8334 110.1489 124.6263 122.9478 122.9583 122.9004 122.8338 122.9151 122.6662 123.0074 119.6220 122.5888 122.7112 122.6431 122.6591 122.7400
126.4500 126.3378 125.9567 126.1481 126.0070 125.8780 125.7399 125.5991 125.4771 125.2547 125.8281 124.7856 124.9931 124.8035 124.6702 124.5583 124.0151 118.7360 107.8359 121.2594 123.7362 114.7950 120.1080 113.2475 111.3117 122.1622 123.6090 123.3556 123.1943 123.1493 123.0818 122.5630 122.8319 122.7006 127.8596 123.3022 122.9208 122.8613 122.8736 122.9900
126.6400 126.5323 126.4079 126.2649 126.1421 126.0104 125.8782 125.7496 125.6228 125.5171 125.0108 126.3273 125.0888 125.0082 124.8688 124.6970 130.0409 134.3452 124.2378 115.4026 115.9039 131.0194 115.1801 107.0641 112.4264 124.2095 123.2320 123.5251 123.4532 123.4174 123.9928 127.1626 122.4086 122.9204 110.1225 123.9777 123.2071 123.1373 123.1521 123.2300
126.6800 126.6578 126.5379 126.3792 126.2692 126.1506 126.0173 125.8976 125.7829 125.5133 125.5319 125.2642 125.3472 125.1436 125.1045 124.6961 125.1732 117.9599 108.8338 113.5201 122.4951 127.5851 109.2167 127.8744 124.6067 124.2772 123.6737 123.7558 123.7748 123.5095 123.3675 125.1402 118.3557 124.3477 123.6895 123.3840 123.4162 123.4085 123.4073 123.4600
126.8300 126.7520 126.7108 126.6167 126.4119 126.3849 126.1647 125.9869 125.9450 125.8954 126.2360 125.7732 125.4050 125.3940 125.2892 125.1829 126.0214 121.2286 103.8185 124.9910 124.1804 125.3510 120.7131 123.9036 124.1518 124.1123 124.0787 123.9906 124.0781 123.8985 113.9670 123.0737 123.7438 123.3796 123.5617 123.6798 123.6659 123.6582 123.6628 123.6900
126.9800 126.9831 125.6190 124.7292 127.0174 126.3035 125.2928 126.4576 126.2910 125.7505 123.5831 122.0727 125.6577 125.4874 123.6144 122.1088 120.7630 128.1569 114.4332 124.5724 124.7920 124.6780 124.9306 124.4889 124.4387 124.3582 124.2901 124.2273 124.2265 124.4397 115.0892 123.3370 123.6843 124.0380 123.9653 123.9133 123.9086 123.9017 123.9072 123.9100
127.0300 127.0300 126.9400 119.8100 126.6100 126.5100 122.6000 126.3100 126.1800 119.3800 125.9700 103.8400 125.7500 125.6200 125.4600 110.4800 110.4800 125.1800 125.1800 125.0700 124.9200 124.8000 124.6800 124.7300 124.6000 124.4500 124.4900 124.3100 124.3700 124.1900 124.2300 124.2500 124.0800 124.0900 124.1000 124.1200 124.1200 124.1300 124.1300 124.1200
