116.9500 132.8000 132.8000 116.9200 116.5700 107.3800 115.6200 114.5700 106.4500 118.8900 118.3600 124.3700 122.4500 117.3100 124.1300 123.9500 123.8400 123.7100 123.7100 123.5800 103.8200 123.2900 123.2900 123.1300 122.9600 123.0000 122.8200 122.8500 122.6400 122.6700 122.7100 122.7100 122.4900 122.4900 122.4900 122.4900 122.4900 122.4700 122.7100 122.6900
109.1700 127.6931 122.1698 118.4633 115.2751 117.7437 113.5907 111.7955 107.7603 122.6796 124.2054 104.9521 120.3082 122.7763 123.9308 123.9494 124.3947 123.5552 123.3192 124.1433 127.4471 120.9535 123.0500 122.9136 122.8446 122.7512 122.6723 122.6064 122.5448 122.4964 122.4549 122.4156 122.3965 122.3794 122.3689 122.3763 122.3965 122.4181 122.4436 122.4300
109.1700 118.6033 117.2084 117.4399 117.4515 131.7954 100.6696 113.7174 113.0203 123.5975 124.4577 123.9762 126.2055 123.8899 123.8312 120.0288 122.7737 123.2794 123.2750 122.6380 120.1382 123.5534 122.7182 122.6668 122.5664 122.4864 122.4083 122.3304 122.2677 122.2158 122.1710 122.1306 122.1113 122.0862 122.0841 122.0845 122.1050 122.1211 122.1602 122.1700
118.4300 116.5804 112.8030 118.1631 109.9626 125.8820 105.9161 105.0646 119.4579 125.8483 123.8453 123.9296 123.5027 123.6973 123.5360 123.5072 123.5226 123.0001 122.9939 122.6644 122.8434 122.8468 122.4920 122.4011 122.3011 122.2081 122.1219 122.0465 121.9800 121.9185 121.8735 121.8210 121.8064 121.7899 121.7827 121.7859 121.8018 121.8237 121.8636 121.9000
116.9500 115.5208 114.7698 114.6038 119.7035 102.8288 112.7734 111.8036 133.1337 124.1570 124.1340 123.8842 123.6561 123.4498 123.3375 123.0769 123.0580 122.8557 122.7548 122.6323 122.4657 122.3520 122.2422 122.1337 122.0237 121.9218 121.8338 121.7508 121.6808 121.6156 121.5886 121.5673 121.5048 121.4763 121.4626 121.4709 121.4845 121.5177 121.5551 121.6200
118.5900 117.6964 117.1891 109.9947 111.4599 114.7562 112.9723 111.9144 114.3543 123.0621 123.8246 123.5794 123.4591 123.2889 123.4549 123.7599 122.9395 122.7104 122.5132 122.3753 122.2325 122.1173 121.9559 121.8061 121.7652 121.6340 121.5352 121.4442 121.3734 121.3047 121.1622 120.9945 121.0745 121.1433 121.1456 121.1423 121.1659 121.1956 121.2357 121.3300
107.2100 108.1327 115.9110 117.9673 110.3394 113.1031 112.1956 113.7501 117.8580 122.9181 121.0411 123.6728 123.0413 123.8815 112.3402 122.0235 122.4642 122.3719 122.2675 122.1259 121.9543 121.7806 121.7156 121.7834 121.3249 121.3261 121.2277 121.1336 121.0490 120.9872 120.9002 121.6944 121.3745 120.8061 120.7980 120.8086 120.8280 120.8602 120.9049 121.0300
116.4400 115.5826 106.6917 112.3534 118.3483 112.3803 115.2771 115.8408 109.6240 131.9111 123.0071 123.2557 123.1369 123.0799 109.7856 116.0850 123.7263 121.9982 122.0531 121.8543 121.7406 121.4232 121.5542 116.0863 122.4266 121.0277 120.9285 120.7719 120.7234 120.6349 120.0973 119.7053 112.9159 120.8020 120.5149 120.4531 120.4759 120.5124 120.5627 120.7100
116.7000 116.5144 121.0801 108.7616 108.9943 114.0549 120.5524 117.3542 123.8899 123.0329 122.0321 123.2975 121.9341 122.9975 123.5342 122.3358 121.9808 122.0088 121.7498 121.5970 121.3968 121.5069 121.8966 114.2821 113.8528 120.7822 120.4109 120.7819 120.3138 120.2369 120.9754 122.1245 120.0429 120.1510 120.1316 120.0858 120.1125 120.1541 120.2021 120.3900
120.5700 121.6603 113.9183 110.7013 106.9948 106.1944 120.0177 126.2333 123.1675 123.0875 122.7425 124.6213 105.1963 121.2399 121.9126 121.8135 121.8770 121.7190 121.5327 121.3287 121.1741 121.1022 112.1245 112.8605 113.9811 117.7879 123.1876 117.6775 120.7648 120.4140 121.1025 103.3196 108.4633 120.2092 119.7723 119.6973 119.7333 119.7753 119.8358 119.7100
106.1400 120.8634 120.8132 128.1794 111.3245 109.9535 113.5885 115.6545 123.1395 123.0401 123.3670 117.7353 111.1859 111.1201 112.5770 123.0101 121.7350 121.2172 121.1994 120.9846 120.9010 121.2261 117.0430 115.5007 117.6952 116.1949 119.7990 108.4993 119.5349 114.9496 120.3409 115.1347 112.9881 119.0779 119.5346 119.3215 119.3303 119.3815 119.4513 119.3400
116.5900 122.3740 113.9588 118.1945 110.9139 112.7569 123.3669 116.0697 124.1980 122.6408 122.6075 102.9896 107.2057 112.6966 115.5279 116.8068 121.1257 121.5085 120.5241 120.5328 120.5594 120.7541 112.1803 105.6310 108.7389 120.2027 119.6346 121.0992 121.1301 105.6380 119.3262 119.7607 109.6908 118.5183 118.1430 118.6872 118.9161 118.9742 119.0437 118.9600
110.0000 108.9197 122.8699 105.8075 118.3990 128.6652 125.8594 123.6962 123.1096 122.7798 122.5034 116.1730 111.5068 124.2058 116.4525 122.2595 120.9647 120.7520 123.6109 120.4650 120.3506 120.0504 117.5521 113.5472 119.0081 118.4570 119.9186 115.6995 119.4048 112.0087 119.5945 118.2786 120.7540 118.7183 117.9394 118.4278 118.4736 118.5473 118.6149 118.5600
110.0000 102.6907 104.5375 119.8134 122.8625 122.2148 122.9133 122.6015 122.7414 122.5561 121.5902 123.5177 117.3999 122.7880 110.1642 120.6336 121.1403 120.8544 119.9979 120.2656 119.9555 120.2104 117.1935 112.2244 98.7638 107.5049 106.9287 105.7443 110.5117 112.6068 118.9798 118.1425 117.7018 117.8999 118.0527 117.9979 118.0332 118.0956 118.1746 118.1400
116.1900 104.2627 107.6887 117.5890 125.9267 123.5669 120.4394 123.0987 122.6124 122.3659 122.2062 121.9707 121.7772 121.0370 123.3364 122.4299 120.7383 120.4183 120.1740 119.9268 119.6855 119.2884 116.9817 119.2160 120.2369 107.3609 116.6094 120.1220 119.3571 119.1882 117.8541 117.6020 117.6063 117.5408 117.4967 117.5087 117.5451 117.6188 117.7022 117.7000
114.3400 112.6993 117.6635 126.2477 112.4667 125.7394 122.6560 122.6601 122.4520 122.2018 121.9486 121.5530 122.4501 111.6257 122.5571 120.8427 120.4597 120.1481 119.9032 119.6323 119.3636 119.5373 118.0278 107.7775 116.2705 107.1645 119.0696 117.4477 117.4085 117.1170 117.2470 117.1674 117.0428 116.9982 116.9811 116.9928 117.0365 117.1101 117.2111 117.2400
103.3500 108.7547 110.8978 106.8789 105.3959 107.2139 123.6412 122.3357 122.3048 122.0485 121.7953 121.5189 121.2817 120.8567 120.9663 120.4132 120.1598 119.9108 119.6174 119.3364 119.0523 118.8164 118.5030 124.0277 120.3625 109.0979 116.5011 117.7197 117.0719 116.8589 116.7393 116.5909 116.5090 116.4525 116.4278 116.4419 116.4943 116.5781 116.6932 116.7500
101.9500 100.5870 118.8501 110.9777 123.6917 123.3160 123.1146 122.4166 122.1009 122.0142 121.5780 121.7028 121.0058 120.6884 120.6284 120.2124 119.9435 119.6470 119.3412 119.0442 118.7551 118.3968 118.0435 117.6518 117.5826 117.0226 118.0613 116.6437 114.8706 116.3915 116.1935 116.0463 115.9364 115.8675 115.8399 115.8556 115.9165 116.0090 116.1501 116.2300
118.8200 111.2316 113.0273 111.9826 124.0047 122.1773 122.3664 122.2267 122.2824 121.4105 120.4145 116.1267 120.8789 120.8775 120.1660 117.8373 119.6703 119.3772 119.0707 118.7530 118.4317 118.0949 117.8557 117.5067 117.1061 116.9099 116.5964 116.3500 115.6059 115.8347 115.6140 115.4378 115.3200 115.2431 115.2076 115.2296 115.2935 115.4038 115.5597 115.6700
102.2100 112.5633 123.4818 122.7365 117.1292 122.7064 122.1073 123.1565 120.9140 120.9368 123.1335 104.3302 114.6730 112.8980 119.5628 114.2431 120.1390 119.1871 118.7917 118.4603 118.1149 117.7566 117.3610 117.6085 113.8663 116.0173 116.0846 115.7565 115.5171 115.1607 114.9916 114.7986 114.6612 114.5708 114.5304 114.5548 114.6338 114.7548 114.9314 115.0700
113.4500 111.2840 101.2769 119.3274 124.1135 123.4670 122.0808 118.4039 106.1230 122.1352 121.1841 119.8336 111.6222 108.8590 121.4778 119.7515 118.5855 118.7876 118.5170 118.1596 117.8019 117.4301 117.0513 117.0512 108.5771 116.4706 115.5835 115.2055 114.8873 114.5432 114.3339 114.1045 113.9443 113.8348 113.7943 113.8175 113.9133 114.0631 114.2678 114.4300
113.5200 110.1236 104.1380 117.7105 118.7531 114.5305 121.7618 120.5256 115.3338 120.6148 121.1476 120.8752 121.6395 120.8046 119.6185 119.1626 119.0049 118.7369 118.5425 117.9073 117.4825 117.0795 116.6732 116.3309 115.8415 115.8100 114.9783 114.6612 114.1752 114.4778 113.5538 113.3682 113.1636 113.0392 112.9910 113.0179 113.1271 113.3100 113.5503 113.7300
113.6800 103.6277 120.1528 108.1012 119.7805 132.5478 122.4596 122.2240 122.9199 121.5396 120.8401 120.4942 119.9603 120.1856 121.2000 119.2655 118.7923 117.5795 117.4802 117.5326 117.1866 116.7505 116.3202 115.8672 115.3727 114.8473 114.5212 114.0404 113.6072 113.6036 112.7781 112.5529 112.3149 112.1647 112.1065 112.1391 112.2695 112.4842 112.7767 112.8800
104.7100 108.7229 122.1102 120.0361 123.2583 119.8811 121.2171 121.5554 121.1922 120.8979 120.6008 120.2558 120.2447 121.2824 95.9802 119.8916 118.4803 118.6530 118.0146 117.3310 116.8838 116.4237 115.9415 115.4627 114.9675 114.4508 113.9416 113.4346 112.9433 112.4743 112.0406 111.6681 111.3833 111.1957 111.1123 111.1613 111.3249 111.5922 111.9429 112.1300
118.3100 112.0917 119.6672 100.9293 123.0294 122.2699 121.9623 121.5755 121.3270 121.1941 121.5873 120.8367 118.2152 119.1229 114.2045 122.6266 118.5269 117.8562 117.5053 117.0772 116.6034 116.1100 115.5976 115.0650 114.5160 113.9471 113.3809 112.8022 112.2255 111.6695 111.1558 110.7012 110.3361 110.0945 110.0017 110.0626 110.2709 110.6032 111.0377 111.2000
105.2300 122.5431 116.0344 109.3937 126.5773 120.0886 121.6624 121.5058 121.1681 122.3762 103.9627 112.3067 117.3034 146.7237 115.3330 118.8285 118.3866 117.7554 117.3144 116.8418 116.3351 115.8147 115.2667 114.6904 114.0947 113.4645 112.8170 112.1518 111.4863 110.8277 110.1999 109.6307 109.1658 108.8497 108.7251 108.7965 109.0722 109.4988 110.0513 110.1200
107.7500 123.6930 125.2922 101.4515 125.3964 117.7039 122.0993 121.3650 121.0754 120.6233 120.8826 121.4459 110.1677 102.2966 110.6773 118.7151 118.0581 117.6046 117.1268 116.6255 116.0938 115.5319 114.9449 114.3218 113.6959 113.0085 112.2644 111.5142 110.7350 109.9424 109.1684 108.4462 107.8346 107.3979 107.2254 107.3332 107.7057 108.2782 108.9783 108.8700
119.2700 123.6922 122.2697 123.5837 123.0070 122.3382 121.7791 121.3471 121.2251 121.0151 120.1817 119.7964 120.4203 109.6820 119.5652 118.0690 117.9444 117.4536 116.9506 116.4282 115.8695 115.2834 114.6620 113.9771 113.2595 112.2659 111.9157 110.8835 109.9721 109.0277 108.0666 107.1250 106.2910 105.6725 105.4074 105.5640 106.1073 106.9003 107.8247 108.7600
129.7300 121.3018 123.7755 122.4180 122.0838 121.8519 121.5581 121.2654 121.1428 117.9395 120.3579 119.9885 119.4182 120.0951 119.4414 118.1451 117.7950 117.3159 116.7976 116.2590 115.6835 115.0670 114.4134 113.7150 112.9811 112.1181 111.1842 110.2947 109.2388 108.1121 106.9063 105.6671 104.4840 103.5395 103.1023 103.3689 104.2252 105.3643 106.5961 107.4700
125.7000 106.2498 119.6119 121.0238 122.1999 121.9240 121.5711 121.2462 121.3498 114.3312 120.9378 119.7933 119.4684 118.8624 118.4399 118.1547 117.7057 117.2112 116.6842 116.1233 115.5311 114.8904 114.2085 113.4691 112.6592 111.7913 110.8247 109.7572 108.5737 107.2382 105.7558 104.1041 102.3398 100.8065 100.0611 100.5138 101.9030 103.6705 105.3536 107.1000
121.2700 113.2122 120.0127 116.1233 122.4410 121.8506 121.5310 121.2136 120.8584 121.3288 120.5603 119.8189 119.3998 119.0260 118.6060 118.1214 117.6269 117.1254 116.5788 116.0193 115.4090 114.7533 114.0468 113.2808 112.4459 111.5167 110.4863 109.3303 108.0165 106.4844 104.6789 102.5222 99.9394 96.9465 94.7637 96.1653 99.3607 101.9042 104.1773 105.2700
123.0700 124.4032 123.1028 123.7661 122.2263 121.8610 121.5281 121.1998 120.8654 120.3848 120.0863 119.7857 119.3737 118.9622 118.5239 118.0684 117.5896 117.0822 116.5870 115.9542 115.3371 114.6676 113.9490 113.1575 112.2987 111.3390 110.2670 109.0464 107.6232 105.9422 103.8611 101.1773 97.5606 91.2455 88.4230 90.0862 96.2246 100.3513 103.2767 105.0700
123.0600 122.8504 122.5632 122.2572 122.0908 121.7970 121.4772 121.1651 120.8592 120.5271 120.0937 119.7080 119.3583 118.9485 118.5156 118.0507 117.5783 117.0413 115.9774 115.8387 115.2797 114.6335 113.9071 113.1167 112.2415 111.2651 110.1687 108.9185 107.4566 105.6974 103.4846 100.4938 95.9972 87.8165 84.1150 86.3745 94.1581 99.5683 102.8456 104.9900
123.0600 122.9798 122.7131 122.4213 122.1622 121.9266 121.5861 121.2313 120.8493 120.4990 120.3551 119.9600 119.3579 118.9521 118.5215 118.0640 117.5830 117.0619 116.3251 115.9228 115.3171 114.6528 113.9162 113.1221 112.2656 111.2956 110.2128 108.9706 107.5296 105.8014 103.6526 100.7939 96.7738 89.4328 86.1107 88.0715 95.1824 99.9214 103.0335 105.0500
123.2400 122.9896 122.7151 122.4588 122.0436 121.5896 121.4227 121.1499 120.9180 120.6118 117.8797 119.8346 119.2860 118.9820 118.5523 118.0969 117.6139 117.1093 116.5863 115.9867 115.3792 114.7110 114.0158 113.2293 112.3681 111.4396 110.3860 109.2021 107.8353 106.2344 104.3158 101.9379 98.8265 94.7954 91.8915 93.7787 98.1257 101.2423 103.7808 105.2300
123.2500 123.2036 122.8061 122.6285 122.1022 120.9613 120.6577 121.1529 121.1874 120.5851 119.7649 119.6614 119.3860 119.0270 118.6000 118.1445 117.6772 117.1721 116.6584 116.1517 115.4701 114.8482 114.2373 113.2574 112.5919 111.6799 110.6764 109.5764 108.3377 106.9279 105.3093 103.4558 101.5129 99.5237 98.3400 99.0466 100.8861 102.9789 104.8684 105.5200
123.2600 119.5131 123.2131 119.7017 106.4271 101.4791 115.7266 121.3017 117.5992 120.8213 110.0240 119.3298 119.2729 119.0988 118.6644 118.2226 117.7524 117.2800 116.5174 114.8446 115.6377 114.7349 119.3565 113.2121 112.9603 111.9847 111.0713 110.0727 108.9656 107.7611 106.4440 105.0560 103.6660 102.5190 101.9599 102.2994 103.3583 104.7113 106.0972 107.0500
123.2700 107.0329 125.9703 105.1806 126.0922 123.0350 122.0238 121.5290 109.1483 121.2826 121.3325 120.0058 119.5926 119.1702 118.7670 118.3212 117.9216 117.4285 117.9635 112.9430 115.9038 115.1159 118.0992 114.1216 113.2768 112.3639 111.5346 110.6393 109.6774 108.6657 107.6074 106.5830 105.5971 104.8678 104.5488 104.7464 105.3901 106.3093 107.3383 107.4100
123.2800 125.2736 122.9103 122.7719 122.8555 114.8265 122.0241 122.9150 122.9585 120.4809 120.0380 119.9730 119.6500 119.2753 118.8647 118.4168 118.1381 118.9163 119.6053 117.0915 115.8959 115.5587 114.6243 113.9807 113.5098 112.8051 112.0513 111.2579 110.4289 109.5819 108.7279 107.9373 107.2290 106.7291 106.5170 106.6462 107.0907 107.7506 108.5354 108.7100
123.3000 123.1200 122.9400 122.5600 122.3700 121.9700 121.7700 121.3400 121.1200 120.8900 120.4200 120.1700 119.6600 119.3900 118.8300 118.5400 118.2400 117.6000 115.8600 116.5500 116.1700 115.7700 114.9500 114.4800 113.5000 112.9800 112.4200 111.8400 111.2600 109.8500 109.0900 108.2900 108.3600 107.3200 107.4000 107.3300 108.3600 108.3600 109.1100 109.9000
