120.3400 120.3400 120.1000 120.1200 118.1300 120.1600 120.1600 120.1500 120.1400 120.1000 120.0700 120.3400 120.3000 120.5400 120.4900 120.7100 120.6700 120.9100 121.0900 121.2600 121.5000 121.6500 121.6500 122.0100 122.0100 122.1600 122.5500 122.5100 122.8600 123.0500 123.1800 123.3400 123.6800 123.6800 123.9600 124.1100 124.2600 124.4200 124.6800 124.6800
120.0000 119.9719 119.8978 119.9057 119.7590 119.7949 119.7892 119.8038 120.0026 120.4065 119.7266 120.3777 120.4770 120.1070 120.3433 120.4427 120.5844 120.6988 120.9193 121.0369 121.2164 121.3949 121.5730 121.7943 121.9506 124.1706 130.4485 121.2896 122.7649 122.8907 123.0928 123.2754 123.4662 123.6565 123.8468 124.0362 124.2228 124.3907 124.5648 124.6400
119.6400 119.5969 119.5110 119.4689 119.6915 119.3608 119.4566 119.2523 116.3182 115.9177 120.0424 106.2540 121.7854 120.0117 120.0104 120.1003 120.2537 119.7198 120.4669 120.7268 120.9365 121.1252 121.3102 121.5064 121.6136 120.4032 124.3873 123.1982 122.5266 122.6809 122.9066 123.1024 123.3000 123.4973 123.6986 123.8843 124.0796 124.3026 124.5326 124.5800
119.2700 119.2069 119.1026 119.0656 120.3536 119.5681 119.1011 118.4031 116.2726 117.8705 115.6848 103.9987 106.9340 119.4918 119.3882 119.7814 119.9117 120.0232 120.3450 120.6023 120.6494 120.8492 121.0545 121.2766 121.4444 122.0279 121.9381 121.3745 122.3650 122.5126 122.7252 122.9322 123.1333 123.3374 123.5450 123.7464 123.9256 124.1548 124.1323 124.3900
118.8800 118.7876 118.7032 118.6235 118.4845 118.4244 118.9385 113.3107 113.8357 118.0452 118.8110 119.1650 118.0037 118.7301 119.6642 119.3779 119.5741 119.8914 118.2879 120.2534 120.3395 120.5671 120.7840 120.9923 121.2347 121.3715 121.6963 121.8990 122.0992 122.3218 122.5432 122.7540 122.9670 123.1845 123.3965 123.5736 123.8223 123.7023 128.3049 124.3400
118.4800 118.3593 118.2553 118.1803 118.1209 118.1302 118.8922 110.6439 121.8236 111.7715 119.1751 116.2314 118.1190 113.6459 118.4325 118.9932 119.2139 119.4146 119.6808 119.9392 120.0496 120.2827 120.5147 120.7423 120.9745 121.2115 121.4390 121.6716 121.9094 122.1332 122.3615 122.5934 122.7923 123.0101 123.2728 123.4852 123.6914 123.7659 124.8544 124.1500
118.0500 117.9090 117.7941 117.7089 117.6328 117.6501 118.1886 114.7427 120.0991 104.9698 118.8221 109.9074 119.9342 120.7090 118.7636 118.5802 118.8453 119.0616 119.2820 119.5182 119.7575 120.0009 120.2394 120.4907 120.7308 120.9701 121.2254 121.4690 121.7052 121.9470 122.1799 122.4097 122.6565 122.8959 123.1635 123.2955 123.1987 123.7834 123.9654 124.1000
117.5900 117.4338 117.3075 117.2090 117.1120 117.1261 117.6101 112.4711 114.7656 118.1674 118.2126 122.5038 117.6871 114.5376 118.0000 118.2763 118.4483 118.6896 118.9450 119.1836 119.4480 119.7139 119.9674 120.2242 120.4859 120.7186 120.9909 121.2631 121.5002 121.7483 122.0110 122.3170 122.4011 122.7796 122.6948 123.0631 123.3364 123.6504 123.8373 124.0600
117.1300 116.9373 116.7873 116.6893 116.6072 116.6102 117.1519 104.3612 103.9191 117.0670 116.8991 116.7022 117.1665 117.4370 117.9346 117.6983 118.0984 118.3131 118.7196 118.8765 119.0716 119.4300 119.6270 120.0009 120.2006 120.9342 121.2589 121.0000 121.3865 121.5897 121.8534 122.1188 118.5036 115.8810 122.8985 123.1617 123.4023 123.5064 123.6920 123.8600
116.6300 116.4126 116.2610 116.1261 115.9158 115.9406 116.3931 111.7195 115.2572 116.6092 116.0761 117.6095 117.3865 118.0597 114.1425 118.0634 117.6291 117.9597 118.0100 117.5621 118.9847 119.3367 119.4989 119.7186 118.2287 118.6568 119.7276 120.8072 120.2055 121.2614 121.6609 122.3908 123.6820 123.7989 122.6346 122.8729 123.1062 123.2391 123.9062 123.8100
116.0900 115.8324 115.5052 115.4355 115.8589 115.1613 116.0713 105.9574 105.9913 115.6578 115.8453 109.1450 123.1480 113.4466 108.1839 116.7785 117.4213 117.4449 118.0294 116.6349 118.3621 113.5302 119.4175 119.9638 118.1685 116.1113 118.3061 122.0188 124.3877 121.2723 121.5356 121.6899 121.8238 121.9516 122.5591 122.7873 123.0908 124.3647 124.2543 123.7700
115.5100 115.3390 115.4866 116.4089 112.5565 107.1871 116.2661 116.7990 114.2076 114.9146 115.1472 114.9105 119.4530 115.6137 116.1914 114.5794 117.9081 116.6547 117.5166 115.6368 118.8848 104.6831 117.3664 114.8100 119.5853 120.8628 121.2317 122.7757 124.8509 121.0095 121.3678 121.6717 121.9732 122.2071 122.4380 122.8150 122.9717 117.2994 112.5018 123.5300
114.9000 113.7359 107.7698 105.6836 95.3385 115.0972 118.2463 113.5718 114.0741 114.2806 114.4944 114.0503 112.9123 114.4522 115.9417 115.3897 115.8199 116.5704 117.2083 116.3323 117.8115 114.1801 106.5535 116.1469 119.1845 119.5390 119.5302 119.1071 119.8610 120.9089 121.1928 121.4730 121.7508 122.0383 122.2859 122.2912 124.1721 122.7742 110.6778 117.1300
114.2300 113.9220 108.5535 103.4386 108.9530 110.3559 112.6054 113.2943 113.3426 113.5239 113.7651 114.5290 113.2996 114.5845 111.6012 116.1885 117.5142 116.3613 116.8275 117.2162 117.6969 116.0310 117.2620 120.4715 119.7869 119.2213 119.5345 119.9201 120.5940 120.5570 121.0113 121.3685 121.6331 121.9318 122.1155 123.9519 113.7841 113.7595 111.4354 117.1300
113.4600 113.3698 112.5400 114.4088 110.6615 112.7410 112.4145 112.3266 112.4980 112.7356 113.0293 113.3471 113.6972 114.6456 113.7879 115.0703 115.3851 115.9309 116.3964 116.7986 117.2313 116.8455 118.2448 114.3912 117.3511 119.0186 119.7190 120.0148 120.0772 123.7895 120.8671 121.3474 121.5157 121.7011 123.4326 106.4612 115.9590 113.7485 118.2389 125.6800
112.6900 112.4763 111.7897 112.0575 103.0629 111.5845 111.3164 111.3990 111.5876 111.8633 112.2233 112.6366 113.1136 113.5815 114.0565 114.6229 115.0749 115.5411 116.0451 116.5131 116.9977 117.6778 116.7864 123.8755 108.5779 119.6030 119.4524 119.7362 120.1161 120.7443 120.7348 121.0765 121.4217 121.7223 121.6651 127.6358 117.5599 117.6846 136.3602 123.2300
111.7900 111.7033 111.0396 110.8647 111.0447 110.4866 110.2485 110.3300 110.5686 110.9212 111.3573 111.8630 112.3997 112.9620 113.5214 114.0788 114.6414 115.1673 115.6861 116.1942 116.6996 117.1475 117.4720 117.9911 123.4350 118.2456 119.2757 119.6165 120.0011 120.3353 120.7144 120.9903 120.6681 122.1658 122.3016 115.1463 122.2571 122.0720 114.5394 115.5400
111.7900 110.8107 110.2136 109.6935 109.1748 108.9938 108.9879 109.1196 109.4274 109.8745 110.4197 111.0227 111.6663 112.3189 112.9597 113.5872 114.1537 114.8096 115.3591 115.9191 116.3517 116.7267 117.3685 117.8669 118.0627 118.7629 119.0869 119.4845 119.8551 120.2330 120.2774 122.1055 103.8715 122.4819 121.0091 111.6106 111.5934 114.4382 116.1044 115.6200
110.7000 109.8925 109.1628 108.4949 107.9711 107.6370 107.5337 107.7197 108.1321 108.7228 109.4161 110.1663 110.9222 111.6785 112.4457 113.0592 114.7401 114.3332 114.9645 115.3517 116.4301 117.8922 113.7661 117.2246 118.1451 118.5492 118.9605 119.3683 119.8120 120.2547 120.4942 118.2009 111.1644 103.3211 120.6693 115.5416 114.3570 125.3255 113.9510 123.1500
109.5700 108.9300 108.0110 107.1405 106.4081 105.9193 105.7976 106.0637 106.6458 107.4366 108.3354 109.2587 110.1770 111.0423 111.9322 112.5294 115.8613 113.9168 114.0408 119.1381 111.1672 110.7991 103.3455 117.2526 117.8083 118.4199 118.8443 119.2494 119.6141 120.1382 120.4063 131.4722 122.3204 114.7200 122.3290 123.1513 126.6250 122.4860 123.2947 122.9500
109.3800 107.9487 106.7772 105.6120 104.5610 103.8202 103.6143 104.0309 104.9158 106.0210 107.2009 108.3512 109.4351 110.4576 111.3843 112.1444 112.8128 114.0222 111.4048 116.9644 102.6129 103.8505 105.1902 117.9079 117.8497 118.3004 118.7447 119.1561 119.5566 120.0683 119.5598 119.1209 121.5728 122.1909 121.6507 120.1275 119.8161 119.2837 122.4736 122.9200
108.1300 106.9958 105.5110 103.9312 102.3165 101.0886 100.7290 101.4377 102.8736 104.4991 106.0552 107.4756 108.7631 109.9141 110.9537 111.9300 112.7865 113.3515 119.8974 108.3198 113.1318 110.6138 111.4644 117.3927 117.7495 118.2095 118.6607 119.0859 119.5124 119.3285 120.7803 120.6716 120.7401 120.4597 120.5002 130.8653 118.5270 123.0348 122.5984 122.9000
107.9400 106.1176 104.2892 102.1128 99.7259 97.1110 96.1455 98.0401 100.5186 102.9456 104.9724 106.6991 108.1879 109.4700 110.5982 111.6101 112.5324 113.3416 116.3395 111.5752 115.7752 117.0303 117.3083 117.1600 117.6648 118.1489 118.6076 119.0266 119.0066 124.0041 110.8664 121.9994 121.5304 126.4713 130.6878 116.4165 111.5459 119.1337 115.9274 122.8900
106.4300 105.4520 103.2937 100.4404 96.5973 90.8834 89.4636 92.6236 98.2636 101.5577 104.1051 106.1164 107.7623 109.1625 110.3559 111.4194 112.3659 113.1567 113.5285 115.0744 115.2839 115.8507 116.4899 117.1172 117.6202 118.1033 118.5602 118.9870 119.0335 121.0163 111.9733 109.8331 120.7571 110.7447 120.9135 113.3611 113.5177 122.8857 121.9430 122.8900
104.7200 105.0863 102.6959 99.4230 93.8236 86.6705 84.8969 88.5069 96.5323 100.7285 103.6419 105.8169 107.5444 108.9994 110.2404 111.3232 112.2893 113.1899 113.9793 114.6398 115.3606 115.9929 116.5479 117.0831 117.5986 118.0817 118.5571 119.0026 119.3491 119.4253 126.6624 111.9793 106.9846 116.2985 117.3890 112.4228 128.3988 114.3169 119.1152 114.3900
104.7000 105.0691 102.7702 99.5733 94.4596 87.4723 85.5043 89.0525 96.7942 100.8271 103.6972 105.8523 107.5801 109.0180 110.2566 111.3365 112.3004 113.1710 113.9463 114.6679 115.3188 115.9116 116.5634 117.0891 117.6053 118.0912 118.4797 118.9816 119.4022 119.8032 120.0094 133.3138 112.6580 117.6044 109.1997 113.9285 118.2195 112.8958 118.7303 114.3900
106.4500 105.5871 103.4695 100.7883 97.2087 92.1344 90.4899 93.8736 98.6933 101.8152 104.2635 106.2158 107.8386 109.2069 110.4008 111.4551 112.3982 113.2471 114.0142 114.6117 115.6639 115.8935 116.4631 117.1027 117.6260 118.1188 118.2408 121.9469 119.0990 119.7897 119.1860 129.0467 109.5814 111.4698 111.7823 115.4296 122.6342 122.7919 122.9923 122.8800
106.6500 106.2730 104.5405 102.5001 100.2278 98.1471 97.3593 98.7478 101.0461 103.2585 105.1900 106.8513 108.2904 109.5527 110.6703 111.6685 112.5691 113.3939 114.1651 114.5261 116.0902 100.5415 117.7291 117.3981 117.7212 118.1723 118.6229 118.7819 119.4155 119.8528 120.0956 127.9975 112.3392 123.4214 107.4987 120.6449 121.9161 122.7404 122.6777 122.8900
108.0300 107.1843 105.7604 104.2873 102.8402 101.6910 101.3665 102.0241 103.3239 104.8230 106.2973 107.6374 108.8922 110.0281 111.0423 111.9722 112.8172 113.6000 114.1512 114.9850 117.2534 102.8981 114.5528 115.8984 117.5186 118.1879 118.6633 119.2229 119.5986 121.1785 116.2127 116.6816 110.9452 117.0727 108.5748 117.1063 122.6441 120.7512 121.7191 122.8900
108.2500 108.1548 107.0415 105.9420 104.9755 104.2902 104.0964 104.4806 105.2905 106.3327 107.4426 108.5754 109.4245 110.5334 111.4897 112.3357 113.1313 113.8596 114.3896 115.5080 115.6112 118.2239 118.4011 113.3056 118.6307 118.8371 118.7751 118.2868 118.8634 121.4942 107.8114 105.1308 106.8468 106.7787 115.7741 117.3644 119.3339 116.2774 118.1298 122.9000
109.4600 109.1307 108.2536 107.4351 106.7411 106.2972 106.1707 106.4111 106.9666 107.7242 108.5419 109.2779 111.3063 111.3351 111.9863 112.7599 113.4837 114.1652 114.8499 115.3702 116.0054 118.9298 114.2835 108.8911 114.2959 115.8326 118.9770 119.1420 125.2831 113.9373 108.3141 109.3870 105.2496 117.1994 117.5487 121.4781 110.8891 114.8768 115.4960 115.9300
110.7400 110.0802 109.3909 108.7579 108.2425 107.9369 107.8459 108.0185 108.4069 108.9598 109.6387 110.2725 109.2990 111.8197 112.5297 113.2145 113.8765 114.5054 115.0920 115.7679 116.2308 116.5993 120.1113 108.0527 105.8249 128.1302 119.4178 119.5669 113.1693 102.7421 110.0659 109.6635 108.9686 119.4517 122.8159 117.8295 118.7500 131.8647 120.7789 115.5600
110.7400 110.9910 110.4321 109.9371 109.5528 109.3136 109.2498 109.3762 109.6681 110.0948 110.6270 111.1127 112.0110 112.3926 113.0855 113.6952 114.2908 114.8687 115.4228 115.7604 117.3068 118.1973 119.7343 129.7904 112.0390 107.6911 120.7546 110.6814 107.7598 121.1783 110.9284 116.2806 119.5659 122.3025 121.6650 122.5848 125.0288 139.8198 116.9694 117.3000
111.9300 111.8462 111.3818 110.9925 110.6930 110.5030 110.4617 110.5524 110.7859 111.1191 111.5394 112.0392 112.5404 113.0858 113.6332 114.1864 114.7221 115.2501 115.7382 116.5789 113.2445 102.9247 118.1004 127.8398 110.9980 121.1120 107.2809 106.0774 120.3021 128.1781 115.4129 114.1273 121.9443 121.5846 121.9176 122.1999 123.6792 115.3721 122.3187 118.1000
113.4200 112.6533 112.2691 111.9434 111.6995 111.5563 111.5242 111.5961 111.7752 112.0509 112.3936 112.7995 113.2438 113.6920 114.1955 114.6822 115.1534 115.6695 116.1161 116.5942 117.6320 105.7685 114.3365 102.4685 112.3813 104.9734 105.9131 110.3779 110.1189 112.5099 121.4558 120.4156 121.5644 121.8484 122.0011 122.3140 122.3082 122.4289 107.9741 109.7300
113.4200 113.4058 113.0739 112.8165 112.6148 112.4933 112.4678 112.5295 112.6741 112.8929 113.1875 113.5238 113.9060 114.3140 114.7353 115.1687 115.6356 116.0058 116.3647 117.3430 112.0086 115.2930 112.8357 113.7108 120.0519 119.8056 119.9550 117.0747 115.9304 121.1184 121.2867 108.0465 123.1106 121.3809 122.1265 122.3445 122.8922 125.1244 127.6629 123.4000
114.1600 114.1039 113.8255 113.6059 113.4353 113.3413 113.3258 113.3676 113.4923 113.6742 113.9230 114.2128 114.5416 114.8992 115.2770 115.6202 116.2053 116.5498 115.6715 115.6752 116.8093 120.5350 118.7250 118.6021 119.0519 119.0425 120.6487 120.9304 121.2197 120.4246 122.2185 125.0622 108.1362 122.3456 122.1907 122.5147 122.5711 120.0590 122.9485 108.0100
114.8200 114.7623 114.5278 114.3391 114.1975 114.1175 114.0948 114.1334 114.2448 114.3979 114.6076 114.8521 115.1433 115.4413 115.8036 116.0014 116.3205 120.2295 108.6822 97.9285 104.5084 118.3308 118.4754 119.0397 119.4006 119.4874 124.0759 120.7462 120.7063 120.3980 129.7032 123.4409 109.5679 122.5720 121.9662 122.5954 122.5152 132.9626 123.8521 123.4600
115.4700 115.3832 115.1763 115.0109 114.8948 114.8311 114.8131 114.8426 114.9317 115.0631 115.2494 115.4668 115.7143 115.9951 116.2892 116.9268 113.9835 106.7294 99.9444 108.2552 106.1619 117.0764 118.7932 119.2615 119.5041 119.9193 120.0987 122.5172 120.7492 120.9070 123.3390 113.0657 111.4125 118.0546 122.8322 122.7357 123.1999 120.0165 122.3716 123.6900
116.0500 115.5800 115.6800 115.2400 115.3400 115.3700 115.3700 115.3500 115.3100 115.2600 115.6900 116.0600 115.9700 116.3900 116.6700 116.9300 108.7900 104.7200 99.4300 101.8300 108.7300 118.6500 119.2400 119.4500 119.6900 119.9400 120.4000 120.6300 120.8500 121.2800 121.4700 109.2600 106.4700 122.2700 122.4700 122.8300 123.0100 123.1800 123.5200 123.6900
