123.7500 123.7700 109.6400 109.6400 123.6500 122.8500 129.5300 116.4100 116.4100 114.7400 108.4700 123.6800 123.6700 123.6400 123.6200 123.8100 123.7900 123.7600 123.9300 123.9000 124.0600 124.2100 124.1700 124.3100 124.3100 124.4400 124.5600 124.6800 124.8400 124.8000 124.9500 125.0600 125.2100 125.3100 125.4100 125.5400 125.6900 125.7700 125.9100 125.8900
123.7500 119.3791 124.1956 124.0098 119.6827 135.2201 114.6979 120.8264 108.3040 114.9418 112.3480 119.3528 122.9183 123.3546 123.5204 123.5482 123.8998 124.2138 123.7154 123.8073 123.8488 123.9585 124.1021 124.1125 124.2144 124.3122 124.4109 124.5187 124.6201 124.7307 124.8405 124.9603 125.0723 125.1965 125.3111 125.4313 125.5576 125.6735 125.7949 125.8500
123.5200 121.2807 123.4676 123.1831 123.7931 118.1484 116.4235 117.2935 102.1552 111.9645 119.9818 118.4963 123.3486 123.7960 123.2832 123.6107 120.1268 121.4932 123.5155 123.5758 123.6403 122.7332 123.3963 123.8789 123.9997 124.1024 124.2046 124.3091 124.4224 124.5421 124.6598 124.7786 124.8946 125.0234 125.1443 125.2692 125.4243 125.5271 125.7118 125.8300
123.2800 120.6573 121.8179 122.9539 123.2867 118.2193 117.1677 119.2552 103.2951 110.6016 109.4087 110.4177 111.2374 124.0082 122.9927 123.2506 122.6244 122.7550 123.2865 123.3296 123.4062 123.5609 123.6607 123.6529 123.7803 123.8862 123.9962 124.1124 124.2228 124.3488 124.4650 124.5931 124.7224 124.8432 124.9758 125.1090 125.2712 125.1176 125.4490 125.6600
123.0400 120.5299 119.3269 123.4528 123.3807 118.9344 115.4544 115.8342 109.1909 111.5259 109.9122 126.0292 123.3259 122.6738 122.7913 122.7068 122.9118 122.9385 122.9967 123.0812 123.1549 123.2314 123.3422 123.4452 123.5514 123.6658 123.7833 123.9024 124.0249 124.1502 124.2764 124.4037 124.5374 124.6677 124.8071 124.9421 125.0695 125.3840 127.8896 125.4300
122.7900 123.9562 127.5697 120.1800 119.8810 116.9744 119.1731 115.5023 113.9985 111.5231 109.4953 117.6191 123.5965 122.4879 122.4832 122.5428 122.5898 122.6566 122.7301 122.8137 122.9102 123.0048 123.1180 123.2136 123.3246 123.4410 123.5631 123.6846 123.8224 123.9689 124.0766 124.2167 124.3575 124.4977 124.6374 124.7683 124.9788 124.8829 125.7016 125.2500
122.5300 121.6316 114.7464 105.5333 117.1214 115.1962 116.9104 114.8077 119.4232 124.7954 120.1603 124.5379 125.5351 122.8118 122.2060 122.2704 122.3156 122.3804 122.4631 122.5532 122.6495 122.7680 122.8044 122.9834 123.0914 123.2271 123.3124 123.5266 123.7785 123.6029 123.9176 124.0189 124.1697 124.3173 124.4547 124.6275 124.7438 124.9321 125.0392 125.1900
121.9900 122.8790 115.1159 97.3148 104.8373 114.1777 117.9326 109.3453 123.3604 123.9469 123.9122 120.1976 121.4849 121.8160 121.8264 121.8225 122.0207 122.1026 122.1864 122.2804 122.4207 122.4914 122.8998 122.5875 122.8598 122.9532 123.0432 123.4136 123.4533 123.3409 123.6829 123.8377 123.9827 124.1355 124.2821 124.4442 125.1712 124.7126 125.1223 125.0100
121.7100 102.1498 115.5194 126.1282 97.6244 114.9780 112.0036 113.5917 121.7740 121.0286 120.6853 121.6212 121.4926 121.3875 121.6373 122.3320 121.7602 121.7937 121.9039 122.0081 122.1408 122.8518 119.7467 123.8263 122.3471 123.3830 123.3985 118.8469 109.5401 123.9007 123.5263 123.6409 123.8000 123.9599 124.1432 124.1938 125.6361 121.1023 125.7220 115.5700
114.8300 99.1959 118.9839 116.6494 95.7446 109.2345 109.1582 113.6840 121.5827 121.0426 121.1882 120.3507 121.5942 123.5823 109.0560 123.3952 121.2964 121.5553 121.6324 121.6938 121.7329 122.5212 113.9794 120.3448 117.8435 116.5211 111.9144 114.3977 117.4953 122.4470 123.2018 123.4519 123.6097 123.7367 123.9658 123.6287 122.6082 105.9355 121.0906 115.7500
121.1100 121.1132 120.0210 117.5885 97.6528 100.0116 109.4499 108.7578 122.0338 120.5973 119.9994 130.7696 108.6388 112.9732 108.3798 123.3845 121.5221 120.9100 121.2344 121.5368 121.1118 115.1567 119.3707 123.7566 120.1291 121.6512 121.7830 132.8465 124.3138 122.8020 123.0283 123.2695 123.4192 123.6587 123.8708 124.2962 114.8573 115.4457 108.4232 111.0600
122.4800 119.4124 102.8624 112.9537 97.4538 99.2806 118.6766 123.7661 122.3619 120.3436 120.2066 120.7409 121.0704 113.5573 112.4329 115.7321 119.7810 122.4295 121.5651 120.6148 123.9352 112.2155 119.4619 107.4803 121.1393 122.0703 120.3504 120.0994 122.7099 123.2594 123.8373 122.8942 123.2386 123.4393 120.9298 123.6837 122.0735 125.9963 117.9433 113.7400
116.6200 103.6903 105.6812 110.2304 100.3897 114.2051 114.1377 119.9698 119.7110 119.9979 120.1005 119.9041 120.9345 120.5215 121.1039 118.7827 121.6076 122.0346 120.6574 120.4086 122.4172 116.9095 119.7914 115.9299 121.4630 121.6964 120.3243 122.4201 122.2066 117.5269 119.2025 123.0829 123.0919 123.3970 122.0497 123.0698 123.7296 124.0660 124.3289 124.2500
112.7300 99.4013 111.3407 109.9423 104.7910 111.1611 110.6852 120.4320 119.8963 119.6572 119.6739 119.8469 119.7662 119.7696 120.0243 111.6492 118.7036 119.9977 120.3786 120.6111 120.5376 119.6499 109.9632 120.2932 121.4898 121.4644 121.7031 121.8544 122.1897 112.8692 121.0996 122.4936 122.4938 123.0162 123.3835 123.5692 123.6226 123.7685 123.9449 124.0500
119.7700 98.3223 98.8632 110.3818 104.2457 116.9781 119.3735 119.5706 119.2657 119.2671 119.2746 119.2692 119.3445 119.4872 119.6411 118.3764 120.4703 119.5882 120.0211 120.1887 120.0499 121.2707 125.2383 124.2451 121.2923 121.2476 121.4411 121.7023 124.4108 123.2320 121.7141 124.3987 124.2363 122.8386 122.8962 122.9497 123.5601 123.6575 123.8581 123.9900
119.3900 119.0871 112.1788 108.5271 120.0654 118.5651 118.2477 118.4560 118.8933 118.8241 118.8488 118.9119 118.9415 119.0309 119.2256 119.4070 119.2050 119.4892 119.6565 119.8615 120.1119 119.5604 121.2357 120.4225 121.1488 120.9438 121.2333 121.2689 122.6806 113.9006 117.3537 122.1082 122.4171 122.4387 125.4231 124.2748 123.2729 123.4851 123.7063 123.7800
119.0000 118.1772 111.7995 108.9115 120.5878 108.0208 118.7262 121.4363 118.0693 118.5309 118.4978 118.4197 118.6990 118.5935 116.8827 118.9829 119.1064 119.4414 119.3480 119.3214 119.6285 119.8642 120.5114 118.4802 116.9440 119.6520 121.0366 121.1181 121.3097 122.3668 121.6580 122.0292 122.2849 122.5308 122.5763 122.7954 123.1596 123.3574 123.6146 123.7300
104.2500 117.8826 113.9968 119.3101 118.7513 118.6816 118.9677 118.5443 117.8591 117.7530 117.7892 118.7809 117.4727 118.1546 117.5051 118.4882 118.0623 116.9777 119.1787 119.1428 119.3191 119.5438 119.4016 120.1262 120.5028 120.5159 120.6501 120.5546 118.3907 121.3314 121.6426 121.8924 122.0930 122.3305 122.5159 123.6490 123.1178 123.3133 122.3366 123.5200
102.9800 106.1777 113.2646 118.3600 117.3965 117.4593 117.2544 117.1802 117.5195 117.8321 117.9396 117.3503 122.3339 90.7576 118.3472 122.6216 119.6313 109.6867 117.0073 118.5904 119.0830 119.2154 120.1325 119.9020 119.7794 120.2215 120.4999 120.5093 124.4194 122.2405 121.3977 121.6306 121.9348 122.2356 122.4700 119.8649 125.2147 123.7037 115.6336 115.8700
102.9600 109.9123 108.7625 113.4310 117.8784 118.0571 117.5587 117.1996 114.4530 104.7736 117.7043 116.7294 116.9485 103.7441 116.6465 117.7279 118.4886 113.1393 119.5552 117.5998 118.5822 116.4998 115.1077 119.4456 120.4389 113.2236 120.2317 120.4174 120.2961 120.3980 121.1674 121.4764 121.6645 121.7580 124.6210 112.1675 115.3354 116.8903 117.7174 115.8700
105.7000 97.9239 111.2771 111.7020 110.4617 108.8864 118.9111 100.7677 120.1358 118.7452 116.1724 116.5114 118.0992 116.7082 117.4642 116.8451 117.2835 117.4709 117.7966 118.1227 119.2171 117.8461 109.7123 120.2745 113.9237 120.8061 119.9279 120.2697 120.5289 121.5141 121.5017 121.3602 121.3354 121.1566 116.3909 119.2358 119.6769 122.9617 120.7211 123.1500
103.4000 118.5287 119.2497 116.4271 113.9396 107.2633 115.6811 116.6475 116.6584 115.4389 115.8489 115.8688 115.7610 116.1063 115.9213 116.5700 116.8047 116.9817 117.1427 117.5423 117.1196 109.4156 111.0264 104.9022 118.3114 119.5138 119.4245 119.9259 120.3239 114.2966 120.6785 121.0259 122.5721 113.4661 112.9309 118.0920 119.3933 120.8327 123.0164 123.1000
112.1000 104.2371 109.8528 116.0444 115.9160 116.4503 116.0507 114.9391 114.9219 115.1884 115.1722 115.2683 115.4337 115.4822 117.5787 115.8647 116.2421 116.2614 116.9595 118.7780 117.3877 112.6720 108.5480 122.3459 120.7543 119.0820 119.3532 119.7414 120.1975 116.6180 120.0224 120.8214 122.4977 106.4426 114.0433 118.2898 123.1544 123.8053 123.1906 122.8800
124.8100 114.6906 114.6446 114.9359 115.1996 114.9525 105.1854 115.5750 114.5650 114.4458 114.5072 114.6150 114.7613 112.4264 107.2423 115.5556 115.7287 117.8712 102.2287 112.9013 117.1162 117.5288 115.9114 118.9633 118.0434 118.8739 119.1468 119.4877 119.6906 120.3336 123.8443 123.4244 108.6856 111.2048 114.0181 113.7154 115.0805 115.4704 122.4984 122.8300
121.1000 116.7933 112.8830 116.3800 113.6176 113.6511 113.6931 114.0358 113.7621 113.7156 113.7722 113.8864 114.1474 115.0953 117.4174 113.8807 115.2716 116.3382 115.7554 117.5923 117.3921 116.8420 117.7109 117.8964 118.2269 118.5547 118.8985 119.2439 119.5894 120.2766 116.4755 124.8540 108.4581 113.0712 116.7862 120.5658 121.0892 121.5505 122.6141 122.7900
114.8700 114.1597 115.2297 105.3756 114.1269 113.5224 113.1469 113.0057 112.9529 112.9082 112.9715 113.1073 113.2497 113.5955 113.4375 114.3365 113.6557 111.7489 116.1248 114.3808 117.5726 116.7423 116.9864 114.3057 118.6920 118.1448 118.6682 118.9978 119.4476 119.8439 119.7276 120.6061 109.7056 114.8491 114.1471 126.9281 121.3377 122.1690 122.4294 122.5700
114.8700 114.3792 113.0996 96.7738 113.2591 112.5697 112.3811 112.1724 112.0416 112.0172 112.0839 112.2425 112.5148 112.8364 113.2802 113.5668 114.0341 114.8638 111.5479 116.8905 108.4353 116.5784 116.7133 105.5292 116.9840 117.7822 118.4968 119.1830 119.0695 120.8220 106.6097 113.4478 109.6965 122.1062 120.8032 121.3236 121.8840 122.1050 122.4124 122.5300
119.8100 113.9292 114.0471 112.3539 111.0620 111.7941 111.4524 111.1988 111.0394 111.0139 111.1079 111.3121 111.6155 112.0035 112.4495 112.9358 113.3596 114.0205 114.2810 113.2918 114.7175 116.0278 104.9116 115.6490 117.1254 117.8451 118.7566 120.6432 119.0611 119.5353 120.7157 120.1165 120.8898 120.6278 121.2369 121.3877 121.6847 121.8750 122.1417 122.4900
115.3900 112.6354 112.3899 112.5312 111.0434 110.9860 110.4430 110.1234 109.9239 109.8811 110.0092 110.2651 110.6560 111.1258 111.6547 112.2210 112.8158 113.4025 114.0473 114.5199 115.2277 115.5323 110.4865 117.4597 117.3570 117.6264 117.6628 118.1233 118.4819 119.2712 120.2514 119.9216 120.1416 120.5770 120.4328 121.2679 121.5853 122.8608 123.3645 122.4600
115.3900 112.5955 111.8674 111.1982 110.4573 109.8100 109.3380 108.8972 108.6421 108.5864 108.7486 109.0919 109.5810 110.1728 110.8256 111.4958 112.1764 112.8052 113.4654 114.0954 114.5889 115.7904 119.9272 108.3553 117.5844 117.3179 117.8642 117.8737 124.3010 114.5087 113.4791 121.1725 120.0704 118.7482 120.6153 121.1320 121.7390 115.4406 115.5293 122.2100
112.3400 111.8907 111.1389 110.3510 109.5595 108.7924 108.0670 107.4971 107.1433 107.0640 107.2872 107.7538 108.4010 109.1520 109.9482 110.7519 111.5417 112.4394 113.1733 113.7168 114.5022 114.2266 125.2789 110.3962 116.8781 117.2277 117.6744 117.3684 123.9652 117.7224 105.7232 120.4750 119.8058 120.6723 120.8225 121.1314 121.7048 114.1698 112.2133 113.9600
112.3400 111.3870 110.4800 109.5427 108.5694 107.5796 106.6447 105.8410 105.3282 105.2106 105.5452 106.2173 107.1084 108.0828 109.0680 110.0147 110.9354 111.5746 112.0892 113.3013 113.7773 115.6441 114.7588 120.5362 116.8977 116.9557 117.4873 117.5823 118.2391 119.8331 115.0923 119.8655 119.9870 120.3080 120.7179 120.8779 125.3286 135.4167 119.6979 118.6500
111.3500 110.8505 109.8482 108.7483 107.5710 106.3113 105.0421 103.8628 103.0437 102.8453 103.3924 104.4301 105.6616 106.9118 108.1927 109.3056 110.3104 112.8147 121.4512 112.4650 115.3089 112.6553 110.9717 109.3533 114.3887 116.7173 117.4237 117.8721 118.3429 118.6080 119.6147 119.5064 119.9452 120.3346 120.6800 121.0578 122.8616 131.5009 116.8019 122.1500
111.2300 110.3991 109.2802 108.0213 106.6110 105.0231 103.2610 101.4474 99.9946 99.6660 100.6502 102.3434 104.1552 105.8619 107.3373 108.6687 109.8394 111.3581 113.0020 106.5979 99.6109 103.8478 110.9501 107.8557 111.8100 116.7729 117.3118 117.7512 118.2323 118.6675 119.0489 119.5679 119.8577 120.2414 120.6250 120.9180 121.1208 122.1266 120.9302 122.1300
110.3800 110.0446 108.8211 107.4174 105.7683 103.8121 101.3992 98.5964 95.2754 94.1589 96.8924 100.0122 102.6617 104.8255 106.6217 108.1418 109.4219 110.2538 110.9711 111.1137 100.3414 96.1631 98.2455 97.9545 113.1233 116.7323 117.2031 117.6893 118.1584 118.6186 119.0641 119.3369 119.8414 120.5012 120.5858 120.8760 121.3433 123.6750 122.3882 122.1200
110.3000 109.8138 108.5152 106.9984 105.1732 102.8819 99.7867 95.1413 88.9710 87.6490 91.5187 97.8932 101.4493 104.0811 106.1189 107.7956 109.0963 110.0536 113.0239 99.0495 95.3390 114.3940 110.5287 106.1694 116.9396 116.5476 117.1064 117.6327 118.1369 118.5204 118.7458 124.5255 107.3442 121.5944 120.5365 121.1557 120.6266 124.5139 120.5897 107.4200
110.2500 109.7208 108.3948 106.8326 104.9310 102.4827 99.0554 92.9852 85.8387 84.0633 88.5178 96.7278 100.9122 103.7828 105.9222 107.6360 109.0524 110.4660 111.4806 116.8734 98.7250 113.0025 114.5412 115.7130 115.9311 116.5868 117.3837 117.6069 118.1133 118.8598 119.7061 114.8206 106.1083 121.4997 120.5348 121.0859 120.4180 121.3867 114.5296 108.5800
110.2600 109.7808 108.4795 106.9448 105.0894 102.7599 99.5567 94.0262 88.0153 86.5748 90.6132 97.5694 101.2846 103.9863 106.0581 107.7254 109.2804 110.6314 108.4958 114.0973 102.4593 113.6014 114.3802 115.3099 115.9902 116.6329 117.1454 118.5630 118.5642 117.7308 120.6798 116.3908 107.0492 121.7449 120.5535 120.9871 120.9337 123.4996 119.9648 122.1000
111.1300 109.9935 108.7525 107.3216 105.6345 103.6042 101.1613 97.4241 93.7030 92.6218 95.9241 99.5703 102.3948 104.6577 106.5064 107.9845 109.3202 109.9491 106.6990 106.5319 110.5981 114.7467 114.6995 115.5066 116.1013 116.6339 117.7535 117.3642 117.1272 113.3252 120.6733 116.9630 110.7513 121.4237 120.5747 120.9370 121.0539 124.7805 122.0689 122.1000
111.1300 110.4000 108.7200 107.7500 106.7500 103.9900 102.3000 100.6500 97.4500 97.7900 100.4500 100.3200 103.9800 105.4200 106.6500 108.7100 109.5900 105.7500 111.8000 98.7300 113.5700 114.0900 115.0500 115.4900 116.3100 116.6900 117.0600 117.7500 104.1700 108.0200 117.6900 106.2400 110.9700 120.3200 120.5700 121.0400 121.2600 121.4800 121.9100 122.1100
