115.6400 116.2400 117.5000 114.4600 120.1400 120.1400 114.0000 114.0000 121.1600 118.0000 110.8500 121.0000 120.7400 120.7800 120.7900 120.8000 120.8000 120.8000 120.7800 120.7600 120.9900 120.9900 120.9300 121.1900 121.1400 121.3500 121.5500 121.4900 121.6600 121.8900 122.0500 122.0100 122.4100 122.4100 122.7400 122.7400 123.0500 123.0500 123.1700 123.3500
115.6400 115.5705 114.7341 116.8978 114.6296 112.1332 108.3049 114.3233 114.3663 116.1177 118.4755 120.9487 120.5549 120.5178 120.5147 120.5043 120.5729 120.6886 120.5767 120.6005 120.6406 121.1612 121.2661 120.8669 120.9914 121.0968 121.2223 121.3562 121.4890 121.6334 121.7875 121.9479 122.1095 122.2689 122.4382 122.6088 122.7842 122.9547 123.1349 123.3500
115.5700 115.7912 119.4037 123.7277 113.5740 111.1772 111.6087 113.5783 109.2159 110.3427 122.9930 120.0387 120.0389 120.2286 120.1563 120.2415 118.1671 117.6762 120.2759 120.2508 120.3056 119.7044 119.5699 120.5289 120.6708 120.7822 120.9234 121.0563 121.2048 121.3551 121.5183 121.6812 121.8542 122.0333 122.2073 122.3922 122.5703 122.7563 122.9387 123.0300
114.1900 112.6730 111.9852 116.6045 120.9416 110.5141 108.2484 112.1212 120.7486 114.6298 100.7381 113.9238 119.9314 119.8377 119.7834 119.8073 120.0396 119.9137 119.8038 119.8665 119.9257 119.8500 120.1121 120.1360 120.3370 120.4584 120.6029 120.7555 120.9138 121.0757 121.2451 121.4216 121.5989 121.7851 121.9721 122.1608 122.3575 122.5481 122.7341 122.8000
120.6200 120.9373 116.4086 115.3516 113.7807 114.1066 111.6887 116.2113 114.0688 116.1352 116.7897 121.0074 119.3480 119.4567 119.3921 119.3390 119.2760 119.3529 119.4171 119.4755 119.5031 119.6275 119.7151 119.8554 119.9814 120.1210 120.2737 120.4343 120.6123 120.7843 120.9686 121.1518 121.3454 121.5398 121.7380 121.9373 122.1364 122.3392 122.5427 122.5500
113.6400 118.7649 116.7436 115.2328 109.1427 117.1009 108.0168 115.6208 117.4054 113.4249 119.0626 119.0098 120.7479 118.8301 118.9819 118.9668 118.9733 118.9761 119.0103 119.0670 119.1608 119.2426 119.3599 119.4815 119.6202 119.7738 119.9385 120.1105 120.3000 120.4849 120.6839 120.8815 121.0845 121.2933 121.4986 121.7057 121.9194 122.1274 122.3455 122.4700
113.6400 115.4810 106.6338 115.8430 112.8462 110.4420 109.0669 117.2156 115.0122 120.1267 118.1004 118.8410 118.9214 118.4912 118.5136 118.5101 118.5183 118.5411 118.5810 118.6449 118.7251 118.8330 118.9589 119.1017 119.2458 119.4152 119.5918 119.7923 119.9758 120.1835 120.3871 120.6063 120.8183 121.0414 121.2603 121.4842 121.7035 121.9240 122.1578 122.2200
120.3400 113.4315 117.3729 113.5560 112.0846 115.5868 108.8107 120.1373 111.0334 122.9056 117.7626 118.3756 118.2015 118.1429 118.2111 118.1099 118.0229 118.0926 118.1265 118.1993 118.2935 118.4099 118.5476 118.7004 118.8598 119.0680 119.1255 119.4507 119.6548 119.8762 120.0976 120.3243 120.5577 120.7878 121.0207 121.2464 121.4954 121.6970 121.9340 122.1500
119.9800 115.4960 115.4227 111.8014 117.2094 113.3061 107.1023 126.4402 118.4760 117.7668 118.0574 117.9256 117.7527 117.6462 117.2724 116.8451 117.6227 117.6168 117.6535 117.7263 117.8422 117.9618 118.1189 118.2799 118.4557 118.6258 120.6062 119.6109 119.3664 119.5662 119.7936 120.0358 120.2890 120.5381 120.7803 121.0346 121.4919 121.7385 121.5920 121.8900
113.9500 107.1980 111.2611 106.8703 104.8848 107.9432 111.2135 112.0043 117.8657 117.7148 117.5677 117.5552 117.2142 117.1149 117.1559 116.2697 117.0556 117.0992 117.1302 117.3631 117.3596 117.5328 117.6588 117.8437 118.0738 118.0560 115.8201 109.7665 119.6367 119.2247 119.4321 119.7563 120.0135 120.2697 120.5308 120.6569 120.9872 116.5691 121.2271 121.8100
113.9500 108.7907 110.0855 106.9457 111.7344 111.6223 117.7263 117.3539 117.5607 117.1875 117.0112 115.8360 117.4848 116.6365 116.5677 116.6035 116.5150 116.5070 116.8109 115.9644 116.7438 116.8317 117.2261 117.3853 117.6344 118.6314 110.3722 125.8395 120.5403 118.9139 119.1672 119.4933 119.7520 120.0301 120.4729 120.7688 121.1047 113.4213 108.3886 107.9700
119.1500 109.2444 109.0666 104.5853 110.3130 113.8778 118.4237 117.5774 116.9501 116.7470 116.5115 117.6573 125.8534 115.7404 115.2611 116.0227 115.9305 115.9488 115.9035 114.4560 118.5566 117.3840 116.5650 116.9195 117.1923 117.3000 117.4212 116.0409 115.9423 118.9823 118.6359 119.1949 119.5231 119.7722 119.4334 120.2077 120.8504 122.4628 114.6114 107.9700
111.8900 101.9379 106.4403 108.7571 114.1729 120.1101 121.1827 117.6227 116.4792 116.2138 115.9738 116.1218 111.9562 114.9714 115.3360 115.3429 115.3093 115.3486 115.5683 115.5751 116.0953 118.1367 116.1626 116.4357 116.7142 117.0027 117.3928 117.6153 118.2619 118.1289 119.4809 120.1018 118.8721 119.5125 119.3702 119.8928 120.2605 121.3625 121.7709 121.1500
111.8000 111.5315 99.0854 109.7507 117.5082 120.8257 117.5859 115.8718 116.0650 115.6694 115.4013 115.1518 115.3999 115.0574 114.6984 114.6374 114.6390 114.6912 114.7726 114.9840 115.0622 115.2311 115.1892 115.5906 116.3380 116.5412 116.8644 117.3047 117.7989 118.4350 109.7683 116.4342 118.9606 119.2867 119.7149 120.0160 120.5442 117.7500 124.4598 121.0700
112.0300 107.1553 99.9106 113.6269 108.0918 117.5831 118.2484 115.7226 115.4193 115.1191 114.8131 114.5356 114.2363 114.0827 113.9978 113.9187 113.9146 113.9744 114.0944 114.2546 114.5253 114.9620 114.7591 120.0943 115.2999 116.1139 116.5725 115.7932 115.9173 117.5524 117.1372 117.9170 118.6220 119.0299 119.3677 119.6912 119.9345 119.8318 121.9189 120.7800
103.5200 103.4880 106.0042 103.5606 115.9067 116.0747 115.6180 115.3237 114.8934 114.5267 114.1746 113.8513 113.5908 113.3636 113.2089 113.1267 113.1214 113.1921 113.3298 113.5386 113.8068 114.3514 111.8499 115.9463 115.0202 115.6889 115.9407 116.5942 116.7222 117.2541 117.6470 118.1082 118.3318 118.7183 119.0830 119.5026 119.8111 120.1718 120.5000 120.7200
117.6900 106.5765 115.6995 102.7703 111.3677 115.8206 115.2214 114.7811 114.3352 113.9034 113.4978 113.1321 112.8045 112.5474 112.3581 112.2572 112.2538 112.3310 112.5103 112.7592 113.0751 113.4292 113.9182 114.3098 114.6811 115.1643 115.6017 116.0094 117.1788 116.7598 117.3616 117.7419 118.3915 117.3098 118.8853 119.3269 119.6633 120.0033 120.3330 120.6600
104.1300 104.6649 114.2122 116.3528 116.7316 115.1061 114.7979 114.2449 113.7475 113.2584 112.7882 112.3508 111.9645 111.6392 111.4145 111.2816 111.2786 111.3834 111.5951 111.8990 112.2877 112.7099 113.1569 113.6254 114.1653 114.6619 115.2863 115.0580 121.3557 116.2363 117.2597 117.9768 117.1593 110.3930 119.0572 119.0580 119.3867 119.8474 120.1944 120.3700
123.7400 119.2468 121.9198 113.8886 113.9563 114.8629 114.2953 113.7168 113.1563 112.5921 112.0325 111.5134 111.0406 110.6454 110.3619 110.1955 110.1911 110.3243 110.5958 110.9701 111.4274 111.9499 112.4919 113.0673 113.6319 114.1955 114.7239 115.2460 115.6379 116.2806 116.8652 119.6764 118.4370 118.8377 118.4833 119.3620 119.4582 119.7295 120.0517 120.3200
107.1000 114.6832 115.9215 115.5960 115.3419 114.3793 113.8190 113.1905 112.5457 111.8927 111.2461 110.6178 110.0357 109.5387 109.1603 108.9533 108.9366 109.1177 109.4715 109.9486 110.5138 111.1444 111.7899 112.4413 113.0868 113.7182 114.3177 114.9789 115.5976 116.0846 116.2294 116.6383 117.4088 117.9223 118.0177 120.6325 119.0787 119.6241 119.9209 120.2700
104.5700 111.9603 108.4387 116.2511 114.5219 114.1104 113.3668 112.6760 111.9491 111.1906 110.4256 109.6663 108.9337 108.2943 107.7915 107.5044 107.4808 107.7291 108.1946 108.8213 109.5356 110.2981 111.0651 111.8257 112.5594 113.2531 113.9254 114.5521 115.1526 115.7348 116.3129 116.8778 117.3445 117.8949 119.3200 120.3906 119.5450 119.4961 119.8415 120.2300
102.3400 102.0422 104.8884 104.7558 115.9599 113.4180 112.9454 112.1863 111.3621 110.4966 109.5869 108.6598 107.7322 106.8708 106.1781 105.7624 105.7293 106.0889 106.7485 107.5887 108.5019 109.4328 110.3510 111.2251 112.0502 112.8270 113.5527 114.2468 114.8921 115.4958 116.0355 116.5252 116.9728 116.9726 108.4182 109.7435 119.2244 119.1198 119.6858 119.9000
124.9200 106.5810 122.9475 109.3031 114.7723 113.0265 112.5706 111.7281 110.8125 109.8282 108.7598 107.6180 106.4271 105.2586 104.2509 103.5930 103.5434 104.1047 105.0847 106.2366 107.4275 108.5744 109.6588 110.6591 111.5788 112.4396 113.2211 113.9564 114.6397 115.2818 115.9393 116.8045 116.8170 122.0799 121.9363 111.8322 120.0531 119.8021 119.6096 119.8700
104.9600 107.1136 115.1907 115.1631 114.2279 113.0682 112.2371 111.3253 110.3262 109.2119 107.9749 106.5987 105.0732 103.4325 101.8390 100.7433 100.6596 101.5903 103.1668 104.8051 106.3578 107.7576 109.0186 110.1528 111.1689 112.1025 112.9426 113.7183 114.4397 115.0833 115.6084 115.1491 116.8668 114.3216 107.7023 117.7414 110.4923 116.0540 119.6457 119.8500
114.4400 110.5935 115.3010 114.4597 113.6869 113.0106 111.9783 111.0125 109.9282 108.6997 107.2980 105.6687 103.7470 101.4408 98.9531 96.4172 96.0294 98.4841 101.0193 103.4004 105.3665 107.0454 108.4852 109.7365 110.8453 111.8285 112.7219 113.5316 114.2501 115.1976 116.1425 130.2479 104.3808 105.2522 112.2348 118.5389 117.9126 119.0733 119.5184 119.8300
115.8900 115.9786 115.2610 103.7380 113.5158 110.6216 111.8692 110.8179 109.6465 108.3382 106.8006 104.9510 102.6377 99.5660 95.0032 89.8179 89.4342 93.9102 98.9822 102.1908 104.6009 106.5227 108.1027 109.4503 110.6191 111.6483 112.5739 113.4078 114.1753 114.9029 115.4029 120.0752 108.6912 113.3858 106.6688 111.2672 118.8438 119.1308 119.5010 119.8100
115.8700 115.6072 114.9385 114.6774 113.8652 110.6468 111.7533 110.7301 109.5144 108.1628 106.5529 104.5819 102.0353 98.4468 91.6605 85.4787 84.6875 90.2562 97.7009 101.5250 104.2089 106.2622 107.9137 109.3138 110.5090 111.5642 112.5012 113.3541 114.1531 114.8557 115.5315 116.1783 117.1414 117.6514 118.8425 118.5777 118.6743 119.0794 119.4863 119.8000
115.8700 115.4987 114.9397 114.0239 113.2772 111.4962 111.7178 110.7262 109.5456 108.1831 106.5887 104.6529 102.1498 98.7013 92.3339 86.5886 86.0423 90.9517 98.0285 101.6526 104.2862 106.3048 107.9513 109.3379 110.5266 111.5772 112.5159 113.3720 113.9746 114.6433 115.7172 116.5158 116.4678 117.3245 117.3012 118.0928 118.6298 119.0757 119.4907 119.8000
115.8800 115.1109 115.0226 114.3331 113.7304 112.8600 111.8625 110.8478 109.7198 108.5160 106.9990 105.1378 102.9452 100.1024 96.3459 91.6746 91.2249 95.4170 99.5772 102.5302 104.8094 106.6544 108.2037 109.5218 110.6771 111.6974 112.6054 113.4671 115.1547 116.1420 114.9735 112.4748 117.8778 115.2523 118.5037 118.2849 118.6670 119.0417 119.4761 119.8000
134.1900 115.4671 115.1610 114.4319 113.6674 112.8882 112.0512 111.1053 110.0466 108.3470 107.4954 105.9321 104.1366 102.0615 99.8567 97.9505 97.7831 99.5497 101.6831 103.8206 105.6594 107.2707 108.6564 109.8545 110.9299 111.9083 112.7623 113.5830 114.9897 118.2891 109.4536 104.3488 113.6976 109.1949 114.8828 118.1283 118.7414 119.4572 119.7319 119.8100
134.1900 115.4747 115.2488 114.6126 113.9195 113.1627 112.3336 111.4452 110.4969 108.6534 108.2384 106.8840 105.4996 104.0271 102.6267 101.6722 101.5943 102.4231 103.7883 105.2438 106.6653 107.9583 109.1661 110.3197 111.3141 112.2008 113.0241 113.4522 117.6159 109.6677 115.1087 112.9892 111.7455 114.1158 113.0044 118.6650 118.8508 117.7566 118.6411 119.8400
116.4400 116.1403 115.4473 114.8272 114.1586 113.4432 112.6815 111.8634 110.9709 110.0997 109.0367 107.9427 106.8391 105.7692 104.8706 104.2964 104.2546 104.7420 105.6030 106.6547 107.8499 109.0447 110.3413 110.7581 111.6528 112.5500 113.3159 113.9770 116.3792 113.4261 106.5722 118.5151 117.5761 118.1727 118.9817 118.4886 117.6521 126.4501 126.1354 118.2100
116.5100 116.2056 115.6712 115.0719 114.4427 113.7780 113.0786 112.3324 111.5379 110.6977 109.8308 108.9739 108.1127 107.3209 106.6897 106.3174 106.2927 106.6102 107.2048 107.9996 108.8143 109.3969 110.6608 111.7306 112.3014 112.9644 113.6672 114.3619 114.5516 116.9495 100.6976 117.6119 117.0064 117.4916 117.9902 118.5738 118.5656 133.5467 124.7036 110.3100
116.9500 116.4404 115.9099 115.3506 114.7663 114.1507 113.5065 112.8288 112.1361 111.4157 110.6797 109.9594 109.2837 108.6860 108.2246 107.9651 107.9422 108.1681 108.6045 109.2148 109.6853 118.7593 117.9484 103.1153 112.4108 113.4031 114.0450 114.6613 115.2727 115.8236 115.2940 117.3246 117.4085 117.8332 118.2858 118.3588 119.5580 110.0266 119.7336 115.0300
117.0300 116.6814 116.1844 115.6611 115.1149 114.5518 113.9638 113.3519 112.7335 112.1166 111.4886 110.9028 110.3529 109.8838 109.5355 109.3478 109.3276 109.5020 109.7985 110.2739 110.8280 111.9224 107.8641 107.5831 113.2840 113.8212 114.4613 115.0211 115.5799 116.0518 116.6405 116.9855 117.5796 117.9929 118.4214 118.8229 119.1402 122.6879 119.9400 120.2300
117.1200 116.9442 116.4709 115.9863 115.4781 114.9637 114.4265 113.8904 113.3435 112.7940 112.2682 111.7740 111.3322 110.9603 110.6830 110.5370 110.5288 110.6243 111.0136 111.4232 111.6291 112.0172 111.7948 107.3366 114.6276 114.2849 114.8702 115.3982 115.8974 116.3599 116.2402 117.3862 117.6462 118.1790 118.6058 118.9879 119.3658 119.4787 119.7840 120.2700
117.5400 117.2222 116.7741 116.3206 115.8622 115.3802 114.8980 114.4169 113.9305 113.4625 113.0053 112.5959 112.2280 111.9200 111.7065 111.5946 111.5705 111.6543 111.7546 110.4433 112.5419 112.9388 113.3716 114.0714 114.2416 114.8504 115.2977 115.7827 116.2558 116.8965 119.4672 119.2361 118.2449 118.4153 118.7965 119.1574 119.4805 119.8815 120.2478 120.3200
117.6400 117.5058 117.1073 116.6634 116.2443 115.3854 115.3880 114.9309 114.5135 114.0941 113.7085 113.3591 113.0509 112.7988 112.6137 112.4955 112.5530 112.6110 112.9201 113.6405 113.8686 113.6602 114.0442 114.4442 114.8798 115.2924 115.7409 116.1578 116.6683 116.4409 126.2838 123.8182 115.8962 118.8716 118.9694 119.2795 119.5687 116.9573 120.4477 120.6000
118.0500 117.8062 117.5802 115.9977 116.8393 114.9107 115.8671 115.4529 115.0701 114.7106 114.3705 114.0603 113.8033 113.6061 113.4984 113.3532 113.3260 113.5795 113.2917 112.6274 113.6997 114.3641 114.6551 115.0117 115.3905 115.7735 116.1662 116.5803 117.0201 117.1136 122.8614 114.9813 108.3681 119.5496 119.1606 119.5383 120.4022 117.9098 120.8862 120.6500
118.1600 117.8600 117.5600 110.8100 116.9200 116.5900 116.2900 115.9000 115.5300 114.7800 114.7800 114.4000 114.5200 114.0000 114.0700 114.1300 114.1300 117.5400 114.0000 114.4900 114.4000 114.7900 115.2500 115.5500 115.5500 115.9000 116.5800 116.9100 117.2000 117.5500 118.9500 106.4700 118.7200 118.9900 119.2500 119.7700 120.0100 120.2500 120.7200 120.7200
