113.5000 112.8200 110.7200 110.4000 109.6200 112.7200 97.6000 98.9100 102.8200 102.8200 118.6300 118.7200 118.4400 118.4400 118.1300 118.2200 118.2200 117.8600 117.8700 117.8800 117.8500 103.2800 118.1900 118.1500 118.4600 118.4000 118.6700 118.9200 118.9200 119.1500 119.4500 119.6500 119.8300 120.1000 120.2800 120.5100 120.7600 120.9300 121.1300 121.3600
113.7100 112.0647 110.3064 109.5047 106.5973 101.7773 98.5974 100.2730 117.6793 109.4426 118.8982 118.6934 118.1462 118.0600 118.0327 118.3309 116.2002 117.7939 117.7094 117.8259 117.9982 118.6553 118.3898 117.7647 118.0988 118.2006 118.3680 118.5477 118.7422 118.9590 119.1742 119.4001 119.6286 119.8663 120.1085 120.3493 120.5984 120.8381 121.0832 121.3400
110.4800 112.6873 109.0692 108.8066 111.8564 108.7364 112.1597 96.7876 99.6491 116.0845 118.2165 117.7367 117.7907 117.6021 117.5378 114.0190 109.4257 117.6069 117.1153 117.1120 117.0601 115.2023 116.0077 117.4690 117.5924 117.7576 117.9386 118.1410 118.3504 118.5830 118.8151 119.0649 119.3084 119.5639 119.8191 120.0758 120.3402 120.5767 120.8425 121.0000
98.2100 109.0748 110.6460 109.2021 102.6164 104.0741 98.2694 98.1328 103.0068 115.1794 120.9490 117.5138 117.2793 117.1308 116.9163 116.9429 117.8346 117.1300 116.6063 116.6339 116.6745 116.9264 116.8958 116.9061 117.1231 117.2873 117.4961 117.7134 117.9498 118.1939 118.4585 118.7142 118.9899 119.2593 119.5379 119.8115 120.0890 120.3808 120.6343 120.9600
108.1500 106.5764 109.5122 105.2030 97.2681 100.1690 97.8786 100.0328 105.2229 101.2560 117.1586 116.9019 116.7983 116.6003 116.4319 116.2411 115.9393 115.9265 116.0278 116.0414 116.0358 116.1064 116.2558 116.4220 116.5935 116.7978 117.0252 117.2687 117.5324 117.8043 118.0860 118.3736 118.6619 118.9569 119.2474 119.5417 119.8169 120.1708 119.7897 120.5800
122.6400 109.4370 106.7223 107.3947 109.5951 96.7390 102.5368 102.5759 98.3410 115.2372 117.5534 116.2417 116.2941 116.0676 115.8569 115.6928 115.5972 115.5024 115.4268 115.4226 115.4800 115.5717 115.6935 115.8571 116.0578 116.2900 116.5441 116.8136 117.1030 117.4009 117.7056 118.0221 118.3316 118.6398 118.9583 119.2711 119.5786 119.9006 120.1428 120.2700
104.1500 109.6341 110.8434 110.0237 107.7503 98.8635 107.4481 104.2000 106.5613 118.6148 116.5628 116.0956 115.7442 115.5007 115.2676 115.0676 114.9147 114.8115 114.7608 114.7588 114.8118 114.9186 115.0655 115.2660 115.4907 115.7483 116.0412 116.3395 116.6584 116.9829 117.3197 117.6593 117.9999 118.3325 118.6679 118.9999 119.3349 119.6576 119.9659 120.1900
113.4400 103.2533 104.2972 113.4122 115.1337 101.2020 105.8312 103.4346 109.4281 122.6237 114.9970 115.6835 115.2021 114.8926 114.6340 114.4056 114.2358 114.1134 114.0491 114.0476 114.1072 114.2328 114.4036 114.6224 114.8888 115.1891 115.5058 115.8255 116.2050 116.5674 116.9297 117.3008 117.6678 118.0291 118.3876 118.7410 119.0816 119.4341 119.7759 119.8700
109.1400 108.9307 105.3992 102.4560 105.9803 95.4043 107.9933 109.4769 116.3272 114.8710 115.5436 114.8984 114.6106 114.2637 113.9652 113.6908 113.4811 113.3431 113.2640 113.2637 113.3422 113.4736 113.6721 113.9582 114.2641 114.5913 114.9753 115.5776 115.8777 116.0891 116.5437 116.9404 117.3371 117.7239 118.1042 118.4896 118.8474 119.1855 119.3033 119.8100
118.6700 102.9318 106.6542 104.1858 97.2361 108.6443 106.3501 108.5203 116.5760 115.2930 114.8215 114.4158 113.9863 113.5846 113.1919 112.9088 112.6879 112.5011 112.4089 112.4039 112.4917 112.7189 112.9866 113.2042 113.5854 114.0238 114.2421 112.2199 114.8381 115.5458 116.1775 116.5834 117.0098 117.4308 117.8338 118.2277 118.6417 118.9505 120.3003 119.7200
108.9600 112.0379 105.4074 97.6541 97.5952 104.7867 110.6666 110.9190 115.5606 114.6707 114.3062 113.8031 113.3682 112.7106 112.5013 112.1055 111.7208 111.6086 111.4600 111.4584 111.5890 111.6018 111.8305 112.4337 112.8471 113.3092 112.8383 115.7060 110.8511 115.4771 115.7531 116.2403 116.6935 117.1407 117.5733 118.0361 118.3971 119.6159 109.9083 103.4400
96.3900 105.3581 107.2780 105.0680 101.6644 108.1625 102.7730 114.7572 114.8255 114.3765 113.7606 113.6370 113.2825 112.0664 109.8910 106.4463 110.7866 110.5824 110.3892 110.4162 111.5725 117.4199 110.9310 111.6228 112.1159 112.9085 111.4510 116.2409 114.1159 114.9011 115.1830 115.8040 116.4054 116.8589 117.3267 117.5094 118.0893 119.0024 106.3442 119.2600
107.8700 109.0490 102.1281 97.7667 108.5180 111.1998 113.3363 115.6368 114.3585 113.8587 113.2580 110.7568 110.7170 111.4102 111.2710 110.8384 109.8170 109.4041 109.1697 109.1659 108.6327 109.6366 110.1330 110.7225 111.3343 111.9094 112.7222 113.1297 113.6793 114.4370 115.6066 115.4703 115.9027 116.6252 117.1866 117.1901 117.5544 120.1048 103.0454 119.2600
107.8700 102.2330 97.8019 100.2080 113.7791 111.8832 111.3404 114.7236 114.0605 113.3917 112.7659 112.7646 111.0515 110.4455 109.8007 108.9311 108.4388 108.0627 107.7631 107.8189 108.1572 108.4739 109.0789 109.7473 110.4970 111.2520 111.9789 112.7065 113.4327 113.8553 114.0138 107.7798 116.0974 116.4038 116.5547 118.5336 117.7450 120.0166 108.8723 109.6200
100.5600 95.6846 96.5650 104.8499 98.9342 112.5047 116.2140 114.6585 113.6481 112.9695 112.1945 111.2498 110.6309 109.6683 108.7806 107.9010 107.0857 106.4208 106.0727 106.0606 106.3978 107.0587 107.8693 108.7522 109.6480 110.5370 111.3846 112.1923 112.9619 113.5875 114.1773 114.3224 115.5134 116.2364 118.5912 105.4937 116.0143 112.6020 102.4073 117.8800
109.8500 95.2993 108.7054 107.9637 116.1723 118.0276 113.3310 114.4080 113.3339 112.5686 111.7378 110.8428 109.8588 108.8265 107.7142 106.5781 105.4730 104.5496 103.9852 103.9824 104.5343 105.4587 106.5566 107.6950 108.7999 109.8433 110.8129 111.7244 112.5515 113.3091 114.1245 114.7078 115.3279 115.9592 116.7296 115.3194 117.2169 111.0252 117.8602 118.7800
117.8100 115.0174 111.1356 99.8242 119.5172 103.1338 115.6397 113.6964 113.0596 112.2322 111.3273 110.3297 109.2303 108.0091 106.6679 105.1972 103.6550 102.2008 101.2428 101.2298 102.1583 103.6283 105.1646 106.6375 107.9829 109.2048 110.3086 111.3001 112.2155 113.0384 113.8121 114.5379 115.2158 115.2322 116.4330 116.8692 117.6339 118.1527 118.3632 118.7500
95.7700 113.4927 104.3599 117.3266 115.9757 115.8691 114.8331 113.6197 112.8307 111.9589 110.9895 109.9102 108.6875 107.2982 105.6883 103.8176 101.6148 99.2920 97.1902 97.2038 99.2077 101.5570 103.7758 105.6514 107.2686 108.6635 109.8880 110.9630 111.9289 113.0590 113.6134 113.9777 115.4042 105.8282 116.8628 116.7731 117.5249 117.8268 118.3115 118.7200
112.1600 114.2584 123.7435 123.5433 112.3001 114.6326 114.1935 113.5269 112.6683 111.7662 110.7482 109.6031 108.2837 106.7497 104.9041 102.6149 99.6113 95.2846 90.6133 90.6022 95.1697 99.5408 102.5583 104.8649 106.7166 108.2580 109.5725 110.7633 111.8069 113.4164 113.4375 114.7887 116.5749 102.5739 117.1515 117.9913 113.6988 117.8026 118.1977 118.7000
112.1000 101.9832 101.3043 106.4189 109.7072 114.6968 114.3422 113.4411 112.5906 111.6591 110.6226 109.4342 108.0766 106.4503 104.4514 101.8757 98.2521 91.2760 85.7776 85.6839 91.2606 98.1607 101.8058 104.4073 106.4093 108.0419 109.4146 110.6137 111.5419 112.5451 113.3317 120.8952 109.2579 101.0044 116.6338 120.0060 102.8468 117.9265 118.0917 118.3800
98.7100 102.7742 126.1507 109.5902 114.7743 114.4631 114.1705 113.4401 112.5932 111.6617 110.6177 109.4364 108.0709 106.4426 104.4466 101.8500 98.2147 91.5174 85.5670 85.3990 91.1144 98.1484 101.7912 104.4033 106.4084 108.0413 109.4106 110.5971 111.6658 112.6132 113.2387 116.5880 113.8609 106.7097 116.5560 119.3598 110.0170 117.6465 118.0853 118.6800
99.9000 107.6324 125.2095 118.7988 119.1937 115.2079 114.4479 113.5091 112.6696 111.7588 110.7425 109.5923 108.2770 106.7335 104.8891 102.5816 99.5437 95.2901 90.4154 90.2213 94.9475 99.4916 102.5197 104.8460 106.6961 108.2510 109.5712 110.7171 111.7365 112.6464 113.4958 114.0076 114.9720 117.2364 116.9646 116.9346 117.9090 118.0347 118.2148 118.6900
99.9400 107.9875 107.1611 116.1396 104.8386 112.1990 114.7728 113.6062 112.8215 111.9496 110.9797 109.8921 108.6684 107.2810 105.6039 103.6795 101.5186 99.2743 96.9033 96.9603 99.0827 101.4914 103.7311 105.6232 107.2444 108.6491 109.8709 110.9544 111.9350 112.8154 113.6106 114.4778 115.1823 114.0653 118.1636 111.7679 116.9755 117.6335 118.2847 118.7000
113.5500 104.2114 120.3993 116.1772 113.2013 112.6804 114.4820 113.8524 113.0515 112.2206 111.3088 110.3141 109.2190 107.9285 106.5541 105.5629 103.5933 102.1053 101.1044 101.0875 102.0650 103.5519 105.1151 106.6065 107.9635 109.1866 110.2904 111.2956 112.2029 113.0170 113.7408 114.7843 115.0640 117.0719 126.8942 110.6033 119.1193 118.5144 118.3794 118.7200
103.0500 98.0563 95.0925 110.4889 115.3520 115.5399 114.6852 114.0698 113.3382 112.5607 111.7242 110.8183 109.8332 109.1621 104.0885 105.4796 105.4301 104.4668 103.8766 103.8665 104.4339 105.3878 106.5072 107.6579 108.7666 109.8280 110.8025 111.7072 112.5480 113.3692 113.9489 114.6518 121.2030 109.6636 106.7603 105.7113 104.6102 114.2142 118.3815 118.7500
113.8100 115.7513 116.8041 116.9374 116.0838 115.4304 115.1400 114.3550 113.6676 112.9568 112.1916 111.3811 110.5245 109.6419 108.7118 108.9593 106.9993 106.3584 105.9912 105.9785 106.3528 106.9993 107.8183 108.7140 109.6270 110.4993 111.3990 112.1746 112.9249 113.8421 112.5944 113.1115 108.9947 116.4818 116.1725 117.2365 117.8079 118.0082 118.5041 118.7900
114.2700 117.8895 117.0779 116.8604 117.6004 107.0033 116.3538 114.5031 114.0393 113.3843 112.6921 111.9800 111.2332 110.4556 109.7570 108.9850 108.4385 107.9394 107.6896 107.6854 107.9413 108.4041 109.0288 109.7258 110.4835 111.2357 111.5399 112.9165 113.3525 113.9823 117.2195 113.2273 104.0854 106.3879 115.7697 117.4913 117.5307 118.0851 118.6198 118.8300
118.3000 118.0916 117.5597 113.0518 115.0012 112.0061 115.6169 115.0891 114.4156 113.8370 113.2267 112.5887 111.9470 111.2959 110.6215 110.1377 109.6510 109.3444 109.1310 109.1133 109.2998 109.6472 110.1238 110.6837 111.2948 112.2546 108.6597 114.4417 113.6558 114.1090 115.9918 100.7690 110.0705 101.1541 102.8942 114.4843 118.6562 119.0330 119.0376 119.1600
118.3600 112.6426 116.4945 107.3379 118.0418 117.2052 115.8114 115.3898 114.8819 114.2283 113.6857 113.2064 112.6380 112.1921 111.8169 111.2183 110.8043 110.3509 110.2783 110.3348 110.4827 110.7483 111.1263 111.5850 112.0925 112.6640 113.1797 113.9015 114.0803 115.4343 110.5123 113.9299 117.2923 105.3278 110.5619 106.0364 116.0651 114.6810 117.9429 119.2200
117.1400 97.5944 120.4160 117.2990 116.8710 116.5798 116.2254 115.7739 115.2444 115.7640 114.7420 113.7509 113.3447 112.8452 111.9465 110.3144 111.4326 112.2005 111.4856 111.4035 111.5138 111.7433 112.0437 112.4177 112.8490 113.2764 113.8850 113.0265 116.4996 115.4597 113.4321 117.0899 115.3626 109.3159 102.2643 111.3274 107.4768 109.0303 112.1941 109.1100
117.1400 107.1746 120.7094 119.5935 117.4269 117.0458 116.5797 116.1483 115.7374 107.6071 114.8537 114.2886 114.0136 113.7283 113.4219 113.1456 108.5152 106.6456 112.6027 112.4247 112.4751 112.6018 112.8663 113.1996 113.5463 113.9618 114.3392 115.6574 125.6396 114.8214 103.8843 108.1438 111.0663 115.7740 111.8445 117.8525 112.2861 110.5921 108.3991 109.1100
119.2300 105.6268 116.0131 114.0800 117.6820 117.4067 116.9302 116.5656 116.1924 115.8555 115.2439 114.5396 114.5938 114.0703 111.3815 106.4892 113.9354 113.2892 113.0826 113.1648 113.2457 113.6432 113.7469 113.9380 114.2264 114.5289 114.7128 116.6054 115.8386 103.4954 101.3759 115.6528 101.9789 115.7209 118.9088 118.9553 119.7587 117.7791 118.4886 109.7400
119.3100 110.5983 117.6277 117.5732 118.1110 117.6706 117.2894 116.9359 116.5021 116.0654 115.7678 117.2842 114.7861 114.6735 115.8107 113.9969 115.5780 113.3564 114.1361 114.3524 114.0079 113.4763 113.6133 114.3786 115.0277 115.0891 117.0368 104.5832 114.7410 98.5568 106.4937 111.7115 116.2455 118.2311 118.1223 118.3625 118.9235 122.5506 130.0960 120.0500
97.6500 120.9621 119.1956 118.5766 118.2483 118.0213 117.6493 117.3023 117.0175 116.5766 117.8907 121.0676 115.6618 115.4924 114.8825 116.5510 106.2582 102.4084 115.2372 115.5306 107.8785 116.6906 125.8022 115.2892 115.3964 115.9682 108.4370 98.1031 106.8365 113.0494 115.8702 100.9909 117.5611 118.1579 118.5823 121.0794 120.9679 121.8123 111.9347 120.1000
119.7400 120.1159 119.1317 119.0098 118.6572 118.3025 118.0310 117.7089 117.3897 116.9146 116.7954 116.1457 116.2494 116.0460 115.8827 115.8054 104.8467 119.3306 115.2880 115.6740 113.1874 110.8122 104.2723 114.8568 116.0330 116.0948 112.7998 104.6651 120.3328 109.8747 114.0069 101.6027 116.0479 118.6558 118.8558 117.6346 110.1607 119.5993 107.2331 120.4400
120.0700 119.8437 119.8912 119.4952 118.8053 118.5868 118.6389 117.9980 117.8137 117.5373 117.3233 117.0849 116.7439 116.5937 116.2764 116.4468 117.0144 115.8042 115.9235 108.6937 95.9954 107.9213 113.7817 117.5580 116.5907 116.5974 118.8186 117.3980 117.3456 117.7301 119.6487 116.9083 109.2997 119.8933 118.9366 120.1584 119.8115 117.2952 102.3323 103.7700
120.1600 116.8072 121.9233 115.6271 119.2502 118.8275 122.3939 118.3498 118.1778 118.0396 117.2726 116.9983 117.3290 116.7856 117.4265 116.6792 116.7614 116.9022 116.1999 111.2539 100.1226 92.2535 112.6410 116.3835 117.0830 117.3275 117.2327 117.6620 118.0025 118.1019 97.6271 114.7750 112.6637 118.5650 119.5261 119.8289 119.5643 111.0309 108.6082 118.8900
120.4900 105.9663 120.0190 114.1124 120.9620 119.2327 119.1318 118.6957 118.1603 118.3016 119.6543 117.2084 117.4065 117.4763 115.8240 110.5406 116.8964 117.1262 118.0133 111.8314 101.0481 113.0904 116.9408 117.2456 117.5972 117.7170 117.9651 118.1205 118.3204 118.2384 120.4667 102.2623 117.8895 119.6243 119.8018 120.0786 120.3321 121.2030 121.4373 120.9000
120.8700 120.5763 120.9314 117.5397 120.7920 119.8137 120.0819 118.6606 119.3094 119.5997 114.5151 111.3699 118.4371 117.7659 118.8603 121.3295 118.6842 116.8940 112.9319 111.0056 98.0820 109.9009 118.4395 117.6644 118.0630 118.1914 118.3539 118.5348 118.8802 115.8625 114.4810 108.8243 119.4116 119.5314 120.0777 120.3388 120.7390 120.3756 120.8080 121.1900
120.8700 120.6600 114.8800 110.5100 120.0100 119.8000 106.4700 106.4700 119.1000 119.1400 107.2300 118.6800 118.4200 118.4200 118.1200 96.2100 96.2100 99.5600 105.7200 105.7400 99.2600 97.5900 118.1800 118.1400 118.4400 118.3800 118.6300 118.8700 118.8700 119.1000 105.0500 106.9500 119.8200 119.9800 120.2300 120.4400 120.6300 121.1100 121.2700 121.2700
