117.4500 114.3900 115.2500 113.1400 112.6000 112.6000 112.9600 120.2000 109.6100 109.6100 116.5200 121.4300 121.4700 121.2500 121.2800 121.3100 121.0600 121.0900 121.1000 121.1100 121.1100 121.1000 121.0800 121.0600 121.3100 121.2900 121.2500 121.4800 121.4400 121.6400 121.8200 121.7700 122.0000 122.1600 122.3200 122.3200 122.6700 122.6700 122.8000 122.8000
125.7200 113.9314 115.3203 113.5119 109.6425 114.7553 117.4085 102.2344 96.3129 116.8803 120.8171 121.6116 121.2099 121.1259 121.0961 119.8879 121.2177 120.8106 120.8578 120.8639 120.8745 119.1045 121.2246 120.6960 121.0069 121.0295 121.3119 121.1159 121.3189 121.4114 121.5250 121.6527 121.7797 121.9123 122.0587 122.2118 122.3622 122.5059 122.6661 122.7200
125.7200 113.1131 113.7468 113.5546 106.2724 129.7823 122.8630 116.3876 102.8895 110.4354 120.7862 121.0294 120.8954 120.8009 120.8116 118.1557 120.0655 120.5049 120.5200 120.5184 120.4479 120.1942 119.7508 120.6076 120.6363 120.6832 122.1533 120.8188 121.0021 121.1053 121.2221 121.3612 121.5014 121.6419 121.7940 121.9605 122.1776 122.2844 122.5470 122.6900
113.7200 114.9255 116.7323 111.9010 108.8386 101.9140 107.3227 105.2235 105.2505 107.2054 116.8126 120.8699 120.5496 120.4448 120.3523 120.4693 120.4796 120.1605 120.1541 120.1453 120.1347 120.0609 120.1976 120.2145 120.2907 120.3372 120.3187 120.5530 120.6757 120.7901 120.9230 121.0646 121.2137 121.3706 121.5279 121.6836 121.8701 121.6414 122.1611 122.4400
114.8700 102.0350 113.2390 103.7161 110.7383 107.4120 98.3223 107.6217 109.7933 102.8102 118.3059 120.5579 120.2105 120.1264 120.0030 119.9199 119.7924 119.7994 119.7773 119.7525 119.7397 119.7595 119.8023 119.8546 119.9202 120.0043 120.1363 120.2109 120.3242 120.4684 120.6034 120.7597 120.9184 121.0877 121.2534 121.4343 121.5801 122.0758 126.5403 122.1000
112.7900 110.5657 111.1405 109.2363 110.4093 104.0162 102.2476 109.7617 97.9722 121.9865 120.4183 119.6062 119.8562 119.6128 119.6640 119.4276 119.5257 119.3985 119.3781 119.3602 119.3680 119.3844 119.4197 119.4674 119.5416 119.6341 119.6880 119.8564 120.0359 120.1197 120.2834 120.4456 120.6153 120.7960 120.9793 121.1618 121.4744 121.2824 122.5791 121.8400
112.7900 111.8876 112.3701 126.6830 106.8465 109.9194 104.1765 104.2896 107.3788 105.0185 114.4178 120.3368 119.4967 119.2139 118.7434 118.6971 118.9393 119.0826 118.9608 118.9453 118.9415 118.9631 119.0018 119.0668 119.1646 119.1997 119.7414 119.4932 119.4302 119.7988 119.9481 120.1240 120.3054 120.4948 120.7026 120.8909 121.1063 121.3641 121.5847 121.5100
102.7600 113.8236 121.1902 97.2074 108.4349 122.2695 108.8977 122.1251 109.1013 126.6269 118.5785 119.4178 119.1148 118.7862 118.1574 102.9793 118.7628 118.3904 118.5308 118.5089 118.5074 118.5346 118.5727 118.6321 118.7823 119.3404 114.6780 119.2926 119.6661 119.4308 119.6003 119.7930 119.9895 120.1939 120.4185 120.6030 120.9328 121.0615 120.5265 121.4700
111.4700 114.4745 115.7142 111.5556 125.0173 110.5873 109.8259 109.1354 118.1273 119.8561 118.6837 118.9114 118.7821 119.1884 118.8701 101.3334 118.0450 117.6757 118.1008 118.0533 118.0442 118.0670 118.1185 118.2123 118.1836 119.1239 108.7779 110.4837 119.4713 119.0635 119.2411 119.4584 119.7242 119.9311 119.8801 121.1287 120.3294 120.3758 119.9154 115.1900
111.4700 98.6842 98.9223 116.9962 104.8114 106.0147 110.3791 115.9351 120.2314 118.5671 118.7116 118.9582 118.2436 108.2856 117.7361 119.0791 118.0621 117.6024 117.5640 117.5632 117.5869 117.6154 117.6500 117.7299 117.9000 115.6127 109.0367 108.9434 118.6324 118.6732 118.8911 119.1085 119.2265 119.2688 123.1727 118.2697 110.9973 106.0858 115.0176 121.1000
105.0900 117.4251 103.1312 97.5369 99.1302 108.6039 112.0296 116.4043 118.4979 118.5887 118.9382 114.5012 119.0460 122.6276 117.5826 102.9958 116.6906 116.9459 117.2408 117.0454 116.9405 116.9749 117.1521 117.2463 117.3048 117.2273 117.0565 114.1746 118.1270 118.1405 118.5628 118.7023 119.0295 119.3034 111.0990 113.8009 106.7242 116.1317 106.2119 120.8200
105.5800 99.6434 103.7066 98.7268 98.6488 109.4638 116.1054 119.6376 118.2544 118.0974 117.8117 106.1734 117.9401 117.2012 114.5204 99.4077 116.8032 116.5267 115.0170 116.5365 117.9381 116.3796 116.6336 116.7245 116.8065 117.0399 116.4619 117.2334 117.0808 118.4818 117.7284 118.3149 118.8669 118.5364 110.0329 104.0530 115.6128 122.9503 117.0951 120.4400
105.5800 107.0090 98.9286 104.7373 103.7972 116.2279 111.8702 115.8271 117.9640 117.7459 117.3916 120.7941 117.0652 116.6751 117.2408 104.1232 115.5151 115.7693 115.9028 115.9383 115.9288 115.9640 116.0466 116.1686 116.2999 116.4793 116.6384 116.9490 108.9872 117.3762 118.0440 118.7960 109.6689 117.7021 117.0577 114.8827 118.3082 118.7769 120.4613 120.4100
118.6000 100.3217 98.9910 103.6183 105.6260 110.7305 118.4450 117.6396 117.6669 117.3230 116.6051 116.4239 117.2226 116.0225 115.6389 116.1766 116.1661 115.3226 115.3421 115.3019 115.3089 115.3441 115.4406 115.5797 115.7503 115.9362 116.1963 116.8818 115.5155 116.8003 98.3406 117.4677 116.5923 117.0602 120.4280 117.6826 119.2579 121.2816 109.9780 120.0100
97.6700 97.3961 100.0951 105.7647 102.4005 120.0688 112.1607 117.8584 117.1931 116.9093 116.5697 116.2660 115.8308 115.6822 115.4363 115.0550 114.7909 114.7325 114.6825 114.6347 114.6222 114.6841 114.7996 114.9441 115.1297 115.5250 115.6474 114.4342 116.5367 119.0058 115.1951 117.2046 117.6560 118.2946 118.6072 118.6540 118.9021 119.3476 117.6089 119.6800
99.7000 97.3550 98.4653 107.4223 105.2932 118.3832 117.9093 117.1856 116.8836 116.4753 116.1155 115.7580 115.3957 114.9492 114.7587 114.5008 114.2981 114.0930 113.9568 113.8962 113.8967 113.9626 114.0942 114.4172 112.0929 114.6641 114.9911 115.4507 115.6880 116.2581 116.4664 116.9893 117.1615 117.6129 117.9706 118.3395 118.7152 119.0455 119.4345 119.5900
103.5800 102.7080 99.9275 96.6596 116.7795 106.6730 118.2921 116.8389 116.4553 116.0580 115.6476 115.2264 114.9132 114.8016 113.9650 113.7856 113.5405 113.3252 113.1815 113.1021 113.1061 113.1820 113.3377 113.6931 113.2321 114.4772 114.4891 114.8523 115.2430 115.7299 116.0351 116.4755 116.8789 117.2772 117.6711 118.0701 118.4460 118.8117 119.1663 119.5100
104.8300 103.7023 129.0038 111.6771 102.0844 117.4747 116.6205 116.5928 116.0223 115.6202 115.1897 114.7539 114.3655 109.0128 113.5223 113.0759 112.7195 112.5128 112.3221 112.2281 112.2292 112.3212 112.5126 112.7372 113.1744 113.4105 113.8589 114.3629 114.7567 114.9163 115.6491 116.0832 116.5278 116.9534 117.3820 117.7879 118.1868 118.5774 118.9678 119.1700
109.8100 100.3579 111.1355 121.2469 119.0921 117.6647 116.5188 116.1185 116.0655 115.7352 114.5173 114.1918 113.6245 113.4508 112.8563 111.3218 111.9805 111.5931 111.3771 111.2548 111.2576 111.3774 111.6005 111.9198 112.2789 112.7428 113.2031 113.7054 113.5262 113.1724 115.4175 115.6777 116.1926 116.6999 117.0835 117.5711 117.9799 118.3960 118.7510 119.1000
113.6500 97.0835 111.3267 117.9365 117.2919 116.7027 116.3586 115.6999 114.5986 111.4201 114.3996 113.6710 113.0576 112.4835 111.0827 109.5378 109.5336 110.9006 110.2970 110.1605 110.1672 110.3116 110.6028 110.9841 111.4501 111.9809 112.5340 113.0986 113.8766 114.1785 114.7536 115.3216 115.8212 116.1539 116.5095 117.0350 117.6534 117.9891 118.7177 119.0300
112.2900 113.2381 94.4775 117.9662 115.3280 117.1284 116.0720 115.4005 112.8086 107.5962 113.9839 113.1267 112.4749 111.8102 111.2490 110.9382 106.9126 109.7883 109.0998 108.9066 108.9143 109.1097 109.4755 109.9714 110.5464 111.1868 111.8347 112.4921 113.0961 113.7621 114.3597 114.9594 115.4709 117.9007 118.1262 117.8796 118.1932 118.6735 115.9877 118.6100
105.1200 97.7004 95.0426 103.0491 119.5526 112.3832 116.1778 115.1385 115.7115 115.1276 113.1203 112.6176 111.8571 111.0977 110.3055 109.5092 109.1488 108.1860 107.6933 107.4463 107.4492 107.7235 108.2206 108.8614 109.5884 110.3560 111.1177 111.8827 112.6139 113.3260 114.0844 114.5139 115.3838 104.9709 106.5003 112.3791 112.9886 112.2526 115.4159 118.5600
115.5000 110.2098 113.8563 109.2597 116.1315 111.0954 116.4470 114.8600 114.0334 113.3552 112.8536 112.0827 111.2751 110.3989 109.4737 108.4995 107.6095 106.7604 106.0845 105.6934 105.7015 106.0972 106.7843 107.6302 108.5693 109.5060 110.4207 111.2916 112.1007 112.8856 113.2889 115.0237 117.3725 111.1372 104.5982 106.2297 105.8884 106.5282 116.1445 118.5100
111.0000 103.1924 101.6195 120.3164 116.5713 115.1067 115.6382 114.6863 114.0200 113.2922 112.4781 111.6314 110.6987 109.7228 108.7127 107.4801 106.2888 105.1085 104.0963 103.4995 103.5024 104.1273 105.1427 106.3166 107.5063 108.6614 109.7381 110.7345 111.6687 112.2084 117.4194 112.3752 104.5837 101.9941 104.3592 109.7623 116.2133 116.4207 116.5440 118.1600
116.1000 110.6452 110.5836 110.6123 116.1897 116.1204 115.1659 114.4908 113.7588 112.9879 112.1519 111.2347 110.1867 109.1444 106.3074 106.5427 104.8699 103.2304 101.6348 100.5814 100.5981 101.6782 103.2776 104.9217 106.4745 107.8630 109.1215 110.2386 111.2586 112.2890 111.8351 117.4590 110.3760 104.8708 100.2229 115.6874 116.6579 117.5660 118.0374 118.1200
96.0900 115.5440 110.9526 96.8953 112.8308 113.3795 114.9128 114.3592 113.5829 112.7739 111.8945 110.9039 109.8270 108.6449 106.8968 105.4814 103.5190 101.1464 98.5389 96.0937 96.0492 98.6219 101.2200 103.5609 105.5235 107.1791 108.5977 109.8402 110.9323 111.9120 112.9808 113.7743 116.2309 109.1627 110.4319 114.1374 116.5041 117.3759 117.8327 118.0900
118.0700 117.5288 109.5433 113.4083 114.4750 113.8692 114.7398 114.2608 113.4681 112.6353 111.7133 110.6803 109.5414 108.6351 101.4029 105.3135 102.2576 99.1853 94.2825 89.3203 89.3657 94.5422 99.2785 102.4284 104.7897 106.6747 108.2303 109.5576 110.7218 111.7468 112.7420 112.9095 113.9212 114.7598 115.5302 116.3460 116.7628 117.2736 117.7754 118.0700
118.0600 117.5491 117.7380 117.0080 115.7687 115.6887 114.7845 114.1821 113.3726 112.5023 111.6099 110.5899 109.3989 108.0085 106.8467 104.6283 101.7240 97.9826 90.7263 85.1270 85.0820 91.0161 98.1161 101.8117 104.4232 106.4297 108.0620 109.4317 110.5810 111.5290 110.8111 113.1733 115.1230 115.5014 115.3964 116.1114 116.7350 117.2710 117.7668 118.0600
118.0500 118.1489 116.9955 116.5934 116.1721 115.4948 114.9024 114.1884 113.3847 113.0829 111.6492 110.6246 109.4301 108.0128 106.3170 104.4213 101.8666 98.2997 91.6905 86.0187 85.9338 91.8114 98.4139 101.9507 104.5033 106.4848 108.0914 109.4803 110.4929 112.6514 109.0331 109.5278 109.9479 108.3388 116.2445 116.1751 116.7104 117.2215 117.7634 118.0600
118.0600 116.0192 117.4579 117.1231 116.1817 115.6132 114.9458 114.2229 113.6879 108.3308 111.9004 110.7853 109.6096 108.3147 106.8089 104.9759 102.7212 99.8457 96.0180 91.5492 91.5781 96.0658 99.9249 102.7999 105.0204 106.8349 108.3274 109.4698 110.9800 114.0498 111.5858 95.0316 104.6196 116.6185 110.5231 116.0120 116.8189 117.5936 117.8776 118.0600
96.0700 114.3405 113.4570 115.6397 116.2794 115.6963 115.0606 114.2378 113.3421 110.9143 111.9323 111.0091 109.9474 108.7352 107.3669 105.7951 103.9891 101.9343 99.6950 97.9983 98.0032 99.7678 101.9586 104.0263 105.8441 107.4166 108.7960 109.3411 114.6041 107.7198 114.8173 106.0971 106.7316 128.9096 109.2467 115.5788 116.6175 115.9448 117.5362 118.0700
96.1200 108.9831 115.1471 116.7648 116.3708 115.8144 115.1978 114.5002 114.3293 113.5835 112.3481 111.3396 110.3195 109.3161 108.1116 106.7993 105.3890 103.9109 102.5695 101.7038 101.6825 102.9059 103.9497 105.4448 106.8374 108.1447 109.3357 110.1489 113.6803 109.6384 102.3427 115.6239 115.7125 113.7184 115.2365 116.8418 116.0132 123.6462 119.8384 113.2100
118.4700 117.4403 117.9505 117.0924 116.5370 115.9801 115.3857 114.7695 114.0035 113.2147 112.4516 108.8433 111.0729 109.9461 108.9271 107.8585 106.7744 105.7305 104.8317 104.3071 104.5406 100.4549 107.1924 106.8025 107.8918 108.9625 109.9690 111.0335 111.5243 112.8568 99.5626 114.7184 114.5597 115.4768 115.9769 116.5522 116.0625 126.6938 114.1958 109.0100
118.5100 118.2788 117.6587 117.1902 116.7045 116.1770 115.6132 115.0156 114.3981 113.6659 113.5518 112.1757 111.4189 110.6871 109.7825 108.9115 108.0435 107.2735 106.7573 106.3459 106.5636 108.4984 110.8501 108.0983 108.9187 109.8118 110.6743 111.4939 112.2424 113.1111 111.9098 114.5147 115.0966 115.6248 116.2282 116.4140 116.0738 113.7542 112.4371 108.7200
118.5600 118.2627 117.8481 117.3915 116.9020 116.3957 115.8624 115.2986 114.7622 114.0118 112.3630 106.7671 112.6369 111.3295 110.6327 109.9221 109.2432 108.7276 107.9466 106.7413 101.6588 110.7775 105.5792 110.1360 109.9444 110.6522 111.3821 112.0972 112.8185 113.4559 114.1636 114.6680 115.3280 115.8774 116.4128 116.9019 117.2934 119.0349 107.9732 118.5600
118.6200 118.4491 118.0314 117.5669 117.1158 116.6401 116.1401 115.6208 115.0757 114.4294 114.3362 113.3694 112.6428 112.0910 111.4548 110.8651 110.3307 109.9221 109.8226 103.9830 90.5178 110.2025 100.9229 110.5395 110.8509 111.4783 112.0842 112.7133 113.3256 113.9486 114.3316 114.8095 115.5932 116.1606 116.6575 117.1623 117.3974 118.0880 118.4724 118.6100
118.9600 118.6552 118.1407 117.8117 117.3100 117.0482 116.4764 115.9564 115.4322 114.9463 114.3232 113.7139 113.3260 112.7749 112.2327 111.7347 111.3089 110.8855 105.7274 105.4146 93.3120 111.9687 111.5717 111.3856 111.6802 112.2700 112.7729 113.3167 113.8562 114.3127 115.2220 114.0361 116.2135 116.4589 116.9024 117.4965 119.0240 118.3708 118.5765 118.9600
119.0300 118.7664 118.8317 114.7741 118.1029 115.5534 116.7309 116.2456 115.8278 115.3251 115.3215 114.6134 113.7734 113.6052 113.0254 112.5673 112.2449 112.1441 113.0519 110.2743 108.0856 111.8651 111.6780 112.1814 112.6215 112.9886 113.4495 113.9015 114.5299 114.5984 119.7160 116.1966 116.1290 116.7372 117.1977 117.5481 116.8121 117.4180 119.0081 119.0200
119.4400 118.8161 118.6084 109.4121 118.8267 113.3589 117.3589 116.5633 116.2069 115.7627 113.9524 111.9385 115.3937 114.2140 113.6344 113.3590 113.0193 113.8642 100.1799 114.3114 112.9862 112.5509 112.8100 113.0536 113.3418 113.7060 114.0818 114.5120 114.8561 115.8530 116.0714 104.9515 113.4852 117.7219 117.4957 117.8813 118.8951 117.1784 119.2980 119.4300
119.4400 119.1900 118.9000 118.3400 118.0400 117.7400 117.1300 116.7700 116.4300 116.0700 115.7400 95.0600 114.9400 114.1300 114.1300 113.7400 113.7400 113.3200 113.3800 112.6600 113.3900 113.3900 113.2700 113.7700 113.7700 114.1900 114.5400 115.0400 115.4100 115.7600 109.6500 102.2700 106.7500 117.1000 117.7300 118.0400 118.3100 118.9000 119.1700 119.4300
