111.1600 106.9300 101.4100 108.7600 116.9600 105.1900 97.9000 116.3200 115.9500 113.5500 108.0000 114.3400 112.3600 102.2900 113.4900 113.0300 113.0300 112.5600 112.6300 111.8300 112.6300 112.6300 112.4900 113.0500 113.0500 113.5200 113.9200 114.4500 114.7700 115.2400 115.5800 115.9600 116.7100 117.0300 117.3600 117.6800 118.2900 118.5800 118.8700 119.1500
111.1600 108.1540 105.9668 110.3465 113.1773 103.9747 98.9756 98.2492 113.0207 111.8292 111.3436 98.7549 109.3279 110.1831 113.6278 113.7220 111.6037 112.4016 111.7527 111.6232 111.5667 110.2374 110.8570 111.9218 112.7095 113.1244 110.3292 113.9445 114.3352 114.9077 115.3876 115.8602 116.3256 116.7757 117.2147 117.6618 117.9520 119.3422 110.9842 119.0700
111.3600 106.1673 104.8842 104.1502 106.1217 107.1910 96.8769 105.3025 109.5712 115.7118 114.4603 119.9356 115.1060 113.1684 112.5857 108.7599 99.7485 111.1513 110.7519 110.6604 110.4675 106.9535 107.5031 111.2307 111.8148 112.5104 109.2296 113.4072 113.8895 114.4449 114.9556 115.4789 115.9785 116.4586 116.9487 117.3455 117.0701 119.9468 97.9550 119.0700
112.3900 105.6257 103.4679 100.5411 101.3437 101.9854 103.9500 103.0331 106.8305 111.6792 113.4844 112.9357 112.7658 112.0420 111.3155 108.0854 110.8288 110.6562 109.6152 109.4640 109.3839 109.7430 110.0613 110.1935 110.9784 111.5879 112.2363 113.0829 113.3024 113.9584 114.5409 115.1112 115.6416 116.1533 116.6416 117.1052 119.4436 103.2781 96.1369 101.9700
111.1600 110.2467 105.1107 107.1244 107.3707 96.8157 101.1654 114.4139 109.6143 112.5964 113.4858 112.9211 112.1542 111.4306 110.6819 110.4220 109.3383 108.5914 108.3417 108.0875 107.9954 108.2465 108.7237 109.3520 110.0236 110.6993 111.3845 112.1235 112.8382 113.4987 114.1362 114.7500 115.3529 115.8404 116.4279 118.2263 96.4107 104.6800 99.3984 118.5900
105.7600 106.3672 103.5352 102.9081 104.8269 98.6933 105.8020 119.4029 112.6093 114.3265 113.0277 112.2847 111.5129 110.6872 109.8178 108.9692 108.1258 107.4279 106.7877 106.4676 106.5053 106.8316 107.3990 108.1600 108.9942 109.8616 110.7184 111.5343 112.3178 113.0632 113.7686 114.4195 114.9757 116.2258 110.6005 117.6371 114.0190 118.0777 116.3633 113.2500
107.5400 106.4157 106.0412 99.7153 101.0788 105.7079 115.4853 94.9298 116.3865 113.3816 112.6353 111.8157 110.9412 109.9928 108.9865 107.9264 106.8558 105.8213 104.9878 104.4872 104.4881 104.9999 105.8535 106.8817 107.9552 109.0130 110.0199 110.9565 111.8412 112.6621 113.4199 114.1274 114.7994 115.5127 115.7966 116.6351 117.0253 117.5451 118.9718 118.1900
104.0700 104.7437 106.4200 105.5301 104.3349 108.8682 113.9019 110.6373 100.1374 111.8136 112.1105 111.3907 110.4095 109.3328 108.1626 106.8648 105.4682 104.0645 102.7309 101.8998 101.9159 102.7604 104.0928 105.5026 106.9045 108.1898 109.3680 110.4373 111.4141 112.3088 113.1196 113.8763 114.5845 115.2361 115.7014 116.2193 119.3727 99.7103 120.5478 118.1500
104.9400 109.8146 96.0615 104.3392 105.2735 113.0032 112.8468 111.7746 114.9561 113.9326 111.9564 111.0194 109.9926 108.7924 107.4131 105.8521 104.0668 102.0320 99.9293 98.3070 98.3486 99.9863 102.0773 104.1134 105.8951 107.4519 108.7985 109.9956 111.0592 112.0167 112.8824 113.6721 114.4102 115.0882 115.6667 116.5003 117.4228 118.2563 117.6667 118.1100
99.8300 100.5218 103.6508 102.8260 103.2366 115.4689 113.9234 115.2433 113.1664 112.6287 111.7663 110.7522 109.5935 108.2445 106.8067 105.0099 102.7831 99.9524 96.1771 92.0338 92.0971 96.3279 100.0376 102.8561 105.0579 106.8605 108.3655 109.6643 110.7944 111.8001 112.7031 113.5301 114.2815 114.9625 115.5993 116.2248 116.7283 117.0694 117.8564 118.0900
103.3700 98.4853 105.0712 103.7947 103.3405 117.0907 113.6453 113.1664 113.0720 112.7112 111.6854 110.6004 109.4661 107.3731 106.4692 104.4824 101.9153 98.3735 91.7401 86.4594 86.5371 91.9834 98.4955 101.9842 104.5194 106.4919 108.1052 109.4695 110.6456 111.6825 112.6103 113.4424 114.2119 114.9109 115.5686 116.1677 116.7605 117.3469 117.6910 118.0700
109.3300 105.3410 105.9982 103.7342 100.9582 117.2163 114.9830 111.8745 113.3638 112.5730 111.6257 110.5878 109.3965 108.0459 106.3836 104.2514 101.6756 98.0112 90.8484 85.3407 85.0025 91.0128 98.1646 101.8005 104.4139 106.4224 108.0452 109.4211 110.6165 111.6583 112.5858 113.4279 114.1954 114.8926 115.5467 116.1516 116.7017 117.0216 117.2894 118.0600
107.8300 104.9576 106.4636 103.9014 106.9767 114.4000 115.0352 114.2433 113.4158 112.6249 111.7090 110.6769 109.5131 108.1717 106.5029 105.3215 102.5493 99.0780 94.1816 89.0636 89.0074 94.1009 99.1846 102.3731 104.7579 106.6387 108.2510 109.6021 110.7106 111.7292 112.6505 113.4788 114.2468 114.9458 115.6029 116.2288 116.7033 117.8048 119.0726 118.0600
106.6600 108.0090 100.7770 102.2678 113.0193 111.2309 109.7229 114.7708 113.5716 112.7524 111.8815 110.8923 109.7826 108.5334 107.7304 99.4135 104.0931 100.8856 98.1694 95.5531 95.6261 98.4163 101.0929 103.4938 105.4715 107.0975 108.6942 109.3955 110.9304 111.9027 112.7899 113.5940 114.3439 114.9833 115.5801 116.1448 116.2929 118.8135 107.6146 105.0200
98.2700 105.6006 108.5707 101.9853 119.8673 113.1431 114.1502 114.8809 113.7006 112.9685 112.1386 111.2032 110.1891 109.0150 107.9231 102.6017 105.1047 102.7270 101.4344 100.3498 100.3570 101.4964 103.1545 104.8433 106.4146 107.8144 108.5665 109.5348 111.2193 112.1688 112.9992 113.7852 114.5425 115.2540 115.5082 116.5153 118.6642 120.0118 115.0686 112.7400
105.8000 105.6444 105.3811 104.9079 107.8870 123.5737 108.8824 115.1760 113.6045 113.2683 112.4611 111.6030 110.6725 109.6481 108.6212 107.2474 106.2896 104.9853 103.9696 103.3140 103.3274 103.9756 105.0304 106.2315 107.4539 108.6024 109.7948 110.6800 111.6208 112.4864 113.2681 114.0135 114.6354 115.7565 112.4550 114.1350 114.3148 106.3643 111.7663 101.8300
107.7800 106.3629 104.3789 104.4285 103.8604 122.3863 109.9367 112.8885 114.0792 113.6297 112.8371 112.0656 111.2291 110.3538 109.4309 108.4575 107.5474 106.6558 105.9563 105.5601 105.5612 105.9640 106.6848 107.5171 108.5143 109.4536 110.3753 111.2518 112.0809 112.8623 113.5870 114.2960 115.0265 115.0052 116.7226 113.7102 105.7297 99.3667 102.2788 102.4800
101.2700 101.4857 103.2603 95.0486 92.7469 106.0100 115.6751 109.9168 114.8246 114.0783 113.3420 112.5522 111.8153 111.0060 110.2769 109.5187 108.7399 108.1153 107.6128 107.3343 107.3366 107.6290 108.1285 108.7884 109.5234 110.2978 111.0887 111.8540 112.5816 113.2945 113.9425 114.3779 117.7186 100.6808 115.1282 114.3994 114.5356 98.2406 102.8780 107.0300
104.1300 110.7249 101.6968 95.0774 100.2105 104.9583 117.2165 116.1492 114.8469 114.0858 113.1954 113.1252 112.7035 111.8901 111.5153 110.8741 109.9059 109.3924 109.0152 108.8189 108.8008 108.9188 109.3700 109.9240 110.4938 111.1296 111.7883 112.4521 113.1040 113.7219 114.4248 114.6285 117.9776 107.9200 95.0035 100.5868 99.7477 116.5784 114.8650 102.9900
97.8700 108.0960 103.3893 103.8634 118.3239 116.6527 116.5703 115.4258 115.3270 114.2019 111.8865 113.3436 112.4430 110.8272 112.6182 110.4747 110.8749 110.5396 110.2298 110.0910 110.0814 110.7950 110.6721 110.7834 111.4030 111.9257 112.4903 113.0535 113.6566 114.2059 114.6903 111.0125 107.1003 98.8533 102.8708 106.1429 102.3284 105.7027 106.4965 106.5100
97.8700 101.8432 119.9137 116.8256 120.0596 118.0283 112.8964 117.4979 113.5883 116.2343 114.8983 115.9602 108.7868 111.2517 112.8783 112.3343 111.9496 111.5426 111.3041 111.2134 111.1574 105.7778 109.0049 111.8775 112.2725 112.6953 113.1701 113.6718 114.0869 114.8776 111.6535 117.8379 96.8231 107.2394 122.3137 112.5274 98.5671 111.0955 104.6929 106.5100
102.5700 99.1417 107.4790 102.7866 104.6168 113.7529 111.3595 117.2093 102.8827 115.9464 115.1343 113.1252 98.7761 117.6132 113.3156 113.1214 112.6080 112.4721 112.2555 112.2360 111.8979 112.0902 111.5442 112.5649 113.0649 113.4102 113.8208 114.2637 114.7103 115.0068 112.5467 104.9171 107.7147 114.2118 106.6870 119.3335 94.5318 107.1963 106.0769 106.8900
105.9100 101.8447 95.3090 94.7664 111.4015 108.2474 119.4688 116.6210 116.3292 117.7307 115.4399 116.2865 118.6073 115.3038 114.0882 113.7270 113.3823 113.2720 113.1181 113.0348 113.0832 113.0426 113.2905 113.3691 113.7846 114.0980 114.4467 114.7480 115.9084 103.7393 101.9727 93.6160 120.8179 114.1285 107.1022 110.9290 109.4729 105.5287 115.3607 119.4600
102.1800 100.9659 94.1235 115.2757 120.2661 111.8150 117.9351 116.7616 116.8019 116.3203 116.2017 115.4136 115.5541 114.9306 114.6817 114.5243 114.6255 114.0199 113.9100 113.8452 113.8377 113.9201 114.0523 114.2725 114.4619 114.7333 115.0395 115.4324 115.6188 110.3866 110.6752 114.3941 117.4168 97.0673 103.4269 104.1079 106.7945 109.7930 121.6999 119.5400
104.7300 113.4970 101.8921 120.8288 121.5320 113.8105 110.4948 118.4095 117.0908 116.9196 116.3050 116.5252 115.7566 115.6470 115.5054 111.5272 114.0585 114.6934 114.6352 114.5796 114.5774 114.6277 114.7375 114.8916 115.1065 115.3492 115.6130 115.9152 116.1140 114.2531 101.3917 113.1099 107.4586 108.2106 112.3661 114.9000 99.8448 106.7343 110.9285 119.8700
97.9600 111.4556 118.9739 122.1956 98.6097 122.1120 116.3032 117.9840 117.5951 117.2494 117.4248 116.2915 116.2495 116.1191 103.6428 112.2506 116.0777 115.3055 115.3010 115.2572 115.2538 115.3026 115.3985 115.5385 115.7030 115.9033 116.1782 116.4031 116.6755 117.8626 115.6381 107.9208 115.3100 98.9099 103.1195 103.9794 119.4048 119.4343 113.6366 119.9100
120.2800 120.5263 114.9252 95.6665 107.2193 119.7894 118.4273 118.2496 117.9904 118.0564 103.6274 101.2118 117.3550 118.0226 110.1161 115.1885 115.9032 116.0203 115.9215 115.8806 115.8790 115.9206 116.0018 116.1202 116.2853 116.5050 116.3648 116.9602 117.0770 117.4385 119.3915 102.6121 106.8967 100.0612 97.0754 108.7222 105.0241 118.3600 120.4265 120.2700
120.3600 121.0351 119.5802 123.4539 123.3976 122.4379 118.7206 118.7185 118.2923 118.1360 102.6240 111.2214 116.4490 116.5882 117.9976 117.4359 116.7238 116.5841 116.5024 116.4637 116.4652 116.4999 116.5746 116.6796 116.8150 116.8233 119.5715 117.4868 117.3775 117.6088 100.3045 105.8242 117.2811 112.2785 99.3743 106.6321 108.7648 115.8396 119.4119 120.3500
117.4000 120.8752 120.2049 119.9138 118.9813 118.9927 119.0828 119.0143 119.0508 119.1677 118.3669 118.6264 117.8801 117.6480 117.2321 116.7990 117.0787 117.1332 117.0351 117.0042 117.0158 117.0490 117.1038 117.2041 117.3195 117.6427 112.5381 118.1026 117.7456 120.7171 101.6954 113.3441 122.9265 111.6713 109.6123 110.7907 114.4783 110.0427 113.6902 120.6600
116.6100 112.8891 120.9951 120.3033 120.2289 119.9442 119.5354 119.3341 119.4543 121.0764 119.3512 118.3088 118.3271 117.6584 117.9508 110.5965 117.8189 118.0170 117.5399 117.5384 117.5485 117.5429 117.5885 117.6890 117.8042 117.6178 119.9709 118.2338 116.3572 110.6667 109.3917 100.0472 99.1238 102.6128 105.5356 113.5564 103.5806 100.6107 110.6217 110.7900
120.6900 121.5934 120.8629 120.6194 120.2986 120.0793 119.8009 119.5685 120.6123 110.7791 118.6688 118.7731 118.6846 117.8450 117.0433 105.7904 112.9808 117.9540 118.1587 117.7969 117.8640 118.0913 118.2010 118.2183 118.3206 118.4475 118.6192 118.9227 120.4341 111.7897 95.6542 101.8535 103.2910 109.1562 110.4081 121.8804 111.0240 105.1348 112.7891 111.2300
104.0200 121.2424 120.3338 120.8291 120.5469 120.3899 120.1861 120.1081 119.7313 120.0294 119.6416 119.1067 119.1436 118.1556 117.0008 107.5435 118.4262 120.2886 117.6833 120.1258 119.6201 118.4520 118.1247 118.4774 118.4572 118.6697 117.6408 116.7459 111.4416 103.8717 105.9260 100.2271 103.3558 102.2069 120.3518 120.9878 121.9293 114.1819 107.8171 111.2600
121.7100 123.2953 120.8722 122.5326 120.7185 120.7431 120.4418 120.0594 124.0022 118.0942 117.3523 116.5102 119.5179 119.0013 119.3411 108.4600 117.7262 121.2093 122.6461 106.1064 110.2234 120.4948 117.5622 123.0855 119.3740 125.6204 126.1043 118.0582 101.4612 100.5155 98.0524 100.2386 112.9035 122.0797 121.9142 120.9599 122.3649 119.0758 108.9661 110.7100
108.9900 122.5557 120.5098 103.2988 123.4574 120.6614 120.8423 120.7880 119.2750 116.7979 117.4497 116.9765 118.6225 119.7263 118.8973 94.3612 100.3911 104.1063 100.8670 122.7108 110.2384 115.6425 118.3755 110.3199 102.8898 109.0117 114.8348 100.4724 99.5369 97.5440 100.2408 122.2382 121.1409 107.3619 120.8478 114.3044 118.2640 129.9429 112.8219 110.8100
108.9900 120.3982 117.4259 119.0869 122.3313 121.1162 121.1743 120.7591 121.0368 120.9001 120.3124 120.8666 120.1554 120.4714 98.1398 109.0646 102.3294 123.8985 97.6781 100.4128 101.2152 124.2030 107.7892 109.3808 111.5017 100.1648 107.3126 107.8817 105.1272 101.9935 112.7518 120.5491 120.8732 112.3241 102.8567 121.3705 121.3214 120.8188 118.9429 122.0200
122.3200 105.6912 112.3154 123.6089 121.4632 121.8202 121.6218 121.1535 120.9997 120.9166 120.8161 120.5754 120.4962 122.1399 120.8671 113.4486 107.8947 121.4253 119.9731 99.1481 102.2599 100.0289 102.2195 102.2046 115.2251 117.3897 109.7033 105.1488 110.4274 100.2678 120.4799 107.8308 123.3015 122.3970 106.6731 96.8361 118.2528 108.2461 121.9512 122.3100
104.0300 106.7015 124.3256 121.8749 117.7212 121.2534 118.9984 121.8882 121.3188 121.2331 121.0583 120.9794 120.8569 120.5472 120.5326 122.2991 122.0638 107.7652 112.4381 100.7347 102.1353 103.9161 125.0148 111.9024 122.0892 119.8004 115.4312 120.9516 121.6373 115.0477 102.5455 106.1073 118.0005 121.1914 122.4485 110.6460 120.2267 103.3038 106.4988 107.1100
109.2800 101.7079 125.0014 106.3961 116.9070 122.0422 120.0961 121.7529 121.6368 121.4073 121.5538 121.2468 121.1639 121.1901 121.0700 120.8363 121.0351 121.6399 117.8385 102.2772 103.2861 104.3042 121.6501 121.7578 121.1445 121.4185 108.2863 121.3482 122.2370 103.7597 112.0034 103.1329 121.6658 121.8139 121.6364 111.3266 108.8351 114.4575 93.7828 122.8700
122.9000 121.8779 122.1537 117.8588 120.2513 101.0562 121.5832 121.9216 121.9090 122.6043 120.2094 121.5360 121.5289 121.3098 121.4057 121.4968 116.4015 109.4710 103.3710 103.1117 102.3704 107.6057 122.8001 121.1726 121.3538 121.3955 119.8212 122.5894 121.2121 123.4244 114.1158 98.3057 120.6738 122.7427 122.5832 122.0273 116.2114 120.4566 123.2113 122.8900
123.1500 122.9800 122.9800 122.6700 122.7100 121.3700 121.3700 122.2200 122.0300 122.0600 114.5000 121.6900 121.7400 121.5300 121.5600 113.1000 112.2600 100.1300 100.9500 101.8200 99.4000 121.4000 121.3700 121.3500 121.6000 121.5700 121.5300 121.7500 121.7100 121.8900 107.8200 108.8500 110.8500 122.3800 122.5200 122.5200 122.8500 122.8500 122.9800 123.1500
