111.1500 107.4000 107.4000 107.7100 109.0000 109.0000 101.4800 101.4800 97.1100 115.8000 111.0700 103.9000 116.0400 109.5600 117.5400 117.1400 116.8800 116.5600 116.5600 116.2700 116.2700 115.8900 115.9200 115.9300 115.9300 115.9100 115.8700 116.3100 116.2500 116.6100 116.9400 116.8300 117.2300 117.4900 117.7400 118.0600 118.3100 118.5800 118.8900 119.1100
104.7600 110.8348 107.6844 106.7240 101.7097 107.1806 109.2701 103.5185 99.5073 113.8633 108.3756 99.1590 100.7854 111.3471 116.6572 116.8061 117.0340 116.2645 116.0880 115.4610 117.7735 104.8566 116.1551 115.4997 115.4470 115.5378 116.4601 115.6557 115.9943 116.1434 116.3675 116.6203 116.8914 117.1560 117.4866 117.4055 112.9720 114.1683 118.5836 119.1100
99.5700 107.4912 104.0416 104.0623 105.6194 102.0080 105.2545 104.1791 108.2473 119.4444 118.7717 118.4635 109.0348 118.1910 117.1260 115.5750 115.6222 115.7318 115.5108 115.3210 114.8683 116.1563 115.2894 114.8498 114.8134 114.7141 119.6030 114.7652 115.4434 115.5774 115.8381 116.1177 116.4261 116.7461 117.1111 117.4786 118.7224 119.2478 119.5187 118.7400
104.7200 106.7937 106.3148 106.2870 101.7983 101.0297 102.2162 106.9279 102.0718 115.4320 118.8388 118.1088 117.4274 114.2877 116.1891 116.5294 115.7450 115.1821 114.9284 114.6544 114.5038 114.1295 114.1101 114.1274 114.1117 114.0683 113.7980 114.5572 114.7293 114.9827 115.2786 115.6013 115.9379 116.2937 116.6230 117.0404 116.9998 117.8776 103.0776 118.2600
117.0300 114.3193 106.6997 103.5157 106.0106 99.3918 102.5711 107.4640 113.3908 110.0890 115.8016 116.9614 117.1498 116.3209 115.6671 115.1219 114.9937 114.6161 114.2947 113.9959 113.7335 113.5618 113.4083 113.3398 113.3451 113.4413 113.6599 113.7778 114.0567 114.3605 114.6974 115.0573 115.4472 115.8342 116.2247 116.6677 116.8985 117.5534 109.4403 114.4200
111.2600 104.0216 107.3635 106.5158 103.7267 103.0685 106.0787 107.9150 115.9945 119.6236 116.3366 116.5815 116.0986 115.7003 115.2864 114.8477 114.4166 113.9870 113.6197 113.2654 112.9732 112.7317 112.5722 112.4926 112.5037 112.5990 112.7762 113.0418 113.3258 113.7046 114.0860 114.5020 114.9280 115.3664 115.8031 116.2311 116.6926 117.2538 117.4963 117.7300
105.8400 109.2284 106.1560 108.0003 103.8412 105.9353 118.3287 105.1314 103.5622 103.4069 117.3254 116.2212 115.7780 115.0894 114.6949 114.3806 113.8184 113.3507 112.9042 112.4893 112.1294 111.8435 111.6441 111.5503 111.5611 111.6904 111.8460 112.1112 112.6409 112.9723 113.4495 113.9237 114.4080 114.8951 115.3748 115.8542 116.3346 116.7696 117.2060 117.6200
105.8500 105.5560 98.3340 104.9370 102.7885 110.6523 115.6539 107.5201 113.1601 120.0423 107.9769 116.5751 115.3314 115.0238 112.7448 114.7075 112.0925 112.9132 112.1003 111.6671 111.2240 110.8626 110.6177 110.4926 110.5201 110.6222 111.4147 111.8147 111.4566 112.3058 112.7754 113.3317 113.8820 114.4234 114.9610 115.4741 115.9863 116.4732 116.9451 117.1900
105.1200 107.9975 101.8254 105.2169 104.4216 105.6474 121.8468 118.0204 111.5782 116.9966 116.1281 115.3832 114.5821 116.8980 91.8395 111.7966 112.1228 112.3962 111.2661 110.7661 110.2192 109.7719 109.4520 109.2887 109.3252 109.8633 104.4417 109.1634 111.2125 111.4840 112.1048 112.7318 113.3535 113.9581 114.5469 115.1139 115.6596 116.2043 116.6667 117.0900
105.8400 109.7223 107.9625 105.2019 104.0672 108.7058 120.6160 114.3095 113.0129 116.6134 115.9049 117.2740 116.0520 115.6774 112.6658 103.3070 111.8818 111.1687 110.5550 109.7764 109.1171 108.5398 108.1176 107.8991 107.9219 108.5651 103.7886 102.8679 110.4345 110.6617 111.3975 112.1271 112.8292 113.5105 114.1545 114.7728 115.3515 115.8120 116.1313 116.6500
107.4300 109.8752 107.6199 103.5241 103.5408 116.9810 120.7124 114.8097 117.0004 115.9403 116.9544 104.9791 111.3231 98.0501 112.1792 113.4905 112.0339 110.3720 109.6451 108.7669 107.9083 107.1409 106.5506 106.2364 106.2616 106.0084 104.4246 104.5361 109.6113 109.8134 110.7011 111.5398 112.3271 113.0766 113.7855 114.4458 115.0803 116.0960 118.4480 116.5700
105.6600 103.5294 102.7149 106.1664 107.4096 120.3878 107.0083 112.4794 116.5889 115.3492 117.4297 94.5746 107.2461 107.1234 107.2620 111.6132 110.6577 109.9002 108.7705 107.6878 106.5842 105.5267 104.6659 104.1879 104.2670 105.1138 103.2858 106.1139 107.8764 109.0129 110.0319 110.9792 111.8626 112.6825 113.4476 114.1913 114.8768 114.1501 105.0226 116.4300
105.2900 101.4956 105.7580 109.4535 107.1893 114.6384 108.7071 118.5315 116.3302 115.4427 114.0773 89.6334 116.5432 95.4706 110.4369 106.5043 110.3068 109.1788 107.9317 106.5993 105.1588 103.6743 102.3084 101.4912 101.5848 102.4851 104.0392 105.8062 106.9372 108.2090 109.4024 110.4772 111.4536 112.3459 113.1923 113.9642 114.2706 112.2632 105.1401 98.1400
105.2700 101.2897 101.5708 106.3069 111.3796 114.9175 111.4368 116.9882 116.2645 115.5608 114.8047 107.0627 113.1456 93.5526 111.2114 107.8298 109.9275 108.5804 107.1836 105.5728 103.7146 101.5312 99.4733 97.6167 97.8920 99.8680 102.0175 104.1408 105.9368 107.5103 108.8601 110.0580 111.1187 112.0732 112.8145 113.5495 115.9321 118.9972 102.3251 98.1400
102.3200 99.3668 95.7894 113.6797 107.0565 122.8672 113.7430 116.8032 115.9880 115.5421 114.8798 114.8664 113.7898 111.9256 110.5057 112.8156 109.5348 108.1479 106.5909 104.7197 102.4181 99.4089 95.1069 90.9955 91.5159 96.2952 100.1109 102.9679 105.1685 106.9588 108.4569 109.7474 110.8788 111.9345 112.4478 113.4772 98.7049 98.7092 97.8073 98.7100
107.3600 106.0471 103.8515 105.2253 106.0843 107.5891 121.8662 116.5442 116.3120 115.4605 114.8391 114.0493 113.2995 112.5227 111.7480 110.3387 109.2780 107.9060 106.2482 104.2100 101.5424 97.8549 90.5940 85.8252 86.2028 92.4607 98.7437 102.2102 104.6943 106.6356 108.2261 109.5565 110.9416 111.9873 99.2469 110.7559 91.9671 98.4402 104.3043 103.8900
106.8200 106.4337 105.2735 104.1521 105.0546 106.7518 122.1402 116.6317 110.3558 115.5564 114.8762 114.1219 113.3318 112.5029 111.5456 110.4834 109.2704 107.8799 106.2118 104.1470 101.4476 97.6257 90.0496 84.7395 85.5640 91.8954 98.5712 102.1210 104.6411 106.6038 108.1994 109.5166 110.9221 112.1018 98.6210 110.3279 91.0555 98.8371 104.7697 103.9300
102.9600 99.3523 104.8546 97.2755 109.6886 107.6486 117.8234 115.6173 116.6327 115.6358 114.3026 114.1958 113.3960 112.5118 111.6106 110.5928 109.4309 108.0736 106.4895 104.5725 102.1452 98.8347 93.5650 89.5747 90.1242 95.3290 99.7137 102.7447 105.0213 106.8545 108.4346 109.9521 111.6456 110.9904 100.1946 92.6150 93.6916 98.3586 113.4154 106.0900
100.8500 116.6424 110.8293 100.8532 100.7624 98.6041 120.3790 102.0416 117.4504 114.4695 110.2394 114.3574 113.6044 111.6402 111.8586 110.7731 109.7119 108.4647 107.0270 105.3520 103.3825 101.1131 98.5995 96.2066 96.5606 99.0687 101.5755 103.8468 105.7601 107.3327 108.5760 110.1106 106.6923 112.7051 102.0558 103.7358 99.5159 100.8400 98.3372 106.4500
107.3600 101.8912 105.6432 115.5691 122.0129 119.7857 117.5671 118.2654 116.8361 102.3863 116.6046 113.9479 113.1505 113.3078 112.0454 111.3131 110.1307 109.0104 107.7574 106.3572 104.8150 103.2226 101.6489 100.7125 100.8438 101.9670 103.5610 105.1600 106.7207 108.0486 108.8795 116.5255 90.5203 108.3915 115.0994 99.8915 105.8888 118.9028 110.5497 106.4500
111.2100 106.5727 110.3621 98.3120 118.6137 117.5023 117.4095 116.8464 116.3698 116.6792 115.0486 113.3618 112.6043 112.7709 112.2786 111.8812 110.6195 109.6582 108.5770 107.4253 106.2552 105.1379 104.1491 103.5979 103.6749 104.3383 105.3408 106.5371 107.4995 109.7343 107.9036 110.8565 92.4661 114.6691 113.0926 108.3393 113.1039 106.8048 116.9564 116.3700
103.9800 101.9869 107.7327 109.5630 119.0208 116.8657 117.7856 117.1758 116.4575 115.8462 115.4353 115.2656 112.5003 113.1006 112.7501 112.0658 111.2419 110.3505 109.4440 108.5076 107.5969 106.7741 106.1254 105.7837 105.8219 106.2430 106.9426 107.8011 109.0782 105.7203 101.0953 103.2662 91.1899 102.6556 115.0379 117.2728 108.0873 97.6245 116.9261 116.4300
98.6200 108.6861 98.0478 108.5492 123.5258 116.2469 117.8515 117.2679 116.8267 116.3269 115.7834 115.1432 114.3736 115.1448 114.7556 112.4617 111.8257 111.0698 110.3115 109.5574 108.8509 108.2240 107.7588 107.5206 107.5530 107.8392 108.3440 108.9787 109.8222 97.7374 89.2054 88.7124 89.2665 95.7154 100.4054 114.2210 101.9337 103.8852 117.5245 116.9300
119.8900 113.7265 102.6273 97.7572 121.9525 117.6529 117.9307 117.4900 117.0174 116.5278 115.8905 114.8475 115.4384 105.3321 106.4652 113.9871 112.2894 111.8753 111.1507 110.5383 109.9633 109.4944 109.1437 108.9698 108.9947 109.2070 109.5836 110.0482 109.5747 92.1908 103.6173 109.8891 105.3158 98.2574 106.8246 105.0236 103.9787 114.2395 117.4446 117.0100
102.3400 120.9350 101.8509 107.0194 122.1773 118.0269 118.1627 117.7002 117.2238 116.7872 116.2081 118.3106 99.2211 96.2684 105.6891 106.1407 113.9088 112.4907 111.9576 111.4512 110.9925 110.6121 110.3459 110.2161 110.2302 110.3913 110.6825 111.1286 111.3950 119.3015 114.0788 109.1337 112.0982 109.3752 99.0248 99.8489 101.0279 101.5440 109.0679 117.1000
116.4900 114.2867 118.7683 119.1310 119.3296 118.7492 118.3212 117.9247 117.5212 116.4870 119.2837 94.1334 97.3543 105.7672 109.0175 114.3677 113.7033 113.1862 112.7254 112.2977 111.9206 111.6181 111.4066 111.3029 111.3308 111.4585 111.6777 112.0033 111.8726 115.9669 97.0351 101.9715 112.4513 99.5153 99.7540 98.5187 105.7486 103.4192 103.9797 105.8800
116.7700 114.4366 120.4951 119.5223 119.7432 119.0018 118.5531 118.1532 117.8767 117.5128 114.6665 105.7232 116.9185 116.7454 115.6523 114.5168 114.2384 113.8288 113.4495 113.0827 112.7767 112.5271 112.3584 112.2698 112.2675 112.3386 112.6393 112.7655 114.0465 113.1205 114.4999 95.9821 103.1234 105.8155 96.5616 100.6349 104.3988 102.5072 102.1435 101.7500
120.6600 121.5798 119.2885 112.0598 124.5148 119.7680 118.7517 118.4683 118.4119 106.9998 112.2885 117.1271 115.8143 115.6048 115.7573 115.0309 115.0224 114.6507 114.1360 113.8266 113.5573 113.3462 113.2132 113.1417 113.1617 113.3188 112.8396 113.8443 113.0106 106.0739 113.7614 97.0815 114.4410 109.4479 96.4796 104.6516 104.1126 100.8999 102.2023 102.4900
106.1200 116.3049 116.3752 100.7255 121.8853 119.0448 119.0136 118.7232 118.0281 118.1914 119.6508 116.7493 116.9796 116.4855 116.1857 115.6838 114.9120 115.2256 114.7659 114.5079 114.2866 114.1079 113.9917 113.9438 113.9650 113.9080 112.1067 113.9425 116.5088 114.3964 98.2441 98.8078 117.8259 105.4495 111.9887 107.6210 104.7738 104.5257 103.6682 102.5200
116.8000 102.7800 121.4554 108.3516 120.1722 119.4715 119.3028 118.9175 118.7229 116.1951 117.8829 117.5836 117.2418 116.8808 116.5825 110.1346 120.8832 114.8913 115.4181 115.1695 114.9437 114.8056 114.7066 114.6417 114.7231 114.8516 110.8828 116.5336 108.4453 94.4316 96.3208 101.1972 113.3010 109.6833 106.1818 119.1613 98.7198 101.9868 105.4504 103.6400
121.3400 111.1502 120.8977 121.2488 119.9768 119.8537 119.4893 119.3147 119.0521 116.2330 118.1769 117.8557 117.4894 118.2631 115.7719 91.7943 119.4086 116.0397 115.8113 115.6605 115.6411 115.4676 115.3833 115.3225 115.4679 115.6075 107.4499 115.3679 116.0252 115.6192 94.3763 100.7929 95.7735 109.9531 116.7099 108.3506 108.9414 102.1436 105.2118 106.5100
102.3700 118.7957 121.8017 121.3898 120.8669 120.0644 119.8234 119.3103 119.3664 120.9060 118.6223 118.7106 118.0172 118.9902 104.2203 106.7320 116.8974 116.5385 117.7288 116.9327 115.9452 115.8772 116.0155 116.2702 114.9178 116.4701 117.1947 116.5358 106.4348 100.0644 97.6075 102.6895 101.7851 118.4631 118.1709 119.2864 118.6099 112.0923 105.1401 106.4900
101.7700 118.0311 114.7869 109.8000 121.1549 120.0144 119.7167 121.5957 104.8499 117.8912 101.8754 120.9549 112.8817 106.8812 96.1257 95.5364 116.6739 118.1476 99.5083 117.9535 117.0579 116.4443 119.9084 114.7199 105.2876 116.9283 105.8155 96.7394 95.4029 94.7317 99.6679 99.1200 100.5180 111.3588 119.8956 118.4747 118.4369 116.7998 107.5220 113.4800
121.7400 108.4486 102.4063 103.3272 122.0648 121.4180 120.3946 120.1005 118.2789 119.9747 113.0447 117.0781 114.7394 88.9218 99.1871 100.1137 117.1011 101.0347 96.4535 113.9157 114.3714 113.2681 92.8955 93.8392 108.8337 113.8713 102.9906 98.0293 95.7014 102.9368 102.3862 105.8286 96.8670 101.0081 117.2436 109.6497 117.0287 120.1498 119.8913 119.8200
100.5800 122.1806 120.8079 118.2284 121.1447 119.7707 104.0573 122.0193 119.9592 120.2579 111.7662 107.4450 114.1980 98.7145 112.8096 107.2634 105.1865 107.1855 93.6419 110.4943 121.3628 113.6836 98.3027 96.2852 95.0018 95.2271 100.4463 95.6112 95.9544 96.8658 105.6177 122.0613 101.9118 100.5544 123.6627 118.5443 116.1670 110.1315 115.8219 119.8800
107.5400 106.6304 120.4951 121.3556 120.4355 120.5910 120.2576 120.6036 120.2341 119.6798 121.7440 113.8903 102.2952 109.4975 119.7993 119.4287 118.6617 101.1452 116.3732 97.0491 97.5501 95.3379 101.1094 94.4121 93.3224 110.3646 114.9281 96.2786 95.2167 118.5115 100.0220 112.5905 106.4818 104.9543 102.1061 108.7277 101.5465 102.4885 103.8400 120.2600
108.6400 122.1313 122.0468 118.3583 114.9782 100.1123 120.3029 120.6109 121.6194 120.3747 119.9104 120.2038 122.0461 118.8666 119.5412 119.2855 115.5639 93.5602 113.1230 97.9329 118.0833 116.0716 98.0620 110.7225 109.7247 119.9613 118.3715 118.1804 95.4025 118.7768 110.9650 104.9243 113.3090 105.0607 105.8445 108.8117 116.2461 98.4628 102.2493 100.2900
104.6900 109.0276 108.7239 98.9798 106.7789 109.9650 123.4891 122.4229 135.3195 119.3786 119.5427 120.3342 119.7847 119.7572 119.1552 116.6673 119.9198 118.4667 120.0091 95.7496 116.2936 119.0220 114.2851 120.4417 119.6950 119.3420 118.4759 117.0142 110.6170 102.0429 116.5535 111.2213 113.7852 116.8727 117.0588 104.4129 116.6503 100.2890 98.6108 100.4800
122.6600 124.2173 110.6029 109.5746 126.5148 122.9130 121.7096 119.6768 121.4377 119.7063 110.8808 113.2997 120.6158 121.2482 116.5789 117.2413 110.0603 100.6469 105.5070 102.1702 116.6324 119.0778 119.9438 119.0940 119.1756 119.3478 119.0084 119.7487 116.3594 103.4429 115.1294 98.4475 111.5814 121.1556 118.8001 109.5509 104.3097 118.7114 120.6778 120.9900
110.0400 110.0400 122.5600 122.2000 122.0400 121.8400 119.8200 121.4800 121.2900 121.2900 102.5100 116.0300 120.5200 120.5200 102.3000 101.5700 110.1800 100.5300 100.1800 98.5700 119.7500 119.7700 119.7900 119.4600 119.4600 119.7900 119.7700 119.7400 119.7000 102.3300 100.6800 106.3000 120.3800 120.3300 120.5700 104.9300 105.5000 105.5000 121.1000 121.3000
