123.79 123.63 123.5 123.35 123.39 123.2 123.07 122.92 122.77 122.77 122.61 122.43 122.47 122.29 133.44 122.11 122.14 122.16 110.91 121.94 121.96 113.58 113.58 121.96 121.95 121.92 122.15 122.15 122.11 122.31 107.6 108.31 108.26 107.35 105.71 100.75 122.9 123.05 123.24 123.2 123.37 123.5 123.68 123.79 123.96 124.08 124.23 124.36 124.5 124.65 124.77 125.04 110.02 125.29 125.42 125.55 125.69 125.79 111.93 113.5 119.18 119.06 126.6 126.6
123.79 123.5998 123.4601 123.3211 123.1803 123.0427 122.9117 122.7915 122.6679 122.559 122.4463 122.3548 122.2413 122.0946 122.4187 119.0708 121.8455 122.1709 117.0831 113.7973 120.1014 113.9568 122.3419 121.6074 123.2873 122.4436 122.6094 113.1116 108.0903 100.2639 105.9058 105.2408 107.7005 109.0221 104.1771 102.0489 124.4156 122.849 122.2678 123.128 120.3327 118.9858 123.2771 123.6612 123.8538 124.1077 122.1507 122.0599 124.7594 124.618 124.7357 128.5925 126.6044 125.3872 126.0724 127.8891 118.8084 107.3366 112.3354 111.0055 110.9513 122.889 126.3989 126.58
123.56 123.3952 123.2145 123.1007 122.9564 122.8166 122.6769 122.5512 122.4246 122.2961 122.1836 122.0756 121.972 121.865 121.7938 122.0202 121.9561 121.9297 123.6504 117.5392 106.4309 112.1059 115.9058 123.0387 111.2343 122.0888 120.4983 101.52 100.4207 107.8991 113.6524 105.5349 105.0819 117.0775 126.8329 113.6366 123.9167 122.9479 106.2671 123.2426 122.1137 124.3387 123.4046 123.5299 123.6811 123.7649 123.7074 121.4799 124.2756 124.3958 124.3952 119.9067 123.4865 123.6657 126.2331 111.0969 113.7157 107.0341 118.0406 114.0178 104.861 127.9049 126.1329 126.52
123.27 123.5042 122.9748 122.8586 122.7416 122.5775 122.4319 122.2975 122.1658 122.031 121.9106 121.7967 121.688 121.5914 121.4982 121.3671 121.2886 121.2254 124.2953 121.2663 105.2001 112.4118 113.2051 122.5618 123.5032 121.2116 121.8791 123.9107 104.6434 109.2558 102.8523 106.8464 105.2609 115.6604 116.0373 103.0702 123.4031 118.4388 115.3963 123.1328 102.5724 122.3081 123.3791 123.2507 123.4477 123.3111 123.964 125.5575 123.4451 124.3334 124.4861 124.4484 125.5948 125.1989 126.4328 114.1297 115.4784 107.2524 114.2982 104.6099 117.0902 127.3318 126.4152 126.38
123.03 120.6642 122.3872 122.8014 122.4098 122.3047 122.1932 122.036 121.895 121.762 121.6288 121.506 121.39 121.2891 121.19 121.1063 120.9972 120.9451 121.7982 121.2736 99.5324 112.1873 114.5489 123.6187 117.8831 121.0277 121.3257 112.9103 114.2239 101.0073 106.3506 109.5026 102.2009 123.7144 121.5198 120.6848 121.9431 122.2798 121.8877 122.4811 118.7343 121.9232 122.8609 123.0827 123.2296 124.0864 116.2828 113.3513 125.7486 123.9901 124.0258 124.8166 127.3777 118.4932 108.6321 109.7577 108.3332 103.9802 105.2486 111.8613 126.8573 125.5804 126.1518 126.33
122.8 123.1081 122.725 122.1222 122.7736 122.9058 121.9443 121.7844 121.6297 121.4835 121.3377 121.2124 121.0882 120.9667 120.8682 120.809 120.6908 120.6123 120.4794 120.0217 100.8181 111.4706 114.6249 120.9325 120.3497 121.6946 114.9225 123.1829 109.6799 105.2379 118.9115 108.0453 97.9083 122.3224 121.656 121.5395 121.8231 121.9403 121.8161 123.2996 122.648 122.8208 122.6861 122.9137 123.0785 122.903 123.4754 120.657 123.6871 123.5977 125.5302 114.5869 100.5338 110.9238 109.9581 106.7101 103.0206 103.6297 108.4809 114.7716 126.7965 126.0965 126.1294 126.17
122.72 122.5106 122.326 118.9379 122.5194 121.8292 121.7047 121.5197 121.3582 121.1962 121.0602 120.9185 120.7901 120.6987 120.5549 120.1572 120.3819 120.2642 120.3848 120.2258 109.4037 111.6255 115.1653 120.4811 119.3393 118.5685 115.7832 108.8528 99.527 105.2194 120.5981 102.165 110.8149 101.1096 125.4662 120.7325 121.3233 122.5707 111.5094 115.5048 123.1242 122.222 122.4563 122.679 122.7598 123.0743 123.2063 123.538 123.5228 123.6938 125.382 102.4643 105.9561 103.1487 111.4816 106.2229 103.9869 107.1236 102.1844 126.4626 124.9838 126.848 117.2823 122.79
122.46 123.3133 112.8081 120.3259 122.1149 121.5358 121.4407 121.2408 121.0715 120.9398 120.7047 120.5472 120.3785 120.3957 120.0421 122.4476 119.8741 119.9149 120.0208 119.7873 110.0259 107.9537 111.6923 118.9169 119.0291 122.7164 107.5273 105.6412 96.3915 96.7015 105.3964 103.0072 121.8059 94.7852 116.0881 121.1311 121.1893 121.0766 121.8498 123.0695 121.9416 122.1135 122.2696 122.3651 120.2345 123.0591 122.9838 123.2873 123.3834 123.4821 114.8761 102.7122 104.9867 106.91 123.0088 103.1816 104.1467 121.7525 125.3177 125.7684 125.6387 125.4517 126.7039 125.97
122.21 122.5109 121.7612 121.8185 121.4361 121.386 121.1281 120.9728 120.7877 120.609 120.5749 120.228 120.8276 120.0373 119.1814 123.0182 119.4696 119.5039 119.4365 119.3697 114.6285 105.1084 105.8021 117.5351 119.0527 119.4328 113.4457 98.6776 115.907 99.8646 109.7141 110.9707 117.9529 114.2875 120.1873 120.6951 120.9096 121.2657 118.5813 121.1621 121.6619 121.9184 122.0357 122.4033 122.4163 122.7144 122.8517 122.9706 123.3114 119.5963 112.18 110.6028 109.6801 124.7869 126.0952 103.3982 127.653 112.5617 124.7713 124.9508 126.1428 121.36 123.9333 107.59
122.13 121.8018 121.6194 121.3884 121.3455 121.1084 120.9334 120.6806 120.4913 120.2978 120.0906 115.7329 110.91 119.7823 119.5102 118.9235 119.247 119.0833 119.4214 118.3127 119.8847 114.8584 111.078 114.069 118.6419 120.6749 120.8729 119.7141 108.8111 118.4699 118.0663 122.9568 119.0588 120.9422 120.2288 120.4718 120.2595 121.3521 117.4166 107.2929 122.6452 121.4146 121.8876 122.0176 122.2565 122.4561 122.7185 122.8927 124.0784 114.0336 117.5872 113.2274 126.4629 122.4214 103.6801 113.5606 109.8969 126.9415 125.2214 125.2009 125.4426 125.5711 129.6847 106.91
121.84 121.6986 121.4958 121.2059 121.0393 120.6757 120.3971 120.3709 120.2076 119.9967 119.8112 121.0192 116.9035 120.0223 119.0275 119.0579 118.7697 119.259 114.1127 111.8639 119.1161 113.4194 111.5764 105.1222 118.7342 112.2718 118.5154 119.526 117.0991 119.8017 119.7775 119.6341 119.4485 118.7443 119.955 120.1321 120.4762 119.7517 111.0817 112.9006 120.3372 121.39 121.6337 121.8484 122.0714 122.2733 122.5346 122.6532 121.435 123.8906 119.2978 111.2572 125.3178 108.2363 112.6566 118.0688 111.7631 125.1371 124.7973 125.1359 125.1288 122.1497 129.8368 109.06
121.79 121.5154 121.1467 122.2966 122.7425 120.9052 119.727 119.8729 119.8863 119.6607 119.4839 119.6167 116.684 118.849 118.6862 118.8726 118.7781 117.8254 107.3331 116.3033 118.5923 118.175 116.024 111.1262 118.8984 118.1462 118.3834 118.1952 118.7597 118.5626 118.8214 119.025 119.1575 119.4903 119.5863 119.9065 119.5364 120.5063 109.3071 121.4581 122.0882 121.1736 121.4248 121.6408 121.869 122.1005 122.3264 122.5103 123.6101 122.9752 123.0938 124.2364 119.3495 111.6735 107.8757 100.9112 110.8683 125.242 124.939 125.0042 125.2818 132.5412 135.7603 130.38
121.51 121.2813 121.16 112.7028 119.3717 112.6049 120.2806 119.7946 119.4581 119.3253 119.131 119.9262 110.0244 119.7364 118.026 113.2844 115.6307 111.9072 113.1617 107.617 119.9476 109.4012 105.3007 114.3722 117.0866 117.7389 117.8077 117.9462 117.9698 118.3667 118.3455 118.4505 118.806 119.0268 119.2707 119.6513 118.7983 120.7485 122.1854 120.5928 120.4923 120.9748 121.1858 121.4322 121.6741 121.9166 122.1409 122.3835 122.5358 122.6738 122.585 122.951 119.4993 114.1935 112.9615 117.9955 117.1967 124.9212 124.7576 124.8968 125.0272 123.9355 129.5492 130.38
121.15 120.8341 121.201 124.3533 119.8697 113.2365 119.8154 120.7151 119.519 118.9928 118.5083 117.2504 112.1562 119.2797 109.2596 112.948 110.8018 104.9258 108.2404 101.6922 109.9617 107.3308 106.3818 117.8375 116.8894 117.2771 117.3288 117.378 118.1756 118.3381 112.3717 119.6572 118.4008 118.6172 119.3077 119.1517 119.0771 127.693 115.5102 113.0468 120.9183 120.6416 120.9772 121.227 121.4812 121.7302 121.9787 122.2056 122.4485 123.6607 124.5256 123.5406 122.48 129.8561 111.3197 130.4031 120.3547 124.3968 124.6556 124.8189 125.0826 125.3234 124.0316 125.16
121.15 120.2787 120.618 119.6715 120.3803 119.6988 120.1734 121.7567 118.6681 118.7257 118.5783 118.3623 118.3742 117.3462 106.6879 118.4431 111.1002 102.4456 111.0229 98.9148 113.8228 101.2716 101.3387 113.3042 116.4502 116.6602 116.8309 117.1727 112.1715 115.6935 105.3484 118.0036 117.9767 118.3085 114.6674 118.9839 118.9352 122.444 123.8001 118.9706 120.3743 120.4747 120.7651 121.0255 121.2881 121.5509 121.7951 122.1346 122.3351 120.3301 112.2763 122.6268 123.1538 127.5887 120.2848 119.838 122.3452 124.2538 124.5614 124.7439 124.9371 124.0843 133.2927 111.08
127.69 121.4031 120.4543 120.0803 119.7138 119.6715 106.6226 118.7842 118.378 118.3458 118.0397 117.6541 117.5124 113.8113 114.0017 115.5527 109.127 104.0896 105.9043 111.0473 98.9507 100.5415 102.908 115.7248 115.9371 116.5147 116.2279 116.8225 116.0914 117.4767 117.813 117.7223 117.4842 117.9699 118.3751 118.5312 118.8546 119.218 119.4732 120.0134 119.9691 120.2672 120.5464 120.8243 121.1 121.3715 121.6296 121.8605 123.1807 123.4431 107.2033 125.5075 122.9104 123.2986 123.7582 122.6293 123.7003 124.1814 124.4447 124.6623 124.8306 124.5906 126.2176 131.26
120.71 120.2867 120.1979 119.8344 119.5394 119.2778 119.5805 118.7118 118.3337 117.9639 117.6653 117.3629 117.1135 117.0044 114.367 115.2374 112.131 102.0428 99.4094 103.2608 113.1174 100.964 100.9084 113.9807 114.5167 112.0583 115.5629 115.9037 116.2116 116.3551 116.651 116.9714 117.2582 117.5635 117.889 118.1954 118.5025 118.8244 119.1433 119.3532 119.7369 120.0467 120.3358 120.6321 120.9209 121.1955 121.4715 121.734 122.0509 123.5222 121.2578 122.6348 123.6152 123.0406 126.8605 123.9902 124.2221 124.0523 124.3661 124.5687 124.7491 124.9431 125.0273 125.25
120.39 120.2368 119.9296 119.6217 119.2897 119.0195 118.8127 117.681 116.0255 117.7969 117.257 116.9631 116.5485 116.9145 109.7766 113.2561 110.9065 103.3857 98.2421 112.1508 108.1951 110.9194 113.8741 113.2888 111.6963 109.66 114.8268 115.3828 115.601 115.8881 116.1862 116.5034 116.8309 117.166 117.5119 117.8472 118.1878 118.5162 118.8561 119.1864 119.505 119.827 120.1332 120.4448 120.7354 121.0348 121.3111 121.5977 121.8701 121.9819 124.3737 109.6665 124.2949 122.9728 123.3321 119.4769 121.2105 123.8734 124.3283 124.4866 124.6928 124.8885 125.0737 125.23
120.33 120.0472 119.7161 119.3936 119.0477 118.7024 118.3401 118.1773 117.6055 117.2611 116.9146 116.5018 116.0864 116.5492 104.2057 107.1918 105.3419 106.9671 101.3774 105.252 116.1377 103.5707 100.3218 114.8382 112.8738 114.46 114.5269 114.7599 115.0291 115.3496 115.6902 116.0436 116.4092 116.7748 117.1429 117.5064 117.8787 118.2381 118.5861 118.9376 119.2829 119.6078 119.9388 120.2528 120.571 120.8651 121.1645 121.449 121.7306 122.1707 122.5061 122.6813 122.1785 121.1733 123.3102 123.4396 124.0953 123.9827 124.1901 124.4154 124.6277 124.8373 125.0672 125.2
120.02 119.8458 119.5287 119.2059 118.8222 118.611 118.0833 117.6772 117.3449 116.9398 116.4788 116.1086 115.4862 116.1919 126.3348 110.211 114.6229 110.6204 106.2726 99.3353 114.6973 114.51 121.2891 113.6159 113.7413 113.4416 113.8047 114.0914 114.4351 114.7915 115.1769 115.5713 115.9742 116.3719 116.7719 117.1713 117.5636 117.9514 118.3268 118.6959 119.0613 119.4181 119.7579 120.0736 120.4013 120.7144 121.0224 121.3194 121.607 121.8646 122.2381 122.8009 113.9922 109.7071 124.2696 123.3295 123.5315 123.9155 124.1276 124.3444 124.5669 124.7569 124.947 125.18
119.96 119.7262 119.2241 118.6749 118.6007 118.7851 117.7551 117.4145 116.712 117.9336 114.8984 115.7759 115.2416 115.1079 105.1878 107.5933 106.0614 98.3944 101.2221 98.8781 114.0154 112.0064 110.2524 112.343 112.4814 112.6981 113.0697 113.4035 113.8156 114.2178 114.6674 115.0936 115.5302 116.0109 116.4595 116.8422 117.2751 117.6872 118.084 118.478 118.8408 119.1111 119.4916 119.9069 120.2461 120.566 120.8864 121.1894 121.4922 121.7979 122.1212 122.363 123.5508 124.0932 122.9941 123.3984 123.6358 123.8217 124.0596 124.28 124.5022 124.7569 125.1209 125.01
119.89 119.3544 118.8239 120.6377 118.3283 117.9722 117.5689 117.1507 116.0809 121.708 113.5638 115.6308 114.8315 111.811 103.8227 117.2953 97.6629 99.3911 101.2052 102.2108 112.7334 111.2693 111.662 111.41 110.8303 112.4012 112.2839 112.6891 113.077 113.6192 114.0874 114.6066 115.0834 115.5791 115.8772 116.4972 116.8924 117.3282 117.8229 118.2387 118.192 119.2454 119.3433 119.7812 120.0932 120.4325 120.7606 121.0724 121.3742 121.595 121.9021 122.7383 122.0971 122.597 123.0278 123.127 123.4999 123.8022 124.028 124.2312 124.422 124.6708 126.5207 133.5
119.52 118.8876 120.9543 121.8642 117.9675 117.7535 117.3086 116.8271 116.4279 115.8593 115.1579 114.8688 114.3634 113.7669 110.9676 112.5547 100.1098 98.1237 102.8155 115.1191 110.6932 110.2877 110.1774 110.2661 102.1662 111.1529 111.4346 112.2824 112.4501 113.4654 113.8744 114.0739 114.6544 115.7637 116.2892 116.8726 116.9223 117.1502 117.749 117.7454 122.3158 111.3969 119.8541 119.6083 119.9467 120.3074 120.6413 120.9639 121.2892 121.6524 121.8698 114.1004 123.3876 122.1478 122.5918 123.7308 123.3321 123.5516 123.7938 124.1456 124.3795 124.6723 124.7266 124.95
109.37 110.8804 118.9988 117.9775 117.9476 117.5288 117.0862 116.6345 116.2122 115.7585 115.118 114.4053 113.7935 112.9023 112.5229 105.318 105.665 106.2351 108.7954 109.7635 109.0297 109.0375 109.0334 109.724 110.6489 109.9248 110.5135 108.1224 111.5271 112.0843 109.9707 113.7727 114.7615 110.7377 110.0673 108.4248 107.6013 117.7301 116.7579 116.9504 121.4236 114.244 119.1608 119.4816 119.8316 120.1871 120.5195 120.8584 121.1212 120.2062 115.3079 119.8254 115.6713 124.2825 120.7875 122.2585 124.2244 124.3069 124.4302 124.0512 124.3501 124.6262 124.8537 124.94
119.42 111.8544 118.5397 118.0226 117.6487 117.357 116.8238 116.2723 115.4948 114.8197 114.6187 114.0559 113.4628 113.3655 106.3952 105.138 102.6623 113.2448 116.3756 108.9835 108.1963 107.6485 107.5615 107.6529 108.1007 108.8013 109.6022 110.2768 111.5397 111.6317 112.4003 113.2312 114.0065 112.7618 112.9867 111.0614 111.8179 116.7803 120.4242 117.6077 118.4839 119.3206 118.9346 119.3327 119.7185 120.0768 120.4953 120.9369 120.5302 121.3147 110.5029 111.5386 112.1564 112.7565 117.5454 122.223 119.8801 118.888 123.5752 123.8964 124.2926 124.5015 124.6899 124.92
119.1 120.2047 118.8759 118.3126 117.5078 117.1934 116.5266 116.7327 117.6425 119.8683 114.3269 113.7229 112.9989 111.4941 104.4765 112.2022 111.6184 109.5557 104.918 106.5251 106.6781 105.9404 105.8914 106.2238 106.8215 107.6003 108.9968 105.4934 110.0113 111.2001 111.9045 112.7077 113.4712 114.5281 114.9771 115.5464 116.746 116.4436 118.5578 117.6088 117.9566 118.324 118.84 119.2282 119.6215 119.9946 120.1234 120.1853 121.0238 129.1784 108.5382 105.4791 114.0704 107.9877 124.2172 116.2521 112.5515 119.3578 123.955 124.0855 124.3561 124.7205 125.326 124.91
119.06 118.7467 118.3725 117.976 117.5344 117.0989 116.3196 112.8957 115.4797 114.9216 111.9877 113.4507 112.7006 111.4741 115.6711 118.8421 110.4458 107.8128 105.8677 105.6822 104.4585 103.8623 103.7596 104.2336 105.1345 106.2403 107.3515 108.1027 109.5599 110.5293 111.476 112.3251 113.1016 113.7535 114.9155 107.3717 117.335 116.0591 116.7574 117.3665 117.841 118.3027 118.7298 119.1439 119.5216 119.8855 121.7422 124.4338 106.3666 107.4388 106.8104 119.8393 124.2485 112.3513 122.2433 123.8138 115.3041 120.1768 123.9992 123.9793 124.1744 124.5417 124.7015 124.9
119.03 118.7928 118.3682 117.9041 117.4266 116.9146 116.3772 115.9744 114.792 114.3963 113.6548 113.0897 112.2471 111.4597 112.0359 111.3641 108.1586 106.8484 105.3805 103.7475 102.2652 101.1374 100.957 101.773 103.2096 104.7667 106.2612 107.6573 108.8978 110.0334 111.052 111.9685 112.7628 113.85 116.884 107.7005 116.2349 116.0112 116.7409 117.2451 117.7439 118.2038 118.6402 119.0592 119.5481 119.8334 113.2713 117.8061 111.8545 108.2291 113.852 117.6896 121.9118 122.5336 122.748 123.0162 123.2636 123.6136 123.5772 123.8539 124.0377 124.3938 124.7147 124.74
119.01 118.7295 118.2939 117.83 117.3376 116.8286 116.2724 115.6816 115.0472 114.0273 113.6883 112.9067 112.145 111.274 109.7617 108.8035 107.5379 105.8512 104.007 101.8353 99.4685 97.1723 96.6915 98.5566 101.009 103.2827 105.2403 106.9077 108.339 109.595 110.6991 111.6843 112.5728 113.5159 114.0127 115.2953 108.167 116.9531 116.5808 117.1629 117.6629 118.1433 118.5926 119.057 119.5949 119.9034 114.0122 117.9025 109.7809 108.9522 120.8382 115.4951 116.5287 123.1951 122.5411 122.9194 123.1178 122.7534 130.2408 109.9415 118.4715 124.2907 124.7453 124.73
118.99 118.6869 118.2444 117.7795 117.2853 116.7628 116.201 115.6334 115.0243 111.8063 113.3842 112.9081 110.5466 110.0474 110.8403 108.561 106.8912 105.1132 102.8937 99.9829 95.9327 90.7309 89.9441 93.967 98.8075 101.9796 104.3986 106.3243 107.921 109.2771 110.4569 111.4968 112.4236 113.3257 114.1004 114.9774 115.8039 115.929 116.5745 117.1109 117.6114 117.9897 118.5639 118.2961 118.7535 124.7149 114.2895 107.0715 109.7225 121.5353 119.6555 118.3322 121.0529 118.0563 121.0902 122.838 123.2157 123.3381 123.8554 125.2943 124.6121 124.4321 124.589 124.72
118.98 118.672 118.2278 117.7525 117.2556 116.731 116.167 115.5726 114.9244 114.5073 113.7972 113.8564 99.3782 102.2676 110.0345 108.7717 106.4643 104.7016 102.2358 98.7907 92.5515 86.3765 85.5 89.681 97.2375 101.1744 103.9247 106.0152 107.6973 109.1069 110.2794 111.384 112.3357 113.1748 113.9716 114.6426 115.2506 115.9819 116.5394 117.0703 117.6594 117.1621 119.0596 111.3609 113.813 102.7286 104.067 109.5018 117.3861 118.1238 114.3663 112.5743 114.5477 115.523 117.5805 123.6149 123.132 123.4723 123.5817 123.5643 124.037 124.4253 125.8593 124.72
118.97 118.6731 118.2245 117.7572 117.2594 116.7303 116.1717 115.5727 114.9166 114.1196 113.5502 108.0174 106.315 106.667 110.9858 107.2685 106.4221 104.683 102.2542 98.7989 92.4993 86.2954 85.3992 89.7556 97.3026 101.1876 103.9315 106.0206 107.7116 109.0774 110.4773 111.4093 112.361 113.2716 114.0522 114.7065 115.3735 115.9654 116.5418 117.075 117.624 117.5165 118.2117 118.2173 118.4677 103.9654 112.0876 106.9625 113.4776 119.5325 114.485 112.7693 119.2394 113.4508 120.1448 122.1527 123.1171 123.4461 123.7369 124.0381 124.2778 124.2614 125.1001 129.18
118.97 118.6922 118.2451 117.779 117.2867 116.766 116.2084 115.6093 114.9957 114.1004 112.8814 110.0615 116.8813 111.9895 109.3288 108.4986 106.9293 105.123 102.926 100.0491 95.8126 90.9436 90.08 94.0031 98.9147 102.0223 104.4216 106.341 107.9508 109.2517 109.293 111.2647 112.3566 112.9792 113.6454 114.7082 115.3843 116.0072 116.5749 117.0992 117.6411 118.2032 118.2526 123.3062 125.3061 111.4928 122.3339 116.0409 116.975 120.2391 115.4711 117.3557 116.3009 116.7521 122.3528 119.2271 123.1295 123.4642 123.7128 123.9259 124.217 124.8018 126.4645 124.72
119.0 118.7368 118.2911 117.8285 117.3403 116.8225 116.2775 115.7056 115.061 114.2755 114.38 113.0813 111.0856 110.7443 110.0093 108.7672 107.5113 105.9278 104.0242 101.9231 99.351 97.1695 96.7887 98.6627 101.0646 103.3278 105.2646 106.9175 108.3605 109.5415 110.3197 110.6901 112.5229 114.1846 115.6725 114.9364 115.5131 116.0753 116.6415 117.1379 117.8107 117.9574 118.5396 118.5926 118.2804 121.1912 120.6405 121.5254 118.3788 110.5262 123.325 122.6144 123.0853 123.4651 122.9641 123.3552 123.3423 123.4803 123.7313 123.9746 124.2293 124.3871 126.6121 124.87
119.02 118.7964 118.3624 117.9052 117.4538 116.9435 116.3937 115.8121 115.2064 114.5228 113.6652 113.1808 111.9494 111.7069 110.4028 109.3865 107.4582 106.8024 105.3286 103.813 102.273 101.1935 101.0054 101.8434 103.2494 104.8166 106.3053 107.6813 108.9241 110.5086 109.3109 112.6219 112.5561 113.3499 102.7553 114.3264 115.407 116.2001 116.7404 117.1748 117.8522 120.7871 119.56 118.7032 119.2771 118.8034 124.6663 114.4729 115.0598 102.1137 122.1186 121.5229 121.9285 122.2445 122.5945 122.8884 123.2117 123.5028 123.7504 123.9893 124.2164 124.4712 124.4511 124.88
119.05 118.8738 118.4491 118.0004 117.4321 116.9505 116.4924 115.9669 115.3794 114.7783 114.1847 112.1123 124.4962 110.288 111.045 109.9685 108.5387 107.8089 106.6434 105.5276 104.5593 103.9007 103.7987 104.2653 105.2892 106.2606 107.2875 108.5127 109.8144 110.1947 119.083 110.8256 113.185 113.861 110.4476 114.4501 115.7225 116.3542 116.8744 117.3055 117.5249 126.2524 110.4392 121.6596 120.6328 121.9613 130.2745 104.7412 119.98 103.6447 123.8623 121.7722 122.2302 122.5192 122.7861 123.0435 123.2906 123.5386 123.7797 124.011 124.2434 124.4689 124.7228 124.88
119.36 118.9784 118.5543 118.1246 118.0686 117.4405 116.6999 116.1556 115.5951 115.0037 114.3732 113.5005 115.161 112.4463 111.8724 110.5188 109.792 108.8045 107.8917 107.0901 106.408 105.9835 105.9148 106.2469 106.9101 102.6303 108.5341 109.2 110.2982 110.9019 113.7368 112.3829 113.4337 114.1658 115.1682 115.655 115.9342 116.5006 117.0124 117.4874 118.0133 118.6679 112.6344 102.322 112.7796 108.5023 111.1934 104.3733 108.1213 111.1251 114.3132 122.2354 121.9979 122.5242 122.7939 123.0606 123.3115 123.567 123.8117 124.0413 124.2717 124.4991 124.7152 124.89
119.4 119.0911 118.6782 118.268 117.2082 117.5597 116.9267 116.3391 115.8258 115.2721 114.6818 114.1706 113.5146 109.9944 109.4758 111.4014 110.5465 109.8017 109.0915 108.4615 107.957 107.6631 107.616 107.8292 108.5834 108.7678 102.6182 110.5619 110.9541 111.7846 112.515 113.2331 113.8297 114.4644 115.0281 115.6025 116.1885 116.7029 117.1878 117.6542 118.1368 118.4732 117.3133 123.7275 106.9912 109.2958 113.1281 120.7998 120.6629 121.795 111.834 123.1392 122.0529 122.5797 122.8441 123.1049 123.3605 123.6036 123.846 124.0843 124.3057 124.5304 124.7467 124.9
119.45 119.2235 118.8234 118.5006 117.9612 117.056 117.1242 116.6143 116.1172 115.5358 114.9966 114.1388 114.0754 113.4447 112.8403 112.003 111.3608 110.7352 110.1614 109.6745 109.2985 109.0819 109.0428 109.2172 109.4611 109.9467 110.67 111.6561 111.5739 112.3999 113.0217 113.6581 114.3062 114.8011 115.3836 115.9155 116.4325 116.9245 117.4224 117.274 118.2018 118.7164 118.6849 121.9913 108.6929 106.5349 113.8238 109.5368 121.3038 121.3726 122.0916 122.2174 122.3174 122.6103 122.9176 123.1606 123.4127 123.6558 123.8965 124.1229 124.3572 124.5761 124.7778 124.91
119.5 119.3641 118.9844 118.6257 118.2935 117.895 117.3172 116.8647 116.4165 116.6987 113.4725 116.6253 123.0448 113.3441 113.2669 112.6516 112.1269 111.6032 111.1461 110.751 110.4605 110.2872 110.2535 110.3819 110.6426 111.0291 111.4571 111.948 112.4796 113.004 113.639 114.0197 115.5865 115.2506 115.7332 116.2113 116.701 117.16 117.676 117.3162 118.5589 118.8877 118.7662 122.047 114.3758 106.3923 109.5572 107.8526 110.1115 118.4671 120.4781 121.0645 122.2282 122.7522 122.9298 123.2234 123.4694 123.7102 123.9408 124.1754 124.4094 124.5087 125.0649 124.93
119.81 119.5186 119.1611 118.7631 118.3875 117.9585 117.5119 117.3772 115.7112 112.6126 98.2705 107.811 116.168 114.0148 113.8453 113.3255 112.8801 112.4248 112.0388 111.7241 111.4924 111.4385 111.4338 111.4616 111.6317 111.9183 112.2832 112.7022 113.171 113.6124 113.9397 114.6948 115.1072 115.5393 116.1203 116.5613 116.972 117.4101 117.8337 118.2332 118.7815 118.2105 118.9285 103.6218 119.039 102.1959 114.109 110.3567 117.323 110.0782 117.8271 110.7225 120.0298 117.694 123.034 123.268 123.5344 123.7717 123.9975 124.2651 124.6227 125.3615 122.8955 124.94
119.88 119.6905 119.333 118.9688 118.5988 118.2705 118.2039 116.921 116.3265 95.1926 97.9635 104.8959 113.6472 114.9764 114.3766 113.9741 113.5551 113.1875 112.8779 112.6035 112.4419 111.8167 111.7079 112.2624 112.5462 112.7714 113.0724 113.4461 113.7476 114.6784 109.6938 114.73 115.4941 115.9277 116.0733 116.4762 117.365 117.7172 118.1 118.4051 118.6245 121.7481 114.0495 113.4972 105.4349 109.0023 115.504 107.3623 114.0409 115.5526 142.2263 113.2119 113.6003 119.1821 123.2573 123.9919 123.5565 123.8383 124.0723 124.0414 123.957 125.2969 115.1271 125.11
120.24 119.8628 119.5287 119.2455 118.781 118.6781 115.6384 112.4966 101.9145 101.4459 100.2304 116.9245 112.7152 115.399 114.8717 114.5803 114.2368 113.9393 113.6272 113.4242 112.8621 117.4627 116.4873 113.6469 113.2951 113.5561 113.8007 114.1089 114.4746 114.8721 113.8216 116.4771 115.936 116.4929 117.609 118.6994 117.3025 117.695 118.308 119.2246 111.4285 122.3018 110.8573 106.3989 105.6228 100.0995 108.3592 110.3419 119.6563 117.8423 100.0324 115.8573 112.4587 124.2347 123.0923 124.0905 123.5927 123.9198 124.2285 123.9443 127.1428 128.1569 117.2911 109.83
120.24 120.0834 119.7339 119.2873 119.5558 116.1088 108.7107 104.3093 101.1903 102.7833 99.8425 115.6669 117.0921 115.9023 115.3466 115.097 114.7511 114.3744 114.3954 114.1572 113.9508 116.0949 115.8013 107.1511 114.7187 114.1775 114.4847 114.7497 115.0483 115.3205 115.7877 115.9208 116.4721 116.6185 106.9754 106.4643 120.5989 119.1107 118.5326 120.3793 107.9795 107.0849 112.4136 106.3709 108.7142 119.531 121.8792 123.7703 120.0505 113.6582 113.792 120.8285 118.3774 123.8988 123.2504 123.5455 123.7644 123.9633 124.3013 124.7405 120.8072 101.3072 127.5496 125.14
120.61 120.2405 119.942 120.0711 120.8103 111.3412 107.0281 109.949 107.451 102.3012 95.6326 117.3799 116.0123 116.2742 115.8404 116.2346 116.0439 116.1723 114.7952 114.8422 114.7423 114.3101 114.5944 114.7023 115.2453 114.8989 115.1231 115.3609 115.6063 115.9004 115.9891 117.2962 115.3408 116.1176 119.3126 107.5275 106.7782 118.2488 117.4707 113.2169 118.2044 104.2645 104.6952 114.0067 103.6073 112.5719 120.7337 120.534 121.6842 130.8512 114.6192 119.2731 123.3956 123.2744 123.4582 123.7381 123.8848 124.0531 124.3792 124.3658 124.824 124.2737 119.6716 125.19
120.68 120.2715 121.2297 119.328 109.6211 108.0028 106.9274 106.8871 107.9752 117.1538 106.3087 119.9032 116.9515 116.8141 115.7922 98.8198 101.9328 114.8077 115.5354 115.4707 115.4005 115.2767 113.3846 114.1781 115.2678 115.5468 115.7294 115.9272 116.1522 116.2949 116.6118 116.556 97.6715 118.7153 103.5338 105.2203 106.3029 118.4342 120.6444 118.9372 105.0426 113.6944 106.8475 109.3248 121.1855 122.6765 122.734 123.3908 123.7814 128.0673 131.0755 123.1048 123.9213 122.8749 123.429 123.1586 123.8066 124.1331 124.2649 124.3967 125.6214 118.7883 119.9707 125.35
120.76 121.4653 111.7655 114.6039 106.6369 108.0947 107.9232 105.322 110.7329 120.5487 111.1045 107.7019 116.7635 117.1443 119.2727 115.4073 116.3063 117.6434 115.9124 116.0907 116.005 115.9289 116.0085 116.0279 116.0193 116.1776 116.2982 116.4706 116.7084 116.1794 117.3249 119.4694 101.2533 110.8638 106.923 104.5801 101.8433 110.0225 119.8353 119.4467 116.2823 110.7827 115.9277 112.7556 113.9781 122.0604 115.7616 114.6785 100.5637 109.568 116.2604 114.5464 115.0338 125.1626 120.5761 128.7688 124.2895 124.3151 124.0887 128.6066 124.3485 125.6949 125.9486 125.38
121.05 121.8745 114.0194 114.6986 110.9808 107.8037 107.6594 109.8171 106.3108 116.3834 110.5123 114.6053 117.9315 117.693 116.6698 118.2365 117.2088 116.7632 116.7633 116.6291 116.564 116.5271 116.4921 116.4974 116.559 116.7027 116.8308 116.9831 117.1466 117.5292 117.6738 106.8858 97.3197 101.5858 99.8193 98.626 96.4603 104.2385 121.008 119.6133 120.4243 121.3758 121.8605 107.1594 112.6355 122.0095 121.6061 122.9659 120.412 117.2295 102.7101 119.0343 109.2598 110.5413 118.5233 124.9599 124.2295 124.3929 124.6472 125.2983 124.8674 125.0312 125.2705 125.4
111.13 111.22 111.7008 111.2323 115.8369 108.4514 108.8078 118.0226 100.1346 103.0725 103.8717 113.0078 119.0641 111.9711 93.8659 120.2307 117.2853 117.3835 117.2505 117.1685 117.0938 117.0635 117.0557 117.0903 117.1564 117.2259 117.334 117.4899 117.5641 117.9751 116.7207 119.3063 112.2445 121.4753 111.7953 104.9063 109.6733 121.7494 118.4101 120.1389 120.496 120.6891 121.2077 113.6286 129.1855 121.0137 122.296 122.1493 122.3016 120.4418 113.0652 101.2566 121.9646 109.833 125.2631 125.0518 123.97 124.4881 125.2627 124.5837 125.0203 125.2059 125.4067 125.57
121.4 122.7787 111.4838 112.9947 118.3669 114.4119 105.0967 101.8879 108.191 107.4556 102.5777 95.762 112.6652 94.8901 95.6652 104.7016 118.3708 117.8697 117.7371 117.6668 117.5967 117.5663 117.5656 117.5944 117.6298 117.6911 117.783 117.96 118.7231 118.169 120.5171 126.8529 105.6449 120.665 118.0041 106.3096 110.9695 118.7223 117.8204 112.641 121.746 120.9553 120.8228 118.2898 114.4827 122.5634 122.1221 122.4153 122.2126 127.0269 124.3775 123.5356 125.0775 123.9905 123.5898 123.7922 124.3374 124.4828 122.8452 124.826 125.5867 125.6737 125.6134 125.59
121.68 121.4086 121.7095 118.3173 114.122 115.979 104.9392 104.9024 105.2433 105.1157 103.1637 95.0276 119.7328 89.4451 118.4865 112.7828 119.7844 118.279 118.212 118.0948 118.0961 118.0541 118.0259 118.0287 118.0975 118.1897 117.9518 119.9709 113.6869 119.4073 108.1325 107.8742 107.4104 120.0621 120.0211 120.9117 119.9548 120.5377 120.2901 121.6765 120.8901 120.2215 126.0419 120.6739 117.9521 122.0551 122.38 122.4626 123.0586 119.8021 123.0102 123.2182 123.2962 123.9014 124.0839 124.3549 124.3237 124.4124 125.2705 125.3169 124.9209 123.9121 122.2305 125.62
121.76 121.6227 121.7425 115.1756 114.274 110.9922 106.7264 109.2735 106.7798 103.8401 99.0283 112.8147 111.9519 99.8207 118.1506 119.6622 118.7209 118.8302 118.5537 118.807 118.4396 118.6033 118.6806 118.6588 118.6708 118.5592 119.2449 123.5763 107.9205 116.4205 103.0735 114.3935 120.4225 119.699 119.9158 119.9466 120.2468 120.5067 120.1805 120.9213 121.9464 121.6022 118.1 104.5989 116.3745 122.8811 122.5154 122.72 122.8477 123.3493 123.4956 123.6377 123.8 123.9599 124.137 124.3123 125.7025 125.7316 125.8098 124.9 124.652 115.5137 113.8426 113.73
122.02 121.9391 122.0046 123.3285 109.5587 108.996 99.0086 109.3139 109.5012 102.6889 112.1612 117.1396 100.6696 105.534 120.3482 119.26 119.3489 118.9812 118.4779 114.0403 120.5994 116.7691 117.2606 118.4846 118.6459 119.0758 115.5187 100.9066 118.9432 116.824 99.3706 121.1079 119.4891 119.9326 120.2361 120.6241 121.144 118.9373 125.5397 109.4985 120.9219 121.3075 117.4062 107.1659 121.4186 122.0956 122.7593 122.8947 123.1389 123.2938 123.4462 123.7024 123.8836 124.0906 124.3233 124.4143 130.4723 120.5006 117.4946 125.4373 125.7408 128.7111 122.424 108.55
122.36 122.1475 122.0197 113.1251 110.2517 112.1964 109.8632 105.1719 104.9709 111.1757 120.2081 110.1955 111.1007 119.5533 120.1513 119.806 119.6539 119.9944 106.7699 119.2996 102.7791 111.2021 107.2237 118.8635 120.1789 116.8425 121.1495 102.8838 102.5401 104.7764 98.435 122.7492 120.5107 120.4353 121.1522 118.4321 122.5381 118.8166 118.925 114.2647 125.5351 111.3387 114.7947 106.3282 109.8439 124.1057 122.758 123.069 123.262 123.4656 123.6677 123.8487 124.0426 124.2339 124.3966 124.3966 128.5237 119.2676 120.8451 126.0589 125.1317 125.5618 114.9393 132.02
122.61 122.1553 122.8857 117.5132 106.3925 114.8018 107.8106 111.2691 102.4284 105.5283 120.9753 107.7671 116.0567 120.1666 120.2537 120.0854 120.1209 120.1262 119.2227 118.7688 121.2409 103.4814 98.518 118.1344 95.6804 99.6297 120.3975 107.8224 98.8578 103.8539 110.4408 106.6243 120.9225 120.7857 120.837 116.7589 113.8851 107.8395 118.8062 111.0566 102.15 107.6478 124.4714 114.4132 115.9437 123.1576 123.0061 123.2389 123.4396 123.6196 123.8096 123.9906 124.1805 124.3625 124.5498 124.7902 124.3011 124.9382 125.5337 125.297 125.7497 128.2433 119.6976 132.02
122.65 122.9079 121.4479 114.9277 115.4071 123.9864 113.3813 110.5728 115.7984 113.7207 124.7358 111.168 117.7779 120.3475 120.5236 120.4628 120.5784 120.4176 106.3057 98.6268 122.1064 118.0873 118.0006 120.8893 98.17 108.5823 111.0762 105.9325 105.2504 100.3005 111.9795 105.6103 121.4246 120.7069 122.0432 118.0278 122.9159 127.6514 124.7379 122.047 109.45461165677655 108.0769 104.2395 126.051 122.5963 123.0598 123.2665 123.4145 123.6028 123.7812 123.9653 124.1425 124.3187 124.4995 124.6769 124.8403 125.0287 125.1737 125.4595 125.434 125.6374 126.3262 114.9624 106.85
122.93 122.753 118.7993 111.9965 119.5256 114.6859 121.2224 105.3084 112.5691 123.0058 106.8302 108.9429 122.1919 121.1928 121.1891 120.685 120.8123 121.293 110.678 122.9425 119.9256 120.8379 120.9485 120.4149 121.0471 123.2755 103.2857 103.796 104.2199 103.1059 100.8405 102.315 120.0068 121.7677 118.8844 105.1898 117.1452 120.959 121.9691 127.606 129.1812 108.9969 121.0997 122.6816 122.9686 123.2215 123.4171 123.5892 123.7647 123.942 124.1169 124.2905 124.4613 124.6365 124.8106 124.9696 125.1578 125.2773 125.526 125.6772 125.6507 125.5777 122.1515 129.82
123.16 122.9738 122.3634 119.5989 107.5592 110.7858 123.3986 123.4575 110.7014 124.3743 107.4451 116.0599 121.9938 116.3808 120.1574 121.0871 121.136 121.0632 121.7815 120.6999 120.4646 103.4858 103.33 118.0013 119.9856 122.8394 104.8645 107.5822 107.6037 107.4654 105.1734 108.4877 122.5766 121.8411 115.1915 122.3255 123.2722 122.8533 122.3541 121.7037 112.9371 109.779 110.914 123.2474 123.3934 123.4959 123.6196 123.7646 123.9377 124.1061 124.2755 124.444 124.6098 124.7773 124.9424 125.101 125.2659 125.5037 124.608 133.9059 110.7023 128.9985 126.7304 126.27
123.2 123.2053 122.9416 123.0234 122.5265 122.4945 122.3777 122.1885 122.557 116.6629 107.1147 115.6561 114.336 121.665 120.9554 121.278 121.2926 121.2688 121.1182 120.3383 120.9469 103.6016 107.192 118.0661 112.0226 115.2169 101.2758 101.9003 105.7891 103.9865 115.4285 121.9736 122.1704 122.0848 122.603 122.285 122.1256 121.7707 122.6262 122.296 117.5796 110.6161 100.5575 119.705 123.3274 123.7868 123.7032 123.964 124.1076 124.2689 124.4309 124.5895 124.7553 124.9153 125.0733 125.2347 125.3972 125.5357 125.6985 126.4646 117.4494 107.3359 111.9414 119.93
123.47 123.4086 123.2636 123.018 123.0377 122.1948 122.716 122.2877 121.9293 112.9915 115.988 121.9675 105.9573 122.9085 121.5903 122.29 121.7407 121.6053 121.1294 122.9754 105.3519 104.8486 102.3815 98.7121 100.5373 104.5067 108.5289 103.8487 105.0914 115.7866 123.2633 121.7657 122.7219 121.5551 122.2298 122.3798 122.985 124.2692 118.9191 124.5331 118.8678 103.9174 99.5597 103.2416 112.2954 124.9207 123.7116 124.1446 124.2659 124.426 124.5811 124.7429 124.8965 125.0524 125.2063 125.365 125.5248 125.6562 125.9368 125.3372 125.9965 128.273 115.1354 105.73
123.71 123.6018 123.4531 123.333 123.142 123.1078 122.9137 122.7678 121.2854 110.4007 122.4988 122.4599 123.3602 121.5297 115.7246 121.4846 121.6463 121.8022 122.4629 120.2028 113.7285 109.2347 109.6207 113.2466 107.3223 102.5421 121.1539 106.1708 117.6823 121.9067 121.9353 122.2926 121.9829 118.8755 122.9145 122.24 123.0525 121.0078 119.24 123.92 122.7915 107.9265 108.8924 117.5723 113.625 124.168 124.1457 124.2985 124.4332 124.5922 124.7412 124.8978 125.046 125.1979 125.3432 125.4962 125.6499 125.798 125.9276 126.1864 126.5113 127.5862 129.1354 123.74
123.95 123.8316 123.6502 123.5661 123.4096 123.2677 123.166 122.9453 122.9668 123.7968 122.7761 122.3655 122.8267 120.579 122.8976 123.6228 122.6867 113.0507 110.3771 124.1819 101.5452 110.3922 112.9607 111.3224 113.0985 97.9563 122.2348 103.3548 123.2533 121.9243 122.4048 122.4553 122.5664 115.8875 116.7604 122.7055 123.361 123.5828 122.4723 123.3331 123.8412 123.4697 111.7235 121.6959 122.4045 124.7424 124.2472 124.4801 124.6047 124.7545 124.8993 125.0472 125.187 125.3345 125.4808 125.6274 125.7768 125.9371 125.9284 126.4383 125.0909 119.9716 113.2421 110.14
120.87 124.0543 123.8782 123.7445 123.6137 123.5002 123.4035 123.1792 123.1901 123.2036 122.9858 122.8405 121.2419 99.5308 101.8858 104.2453 118.0084 104.8182 114.3234 121.7166 110.7223 108.4497 112.6702 117.9537 99.4343 100.6128 122.7786 105.7611 122.7912 122.2038 122.7181 122.755 122.924 121.9221 121.9 123.2437 123.2178 123.1884 122.4036 123.5738 123.8171 123.7504 113.4635 110.8946 122.0111 124.2096 124.5089 124.6085 124.7749 124.9121 125.0541 125.1939 125.335 125.4797 125.6182 125.7674 125.8953 126.0423 126.6255 124.3047 119.9246 113.8541 124.36 108.57
120.87 124.06 124.08 123.78 123.78 123.68 123.5 123.37 123.23 123.23 123.08 123.12 122.96 103.54 100.82 122.85 103.39 100.67 122.69 122.47 122.49 105.62 105.63 122.49 102.67 122.71 122.69 110.14 120.92 120.92 122.77 122.99 122.95 123.11 123.26 123.23 123.37 123.54 123.66 123.66 123.79 123.92 124.06 108.9 108.21 124.45 124.58 124.73 124.84 125.12 125.09 125.34 125.47 125.59 125.69 125.83 125.94 126.06 126.28 113.48 110.15 113.59 108.53 108.53
