122.0200 121.8300 121.6400 121.4400 121.2400 120.8200 120.6600 120.6600 120.1500 120.0100 119.7100 119.4500 119.2700 118.9600 125.4200 119.2000 113.9200 118.2700 117.9800 118.0500 117.7200 117.7700 117.3900 117.4100 117.4200 105.9000 117.4100 100.5400 107.4000 110.4400 107.1100 107.1100 109.1500 109.1800 109.1800 104.9500 111.1300 110.2100 108.8700 115.2600 119.9400 120.1900 101.1900 120.6200 120.8300 121.0700 121.4500 121.6500 121.8400 122.2500 122.4000 122.5800 122.7600 122.9300 123.2800 101.5500 123.6000 106.2200 102.0800 102.2300 109.2400 108.6300 124.8200 124.9600
122.0000 121.8337 121.5938 121.3371 121.0826 120.8382 120.5882 120.3304 120.0683 119.8060 119.6621 114.8745 117.1943 119.6524 120.7029 118.0429 118.1719 117.7728 118.0023 117.6058 117.2498 117.4272 117.1702 118.6184 114.3552 105.5315 108.7387 98.5981 99.9624 108.4300 108.8527 107.0621 105.8990 106.0555 105.8593 103.7078 105.7077 106.4348 104.9907 116.2726 115.1086 116.2204 109.5124 121.3882 122.1532 121.1647 115.6113 112.9871 122.6632 121.9260 122.2887 121.9148 114.2875 123.0432 126.8934 104.2584 109.2481 112.2164 101.8798 104.1991 114.4677 121.4033 125.1166 124.9300
121.9600 121.6558 121.4041 121.1429 120.9171 120.6220 120.3360 120.0698 119.8020 119.5732 119.1420 120.1197 119.7854 114.2561 111.3143 117.9488 117.7146 117.7718 110.5452 116.9998 117.3814 116.6132 122.5954 105.5390 114.6561 99.9274 100.6489 107.8732 103.7332 112.1623 112.9128 100.4710 102.5128 105.6462 108.9634 108.9902 102.2777 102.1803 101.0266 120.2030 119.4996 119.2324 122.5175 119.4205 119.3082 119.8787 122.8643 109.2036 122.3225 121.7085 121.8599 121.6235 113.5768 122.9296 109.5435 103.8784 115.5992 108.0042 106.7139 103.8476 117.1649 117.5337 126.1008 114.6500
121.6300 121.4765 121.2080 120.8778 120.4103 120.2793 120.1699 119.8469 119.4822 119.2287 118.9167 119.0667 118.9808 111.4974 120.4267 117.5459 117.2476 117.4236 113.4632 116.6698 108.5208 105.6142 118.7428 116.4060 112.4691 99.1341 105.5731 113.4627 113.5821 100.8334 101.2146 100.0335 104.9880 109.1858 112.6588 116.0635 108.1350 109.0248 116.2133 118.8543 114.5429 119.0214 100.9776 121.9346 122.5342 114.3369 111.8528 112.8114 121.4252 121.4468 121.8017 122.6610 121.1165 120.1494 114.4292 100.4426 109.8926 105.2205 101.8429 105.8957 110.4691 116.9604 118.9034 114.6500
121.6300 121.3055 121.1330 120.8275 121.0017 120.6183 119.7325 119.5963 119.2951 119.0815 119.7473 109.2801 117.3069 115.8644 116.3195 116.7238 116.8799 116.4133 116.7328 115.9995 107.9772 114.7660 116.4052 114.3080 112.7476 99.3013 99.6581 99.1618 104.7957 95.3565 106.8109 106.2122 100.6179 97.6044 98.9031 109.2224 98.6807 118.1923 118.9083 118.5940 118.2378 120.9646 115.1821 117.5507 100.0641 114.4361 118.4139 117.0481 121.8057 121.5145 123.1434 111.6344 123.1446 123.3104 123.5312 111.9392 110.5097 114.1316 105.9201 115.2190 112.7770 115.1598 114.1451 113.8600
121.2900 121.1320 120.7699 121.1136 113.0633 112.5273 121.8417 119.1050 119.3413 115.3434 118.5652 115.7344 117.5139 116.9209 117.6644 116.7562 116.4025 116.0820 115.8265 115.5174 114.6689 115.5341 114.8130 114.5673 111.7251 100.1797 94.0069 94.8927 99.2730 105.4545 107.9444 102.4668 113.8362 94.4127 95.5335 102.1779 114.5305 117.2376 117.9481 119.0558 102.6657 117.9540 119.6810 105.0182 113.2988 120.0857 120.8989 120.3548 122.3520 110.4651 112.3862 119.0737 122.9678 112.2968 103.4822 103.8013 108.4686 106.1979 107.9067 113.0199 116.7134 113.6151 117.1094 113.9400
121.2400 120.9863 120.8857 126.4195 118.2023 119.6222 119.5814 119.0810 118.8234 118.1005 118.0713 117.7325 117.1515 118.4543 114.4891 117.5126 115.4954 115.6068 115.2247 114.9459 115.5580 112.1473 115.0370 113.8079 110.7475 98.3924 97.5239 99.7425 90.7547 91.2181 96.2298 94.7806 104.9820 97.4917 98.1408 103.8828 118.4167 117.0169 119.3244 118.0179 116.6602 102.9945 105.0510 117.1591 119.5480 119.8259 122.2400 98.7849 112.7448 104.6728 121.5929 124.0779 102.3922 100.1444 102.8981 113.1605 103.0026 112.1729 113.0540 113.4806 113.6674 111.7825 126.3546 105.7300
120.9600 120.8330 120.5268 120.2059 119.7921 119.5205 119.1053 119.0703 118.1197 118.0964 117.7613 117.1894 117.6566 116.1832 98.8296 116.4240 115.4524 114.9380 114.6683 114.4191 116.8688 98.3763 114.2797 113.1724 105.4984 91.7568 91.6739 111.3778 94.9070 90.7085 114.4817 91.3862 93.2084 98.3316 94.9648 111.9440 116.8267 116.8404 117.3307 118.2422 106.6019 100.1790 119.5909 120.0528 109.8926 119.6716 115.7289 104.0436 122.0289 117.0598 117.1465 117.6288 98.7068 103.2041 104.9055 113.0297 113.8346 110.5566 106.7243 125.8040 124.4535 124.6674 123.2280 120.1100
120.9100 120.6871 120.3916 120.0959 119.7259 119.3664 118.8038 118.8319 110.5054 118.6503 117.4011 117.0072 117.8927 112.5382 114.3338 108.4969 113.8086 114.3624 114.2812 110.6436 114.3558 99.9952 114.4326 111.9228 108.2382 91.1671 95.0995 102.9411 95.6748 97.7842 120.2745 106.2931 109.1619 98.0585 101.2487 117.2622 116.0744 116.5197 116.8298 114.2192 118.2217 106.5259 109.9913 116.6748 107.7047 109.7890 109.9918 120.4534 120.2422 120.0888 116.9238 110.0771 105.9669 108.5622 112.5141 112.2121 101.2162 105.2935 122.8193 123.2155 123.8601 123.6496 123.5808 107.8900
120.8500 120.5491 120.2122 119.8594 119.5097 119.1619 118.7779 118.5983 118.2047 117.5037 117.1943 116.7433 115.9294 115.7682 114.2667 112.1110 114.4992 113.7337 113.7576 111.7285 112.4280 113.0773 103.6465 111.9907 110.8234 97.9015 109.9221 112.7138 110.6245 130.8529 113.7411 108.9611 103.4265 117.9453 109.3266 116.8206 116.0974 114.0707 117.1067 100.2342 105.8247 116.3778 94.5773 101.9882 117.1330 117.1565 109.8348 110.0609 120.8743 121.9981 115.1224 113.0071 102.9054 101.4650 105.1667 112.5655 111.4774 111.3362 124.3482 123.6020 124.0577 120.0652 120.1172 102.3900
120.5700 120.4367 120.0892 119.7411 119.3705 118.9955 118.6069 118.0940 117.5186 117.5085 116.8041 116.4346 115.9565 115.3999 115.6083 114.5460 113.7347 113.1858 114.9236 110.6431 112.3326 111.2177 96.5763 112.0527 110.0462 119.6345 93.8619 112.5159 105.3751 112.9722 111.0835 112.9289 114.3884 115.1022 92.9888 106.6630 113.3093 113.2006 108.1375 109.0548 94.3454 100.2088 97.9612 103.4909 100.0067 99.2586 116.2831 120.6553 120.1872 123.0686 115.6728 107.4764 101.2712 105.6933 106.1057 99.3165 111.3735 116.7595 123.4440 123.4581 123.8951 117.3353 120.9727 102.3700
120.4800 120.2331 119.9662 119.5976 119.2210 118.8357 118.4231 118.0245 117.4917 119.1079 116.5720 116.1166 115.5957 115.0283 114.4252 113.7570 113.2477 112.6450 111.6187 108.0507 110.9824 105.3879 123.4191 108.2203 109.2130 110.6029 122.8839 106.2211 110.9333 110.7886 111.0499 111.8785 114.4126 87.4003 91.4860 100.5988 112.9809 114.2785 106.9911 98.8431 94.4655 95.4323 102.0059 104.4788 102.3251 101.7786 120.4703 119.4054 120.5379 116.9413 120.8279 99.3401 96.9699 105.0855 101.5853 102.2563 106.4428 126.1393 123.5438 123.4404 123.5746 124.4114 124.8112 128.1600
120.4500 120.6404 119.8462 119.4723 119.0921 118.6894 118.2713 117.8270 117.3873 116.5780 116.4868 116.1894 115.2927 114.7013 114.4211 113.8348 113.7787 112.2640 111.7125 110.6121 110.3584 112.2850 110.6660 107.2801 107.8158 109.6685 110.4365 108.0105 109.1227 109.7458 111.6795 105.8925 92.9992 88.5104 91.5407 116.8559 115.5603 111.8900 114.6051 109.9029 94.7740 96.9494 101.8026 104.4268 103.5560 98.7604 114.3073 119.5609 120.6448 117.9852 118.6989 113.3205 118.7763 113.1616 109.5122 105.2319 103.8756 114.8437 121.8239 123.3179 123.5872 123.7142 121.7222 106.5600
120.4100 117.7271 119.7999 119.3844 118.9730 118.5518 118.1159 117.6607 117.1971 116.6449 115.9585 114.1837 115.0221 114.3908 113.8094 113.0715 104.2539 110.9697 110.8782 109.1458 108.5502 108.1743 107.6266 106.7286 106.2704 105.9070 106.2923 107.1724 107.8267 109.9967 108.9244 91.9265 90.0292 102.2409 104.5831 113.0433 114.2652 116.5426 111.5212 104.1921 94.6504 94.5512 96.9814 105.0204 108.5044 113.2479 118.4968 119.5662 120.1362 123.8103 104.9504 116.8449 111.8993 112.9114 101.8752 101.8824 104.7270 102.3446 124.5671 123.1250 123.6494 124.0192 122.5331 116.4600
120.4100 118.1771 119.8031 119.2857 118.8761 118.4538 118.0452 117.5852 117.0366 116.4946 115.9669 114.2288 114.7843 114.1104 113.3620 112.7025 109.8439 101.3943 102.0452 111.2729 108.0489 106.8327 105.7197 104.7994 104.2471 104.2387 104.6944 105.5219 106.5081 108.7984 96.2758 92.7078 88.0014 94.7274 98.6542 114.0439 114.2540 102.1974 119.6220 103.8886 91.9022 112.3367 112.1919 115.2975 118.8851 119.8381 119.2712 119.6651 120.1089 108.1931 114.4472 112.0623 100.9657 118.1451 118.9123 100.8351 102.3315 120.8130 115.5074 123.3360 123.7809 122.8577 122.0244 105.8900
120.1100 120.2104 119.6147 119.2051 118.7809 118.3831 117.7083 117.1694 116.9293 116.3816 115.8030 115.2793 114.5491 113.8579 113.0461 113.4480 101.1190 100.9264 92.6242 96.0035 102.4702 105.8492 103.9826 102.6193 101.6452 101.5252 102.3109 103.5660 105.7394 99.6364 96.7568 109.2850 88.6945 103.6825 110.5420 113.2306 109.4799 109.2757 104.3225 108.4087 104.5082 117.8692 118.3011 115.8802 118.4068 118.4929 119.0319 119.8237 119.7661 128.4837 106.0182 104.6092 101.8497 107.1812 111.6739 109.5112 120.1601 111.1552 116.2080 123.4485 123.0236 128.7364 134.8467 125.8800
120.0900 119.9008 119.5356 119.1457 118.7366 118.4483 117.4839 120.3608 116.6356 116.2458 115.6863 115.0441 114.3724 113.6493 112.9484 111.6676 107.2240 96.5802 100.5319 107.5701 104.6514 104.1329 102.1132 99.8848 98.0381 97.7210 99.4082 101.5410 103.6604 105.2675 104.7276 108.8434 108.6326 111.3626 111.9893 112.7052 113.1622 114.3827 113.3858 115.6994 104.8436 116.9633 117.2861 117.4380 118.1695 118.6157 119.1080 119.0013 123.5553 104.4757 98.3463 101.9033 101.2131 104.7017 109.6992 104.5672 111.2480 108.7495 115.4324 122.4811 124.1401 116.0719 114.7004 113.3200
120.0800 119.8942 119.5062 119.1076 118.7006 118.2273 117.6709 119.4809 116.6468 116.1604 115.5941 114.9558 114.2625 113.5247 112.7242 111.7916 110.7271 107.8217 90.7726 113.4348 104.9454 103.0438 100.1412 96.4381 91.7289 91.1681 95.1451 99.3350 102.3079 104.5368 106.5345 108.3163 109.3066 110.5504 111.5866 112.5197 112.6704 118.6893 97.8003 114.3961 115.6443 116.7800 117.1874 117.6298 118.1013 118.8824 116.1884 120.9824 103.9908 102.6397 104.2110 114.9227 108.3374 109.7479 115.3565 117.1736 110.4382 108.5967 119.6308 112.2746 113.9552 113.8724 115.8156 124.1000
120.0700 119.8713 119.4925 119.0506 118.6075 117.6960 121.4715 116.2668 116.0250 115.9682 115.5578 114.8900 114.3896 113.6966 112.8292 111.8354 104.4961 110.8390 109.5017 106.5239 104.4842 102.2021 98.7406 92.5904 86.5125 85.7909 90.5180 97.6450 101.4160 104.0582 106.1103 107.7775 109.2185 110.3845 111.4532 112.4236 112.2595 117.9392 104.8679 116.9402 102.5351 117.4286 117.2018 117.6011 118.0843 118.6356 119.1367 119.6821 121.2876 122.3457 103.9457 108.3016 101.7710 115.2234 115.3517 108.0524 119.2289 122.2889 123.1145 124.2554 123.9437 124.4419 124.2173 124.1000
120.0600 119.8546 119.5035 118.8319 117.7105 113.6385 120.8869 118.5071 116.8228 116.0954 115.5415 114.9048 113.4994 111.5473 110.3716 109.9268 107.0381 111.3491 107.9492 105.6341 104.5980 102.0792 98.5164 91.8599 85.6231 84.6941 89.7396 97.4016 101.2659 104.0040 106.0847 107.7521 109.1502 110.3649 111.4487 112.3599 112.7375 118.1677 105.1114 117.2120 104.1867 117.4535 117.1799 117.5883 118.0664 118.5250 118.9059 119.6236 119.9565 119.6454 107.9091 110.4566 101.6109 112.6177 105.8194 108.6715 120.6575 122.3184 122.6763 122.9031 123.2923 123.5273 123.9135 124.1000
120.0600 119.8579 119.5069 118.9872 118.9979 118.4360 117.3044 117.1052 116.6789 116.1751 115.6552 115.4170 104.1244 108.2171 104.3260 100.0831 105.7073 111.4351 109.6605 106.8071 104.7693 102.6591 99.5777 94.9282 89.7678 89.1649 93.2577 98.7011 101.9470 104.4047 106.3390 107.9463 109.3057 110.4708 111.5319 113.2447 109.7124 113.1248 106.6718 116.4044 117.0665 116.7651 117.1630 117.6199 118.2717 118.5995 119.0189 119.7522 124.0842 109.2381 123.2606 114.4655 104.1271 104.6011 112.8570 114.6445 120.0797 121.6299 122.7210 123.3336 123.5467 123.8601 123.9016 124.1000
120.0700 119.8652 119.5157 119.0635 118.5605 118.2407 117.9058 117.3489 116.7975 116.1409 115.5342 115.6955 107.7814 114.5738 99.7842 100.5405 95.0233 110.2070 111.6360 103.5651 106.1036 103.7362 101.2761 98.6208 96.2387 95.7235 98.0846 100.7823 103.1831 105.1848 106.8802 108.3365 109.5677 110.7027 111.7846 110.7705 98.7227 110.8225 119.2551 109.7397 116.2262 116.6013 117.2002 117.6945 118.1873 119.0612 119.0116 119.3738 119.1701 120.9229 120.4913 121.5945 115.0710 125.0609 123.0356 123.5778 122.7650 123.3547 122.8114 123.2179 123.4419 123.7220 124.4700 124.1000
120.0800 119.8971 119.6329 119.2155 118.8054 118.3306 117.8412 117.3674 116.8697 116.8221 117.2945 111.8176 104.6626 102.0489 101.1253 99.6841 97.5098 115.1370 116.0043 104.6068 106.6682 105.0378 103.8603 103.4808 100.2162 100.4231 101.3949 102.9565 104.6115 106.1879 107.5105 108.8064 110.1620 111.1604 111.8207 111.9403 105.5989 105.4677 101.8758 105.5655 117.0503 116.7434 117.2303 117.7271 118.2151 118.6129 119.0897 119.4782 119.9947 120.1533 120.6097 120.6164 122.1558 122.0159 121.5182 121.8590 122.4384 122.5792 122.9280 123.2575 123.5138 123.8795 123.2618 129.5800
120.3700 120.1922 119.3667 119.1056 118.8798 118.4112 117.9695 117.5618 117.0601 113.7905 107.1233 102.2360 104.1997 96.1706 99.5220 106.6636 100.0697 99.8782 116.7316 100.5114 109.5926 106.2551 105.6772 108.4345 103.2202 103.3966 103.9217 104.9082 106.0618 107.2687 108.6004 109.6113 110.4916 110.1538 112.7505 113.3564 115.4300 116.3757 111.7766 118.7727 116.6813 116.8966 117.4627 117.9205 118.3053 118.7497 119.1582 119.5165 119.8751 120.2538 120.2331 124.6951 120.4633 121.3226 121.4110 121.9917 122.2246 122.5919 123.0406 123.2865 123.5316 123.7564 124.1117 124.1100
104.6700 122.9998 120.2510 119.1557 118.8377 118.5089 118.0704 117.4659 117.4036 112.4991 106.1243 101.5262 107.2836 107.4387 101.3178 104.2627 100.6618 105.9047 102.5134 84.3259 107.1778 109.0468 106.8148 105.7654 105.6487 105.5933 105.9325 106.5872 107.4339 108.2728 109.3876 105.3268 112.1527 113.5489 103.6095 113.9525 113.8694 114.4473 115.6738 116.0912 115.0332 116.9876 117.1616 117.7063 118.4112 118.8242 119.2654 119.6428 119.6043 120.7198 122.4430 122.5175 122.9340 122.5582 123.7973 122.9616 123.4194 123.6183 123.0882 123.3040 123.5932 123.8542 124.0491 124.2800
101.4400 120.4632 120.1385 121.5299 118.8726 118.7153 118.1662 118.3032 118.6030 107.9437 108.2272 104.3509 102.9840 104.0782 103.3729 98.5998 101.0502 103.6135 90.3019 100.9286 108.0480 108.9348 108.1929 107.7373 107.3694 107.3394 107.5781 108.0404 108.6875 109.3917 110.2262 109.4937 112.4515 100.0674 101.5970 114.5555 114.4805 115.1318 115.3774 116.7062 116.5781 117.1186 118.2578 118.8173 118.4489 118.9426 119.2807 119.8235 118.8313 123.2535 120.0268 121.6640 105.8296 122.2616 108.5724 108.6329 121.4953 116.6760 123.0600 123.4420 123.6321 123.7818 124.0680 124.3000
120.4600 120.2113 119.8482 119.9625 119.1445 118.6609 119.2508 106.1698 106.1386 107.4674 104.4716 102.0125 103.1095 100.2444 102.0235 99.4526 101.8862 107.1265 106.4055 114.9993 112.7262 109.9645 109.4516 109.0292 108.8368 108.8063 108.9857 109.3541 109.7322 110.3898 110.9889 111.6572 112.3454 111.2472 113.1922 113.8496 114.7889 115.4019 116.1228 118.8146 111.1367 118.3032 110.1537 104.5659 119.7941 118.9341 119.5028 120.0468 120.1762 123.6688 105.6094 117.8295 106.9420 107.2637 121.3211 121.4063 123.3405 121.4894 123.1392 123.4042 123.6385 125.4295 124.3331 124.3100
120.5000 120.3224 120.0501 119.6720 119.3169 118.9269 119.3034 112.4794 103.8854 103.4151 106.5130 107.3597 111.0006 106.4250 103.1772 103.5487 95.7583 101.3925 113.2430 111.0813 111.3617 111.3110 110.4508 110.3453 110.0966 110.0607 110.1952 110.4775 110.9490 109.8754 112.1513 112.3696 112.8755 113.4803 112.2767 114.9480 115.1556 115.6802 116.1317 116.7239 116.9505 117.6495 117.9856 118.2353 118.9708 119.2294 118.1653 119.4681 120.4865 112.7086 105.0635 112.4135 104.6385 109.9476 122.9870 121.9743 109.3009 122.3579 122.8935 123.5132 123.7367 123.8740 124.1608 124.3300
120.7800 120.5305 120.1727 119.8280 119.4897 118.9978 118.4406 106.1682 107.1653 107.1777 105.9190 102.3290 105.5309 102.1332 102.9736 103.0377 105.8503 95.7300 105.8575 106.4384 112.7126 111.4653 109.4996 112.0672 111.2211 111.1500 111.2635 111.4922 111.8202 108.8076 112.2511 113.1970 113.6295 113.9758 114.7270 107.5037 115.3259 116.0456 116.4976 116.9387 117.4009 117.8013 118.1775 118.5438 119.0096 118.6926 119.5410 135.5494 114.1337 102.4709 108.9485 117.3902 121.8412 112.9774 122.8078 122.8387 123.2590 123.4355 124.8017 123.8290 123.7452 123.9725 124.2196 124.3400
120.8300 120.6406 120.3221 119.9949 119.6403 118.9841 120.3164 105.9029 106.3681 105.5809 103.9691 102.8686 101.7507 103.3961 109.2429 100.8243 98.1060 97.7574 121.5981 107.1577 112.9515 114.2563 112.3818 112.7257 112.2101 112.1027 112.2206 112.4215 112.5581 112.9152 113.4379 113.6263 114.1634 113.9493 114.4749 116.4953 99.8385 117.7509 116.6514 117.2666 117.6575 118.0534 118.5000 119.0912 120.5253 113.5678 121.9615 118.8106 104.6138 107.5039 101.4641 114.4699 108.0691 121.4357 122.0227 123.1800 122.9607 118.2643 130.2880 119.5477 123.9277 124.3592 124.7754 124.3600
120.8800 120.8023 120.4719 120.1701 119.7213 119.7395 117.6147 105.8869 107.8113 101.5679 104.2804 102.6828 104.6426 104.9880 108.0100 99.1194 96.4081 99.3881 111.9907 110.6732 113.2175 113.7762 95.2531 114.8184 113.3500 113.0162 113.0738 113.2028 113.5486 113.7072 114.1307 114.4121 114.6072 115.8344 116.7154 111.5081 110.1947 117.0254 117.1790 117.5250 117.9333 118.3142 118.5282 119.1165 112.6891 119.7635 98.0591 102.7212 108.0646 119.4748 104.5944 114.7532 113.0456 109.8709 113.0080 119.7335 121.9548 111.8673 123.1561 107.9407 122.0284 120.2180 119.8283 124.5400
121.1500 120.8783 120.4290 120.4553 120.7602 117.1968 114.5595 110.1865 112.9474 107.8183 103.5265 99.1364 109.2218 96.7021 103.1792 97.4891 117.7586 121.7820 106.4839 112.5832 114.6252 114.7695 98.5185 114.8156 112.3707 113.6482 113.8455 114.0791 113.3082 114.5883 113.5368 114.6230 115.4334 115.5871 112.7923 109.7081 117.8975 116.8510 117.5615 117.8382 118.2049 118.5384 118.5549 122.7663 103.7358 102.1693 113.1024 104.4241 109.9540 107.7809 108.1981 110.7671 119.5265 109.1429 116.3887 111.3310 115.0621 121.6743 123.6335 125.9242 125.3186 121.4807 114.5151 130.1400
121.2000 121.1756 122.1482 115.4640 117.0935 112.6312 111.1776 113.6439 111.1119 107.2527 100.0950 108.2501 109.7949 101.4468 100.3383 99.2153 109.8805 122.9899 116.3092 115.8790 115.1093 116.3387 115.7529 114.5456 124.6472 114.6344 114.5495 114.9253 114.0900 119.0031 121.0157 114.5163 115.7433 115.0402 106.2217 116.3079 116.1849 117.4401 117.8164 118.1506 118.5056 118.9259 120.0277 114.4727 104.9806 98.8149 120.5905 112.4293 104.5048 109.3290 107.9354 113.8910 109.2590 118.0099 120.1890 119.0699 122.2082 119.8479 120.0000 119.1528 119.4137 121.4408 123.9035 124.5900
121.5300 120.5859 115.1461 109.9360 112.8114 115.4434 110.2403 113.8107 108.7887 111.2632 106.4386 104.7427 107.5207 105.0152 102.5504 100.7604 96.2888 108.8251 117.7311 115.8128 112.4125 114.5450 116.3170 103.4071 102.5879 114.7645 115.2936 115.4153 115.2112 120.2897 104.7911 116.1738 116.3963 118.8138 104.1483 115.4612 117.7915 117.8234 118.1428 118.4747 118.6689 119.2230 112.1144 108.2781 109.9543 117.8107 110.8685 121.2228 100.1353 102.9683 110.2524 113.6120 109.9866 116.7538 113.9844 117.1482 123.9248 122.7686 118.9157 118.6223 121.8488 108.8172 116.8207 124.7900
121.5300 119.8365 110.0264 110.8642 113.9757 112.1065 114.2441 115.5881 112.3823 114.4001 109.2108 99.1316 104.8893 103.3914 99.4156 98.2255 109.2819 104.5045 117.3334 116.4981 116.2413 116.3220 116.3837 115.4573 114.8148 116.2452 115.8702 115.8965 116.1910 116.0083 117.5790 116.3619 116.8667 116.7469 117.5687 118.8140 117.4974 118.2217 118.4752 118.7805 118.9790 120.0755 107.3585 101.2886 103.4749 122.0364 101.5838 123.0250 109.0105 102.7262 106.6675 107.4952 113.0850 122.7277 112.6656 112.1696 115.8891 126.2104 125.1624 124.8704 124.8113 121.0347 122.8152 124.8200
121.8500 119.2095 111.1331 112.4193 115.3095 112.5834 113.0233 112.6045 113.1575 112.0378 109.8705 105.8990 104.9452 100.9647 102.2396 100.7797 113.3809 114.3730 117.4170 116.6770 116.6863 116.6036 116.3139 116.3401 116.4704 116.4201 116.4488 116.4417 116.5648 116.6795 115.0573 117.2805 117.2887 117.5663 117.7117 117.8855 118.2979 118.5264 118.8161 119.0782 119.3954 119.5337 118.6832 115.9697 116.6887 102.9159 103.9536 106.7963 107.6654 111.0139 110.1011 121.9708 120.8078 122.2101 117.9505 114.4910 111.2415 120.3803 115.9766 121.8880 124.5154 124.4318 124.8862 124.8500
112.8900 115.7639 113.3744 118.2649 114.9787 114.6009 113.3081 112.8155 111.2115 109.1762 108.1293 103.3094 104.7757 100.5758 105.5184 119.0203 118.1890 117.9393 117.2182 118.6369 117.2251 117.1917 117.1516 117.0499 116.9508 117.0114 117.1555 117.3673 116.0518 118.7536 116.1717 117.6403 117.7426 117.9424 118.1691 118.3972 118.6397 118.8937 119.1283 119.4058 119.5379 120.4868 107.0041 115.7586 121.2599 103.0272 107.9919 104.7684 99.7394 113.0063 109.9454 118.3460 118.0777 123.7433 121.3483 115.3615 122.7576 124.8824 114.4423 121.6013 124.7002 120.7939 125.7909 125.0200
113.4600 114.4038 116.5509 115.8699 115.3677 114.8354 112.8234 111.6798 111.4621 110.3741 108.8935 108.2781 106.9611 104.2421 111.6609 119.1615 118.2478 118.2926 109.6924 116.8029 117.7356 117.6573 117.4795 117.6669 117.7543 117.5183 118.2374 107.2965 97.8421 106.4263 118.2805 118.0292 118.1668 118.3662 118.5673 118.7575 119.0115 119.2233 119.4032 119.6663 119.8716 120.9397 113.2702 104.6033 112.1106 113.3703 99.1930 110.6818 108.2949 109.2129 110.3674 125.1220 115.8328 114.9686 124.2908 122.9348 123.8014 124.1015 124.3453 119.8126 121.0057 106.0627 119.7306 125.0600
114.8400 114.3898 115.1304 115.7882 115.3519 113.2353 112.1649 111.5678 111.3683 111.1508 110.8466 106.4289 105.5844 112.6452 119.3218 118.9179 118.8477 118.7293 118.7963 118.6497 118.0282 118.1422 118.8837 114.8318 117.7799 118.0041 118.0543 116.8759 112.6779 119.1354 118.5227 118.4846 118.5993 118.7611 118.9463 119.1519 119.3571 119.3574 119.8342 120.0786 120.2181 120.5301 118.0150 118.8209 103.9246 106.6327 106.4364 99.6479 110.0085 116.6617 115.2217 121.9537 122.9761 123.2810 123.4259 123.6243 123.7926 124.0729 124.2346 124.3366 125.2741 120.2544 125.5617 125.0900
122.4900 113.5115 115.1224 115.1590 113.8278 110.3811 115.1378 111.6094 114.3512 112.6706 108.7488 109.4106 121.8203 122.0302 119.3473 119.2869 119.2077 119.0281 118.7698 118.7730 118.4696 119.2431 113.4029 103.1411 120.3124 117.9399 118.5071 118.4809 119.4500 118.1860 118.5754 118.8832 118.9921 119.1500 119.3223 119.5041 119.4355 120.8267 113.7842 119.4672 120.4685 121.2989 110.4555 110.8841 113.8511 119.6450 104.7721 109.4120 114.8637 110.3735 108.8837 110.7920 118.7267 124.0872 123.6428 123.7630 123.9520 124.1388 124.3267 124.4722 124.7870 122.9678 118.2084 125.2600
122.5600 119.6173 114.9729 115.8519 101.0408 115.6865 112.8835 113.0543 112.8705 107.2341 109.0458 107.8204 100.8209 119.9845 119.8946 119.7464 119.5475 119.4332 118.1362 119.0960 118.9733 119.0717 118.9820 120.9063 118.7442 118.8883 118.8547 118.8674 118.8290 119.2021 119.2005 119.2459 119.3754 119.5307 119.6689 119.8412 120.0085 118.5284 103.8468 121.2046 120.2115 122.2479 121.0631 105.7570 117.4399 106.5161 118.8703 115.1734 105.8369 111.8158 109.3120 111.5772 111.7281 113.8328 124.0746 123.8445 124.0049 124.2878 124.4709 124.6236 125.5885 113.1122 108.6357 125.3000
122.8000 122.8407 114.8917 115.8184 113.8115 110.9540 115.7113 114.4777 112.0428 109.5668 115.7081 116.7645 94.5483 125.2416 120.3286 120.0622 119.9197 119.8012 119.8167 119.5859 119.4907 119.3062 119.5540 118.8506 119.1905 119.2673 119.2954 119.1914 119.3974 118.8236 119.6006 119.6434 119.7643 119.8431 120.0953 120.1558 120.3863 121.1785 118.3483 121.6308 120.4156 116.6328 114.3866 104.5795 103.7318 107.3012 105.1407 119.6998 112.2550 110.2119 106.4172 113.7986 113.5218 116.3224 124.5888 122.2533 125.3661 124.3359 124.5266 124.8076 124.7869 127.2929 122.5390 125.5000
123.1000 118.7916 115.6471 114.8588 115.5746 114.0177 114.1694 109.2861 106.2477 110.6801 104.6661 102.3246 108.9055 121.1027 119.9652 120.4054 120.2618 120.1320 119.8926 119.9471 120.3727 113.7646 120.6137 120.0629 119.7338 119.6743 119.6925 119.4987 119.5969 118.4411 119.3848 120.0820 120.1184 120.4058 120.1405 120.5837 120.6869 120.3771 120.6893 121.7653 127.7499 131.9530 103.9526 113.0367 111.5813 111.1170 111.5566 116.3852 116.8334 117.5133 110.8660 109.6035 112.1722 113.8579 120.0495 119.2871 123.8017 124.1521 124.8942 125.6490 125.4104 123.8738 116.4427 125.5000
123.3300 118.4534 118.2636 116.0646 114.6003 113.5786 113.3453 103.3063 101.2814 102.0390 102.4410 98.5428 123.1336 120.6945 121.0009 120.6321 120.1837 120.4828 121.2628 120.2841 120.7245 120.9270 116.8679 117.2091 119.3336 120.0840 120.1209 120.0492 119.9881 128.2527 121.8961 119.3917 120.5287 120.7238 120.3371 130.8531 121.1605 122.0489 121.3411 121.5975 106.9940 102.7931 112.3077 105.4924 98.5795 105.6762 108.5936 115.9636 122.3257 120.5179 116.2916 116.7508 117.8015 118.4305 115.3533 118.1699 120.6173 125.7918 121.9284 125.1318 118.7796 124.1584 120.5377 114.9900
123.3300 120.5105 125.2737 121.1559 113.8055 114.7090 115.3226 114.1034 112.8750 99.8400 96.4031 106.5248 119.0689 121.0777 120.5999 121.6853 122.2361 120.0279 112.8826 120.5342 118.1579 117.9580 117.5979 121.1556 121.8847 120.4256 120.2807 120.1800 120.7067 112.4481 104.5016 121.0335 120.9013 121.9502 113.1517 119.3882 114.4409 119.5224 108.9708 122.4860 103.1733 105.2765 103.6302 112.9850 118.5340 122.4135 102.9702 122.2988 115.9012 115.9223 111.4212 124.4657 114.4264 122.3144 120.4175 115.7039 116.3070 119.5449 121.5175 125.1179 109.7485 120.1136 126.3783 111.1500
123.6300 123.2688 123.9831 117.0916 114.1930 113.6017 101.9637 112.3519 107.5286 99.6745 99.9965 127.2819 121.4040 121.5333 122.9476 114.2813 110.2865 99.4475 109.9884 120.9661 112.3257 120.5588 100.6618 98.4623 113.4774 118.6698 120.7012 121.0739 120.9988 122.3967 103.7425 122.0506 117.8319 123.0101 106.0686 96.6195 104.4098 121.5861 109.9877 107.6981 102.6290 104.1961 107.8941 110.5276 118.3077 122.9443 119.0187 118.7478 121.5790 102.1933 100.9369 127.2296 120.4039 125.4670 115.6871 123.2741 115.7945 120.1115 124.8567 105.6215 124.2967 107.6752 123.7038 108.6600
123.6300 122.8605 115.6982 115.0409 114.7597 115.8169 111.7793 108.8417 104.0178 100.6456 103.4934 122.3508 122.9913 121.6564 120.0731 102.6997 114.9925 103.0672 120.4638 121.1695 122.3834 122.0110 113.7757 116.6844 119.5760 116.2288 118.9014 109.3520 119.9743 105.0403 104.4185 97.9195 103.4435 119.4333 119.9119 99.1133 105.2339 100.7958 101.1056 101.0052 101.2306 104.4972 107.0301 107.0528 114.4035 113.5874 125.7528 116.3395 116.1266 122.1808 109.3028 124.1673 124.1238 124.0573 123.3639 118.5305 121.8416 124.5668 119.0703 109.9575 125.5575 126.6595 126.1627 125.9600
123.9100 121.1361 115.3184 115.5095 114.2838 116.1355 111.0853 106.4693 110.4213 108.8386 118.4918 101.1525 119.9665 122.3261 111.7415 105.2396 120.6573 122.2543 121.6598 121.7032 121.3986 121.0700 112.0733 118.7207 120.8698 121.6913 121.5090 121.7653 122.3657 101.7996 104.3439 100.9184 103.3229 110.5680 115.8793 99.4717 122.9566 121.3030 123.2889 102.6748 110.4950 104.5868 105.6562 108.0954 102.1432 116.7913 122.9363 123.7102 120.5225 107.2312 116.4993 125.6112 124.2830 124.5944 125.0030 124.6838 125.6888 125.2521 124.6732 119.7324 106.2283 124.1197 126.1994 126.1200
116.1500 116.7534 116.4651 115.5490 114.7028 117.3625 108.9475 103.9656 110.8413 106.4029 106.3630 101.5929 119.5179 117.3071 100.4297 105.2801 113.9334 123.2915 121.2319 121.8522 121.8814 121.7220 122.5973 121.8602 121.8234 121.6678 121.8341 122.1170 121.1752 124.5879 105.7484 106.2698 103.6648 103.0968 99.8480 106.9264 123.6453 122.5696 123.8151 111.8900 125.0042 118.5327 118.9441 110.7672 114.3631 122.8984 123.0760 124.3371 103.6921 102.0270 106.7597 102.9881 119.5321 125.1699 124.7810 125.0591 125.1778 125.3250 125.5545 125.9840 125.6669 125.9904 125.9524 126.1600
121.5900 116.6677 115.9209 116.0174 114.9646 101.2368 108.6742 108.4700 106.1107 104.3926 104.7296 98.4785 114.5345 106.4117 104.2004 99.2663 108.9840 120.7595 123.1105 122.1648 122.7103 121.8473 121.6288 121.7911 121.8220 122.0992 122.1877 117.8649 122.6074 124.3535 104.6515 113.4315 103.0046 106.5456 101.4628 108.7434 124.2675 122.6391 122.8614 124.1750 122.9398 122.5925 113.6430 100.4546 108.6977 119.7047 125.0968 124.5742 124.0235 119.0970 109.2512 106.3086 124.9838 124.6079 125.0848 125.1279 125.3413 125.4898 125.6425 125.7433 125.7530 125.9943 126.1937 126.3200
121.5900 115.0009 116.4773 117.5070 116.4189 107.1810 111.0174 104.5417 101.1024 106.6746 101.2172 101.1750 124.3151 106.9332 107.9458 106.9991 111.0944 109.3106 123.8378 122.6252 122.2920 123.0209 123.5424 123.4606 122.9306 122.2918 122.2878 123.3189 122.8738 119.5631 106.5528 109.4566 106.2728 114.0215 101.6585 105.3330 123.2590 122.7992 123.0746 123.1988 123.1350 108.6920 105.9558 102.2759 105.1088 118.1278 124.7253 124.1759 124.4296 124.8030 126.0777 124.6582 125.7737 124.9582 125.2937 125.5245 125.5120 125.6468 125.7254 125.9361 126.0908 126.2221 126.3438 126.3600
124.6000 123.9712 119.6934 117.0615 110.6042 111.3637 117.6739 107.1083 109.3209 110.7554 104.8663 102.7044 123.1562 108.1719 111.0261 106.7988 117.2311 123.4767 119.2635 122.9391 123.8576 116.5632 116.7324 112.7000 121.9958 122.5416 123.8922 113.0221 109.7963 114.4258 108.2505 102.7193 122.9875 111.4289 109.4473 102.9597 118.7658 123.1516 123.3853 123.4823 124.0386 124.2253 104.5014 108.8543 117.0385 114.8325 124.0273 124.9377 124.4723 124.5979 124.6010 124.6110 124.7903 125.1766 126.0559 121.8656 124.4928 125.5781 125.8906 126.0258 126.1430 126.2573 126.4051 126.5200
124.7900 123.8274 120.6948 117.4750 111.8629 110.0264 105.3427 104.1848 109.4462 104.4766 105.1032 110.5064 113.4218 108.1273 109.4240 123.5589 120.1087 123.2836 121.4217 114.7796 119.2209 120.8390 119.5885 118.7439 126.3324 122.4362 120.3145 106.8733 105.8018 103.4709 120.5699 106.5092 107.0711 124.5209 110.8565 107.1283 124.6046 124.6565 122.6488 123.4703 123.3388 124.5747 108.4700 106.6545 125.2916 115.9236 123.8571 117.6475 124.6780 124.8422 125.0239 125.1126 125.2630 125.3355 125.0261 119.9752 122.4552 127.1629 125.6932 126.1532 126.2984 126.4889 127.6553 126.7200
125.0400 123.2952 119.4113 119.0221 110.0928 110.5371 107.5218 110.8628 108.1523 103.3095 104.0801 126.4190 112.6355 109.1674 117.3778 124.5789 123.2618 120.6336 100.5724 112.3501 114.8186 105.9805 111.0046 113.0123 109.6841 125.2038 124.1586 108.6999 103.5474 103.4130 106.1818 109.1235 110.2137 123.7151 125.6767 105.2590 110.0096 115.9517 121.3070 124.2609 123.8938 116.5818 108.4053 107.1127 125.4367 125.9935 125.7116 124.6233 125.0186 124.9909 125.1132 125.2285 125.3736 125.5068 126.0145 128.1418 109.5793 123.6310 126.2190 126.3053 126.4395 126.1026 124.8655 126.7200
125.2400 120.2855 121.2939 115.1215 109.9646 109.2966 119.4661 110.2232 114.3851 105.9658 108.5697 115.4634 109.3691 109.6061 116.2518 123.4058 123.2720 125.5159 112.6207 111.0376 126.4711 103.8287 112.9892 106.4107 108.2368 107.2668 119.2649 114.4648 101.7058 103.5348 117.1050 107.7491 120.0744 124.4583 124.6631 112.7247 106.8334 110.2691 109.2195 119.6362 119.1028 113.5392 109.8454 117.3576 112.5991 124.7508 124.5854 124.8403 124.8926 125.1930 125.2752 125.4056 125.5283 125.6410 125.8417 125.8639 117.6955 125.5327 126.1071 126.3963 126.5248 126.5355 132.5703 126.9100
125.2400 122.8350 124.7742 113.7529 112.7248 111.8750 106.9503 116.7118 106.1419 107.7823 108.0541 112.8005 111.3553 109.5054 120.5387 122.6562 123.9740 120.8846 98.1493 117.1764 126.4797 103.4197 113.5605 106.5670 105.8498 104.1854 120.5334 103.8043 103.1152 101.2732 123.4701 106.3291 112.7168 122.6208 125.1105 111.1898 108.4139 106.6854 107.4990 123.2428 116.5060 104.7161 108.4615 126.3367 124.8211 125.2570 125.0248 125.1408 125.2538 125.3301 125.4494 125.5667 125.6797 125.8052 125.9255 126.2054 126.1466 126.5369 126.4289 126.5414 126.6112 127.6266 115.1518 126.9100
120.2400 124.7996 122.5110 109.7708 113.1250 116.2334 128.3746 119.9589 106.3679 110.7294 115.4501 113.9430 111.5684 116.9964 118.1696 118.7480 124.4372 125.7169 107.9376 124.8946 125.5722 104.3668 125.4963 123.7670 124.1703 126.0787 106.0967 116.6019 106.1081 113.2976 122.8847 117.1396 122.6300 125.5049 122.0554 101.3492 108.2922 99.5697 111.0991 102.9373 109.7560 110.7303 104.4134 125.6400 124.8472 125.0175 125.1888 125.2742 125.3899 125.5033 125.6098 125.7251 125.8399 125.9467 126.0979 126.0913 126.9691 126.1350 127.3796 127.1541 126.6994 127.1373 122.9749 109.5600
125.0000 123.0305 121.9742 117.5855 123.8132 121.9412 121.3106 109.1635 109.7624 115.0074 114.5340 114.6963 102.9257 119.4231 121.7279 125.8215 119.4265 124.6857 108.3628 123.4761 131.0826 104.7474 114.5069 113.9625 116.9125 126.0141 102.7423 108.2532 110.5835 107.9559 124.8779 124.2470 124.2704 117.2786 104.0431 121.0801 101.2781 118.7321 115.0575 124.8226 119.4829 104.0076 111.8260 125.0737 125.1662 125.2540 125.3625 125.4581 125.5576 125.6704 125.7762 125.8827 125.9950 126.1084 126.1575 126.6169 120.8081 116.4186 121.2580 120.8972 121.6621 128.3520 121.6833 105.2500
125.8400 122.0527 120.8624 121.7631 125.8963 124.6689 117.4392 111.5523 113.1652 116.5868 116.2123 115.2857 118.4403 104.8124 118.3897 124.5552 123.8114 123.2780 110.1984 118.5051 122.8406 107.3319 121.1876 113.1720 117.1060 104.6740 102.4211 107.4356 108.2631 105.8416 123.3389 124.0059 124.9602 124.5902 120.9477 126.7356 115.1662 126.3445 120.2246 125.7305 112.5980 118.0247 115.0474 125.1266 126.3599 125.2445 125.5325 125.6318 125.7294 125.8298 125.9349 126.0411 126.1402 126.2526 126.3640 126.5100 126.8424 127.3595 126.3627 122.1175 105.0290 105.5456 105.2155 123.3500
126.0000 125.1356 125.7050 126.0121 125.4536 126.4503 125.8246 118.4362 115.2705 116.8007 115.7114 108.7083 113.2903 116.9892 127.2613 124.4218 124.4600 123.8829 112.3620 118.5262 102.1683 105.9398 103.4355 103.7162 103.9898 107.5086 104.8831 107.1062 108.1760 109.3587 124.0518 124.1720 124.5579 111.3086 121.7110 124.4178 126.1024 122.6419 113.1114 125.0788 108.5308 104.8181 105.5693 107.3419 124.2672 125.6839 125.6926 125.7914 125.8926 125.9804 126.0846 126.1903 126.2903 126.3800 126.5136 126.6818 126.5909 126.8061 127.0601 127.3714 128.2779 124.8778 108.1852 122.0900
126.0300 126.0363 126.0578 125.8539 126.0359 121.0317 126.0906 126.3915 119.3382 117.8478 116.1178 116.7282 115.6332 121.5058 124.4765 125.6773 124.5502 124.0736 115.6301 125.4105 116.3997 107.1014 107.3686 106.1709 104.1491 108.9098 105.6059 108.4632 112.5406 118.1097 124.9040 124.8453 125.4195 124.3244 126.4722 124.9928 124.5272 117.2357 114.6853 125.2600 101.5205 122.3762 107.9547 108.2708 128.8778 125.4325 125.8627 126.0335 125.8734 125.9626 126.2917 126.3405 126.4522 126.5102 126.9318 126.1256 127.0643 127.1988 126.2425 127.2961 126.6345 119.0244 119.4683 107.3300
126.3900 126.2402 126.1418 126.0573 126.5905 122.2112 126.0909 126.8456 117.9996 117.5594 116.9102 116.7865 118.5681 106.3352 124.9573 118.1400 119.7171 121.1678 116.4353 124.6718 100.3596 106.5954 114.7772 109.7842 103.9484 110.3269 107.1211 111.6136 115.4255 118.8143 124.0524 124.8550 125.1610 125.3815 119.6006 126.3347 125.7051 124.7161 119.0610 125.4578 119.6080 110.7154 127.8594 123.6403 127.0685 125.9952 126.0327 124.3053 129.7384 126.2100 126.5261 126.4843 126.5989 126.6352 126.9794 127.4686 121.5287 129.9353 127.1318 128.0654 127.4018 121.6997 115.5378 110.1600
126.3900 126.4037 126.3207 126.2614 125.9939 126.2036 117.8215 126.0781 120.9460 118.2714 117.4516 118.4788 104.5756 122.8781 111.3641 103.6525 103.9251 108.1663 118.7008 125.5046 106.1866 113.7820 114.3667 105.3713 106.0742 111.3481 108.9223 111.8714 115.6385 115.9361 118.5542 125.4865 125.3372 125.9914 120.7050 125.3008 125.4160 124.1188 114.6039 125.5589 116.9392 102.9605 124.0646 123.3058 125.8406 126.1386 126.1911 130.6403 115.4160 127.2805 126.5117 126.6452 126.7712 127.1103 125.4584 127.3599 116.0984 108.2198 127.1027 124.1439 120.3288 121.3271 120.0708 110.4800
126.5600 126.4600 126.4800 126.3500 126.2600 126.1600 126.0600 126.0600 125.9500 118.2600 118.3300 125.7500 125.7600 112.9700 112.9700 103.5400 103.5700 103.5700 125.4300 124.2400 105.3900 114.9100 119.0500 105.6600 105.3800 110.6900 107.8800 111.6600 116.5600 103.4700 125.7000 125.4400 125.4100 125.5700 125.5300 125.6700 125.6500 125.7700 125.7700 125.8500 125.8500 103.9700 126.0700 126.0700 126.1800 126.2700 126.3600 126.3600 126.4600 126.5800 126.6700 126.7600 126.8700 126.9500 107.7900 127.1500 127.2500 127.3400 127.4300 119.8600 124.0700 124.9500 111.0100 111.0100
