124.6500 124.6500 124.5200 124.3900 124.2400 124.2800 124.1200 124.1500 124.1500 124.0100 124.0300 123.8500 123.8600 123.8800 127.2100 127.7900 123.9100 123.9100 123.9100 115.2200 123.8900 123.8700 123.8600 124.0400 124.0200 124.0000 124.1600 124.1400 124.2900 124.2600 124.4000 111.9200 109.7000 124.6700 107.1000 124.9100 124.9100 125.0200 125.1300 125.2400 125.3800 125.3600 125.6200 125.6200 125.8500 125.8500 125.9400 126.2000 126.1700 126.4000 126.5300 126.6100 126.7300 126.8500 126.9300 127.0400 127.2700 117.5900 114.7600 116.6300 113.7900 122.9500 127.9400 127.9400
124.4400 124.3462 124.3500 124.2734 124.1959 124.1166 124.0459 123.9787 123.9224 123.8702 123.8196 123.7779 123.7352 123.7260 123.6903 124.0708 123.5573 123.5895 125.8470 107.5578 125.6564 124.3903 124.9448 123.7348 124.8642 124.6636 124.3098 121.9451 112.9105 112.2354 126.2695 118.1129 106.8683 106.4207 104.2069 108.6534 125.6611 125.7132 125.9721 124.9385 121.2827 125.0999 125.5516 125.5412 125.6457 125.7950 125.9088 126.0356 126.1493 126.2728 126.4003 126.5244 126.7159 126.7306 126.9496 120.5644 116.4383 107.6134 111.1653 116.7608 115.7464 125.6089 127.6046 127.9000
124.4200 124.6903 123.8106 123.9879 123.9844 123.9006 123.8180 123.7527 123.6914 123.6292 123.5854 123.5365 123.4981 123.4684 123.4530 123.4449 123.4883 123.7060 114.9458 120.6771 124.0711 116.7372 119.6248 125.5888 111.3062 124.1382 123.7185 116.6612 121.3200 106.0290 116.8573 117.4863 104.2227 106.7320 114.1419 115.4691 125.3513 120.7869 116.0093 125.7837 124.1577 123.9365 125.7341 125.5582 125.4625 125.6414 125.7586 125.8846 126.0132 126.1328 126.2514 126.3207 126.5008 125.8963 129.0675 115.0361 113.4113 109.6024 121.9755 121.2800 115.7868 128.3182 127.6817 127.9000
123.9900 128.6939 123.8584 124.3420 123.6466 123.6703 123.6049 123.5069 123.4492 123.3907 123.3309 123.2837 123.2501 123.2120 123.1907 123.1618 123.1648 123.2574 123.7805 123.4590 124.0210 116.7172 116.1597 129.3969 127.5729 123.1843 123.4698 128.0073 124.6139 113.2285 103.1710 102.5021 107.5368 104.4002 119.6117 113.9393 126.0388 121.4802 124.7499 123.2550 119.4805 125.3119 123.7645 124.2158 125.4861 125.4733 125.6196 125.7424 125.8682 126.0635 126.1226 126.3634 127.5979 127.4813 118.6234 111.2963 124.7924 122.1836 117.4198 128.5897 124.7307 128.2709 127.6902 127.7300
123.9900 123.8134 124.2532 118.2615 123.4108 123.4390 123.3357 123.2625 123.1999 123.1375 123.0763 123.0362 122.9843 122.9525 122.9310 122.9072 122.9107 122.8232 122.5768 125.2138 114.5218 113.4609 123.0396 120.8550 122.1089 123.3028 122.7173 120.3527 106.6888 125.0272 105.6363 117.4095 110.0949 124.2323 122.8462 121.1807 124.8716 125.6947 124.2138 125.4098 124.2849 124.4105 128.4316 127.8400 124.9271 125.3481 125.4566 125.6032 125.7315 125.8513 125.5670 126.3325 121.3551 108.7705 112.1748 113.8109 130.0062 127.6986 119.5758 117.1614 127.7882 127.2483 127.5775 127.5900
123.7600 123.5739 123.8631 120.2040 123.7887 124.5722 123.1450 123.0159 122.9474 122.8772 122.8207 122.7688 122.7187 122.6806 122.6573 122.6378 122.6228 122.6554 122.5774 122.5122 117.8726 109.9002 116.4510 124.0442 122.8936 122.8258 123.0296 124.7526 123.1886 110.5661 118.6435 113.2500 103.8408 121.6385 124.5896 123.7156 123.9534 124.0727 124.0931 124.3168 124.6088 124.7098 124.9275 124.9419 124.9923 125.1926 125.3155 125.4518 125.6003 125.3745 128.5364 117.0312 108.8180 109.9835 113.1389 114.7849 116.8229 112.4315 107.8199 121.4500 127.5848 127.3030 127.4870 127.5600
123.5200 123.2967 116.9592 126.3596 122.4696 122.7886 122.9231 122.7632 122.6878 122.6030 122.5555 122.4935 122.4479 122.4080 122.3735 122.3531 122.3413 122.3287 122.4172 122.2804 124.0060 112.0819 111.3544 123.1016 122.6044 122.9942 123.0668 120.1530 122.7211 108.4667 111.1720 112.6275 117.2074 95.4463 120.2792 123.4086 123.8220 123.9105 124.0566 124.1756 124.3151 124.4549 124.5973 124.7225 124.9134 125.0154 125.1629 125.3091 125.5068 125.3410 126.4460 104.6667 108.1416 119.3906 115.9793 118.3949 126.2652 110.1107 127.9558 127.2344 127.0830 127.2655 127.4210 127.4200
123.2500 123.2365 123.1290 122.4253 122.6705 122.8144 122.5763 122.5012 122.4132 122.3370 122.2765 122.2124 122.1582 122.1181 122.0862 122.0632 122.0568 122.0516 122.0695 122.0563 121.6820 130.2878 120.8443 122.2830 119.7712 122.6044 122.7126 115.1849 106.4922 114.0769 128.8719 122.7473 124.6930 102.7211 120.0108 123.2543 123.6509 123.6363 125.4616 123.8572 124.3877 124.2766 124.4231 124.5756 124.7177 124.8601 125.0031 125.1778 125.4779 124.8796 114.0266 108.8548 107.5197 124.9145 127.4125 117.2721 119.7792 127.1874 126.2869 126.8775 127.0231 127.2033 127.3351 127.3800
123.0100 122.7693 122.7609 122.5363 122.5406 122.4413 122.3027 122.1947 122.1464 122.0536 121.9889 121.9250 121.8681 121.8226 121.7909 121.7669 121.7555 121.7519 121.7654 121.8066 120.9660 123.3148 121.6501 122.2350 122.2196 122.0632 122.0212 124.2434 108.2106 110.6143 113.8717 112.1214 115.5394 123.4523 123.0246 123.2988 123.3239 123.6233 119.5370 112.0102 124.6890 123.8558 124.2508 124.4047 124.5613 124.7073 124.8724 124.9594 125.2663 122.7165 123.0526 112.8127 127.0578 126.9573 119.4368 116.6352 115.7516 121.6695 127.1525 126.8247 126.8731 128.3889 127.4848 108.0000
122.7500 122.6812 122.5156 122.4224 122.2974 122.0367 122.1779 122.2175 121.8741 121.7648 121.6912 121.6297 121.5668 121.5168 121.4908 121.4637 121.4434 121.4360 121.4523 121.4392 121.7114 121.5293 121.6327 121.5146 121.6889 122.0017 122.0386 122.2127 115.7329 123.7923 120.5482 122.7303 122.5064 123.4080 122.9336 123.0581 123.1379 124.2488 114.1886 117.7226 125.0789 123.9194 124.0890 124.2411 124.3949 124.5519 124.7295 124.7476 125.9739 115.4406 116.9235 125.4691 125.5499 126.3752 109.7839 109.9329 123.2577 126.3050 126.4977 126.6700 126.8517 126.7643 127.4874 127.2100
122.4700 122.4171 122.2819 122.1455 122.0264 121.7015 120.5897 119.4424 121.6250 121.4328 121.3905 121.3134 121.2535 121.2040 121.1432 121.1222 121.1119 121.1199 121.0580 121.2761 119.2249 121.3076 121.0090 122.7746 121.5147 119.5004 121.4035 122.1294 121.6110 122.1462 122.0181 122.0681 122.4888 122.4923 122.6457 122.7735 122.9580 122.9617 118.2482 110.4059 122.6547 123.7239 123.8931 124.0668 124.2353 124.4004 124.5526 124.7314 124.9077 125.9640 126.3957 123.4159 125.4257 128.5390 118.4771 118.7348 126.3391 125.9053 126.5078 126.5939 126.7624 127.0158 127.0742 127.1800
122.1700 122.1799 122.0110 121.8950 121.8308 121.2015 119.4421 123.9606 121.0850 121.2046 121.0806 120.9959 120.9316 120.8773 120.8032 120.7818 120.8019 120.7785 120.7674 120.7352 120.7000 120.8454 122.1224 125.7487 121.4885 119.8248 121.6916 121.3178 121.5941 121.6792 121.8523 122.0008 122.0643 122.2521 122.4046 122.5748 122.5928 122.5063 122.5845 120.5091 124.8756 123.5283 123.7263 123.9032 124.0653 124.2386 124.4089 124.5889 124.6242 124.7021 124.6762 126.1621 126.4747 119.0764 110.7047 119.6891 126.8018 126.3365 126.3674 126.4851 126.6323 127.1302 127.0701 135.0400
122.1700 121.7396 121.5057 121.6382 121.4936 121.5466 119.4062 116.8590 120.8440 120.9156 120.7199 120.6751 120.5929 120.5415 120.4387 120.0771 119.4383 120.4260 120.4507 120.4724 120.5128 120.6052 120.8031 122.1936 120.1502 121.0446 120.8835 121.1730 121.2851 121.1910 122.0111 121.4378 121.9023 121.9989 122.1653 122.3300 122.4043 123.1661 122.6740 122.2907 123.2933 123.3569 123.5543 123.7314 123.9056 124.0827 124.2612 124.4312 124.6536 124.7959 124.9556 126.3361 116.5341 108.8062 112.6124 108.3146 120.7049 126.2596 126.1840 126.4194 126.5486 126.2157 131.9251 116.4800
121.8900 119.9787 120.5796 121.3500 121.2428 120.6803 120.6950 118.6690 121.6815 120.0741 120.5319 120.2613 120.2461 120.1802 120.1325 120.0614 119.8863 119.9435 120.0451 120.1196 120.1048 119.9968 120.9251 120.4047 122.1299 120.7860 120.7294 120.8337 120.8542 123.1013 119.4787 122.4402 121.4258 121.7514 121.9322 122.1069 122.6531 118.8009 124.8576 120.7645 123.4926 123.1815 123.3838 123.5640 123.7492 123.9266 124.1140 124.2849 124.4628 124.6188 124.5465 124.9521 128.5298 123.2307 127.1699 125.8485 122.6584 126.2254 126.1189 126.3143 126.4958 126.3407 127.1802 116.4800
116.0200 129.3883 121.5727 121.0471 120.8832 120.5716 120.6903 109.4854 118.8597 117.9932 119.7495 119.9394 119.8852 119.8131 119.7487 119.6388 120.9748 120.6812 119.6093 119.6006 119.8407 121.3303 115.6431 111.4912 110.1070 118.6637 120.2202 120.5614 120.7892 116.7626 105.9205 121.4623 121.1942 121.5353 121.6723 121.8741 121.8899 121.4816 123.0243 122.7132 122.9807 122.9947 123.2000 123.3945 123.5834 123.7749 123.9593 124.1484 124.2131 125.8293 126.6391 125.5713 125.0956 125.0664 125.4640 126.1482 125.6449 125.9111 126.0762 126.2220 126.4620 126.4379 131.5997 114.1000
125.2800 123.4202 120.3752 120.7776 120.5824 120.4122 121.0800 119.8282 121.9884 119.5739 119.8168 119.5689 119.5018 119.4295 119.3493 119.3105 120.1465 121.5375 119.2712 120.3838 112.6286 118.1313 115.3898 106.2265 114.8683 121.1753 120.2937 119.9138 120.2449 121.6474 121.1100 120.3525 121.0495 121.2410 121.4356 121.6279 121.8166 121.9789 123.2660 122.4241 122.6576 122.8234 123.0335 123.2293 123.4201 123.6236 123.8009 124.0317 124.5024 117.4818 117.6166 124.2336 124.6310 126.1990 126.4099 125.9139 125.8011 125.8189 125.9660 126.1454 126.3184 126.4958 127.9117 133.8900
120.9300 120.7330 120.7876 120.4658 120.2865 120.1663 119.9027 119.5441 120.9886 119.3299 119.3029 119.2081 119.1067 119.0213 118.9586 118.9074 118.8168 118.4805 118.6356 121.2102 113.9067 108.7637 115.9770 118.8292 117.0953 112.3993 119.2658 120.4980 120.0625 119.9789 120.3559 120.6520 120.7796 120.9631 121.1824 121.3911 121.5988 121.7838 122.0311 122.1302 122.4579 122.6494 122.8556 123.0643 123.2670 123.4666 123.6625 123.8961 123.9696 123.7566 126.2717 125.1549 124.7199 120.4628 110.4515 117.1159 126.1876 125.5958 125.8917 126.0570 126.2157 126.3490 126.3517 126.6200
120.5700 120.6265 120.3729 120.1862 119.9691 119.7696 119.6097 119.4022 119.0866 119.0681 118.9376 118.8050 118.6904 118.5975 118.5309 118.4769 118.4600 118.5229 118.2086 118.3777 121.9235 116.5940 120.2322 104.2059 107.7753 110.7526 110.0544 119.8524 119.4898 119.8978 120.0824 120.2758 120.4955 120.7025 120.9519 121.1443 121.3838 121.5848 121.8142 122.0343 122.2341 122.4688 122.6817 122.9016 123.1115 123.3164 123.5224 123.7263 123.9472 123.6791 125.0154 111.1527 126.3421 125.2181 125.2780 125.3232 125.4786 125.6414 125.7976 125.9723 126.1367 126.2976 126.4623 126.5900
120.5400 120.3230 120.0993 119.8705 119.6516 119.4375 119.2288 119.0331 118.8494 118.6827 118.5155 118.3832 118.2595 118.1609 118.0768 118.0247 118.0127 118.0022 117.8840 118.3901 115.2870 118.0998 115.8746 114.2473 121.3448 121.4609 116.3313 117.8982 119.6932 119.5054 119.7757 119.9833 120.2205 120.4344 120.6574 120.8231 121.0972 121.3578 121.6073 121.8386 122.0601 122.2890 122.5114 122.7358 122.9514 123.1708 123.3880 123.5955 123.7997 123.9861 124.7716 124.9529 123.5753 120.8978 124.7734 125.0478 125.3042 125.5405 125.7184 125.8940 126.0626 126.2333 126.4385 126.5600
120.2000 120.0455 119.8037 119.5656 119.3159 119.0953 118.8710 118.6587 118.4587 118.2692 118.0964 117.9420 117.8067 117.6950 117.6148 117.5545 117.4591 117.4758 117.1088 118.2593 109.4541 118.2207 120.5530 118.8700 117.2677 118.0644 117.4973 114.1372 119.0000 119.2091 119.4467 119.6845 119.9280 120.1471 120.4247 121.8643 121.8669 120.8706 121.4404 121.6041 121.8638 122.0946 122.3644 122.5692 122.8024 123.0319 123.2451 123.4674 123.6757 123.8802 123.9024 128.4166 119.8637 129.9137 125.1482 125.1333 125.2802 125.4335 125.6257 125.8162 125.9896 126.1741 126.2050 126.4100
119.7800 119.7664 119.4971 119.2809 119.0178 118.7430 118.5071 118.2689 118.0469 117.8445 117.6553 117.4839 117.3374 117.1972 117.1008 116.9555 117.6195 117.9512 117.5191 110.4865 116.9574 117.1672 116.7172 117.2678 118.3081 115.9678 110.6924 119.3174 118.6380 118.8806 119.1175 119.3202 119.5435 120.1689 120.1510 119.9059 115.1220 122.3789 121.5526 121.5653 121.6738 122.0930 122.1795 122.4102 122.6560 122.8880 123.1099 123.3382 123.5559 123.7872 124.0595 123.5113 124.2094 124.5354 124.6352 124.8216 125.2615 125.6970 125.4989 125.7444 125.9157 126.0674 127.5133 126.3800
119.7800 119.4799 119.2178 118.6988 118.6073 118.3792 118.1189 117.8725 117.6270 117.4004 117.1903 116.9993 116.8226 116.7127 116.6463 116.5832 116.3202 116.2551 117.4352 106.9798 112.0377 116.6978 117.0459 116.2935 115.5016 103.1874 106.2423 118.2529 118.2723 118.4899 118.7801 119.0644 119.2660 116.1802 119.6453 120.5359 108.4854 115.3953 117.0995 121.1388 119.0914 122.5823 121.8304 122.2749 122.5109 122.7482 122.9898 123.2235 123.4401 123.5516 124.4278 125.5780 121.0652 120.8481 125.4419 125.4739 120.5403 124.0977 125.5003 125.6876 125.8589 125.7984 128.6416 130.8500
119.3900 119.1966 118.9532 118.0803 118.3769 118.1981 117.7363 117.4227 117.1922 116.9417 116.7185 116.4874 116.3114 116.0419 115.8038 116.1366 112.2606 109.9525 117.6864 102.4316 118.3490 116.2923 115.8076 123.9404 108.9576 116.4003 105.4770 119.4613 119.3675 117.9462 118.6250 118.6933 119.3711 116.6513 120.7939 120.6680 116.4413 115.1930 116.0631 125.1430 122.5131 118.3178 121.8461 122.1949 122.3760 122.6175 122.8406 123.0540 123.3461 123.9271 120.3759 114.8875 119.4120 121.3739 119.2737 122.9681 119.0013 124.3254 125.3368 125.6002 125.7790 125.9243 125.5847 128.9000
119.3300 118.9149 118.6153 118.2647 117.6325 115.8616 117.6052 117.0132 116.8382 116.3449 116.0612 115.9750 115.7526 115.8462 116.3524 115.2271 115.3052 114.9458 112.2020 121.7558 115.8631 116.8047 115.1078 118.3195 115.8639 120.1672 111.8276 110.4849 110.0520 118.2251 117.3856 117.7443 124.0551 111.2463 114.0776 107.3041 118.9319 120.4120 121.0652 123.4828 124.1972 120.0312 121.6347 121.8148 122.1081 122.4785 122.8642 123.1353 123.0083 123.0913 111.5435 117.1405 117.0702 122.4430 115.4033 125.9431 127.7919 127.1240 125.1861 125.5256 125.7266 125.9412 126.0959 126.1700
118.8700 118.6334 118.2650 118.1133 117.7022 116.1348 116.9754 116.6555 115.4530 116.5974 116.3351 115.4289 115.1650 115.3358 107.6688 110.4713 108.2263 108.7073 115.4773 114.8310 114.6742 115.0006 115.2411 115.2096 117.3429 118.4385 115.9793 117.0764 118.7554 117.5880 117.3635 117.9822 120.4290 119.7944 107.5642 118.7734 107.0041 121.3241 119.4638 118.5984 121.0969 121.4891 121.4355 122.1829 122.1064 122.4053 122.1320 122.1171 122.9831 125.7007 107.2442 115.9747 112.4404 121.6605 125.2265 119.6160 116.3145 123.4889 124.8337 125.5100 125.6438 125.7621 125.9385 126.1400
118.4600 118.3651 117.9704 117.5935 115.2025 117.2996 116.5505 116.0078 121.4576 109.8175 112.7319 115.0828 114.4835 114.5420 111.9753 107.1452 118.0296 105.8811 113.7571 114.0163 114.1846 114.3973 114.5521 115.0179 115.3189 114.6770 113.5639 116.2661 116.6720 117.2202 117.7368 117.7179 118.3126 117.8563 117.4887 120.2493 116.2660 119.7635 124.8461 121.9824 120.9302 120.3826 124.6271 110.4656 123.1403 122.3095 124.2141 125.7555 123.0097 114.7349 110.0495 111.9845 114.6350 124.9085 124.2030 125.3064 121.4733 126.7032 125.2345 125.4036 125.6508 126.2318 126.2949 126.1200
118.3900 118.0818 117.6938 117.3226 116.5863 116.5131 116.0887 115.8807 117.1620 115.8172 113.9307 114.0933 113.8499 113.7940 108.9825 111.0752 106.8906 109.0296 113.6182 113.2296 113.4372 113.6984 114.0021 114.4005 114.7178 115.1803 115.2764 115.8485 116.4779 115.2196 116.7039 117.5110 117.8740 118.6622 110.9326 108.8715 120.6139 119.8505 120.3946 120.3157 120.8369 121.5622 126.2785 120.1449 121.7612 121.8111 126.1673 108.4657 121.9202 107.1410 101.3736 109.5538 119.0455 124.4043 124.2715 124.5746 124.4877 124.9976 125.2052 125.3014 125.5172 125.8891 125.9240 126.1000
117.9900 117.8130 117.4058 116.9808 116.5848 116.1150 115.6661 115.2395 114.9156 114.2684 113.9497 113.5004 113.1243 112.8162 112.5181 114.8618 110.5725 106.3989 112.3312 112.4272 112.6431 112.9554 113.3081 113.6926 114.1357 114.5333 115.0303 115.4897 115.8757 116.3378 116.8069 117.1901 117.6203 118.0372 118.4383 129.2393 106.3330 121.2356 119.6501 120.1962 120.5924 120.8044 121.1066 121.6299 121.6952 121.4137 122.8582 113.6968 110.5255 115.3161 115.0277 122.1778 121.9837 120.7947 124.1881 124.5616 124.6493 124.9624 125.0016 125.1816 125.8449 125.6962 125.8797 125.9600
117.9000 117.5592 117.1334 116.6885 116.2190 115.7533 115.2478 114.7856 114.2210 113.7977 113.2528 112.7979 112.3647 111.9710 111.6292 111.0841 111.1728 112.1971 111.3283 111.4915 111.7867 112.1510 112.5760 113.0416 113.5330 114.0050 114.5367 114.9199 115.4392 115.9995 116.4483 116.9171 117.3800 117.7180 118.0597 118.6955 118.8060 119.3541 119.7266 120.0509 120.3982 120.7219 121.0547 121.2843 123.5829 108.5783 121.6520 111.7689 117.7263 117.5907 122.1266 114.6955 119.2067 124.6538 124.2051 124.4096 124.6065 124.6975 126.8319 110.5170 127.0605 125.6156 125.7580 125.9400
117.4900 117.3218 116.8637 116.3854 115.8914 115.3771 114.8532 114.3059 113.7400 113.1787 112.6191 112.0573 111.5330 111.0600 110.6476 110.3950 110.1861 110.0069 110.2328 110.4864 110.8468 111.2925 111.7985 112.3359 112.8576 113.4885 112.9005 112.4922 115.4517 115.6308 116.1378 116.5812 116.9732 117.5384 115.8537 118.1777 119.0305 119.0378 119.5574 119.9248 120.2487 121.0400 120.9170 118.3627 111.3760 130.0566 105.9147 120.3156 117.0699 114.8534 111.9529 115.9102 123.3553 123.6796 124.1579 124.3800 124.5861 124.8382 125.5267 126.1801 125.2784 125.6262 127.0430 125.9200
117.3900 117.0919 116.6090 116.1015 115.5733 115.0259 114.4457 113.8507 113.2265 112.5903 111.9417 111.2896 110.6616 110.0703 109.5632 109.1583 108.9261 108.8882 109.0321 109.3482 109.8071 110.3609 110.9268 111.5624 112.4562 112.8389 113.9194 113.5666 114.4360 115.2694 115.8692 116.7835 117.4011 118.2695 104.3043 107.3008 118.3688 118.7966 119.4481 119.8191 119.8846 122.5872 121.8400 112.7564 109.5026 109.1044 113.2839 116.1633 118.7491 119.1915 110.7543 125.0064 123.5727 123.9025 124.0971 124.3228 124.5433 124.7841 124.8768 125.0194 125.4389 125.0031 130.4941 125.9100
117.3300 116.8870 116.3804 115.8427 115.2798 114.6887 114.0709 113.4075 112.7252 111.9979 111.2522 110.4955 109.7384 108.9991 108.3413 107.8140 107.4987 107.4243 107.6234 108.0631 108.6582 109.3729 110.1160 110.9565 109.8093 112.6624 113.1699 111.7210 113.7164 115.0930 115.0873 114.7943 112.1135 113.2730 104.8323 116.3939 117.5050 118.8114 119.3191 119.6799 119.9858 120.2592 122.2087 133.8910 115.6588 123.6266 123.3378 122.8267 127.4561 117.6607 124.8949 123.0181 123.5562 123.8176 124.0651 124.2880 124.5108 124.7424 124.9722 125.1871 125.4187 125.7640 126.2665 125.9000
117.2600 116.7018 116.1741 115.6112 115.0109 114.3822 113.7144 113.0006 112.2433 111.4335 110.5801 109.6850 108.7576 107.8192 106.9610 106.2394 105.7794 105.6824 105.9710 106.5701 107.3847 108.2980 109.1561 109.9982 108.0899 112.0255 112.5493 113.6422 114.2148 114.3117 119.2129 100.9371 99.9974 101.2657 107.2269 120.2998 118.1738 118.7902 119.1986 119.5722 119.9541 120.4563 120.1182 120.2361 121.8592 121.3462 121.8966 123.2257 121.8829 108.4806 125.0806 123.3279 123.5541 123.7677 124.0052 124.2466 124.4712 124.6907 124.8987 125.0790 125.2832 129.5020 126.0301 125.8900
116.7800 116.5396 115.9896 115.4017 114.7806 114.1123 113.3953 112.6297 111.7928 110.9011 109.9317 108.8710 107.8376 106.6814 105.4018 104.3550 103.6544 103.4928 103.9602 104.8613 106.0020 107.1695 108.3305 109.6055 110.7307 111.3497 112.2109 112.9539 113.7671 113.9225 123.1792 111.5564 110.1597 111.0641 116.7889 117.4614 118.2514 118.6852 119.1006 119.4966 119.8711 120.4916 121.1808 121.3305 120.7745 121.1128 120.8386 111.6431 118.7465 104.2766 119.7561 123.4990 123.6411 123.8026 124.0405 124.2410 124.4709 124.6785 124.8881 125.0806 125.3377 125.1244 125.7351 125.8700
116.7300 116.4033 115.8402 115.2292 114.5881 113.8854 113.1210 112.3152 111.4159 110.4330 109.3509 108.1054 106.5933 105.1167 103.7434 102.0895 100.8785 100.5874 101.3815 102.8684 104.5039 106.0680 107.4841 108.7007 109.8551 110.9298 111.8721 112.7372 113.5087 114.5720 117.9023 118.1838 117.2037 117.7354 117.3072 117.7646 118.1908 118.6207 119.0230 119.4056 120.0066 120.7887 120.3953 121.7206 122.4206 122.9838 130.7326 111.9317 106.3276 110.6056 115.2745 124.4247 123.2597 123.4610 123.8349 124.1257 124.3703 124.6258 124.8631 125.0719 125.3321 125.5641 125.6813 125.8600
116.7000 116.3113 115.7304 115.1060 114.4328 113.7060 112.9244 112.0551 111.0988 110.0077 108.7991 107.6019 105.4445 110.3112 101.0210 99.4020 96.7264 95.9699 98.0352 100.5718 102.9476 104.9527 106.6875 108.2033 109.4693 110.5926 111.5896 112.4871 113.3179 113.9605 114.2192 114.9752 115.8283 116.4182 117.0834 117.5306 117.9815 118.5074 118.9763 119.3557 119.8431 121.6688 112.8516 120.4825 105.3121 110.1839 118.2314 120.8314 113.7792 115.1855 116.5199 124.3949 124.5310 124.5468 124.2393 124.2391 124.5471 124.5789 124.8612 125.0598 125.2649 125.4608 125.6738 125.8500
116.6800 116.2431 115.6559 115.0157 114.3298 113.5933 112.7796 111.8772 110.8828 109.9037 108.6781 106.9000 105.0293 104.2806 99.9610 96.0148 90.3783 89.1825 92.8739 98.3622 101.5798 104.3549 106.2529 107.7839 109.1472 110.3517 111.3893 112.4111 113.1900 114.0060 114.7589 115.4237 116.0357 116.5647 117.1030 117.8865 118.2129 118.3851 118.9349 119.3293 119.7762 120.2027 120.4670 123.8324 119.9272 107.1530 109.9985 111.6743 122.7068 119.0276 114.5383 115.7933 115.9337 114.8240 123.7552 121.3514 123.9694 124.4926 124.8529 125.0596 125.2603 125.4646 125.6676 125.8500
116.6600 116.2142 115.6144 114.9705 114.2823 113.5308 112.7092 111.7979 110.7087 109.8785 105.4158 106.9169 106.6440 102.0961 99.0026 93.0779 85.9241 84.4471 88.8515 96.6293 101.8765 97.8631 106.3506 107.5849 108.9952 110.2329 111.3049 112.2682 113.1287 113.9115 114.6126 115.1780 115.7984 116.5170 116.9882 111.1189 117.2422 118.2385 118.9537 119.3532 119.7228 120.0765 120.8109 122.4851 118.0273 117.4680 114.5384 108.6041 111.3505 116.0325 121.2532 119.8244 122.9647 123.3270 123.9567 124.1051 124.3839 124.6090 124.8430 125.0477 125.2588 125.4594 125.6538 125.8500
116.6600 116.2205 115.6212 114.9783 114.2912 113.5400 112.7151 111.8245 110.8861 109.5830 105.5092 107.1752 106.3020 102.3336 99.1791 93.4254 86.9124 85.5188 89.4792 96.9415 101.6510 97.5458 106.6174 107.6216 109.0109 110.2514 111.3224 112.2790 113.1434 113.9130 114.6242 115.4294 115.3648 116.6092 116.8480 112.0045 117.1586 118.0127 119.0122 119.3990 119.8439 120.1323 120.5392 120.1651 118.8096 113.2483 110.4166 113.3777 117.4336 116.1790 123.5755 122.8398 123.3576 123.6100 123.9091 124.1587 124.3954 124.6178 124.8450 125.0491 125.2608 125.4480 125.6344 125.8500
116.6700 116.2599 115.6638 115.0370 114.3476 113.6129 112.8586 111.5969 108.0785 105.5587 108.9997 110.3230 105.2012 103.1532 100.5674 96.2027 91.7755 90.6511 94.1016 98.8531 101.8949 104.4139 106.3220 107.8834 109.2101 110.3948 111.4423 112.3675 113.2255 113.9742 114.5494 115.9290 102.6406 109.0474 115.4844 107.7262 118.4801 118.3914 118.7536 118.9674 119.6780 120.0162 119.6770 124.2216 114.4127 120.4847 104.1670 122.0456 121.7915 123.4787 123.3173 123.0882 123.4141 123.7246 123.9620 124.1840 124.4061 124.6232 124.8473 125.0465 125.2864 125.5058 126.1704 125.8500
116.6900 116.3313 115.7533 115.1329 114.4626 113.7457 112.9839 112.0167 111.8184 110.5262 108.5067 107.1203 106.1666 104.3133 102.2197 100.0466 97.9384 97.3043 98.9341 101.1118 103.3078 105.1841 106.8423 108.2841 109.5230 110.6570 111.6527 112.5465 113.3682 114.1501 114.2229 115.7592 119.5202 101.2462 108.7964 105.1751 117.7152 118.1317 119.5675 108.2445 120.0970 122.6045 119.2031 117.5242 112.5816 103.0923 112.8567 119.8000 117.3513 118.5119 120.3422 123.4946 123.7775 123.6984 123.9467 124.1892 124.4117 124.6392 124.8565 125.1062 125.2978 126.6048 122.5433 125.8500
116.7200 116.4355 115.8776 115.2693 114.6312 113.9387 113.1093 112.2668 108.6249 110.6758 109.6979 108.3598 106.9668 105.5917 104.0928 102.6469 101.5629 101.3117 102.0242 103.3560 104.8535 106.3468 107.6325 109.1213 110.0690 111.0330 111.9427 112.7879 113.5873 114.3160 113.3435 121.8968 116.2221 104.2163 111.2591 114.8718 118.5554 118.7994 119.5751 121.6059 121.0152 117.1018 108.6445 107.2043 109.4734 113.1920 124.0900 117.5753 122.0918 117.3128 115.5093 121.0978 120.0034 123.6855 123.9319 124.2018 124.4352 124.6579 124.8698 124.9261 124.9361 126.7157 121.0597 110.5600
116.7700 116.5776 116.0321 115.4551 114.8326 114.2037 113.2176 112.3872 104.6046 112.4086 110.0086 109.0092 107.9908 106.8866 105.7981 104.8300 104.1779 104.0455 104.4450 105.2860 106.3341 107.4377 108.6622 107.4226 110.5765 111.4214 112.3119 113.0960 113.8265 114.4961 115.4114 115.2253 116.3280 117.9902 115.2637 113.6260 115.4584 118.2872 114.7377 110.4675 114.4932 105.9453 96.4845 97.9164 102.4864 118.5626 105.9041 113.1198 110.8887 110.4114 127.8606 119.0734 116.5295 122.6267 123.9795 124.2830 124.4586 124.6721 124.9006 124.9708 127.6894 119.3419 126.2880 125.8600
117.2400 116.7423 116.2199 115.6663 115.0780 114.4452 113.6292 114.4222 105.9874 111.6581 110.6920 109.8916 108.9910 108.1281 107.2940 106.6211 106.1745 105.9692 106.3611 106.9396 107.7094 108.5421 109.6796 107.5878 111.0531 111.9166 112.7330 113.4491 114.1288 114.7728 115.2764 115.7495 116.1939 116.9145 115.7174 119.2476 111.8668 120.0022 118.8177 114.6980 102.5690 97.1465 99.2804 99.4201 98.7617 109.7938 112.3084 110.7617 114.4751 118.1558 120.5455 117.1798 120.2562 123.9489 123.8714 124.1292 124.4510 124.7438 124.9404 125.0819 128.1609 113.9707 124.9133 125.8700
117.2400 116.9363 116.4365 115.9028 115.3557 114.7533 114.1938 113.5497 113.3868 112.1919 111.4242 110.6664 109.9512 109.2393 108.6454 108.1719 107.9901 109.0428 107.9939 108.3683 108.9248 109.6029 110.2839 111.1476 111.9169 112.4991 113.1753 113.8388 114.4677 115.1001 115.2463 116.7750 117.9366 118.2317 119.4986 129.5712 116.9709 111.6644 106.3902 120.1855 122.6235 97.4425 101.5462 96.1331 109.6709 121.9890 123.6900 124.4023 122.9886 140.9104 123.5181 111.0748 112.3644 124.9965 124.4700 124.7668 124.6298 124.6951 124.8075 125.1631 125.0878 123.6970 125.8678 125.8800
117.3800 117.1494 116.6739 116.1692 115.6493 115.1089 114.5647 113.9552 113.2921 112.6327 112.2252 111.4980 110.9456 110.3095 109.8445 109.5031 107.0660 101.4325 109.4621 109.6090 110.0495 110.5837 111.1712 111.7547 112.3770 113.0461 113.6506 114.2548 114.8181 115.4269 116.2700 110.8323 115.8215 107.3583 119.1404 127.0476 105.3645 105.7118 108.8414 110.7223 116.0921 109.1407 120.6477 116.0339 120.6082 121.6956 121.6576 122.1583 122.7710 115.0571 131.2994 113.9417 109.8739 120.8049 117.1789 120.6518 123.9602 124.7130 125.8356 125.4946 125.1229 125.8070 126.2375 125.8900
117.7900 117.3753 116.9265 116.4590 115.9733 115.4654 114.9438 114.4131 113.8213 113.1659 112.4250 111.8919 111.7052 111.2724 110.9358 110.9854 99.9880 100.3107 111.2470 110.7220 111.0582 111.4954 111.9831 112.5067 113.0450 113.5972 114.1370 114.6811 115.1993 115.7359 116.0593 116.3534 117.8304 104.8063 117.2971 103.4691 119.7964 104.2314 105.7777 106.9183 110.9910 109.5037 114.7748 115.1765 113.7339 123.3612 122.2452 122.4565 122.5059 122.3080 109.7703 119.4880 122.1851 123.8414 109.8790 111.2210 114.6814 121.9033 118.5608 119.1233 127.8754 125.5968 125.7115 125.9000
117.8700 117.6262 117.1964 116.7539 116.3030 115.8243 115.3656 114.8705 114.5432 116.4231 111.5102 112.1057 112.6158 112.1618 111.8643 111.8787 113.8701 112.6155 112.0086 111.7126 111.9817 112.3402 112.7484 113.1930 113.6626 114.1459 114.6359 115.1136 115.6312 116.1333 116.5230 115.2208 123.7028 117.7975 119.2996 109.4458 119.2904 118.1466 118.7345 119.4080 121.1184 114.3654 110.8436 110.4998 112.2473 113.5337 121.7069 122.3871 122.7557 123.3978 125.0466 123.1273 123.6756 124.1959 123.2213 123.3093 124.2063 124.5546 124.6258 122.1309 119.5553 125.4627 125.8270 126.0400
118.2700 117.8869 117.4825 117.0667 116.6479 116.2227 115.7275 115.2378 115.5063 105.7734 100.5700 111.3693 113.2910 113.0134 112.7679 112.4688 111.9803 112.2275 112.3562 112.6069 112.8363 113.1305 113.4694 113.8567 114.2594 114.6873 115.1321 115.5607 115.9617 116.2602 120.6187 119.7684 123.4282 120.5736 118.3957 118.8396 119.3758 119.4730 119.8704 120.2543 120.4875 120.9051 120.5959 122.2215 108.1779 121.0078 122.3970 122.6561 122.6025 126.0589 124.7130 109.1530 125.3140 124.0398 124.2530 124.4916 124.6779 125.0284 125.6799 120.3941 124.5353 125.3780 125.9701 126.0500
118.3600 118.1524 117.7674 117.3818 117.0095 116.5383 116.2815 114.9456 115.4617 115.5187 114.5108 115.4013 114.5310 113.5749 113.5214 113.3575 113.3236 113.2452 113.2825 113.4647 113.6037 113.8602 114.1488 114.4820 114.8322 115.2256 115.6031 116.1128 116.0877 116.8360 98.6637 105.3190 104.1037 118.8951 118.6086 119.0528 119.3956 119.8552 120.0998 120.9205 120.7264 120.7286 121.6473 132.1627 114.0397 122.5015 121.9880 122.6936 122.9112 123.3464 123.4284 124.3357 124.0881 124.1473 124.3660 124.6275 124.9111 124.4265 133.1810 132.6518 123.4399 126.1000 125.2711 126.0700
118.4600 118.4241 118.0703 117.7066 117.3664 116.9785 115.8330 104.2512 116.1495 111.8901 115.3704 102.0828 111.0018 114.2706 114.2749 114.1155 114.0285 114.0284 114.0738 113.8357 114.4020 114.5379 114.8342 115.2001 115.4198 115.7224 116.1496 115.0351 121.3176 108.5308 111.2053 99.9139 102.5939 108.4790 119.5578 119.4897 119.4118 119.8718 119.7426 124.5857 120.1758 119.1958 122.5121 118.3516 107.9926 124.0088 122.2933 122.7738 123.2216 121.6735 123.6352 123.5658 123.8740 124.2124 124.4006 124.7560 124.3518 126.1096 124.4211 125.3478 107.7167 127.0148 118.1725 117.7200
118.8400 118.7020 118.3655 118.0354 117.7186 117.2115 118.0937 119.2676 115.9122 110.1090 101.2670 109.7504 115.8798 114.7966 114.9534 114.8099 114.7438 114.7261 114.6875 117.9461 114.2483 115.2190 115.1603 114.5988 115.8567 116.2350 116.5950 116.7908 130.3483 107.0725 100.6109 103.0151 102.2616 115.7371 114.7330 121.8855 121.7474 120.8501 120.5652 121.1300 122.1694 115.5372 120.8293 112.0936 111.1123 123.4662 122.6983 122.8566 123.1154 123.5102 123.7121 123.9002 124.0965 124.2699 124.4435 125.0114 124.2387 133.5981 125.5895 125.7095 127.2754 128.1773 119.9787 111.8800
119.2000 118.9813 118.6678 118.3678 118.0191 117.8347 116.8735 117.0659 115.7447 118.0645 105.8831 118.1025 115.5654 115.7522 115.5522 115.4580 115.4007 115.3873 114.6794 116.3847 116.9535 115.0704 116.4369 116.7760 116.5021 116.6481 117.0359 115.9493 120.2072 110.8830 98.8870 100.3250 106.6587 110.1854 102.3209 106.9228 113.6544 112.4370 121.7083 118.4165 114.5340 112.4636 122.8217 120.8281 122.6610 122.5263 122.8670 122.9970 123.2327 123.4517 123.6771 123.9069 124.1357 124.3550 124.5224 124.8247 129.7887 120.1781 122.7451 125.3764 125.3403 127.1394 117.4653 111.8800
119.6500 119.2684 118.9765 118.6838 118.4058 118.1026 117.9321 117.7736 114.8721 111.8384 115.6731 116.2676 116.4797 116.2438 116.1548 116.0605 115.9881 115.9696 117.4151 104.0010 106.2702 109.7195 95.7462 115.1560 116.4526 117.1324 117.5461 112.4589 101.2195 102.8200 100.2492 102.2210 115.9401 115.8543 107.6047 109.3559 108.8747 104.7233 118.6761 108.8915 103.5304 119.4018 109.8699 109.8169 120.6612 121.8604 122.8681 123.1309 123.3430 123.5831 123.8014 124.0177 124.2291 124.4406 124.6012 124.8301 127.3497 116.7366 121.8039 125.8573 125.7780 126.3259 110.1063 130.8100
119.7000 119.5454 119.2766 119.0068 118.7310 118.4740 118.1582 117.6962 118.7028 116.7956 117.6077 117.1134 116.9478 116.8160 116.6931 116.6238 116.5711 116.5731 116.5799 117.9547 117.6750 116.4958 107.1484 112.6365 117.0199 118.1214 114.4094 111.9063 102.2798 109.8655 111.2416 115.2355 119.7159 117.0417 105.1414 112.0627 107.7407 103.4451 113.8239 114.2142 108.0569 110.6371 110.3039 114.8457 123.7629 123.7295 122.8982 123.3322 123.4737 123.6855 123.9003 124.1178 124.3228 124.5287 124.7358 124.9269 124.4299 125.8720 125.5233 125.6208 126.0134 127.0112 118.3406 114.0000
120.0900 119.8337 119.5821 119.3253 119.0701 118.8313 118.5775 118.2078 118.0038 118.0185 117.6784 117.6303 117.3615 117.2850 117.2422 117.1441 117.1130 117.1148 116.9484 117.0538 117.1945 116.9904 117.2052 117.9291 117.8211 118.2900 115.8345 118.5401 106.5534 102.2243 121.2295 119.2965 119.4625 120.1989 116.0284 107.8296 108.6435 101.4240 111.4242 123.2409 115.8481 119.3849 105.8584 133.8435 119.3639 119.6456 122.9837 123.0476 123.5720 123.7947 124.0114 124.2222 124.4201 124.6260 124.8148 124.9904 125.3049 125.3963 125.5563 125.6787 125.9675 125.8513 127.8076 126.4600
120.4100 120.1102 119.8771 119.6365 119.4037 119.1757 118.9478 118.7549 118.5683 118.3565 118.2091 117.9782 118.4512 118.1578 117.6608 117.7043 117.6445 117.6166 117.5821 117.5975 117.6865 118.2368 117.8507 118.5331 118.2553 113.0943 116.3709 97.3077 100.2343 106.2512 120.0744 119.7276 119.8939 120.1880 119.6925 102.1576 101.7064 109.7053 108.4580 121.6292 122.0262 123.3081 121.4914 126.7106 121.6822 122.2369 122.3373 122.9057 123.7285 123.9264 124.1227 124.3294 124.5287 124.7263 124.9159 125.1228 125.2979 125.4837 125.7440 125.3934 125.6983 126.1050 126.7441 127.3300
120.4700 120.3916 120.1712 119.9448 119.7312 119.5255 119.3172 119.1203 118.9417 118.7702 118.6121 119.2084 113.5128 116.7624 118.2095 117.9160 118.0258 118.0972 118.1320 118.1941 117.6343 119.5453 109.6298 119.6829 112.4323 119.8779 116.4560 98.6634 106.0865 104.7669 122.2304 120.0299 120.2767 120.4504 120.4719 122.1491 112.6777 110.0159 121.4646 121.9169 123.0646 113.3840 106.4230 122.9271 122.7544 123.5069 123.2296 123.4346 123.7735 124.0419 124.2359 124.4349 124.6304 124.8189 125.0275 125.0980 125.2500 125.4028 125.8421 127.2584 118.3738 116.8500 120.9738 111.1400
120.8300 120.6657 120.4551 120.2451 120.0483 119.8521 119.6645 119.4881 119.3216 119.1599 119.0258 118.9124 115.4777 115.6743 119.3679 119.3996 118.4021 118.5033 118.5865 118.6400 116.2531 120.0371 106.0776 121.1066 106.3839 109.7013 104.8559 106.4422 119.5002 119.6468 118.6617 120.4995 120.6135 120.7161 121.1438 121.3401 121.4232 117.8916 103.5871 122.1312 122.7347 113.4767 109.1780 110.4314 124.7407 123.3591 123.5174 123.7594 123.9567 124.1548 124.3528 124.5499 124.7371 124.9165 125.1182 125.4143 125.0634 125.7800 125.8559 125.9013 126.0480 121.1316 108.4269 109.9400
121.1200 120.9404 120.7406 120.5476 120.3603 120.1739 120.0014 119.8365 119.6791 119.5408 119.4038 119.1454 120.4853 120.2513 107.5104 119.9169 118.6538 119.0759 118.9750 119.0101 120.1733 113.4502 105.5203 115.9816 116.3977 99.6388 111.2097 103.0159 120.7063 120.1426 120.4293 120.6375 120.1952 123.0668 119.9433 121.6145 121.1039 123.0228 104.3676 106.7229 116.2413 115.1272 109.2018 108.0766 122.2759 123.4522 123.6657 123.9051 124.0982 124.2838 124.4799 124.6623 124.8501 125.0202 125.0756 127.0104 111.2758 126.7798 125.5973 126.1350 126.1445 125.3119 131.0488 115.5400
121.1700 121.2013 121.0170 120.8395 120.6641 120.4906 120.3291 120.1779 120.0345 119.8971 119.7905 119.6854 119.4941 120.3588 114.1702 120.3697 118.8301 118.9814 119.3663 119.4332 118.8753 98.9972 101.2138 110.7217 119.6427 120.1427 99.2580 101.4539 120.1225 120.2430 120.8354 120.9514 121.3661 116.2262 104.0713 124.5745 121.5977 122.6114 114.8905 109.7932 122.6839 122.1817 106.4098 110.1536 104.2586 122.2346 123.5059 124.0485 124.2259 124.4139 124.5926 124.7834 124.9557 125.1329 125.3545 125.3539 125.8958 126.3502 126.0334 125.9834 126.6621 128.0213 126.9885 129.5600
121.5000 121.4701 121.2941 121.1255 120.9609 120.8018 120.6476 120.5044 120.3788 120.2582 120.1347 119.9975 120.1208 120.9927 103.9047 121.1442 119.9840 120.6230 119.6980 119.8489 120.4758 114.9291 103.4286 118.6630 119.4378 121.0878 108.2844 109.6916 122.6172 120.4695 121.0276 121.2038 121.5008 119.5437 102.0945 120.2425 121.6354 121.7628 115.6432 114.5998 116.3571 118.9931 124.4484 125.4262 125.4983 117.4096 123.2596 124.0710 124.3997 124.5354 124.7223 124.8986 125.0755 125.2552 125.4203 125.6138 125.6056 125.7689 126.1461 125.8514 126.1045 122.9432 131.5824 131.4000
121.8000 121.7275 121.5603 121.4029 121.2483 121.0971 120.9547 120.8209 120.7048 120.5858 120.5002 120.4413 120.0206 121.8212 100.2097 103.8385 109.9926 102.7352 115.0631 120.2408 120.2006 121.2855 114.3116 114.6165 120.3450 120.8918 117.9514 106.2440 110.5407 121.4612 121.3220 121.4883 121.4878 121.3836 128.2982 122.2363 122.8671 122.7762 129.9076 126.7250 123.4936 118.9247 123.5916 121.3022 123.5314 124.3230 125.1463 124.0868 124.5147 124.6773 124.8498 125.0229 125.1941 125.3627 125.5295 125.6844 125.8746 126.0318 126.4197 126.8436 129.7917 109.7814 126.0938 131.2900
121.8000 121.6600 121.7400 121.5100 121.3500 121.3500 121.1700 120.9900 120.8000 120.8500 120.8500 120.6600 120.6600 120.4000 98.4500 120.4700 98.4900 98.4900 120.4700 120.4600 120.4400 120.3900 120.6800 120.6000 120.8200 120.8200 121.0300 108.9400 107.5300 121.3900 121.5500 121.7000 121.9200 122.0500 122.0500 122.3900 122.5700 122.7100 122.8700 105.9400 123.1900 123.3400 123.5000 119.3500 123.8100 124.1000 124.2500 124.3900 124.5300 124.8000 124.9400 125.0800 125.2100 125.4700 125.6000 125.7200 125.9700 126.0900 126.2100 125.2000 132.8300 108.9300 112.9900 104.9100
