123.8700 123.7200 123.5600 123.4100 123.2500 122.9300 122.7900 122.7900 122.4300 122.4800 122.0800 122.1400 121.7300 121.7700 101.1500 112.4500 121.1900 120.9900 121.0600 110.9600 112.9400 110.9600 98.6500 106.1900 106.2100 108.0900 106.1600 108.2000 108.2000 103.9800 107.3100 107.3300 106.6600 104.4600 101.5800 120.8300 120.8300 121.0500 120.9900 121.1800 121.4300 101.6700 121.7600 121.7600 122.1200 122.1200 122.2600 122.4600 122.6000 122.9800 122.9300 123.2700 109.5500 123.5700 123.7200 123.8900 124.0500 124.1700 112.0300 113.0200 115.9800 113.0000 125.1400 125.1400
123.8700 122.4473 123.4702 123.1298 123.1053 122.9341 122.7580 122.5654 122.3709 122.1814 122.0282 121.7195 107.1549 121.3570 119.9167 112.6641 122.0007 120.9664 121.4969 114.6840 109.4922 111.4421 114.0974 103.8523 106.7065 103.8089 108.0625 98.2641 109.8454 102.4588 107.8158 107.7606 105.1200 107.2810 97.3467 122.2292 121.0896 121.8429 115.8164 120.4374 117.5281 120.7397 124.0371 121.6552 121.7619 121.9985 118.9430 119.6040 123.1196 122.7466 122.8993 125.2403 123.9382 123.4304 124.0866 126.3358 118.1606 106.9893 109.5213 110.6175 111.6670 118.8508 124.7422 125.1000
117.3800 118.2285 121.0548 124.1294 122.8880 122.6196 122.5271 122.3590 122.1240 122.2574 121.7329 122.7347 120.4833 121.7901 114.1787 112.5648 121.5258 120.6953 112.8110 120.9797 108.7230 102.2334 99.0168 100.3320 107.2381 106.6788 101.6079 103.6116 103.2417 111.3576 105.7257 103.0926 101.6477 120.1551 108.3885 124.4355 119.0469 100.2576 113.3568 120.8027 120.7272 121.6561 121.1996 121.1723 121.6036 121.7422 122.0375 117.7470 122.3444 122.4355 122.5964 120.3167 122.4030 123.8417 125.9027 106.7111 114.9002 107.2229 109.2246 111.6488 106.3951 126.4348 124.8807 125.0500
116.1300 117.3861 118.5763 120.5436 123.2023 122.6067 122.4296 122.2444 122.5167 116.2205 122.5117 122.3732 121.4199 119.5397 117.8121 121.0287 120.6012 120.5428 115.8417 116.8754 105.9569 104.2281 103.6210 106.2575 110.5678 105.9329 115.9307 114.3963 113.3564 105.3994 104.7419 103.4770 101.0824 112.4043 115.2216 111.8771 114.7362 118.7857 104.7900 121.2296 117.3946 120.9168 120.1721 121.7189 121.1991 121.3651 122.0105 122.0906 122.1442 122.3175 122.5619 122.3138 122.4740 123.0293 107.8372 109.6034 110.4392 107.8010 112.2497 104.1572 115.1036 125.7598 124.6773 124.8800
115.0200 115.6711 117.7129 118.4125 120.9605 116.8663 116.5159 121.9173 121.7347 118.4687 117.4552 111.5308 118.5934 120.5796 120.3092 120.0116 120.1033 119.5540 120.9034 105.0624 117.6541 111.7338 108.4078 109.3020 109.4689 105.7119 105.7472 103.7755 102.8039 102.6350 105.3039 101.4096 105.1612 120.8798 119.5888 119.6455 120.1264 120.1758 122.2313 116.9085 121.9012 120.5727 115.8755 120.6446 121.0048 121.3142 121.3880 121.6750 121.9608 122.1030 122.1720 123.0855 125.7874 118.4357 101.3065 107.1576 117.1901 103.1113 105.7130 109.3409 126.0769 123.8903 126.3835 124.8200
114.5200 113.6769 116.6680 118.1622 116.4035 112.3609 113.2129 121.6706 121.8780 115.7410 122.0911 117.2765 116.3977 121.8016 120.8228 120.1535 119.7932 119.5308 120.0149 110.6654 113.6728 107.5607 115.0171 109.2470 105.2335 101.4573 95.5359 96.4517 99.1251 100.6373 110.4997 99.0773 101.8562 120.1708 118.5973 119.0741 119.2209 119.3151 119.3139 99.5482 119.1351 120.0123 120.4243 120.5284 120.7491 120.9851 121.2279 121.4385 121.6603 121.7589 123.2299 113.7975 98.0691 103.6374 111.6316 107.3269 102.9030 101.6261 105.8177 120.8191 124.2355 124.6019 116.8448 102.6400
113.7100 113.3698 117.5036 118.1536 117.0521 119.9373 118.8081 122.4779 116.8294 112.6175 121.7378 113.7823 113.5392 102.5558 120.6220 119.4475 119.4196 119.2851 118.9545 119.9711 119.8944 106.5168 121.9766 105.7735 97.3194 103.2659 97.0139 98.1420 96.8946 95.1856 99.6288 104.2079 114.9867 119.2261 118.2750 118.7107 118.8361 118.9596 120.3057 119.2504 119.9024 119.8596 120.0641 120.4445 120.3837 120.7933 120.9988 121.2119 121.3942 121.7521 123.3262 101.8883 101.5896 109.6289 113.5210 101.7313 102.4567 105.7132 99.6292 124.8350 123.5423 124.8243 117.8860 127.1900
114.8300 115.8299 117.6503 116.4848 114.8930 115.5346 117.0858 117.6894 113.1912 113.4387 114.6296 113.9681 115.7888 114.9124 117.3582 120.9084 118.5698 118.6214 120.9559 118.6861 107.6281 105.3625 117.9559 106.5715 100.3051 102.1171 94.5707 99.2638 100.3055 93.8072 113.0350 102.2569 118.6927 116.1167 121.9437 118.3811 118.4277 118.3406 118.6340 119.1765 119.1377 119.5298 119.8518 119.6130 115.0539 120.9411 120.6605 121.0229 120.8862 121.8114 103.5547 98.0196 108.3994 100.4483 121.6497 102.7498 102.7009 113.1712 124.2873 123.8552 123.9667 123.9576 125.6416 102.5500
114.1800 115.5767 116.2144 116.2734 115.6774 116.4235 116.0387 111.9864 109.4360 120.0523 118.9689 108.7834 109.2288 106.8201 113.4793 115.1106 111.4253 119.9955 112.5330 102.8736 110.3321 113.0287 101.9952 114.5268 104.4289 97.4174 95.4698 107.6091 108.1708 107.9764 102.6234 123.6415 116.7490 117.6131 117.5302 117.8311 118.0903 120.8101 118.7658 118.5082 118.9989 119.2323 119.3416 120.1365 119.8084 120.3726 120.4867 120.7637 121.2825 119.8129 111.5149 103.5187 108.3613 115.2293 116.7918 100.8417 112.0461 110.6079 123.1288 123.2522 123.9057 124.0939 119.8857 106.9100
122.4900 119.6228 114.8685 115.9255 115.0592 114.9630 114.4646 114.3478 109.7830 107.4388 113.6883 108.8860 109.2717 108.6153 107.5927 107.9710 121.2916 118.1936 119.4072 114.2826 117.9581 112.5120 103.4156 118.6443 95.5150 97.1643 111.5794 111.1337 107.9951 117.2387 114.4263 116.5673 116.9267 116.9749 117.3113 117.4706 112.5703 107.5260 109.6081 118.9285 118.8054 118.9044 119.1860 119.3741 119.6878 119.9526 120.2815 120.4141 121.1597 112.9809 105.4982 109.4773 122.5307 120.9447 104.3809 119.9795 113.3462 125.4781 123.4678 123.5873 123.7047 123.5978 121.8479 102.3200
122.4300 118.4300 121.1350 117.7203 114.7223 117.2984 112.5888 108.3778 109.2560 111.2917 107.1762 108.4725 109.0144 108.5211 108.4602 110.4816 114.4072 115.9566 112.3569 114.4674 118.9885 104.9489 119.3384 122.3293 109.6386 109.2078 116.6823 116.0332 115.6103 116.1307 116.3826 116.2560 116.3208 116.5168 116.6865 117.1392 117.4457 105.7298 119.0603 117.1436 118.2667 118.5414 118.8566 119.1581 119.4580 119.7330 120.0366 120.2856 120.1540 114.4553 113.0323 108.5325 121.8883 102.1062 108.0665 111.0188 106.3423 122.7019 122.7916 123.4271 123.5951 122.2272 122.6650 124.2900
122.3800 122.3763 118.4604 115.0445 109.6139 112.8807 110.3071 107.7391 108.3398 114.3358 108.1280 110.7989 107.8282 109.2770 110.3126 108.2253 107.2584 103.2319 107.7132 116.4507 117.8790 112.4269 121.7987 116.0426 114.9759 115.1496 115.5772 115.2619 115.3263 115.4274 115.4722 115.6191 115.7829 115.9751 116.2399 116.3180 117.0781 117.1643 116.1222 118.3618 118.1102 118.2262 118.5566 118.8628 119.1722 119.4846 119.7878 120.0698 120.7304 121.8808 121.4845 125.8609 129.5511 106.1233 108.4573 108.1023 100.4371 126.0716 122.7462 123.2450 123.4863 124.4338 119.3506 130.2600
122.0800 122.5053 117.3467 109.8066 110.8010 110.0972 110.0230 108.7163 106.7520 108.5901 107.0514 110.5090 104.4009 104.9646 109.2828 108.6955 107.4338 109.2521 105.6902 107.1287 115.6067 120.9856 111.6785 114.8781 115.0627 114.9496 114.7418 114.8239 114.8934 114.7654 114.8061 115.0097 115.1787 115.4159 115.6555 116.0076 116.0799 116.6058 118.6487 118.4288 117.5012 117.9639 118.2323 118.5804 118.9027 119.2311 119.5524 119.8726 120.1260 120.1121 120.4259 124.3947 127.9408 109.0402 98.9580 98.7876 99.8123 121.2072 122.6683 123.2396 123.3792 123.4563 126.1468 120.9900
122.0400 119.1072 120.9764 113.4948 110.0055 110.2984 110.3059 111.3197 109.1258 107.5885 110.2278 110.6377 104.6572 104.3488 107.4602 111.2021 105.2190 106.4471 94.9250 103.7450 114.4550 115.0534 114.7509 114.8554 114.3327 114.1866 114.0961 113.0521 112.5717 113.2346 114.1643 114.3553 114.5473 114.8122 115.1060 115.4078 115.7980 116.0949 115.5411 106.1238 117.7994 117.4047 117.9394 118.2930 118.6431 118.9891 119.3191 119.6671 119.9681 121.4260 122.5984 120.2723 114.3263 113.4656 104.5447 110.2732 122.9439 122.3811 122.6570 123.0752 123.3103 123.0318 129.8468 120.9900
121.7900 119.8612 121.8990 117.6362 110.5355 109.7560 109.9373 110.5255 112.3969 109.0062 106.0146 106.3421 104.6198 105.4488 107.9929 106.8597 104.8716 105.2797 110.1355 111.0539 101.5358 115.3564 112.9358 113.8397 113.6790 113.4751 113.3535 110.1951 107.3226 108.6031 113.6194 113.6294 113.8665 114.1763 114.5037 114.8576 115.3079 115.1863 119.1898 115.2204 117.0706 117.1972 117.6287 118.0107 118.3804 118.7479 119.1072 119.4057 120.2444 114.7465 109.1999 121.9913 118.3124 120.3583 118.4646 119.8920 121.4165 122.6377 122.7363 122.9714 123.0445 125.7014 124.2025 108.3100
125.6200 121.7495 121.3359 118.6498 109.8835 109.9182 109.8922 110.3188 109.2936 111.5447 106.5502 107.6802 106.5104 105.5606 106.4777 105.0285 107.2925 97.6274 100.5713 100.4827 112.4982 127.3914 112.5656 113.3001 112.8857 112.6292 112.4717 112.7788 113.4324 112.8005 112.5800 112.8666 113.1477 113.4967 113.8843 114.3132 114.6941 115.2518 115.8681 116.7203 116.4328 116.9103 117.3256 117.7348 118.1311 118.5059 118.9099 119.7907 109.4256 101.2723 118.7797 114.7870 120.8098 121.8285 122.3889 123.5830 122.3844 122.3705 122.6105 122.9036 123.1945 121.8755 124.8879 126.2500
121.7000 121.4229 121.4099 121.1497 107.9371 110.6995 110.5877 111.3933 108.4024 110.0061 105.0384 109.1840 105.0782 107.3329 109.5926 109.6326 105.3900 99.2838 98.8148 105.2642 97.6521 114.2334 112.9191 112.6189 112.0653 111.7606 111.5259 111.3168 111.1629 111.4484 111.7148 111.9986 112.3691 112.7775 113.2324 113.7140 114.1980 114.7070 115.0787 115.5685 116.1381 116.5862 117.0370 117.4694 117.8834 118.2897 118.7233 119.0420 118.1847 118.3775 120.0670 120.5859 120.8433 120.7633 114.3020 112.9288 123.6101 122.1015 122.5209 122.8100 123.0698 123.0685 123.3083 131.8800
121.4500 121.0519 122.0329 111.8064 113.6009 109.5536 100.7485 107.7659 112.0842 110.0956 105.1719 109.7809 113.4665 104.6730 111.5769 106.2889 101.0474 100.8883 102.1942 104.7483 98.2924 107.5694 112.8253 111.6080 111.1685 110.7774 110.5048 110.3675 110.3902 110.4787 110.7248 111.0905 111.5266 112.0285 112.5532 113.1025 113.6634 114.1983 114.7437 115.2589 115.7806 116.2738 116.7508 117.2156 117.6558 118.0885 118.5009 118.8659 119.2646 119.3203 121.4555 107.7247 113.1570 112.1357 123.5327 108.4980 123.0086 121.8802 122.4651 122.7357 122.9837 123.2665 123.3045 123.7200
121.4100 121.3042 120.9403 120.3255 121.3524 108.8649 110.9801 106.9079 111.6962 110.6385 104.7836 109.8180 100.1210 103.6942 103.4953 102.1008 101.6876 103.1661 110.3110 104.7689 99.2263 114.0842 110.0573 110.6619 110.1577 109.6933 109.3405 109.1431 109.1199 109.2933 109.6235 110.0870 110.6270 111.2256 111.8553 112.4873 113.1097 113.7284 114.3289 114.8998 115.4562 115.9785 116.4922 116.9803 117.4495 117.8915 118.3166 118.7479 119.2251 119.6808 120.4482 120.8515 121.8493 110.4090 121.6868 121.3190 121.7854 122.1381 122.3896 122.6636 122.9355 123.1879 123.4744 123.5300
121.3800 121.1863 120.7765 120.4198 120.0230 120.3304 120.0644 118.1632 112.8582 111.4044 105.3455 111.6324 105.4700 105.1021 100.2964 102.3183 101.0187 104.2416 106.8464 102.8446 100.6571 113.2112 119.1484 109.4579 109.1277 108.4741 108.0117 107.7432 107.7184 107.9521 108.3868 108.9751 109.6656 110.3938 111.1326 111.8624 112.5801 113.2624 113.9191 114.5487 115.1482 115.7120 116.2491 116.7569 117.2481 117.7142 118.1299 118.5632 121.5486 119.7248 119.6357 123.1078 123.6674 110.4012 120.8931 121.1999 121.7478 122.0403 122.3256 122.5979 122.8737 123.1396 123.1446 123.5100
121.3500 121.0644 121.1693 121.1315 119.9767 119.2467 118.9926 118.8530 119.4252 111.6065 108.4414 110.5695 108.6673 100.4267 113.4342 102.5547 100.8076 112.7483 115.0767 116.2795 113.8919 109.7798 109.5839 108.6962 107.9073 107.0902 106.4532 106.0669 106.0451 106.3696 106.9755 107.7716 108.6318 109.5321 110.4150 111.2587 112.0626 112.8268 113.5510 114.2216 114.8405 115.4329 116.0202 116.5638 117.0723 117.5579 118.0080 118.4950 118.6872 119.2049 119.6501 121.3736 123.4462 121.4107 121.0986 121.4183 121.6683 121.9899 122.2798 122.5541 122.8176 123.0278 125.5102 123.4900
121.3300 121.1513 121.3642 116.1020 120.6408 121.1902 120.4383 119.8065 119.1910 114.0153 112.8435 106.0440 111.4266 122.2806 104.0714 105.9228 94.1921 110.1199 113.5479 110.5814 110.5652 110.0552 108.9692 107.7610 106.6018 105.5385 104.5850 104.0062 103.9608 104.4663 105.3562 106.4359 107.5596 108.6641 109.7157 110.6776 111.5869 112.4208 113.2037 113.9054 114.7099 115.3002 115.8169 116.3926 116.9176 117.4182 117.8920 118.3802 118.8547 119.2027 119.6555 119.8618 119.9182 120.5437 121.0556 121.3686 121.6739 121.9065 122.1901 122.5027 122.8314 122.8040 126.9045 127.3800
121.3000 120.7901 118.2531 112.8718 121.2155 112.5169 112.5117 113.2253 113.6123 110.2660 114.2717 109.8306 121.4213 101.3402 114.1977 103.3466 106.8648 106.3049 114.9491 109.8813 110.5681 109.2615 108.0004 106.7049 105.2683 103.7471 102.2967 101.3179 101.2340 102.0781 103.4964 105.0151 106.4880 107.8330 109.0561 110.1621 111.1643 112.0767 112.9170 113.8428 113.4513 114.7978 115.6439 116.2535 116.7892 117.3069 117.7867 118.2413 118.6605 119.1564 119.3782 119.4782 120.0607 120.2491 120.6077 121.0421 121.4632 122.0292 122.2790 122.4689 122.7468 122.7724 122.8434 123.4400
108.8100 124.3979 120.3464 121.0504 120.4180 112.7266 115.1543 106.4064 107.5105 106.4987 111.8242 104.7813 105.8997 97.0842 112.6972 107.8588 109.9906 114.6798 112.4217 109.5331 110.0653 108.6995 107.3411 105.7583 103.9174 101.7747 99.5111 97.4338 97.1856 99.1016 101.3821 103.5940 105.4703 107.0908 108.4960 109.7272 110.8157 111.7938 112.7073 112.5243 122.7046 113.9168 115.5585 116.1473 116.6941 117.2177 117.7133 118.1861 118.6413 118.6394 120.1481 121.5651 121.3420 122.1304 122.1201 122.1881 121.6626 121.2074 122.1542 122.4362 122.7249 123.0971 123.2336 123.4400
108.8100 116.9741 107.8173 121.8776 119.8621 121.6191 115.0843 110.6544 108.3153 109.5434 110.7965 104.8404 101.2424 99.3446 100.8849 95.8832 108.3341 107.6269 117.8304 110.3633 109.6506 108.3269 106.7930 104.9829 102.7468 99.8207 95.7771 91.0072 90.5626 94.8426 99.2829 102.3089 104.6460 106.5238 108.0767 109.4057 110.5608 111.6860 112.7439 115.2991 117.2359 114.7611 115.4435 116.0597 116.6277 117.1543 117.6467 118.1497 118.2368 121.7474 108.4691 107.9417 114.4063 108.5792 115.6157 113.1308 124.0784 126.3616 122.0347 122.4216 122.6957 123.0124 123.2728 123.4300
121.0300 117.6755 116.8796 110.0926 119.1903 110.7376 107.8593 111.7692 107.5973 108.5133 109.1572 110.6739 106.2112 105.8271 102.3584 98.9725 116.7346 110.9675 113.6208 110.3674 109.4498 108.0995 106.4876 104.5213 102.0038 98.4796 91.9339 86.1059 85.3062 90.5772 97.7460 101.4978 104.1577 106.1931 107.8460 109.2293 110.4222 111.5203 112.9281 113.1208 113.6812 114.7540 115.4116 116.0233 116.6002 117.1482 117.6919 118.1222 117.2589 121.3261 107.7645 102.1866 108.6446 116.5220 109.1183 116.1117 119.4503 115.5702 122.0050 122.4793 122.7249 122.8480 123.2343 123.4200
121.0300 120.9949 121.7780 105.8295 118.6762 106.9718 105.5108 111.4982 106.2990 108.3207 108.4806 113.1750 106.2428 107.6435 104.7024 95.8785 118.3072 111.8497 111.5090 110.6622 109.4293 108.0830 106.4713 104.4923 101.9547 98.3864 91.6061 85.8766 85.2998 90.2224 97.6605 101.4466 104.1242 106.1759 107.8363 109.2235 110.4262 111.4808 112.3705 113.1888 114.0833 114.7447 115.4107 116.0132 116.6261 117.1370 117.3407 118.0811 119.3728 122.9781 111.9518 106.3850 107.7602 118.3694 119.9104 120.8490 122.2591 121.4958 122.1620 122.4366 122.6729 125.8823 123.4688 123.4200
121.2600 120.8924 120.3432 116.1119 118.0486 107.8066 106.0178 109.7834 103.0977 107.3471 104.3852 105.2105 101.3040 97.4477 96.3984 108.5430 107.2750 119.5973 111.6116 110.6671 109.5851 108.2748 106.7414 104.9091 102.6018 99.6298 94.6135 90.2611 89.7795 94.1896 99.0633 102.1864 104.5588 106.4591 108.0396 109.3792 110.5463 111.5794 112.4940 113.3384 114.0917 114.7979 115.4492 116.0379 116.6567 117.5906 116.0998 118.7554 104.5363 104.2970 105.9298 107.4148 108.4321 130.8386 119.4018 121.9798 109.8591 119.5602 122.0391 122.4731 122.7196 122.8909 123.3069 123.4200
121.2700 120.9531 120.5178 120.5491 113.1278 111.4969 105.0810 109.3735 111.4843 104.6134 104.4154 102.2019 109.4131 102.1165 103.0980 99.8935 101.9909 100.3262 114.6185 110.5897 109.9398 108.6515 107.2592 105.6463 103.7618 101.5452 99.0462 96.7244 96.3710 98.6561 101.1173 103.4226 105.3567 107.0150 108.4365 109.6803 110.7806 111.7670 112.6557 113.4648 114.2041 114.8881 115.5327 116.0844 116.6744 118.6272 100.2134 110.4155 100.7180 109.2840 109.3580 120.9120 119.8389 119.6026 121.2646 111.2860 123.1704 122.1853 122.1182 121.1268 122.7512 123.0545 123.2827 123.4300
121.2800 121.0412 120.4631 119.1329 109.4420 119.4067 106.8982 108.1950 107.7377 108.4323 107.6479 103.1655 106.6930 100.3729 100.8709 105.3131 96.2354 98.6111 105.6964 111.3116 110.3540 109.1717 107.9514 106.5982 105.0667 103.5179 101.9337 100.8985 100.8152 101.7280 103.2489 104.8367 106.3545 107.7352 108.9827 110.1039 111.1221 112.0365 112.8803 113.6514 114.3972 115.0859 115.6567 116.1121 116.9534 118.7596 110.9620 113.7024 103.0218 107.8977 114.9890 128.3770 112.7943 108.2835 121.7820 122.0432 122.0322 121.1197 127.6222 108.5893 123.5133 122.5909 123.1845 123.4300
121.2900 121.0501 120.6386 120.7764 121.2133 110.0269 114.1032 112.1505 105.6965 103.9079 104.4816 105.0529 110.1462 104.2091 106.4043 114.8003 115.3163 115.3614 113.5680 111.6675 110.7673 109.7954 108.7359 107.6254 106.7006 105.3424 104.3650 103.6825 103.6358 104.1808 105.1372 106.2625 107.4304 108.5623 109.6232 110.6131 111.5353 112.3782 113.1654 113.8821 114.5766 114.9093 115.8269 116.7926 112.9117 118.9986 93.9435 101.1640 110.9645 117.0760 106.0325 118.9897 121.4756 115.5773 117.2972 121.1545 122.0787 114.3743 122.7684 123.7987 123.8111 123.0384 123.8572 123.4400
121.3100 121.1083 120.7193 120.2297 121.5730 110.7657 115.0503 109.0591 111.8479 101.9184 105.7892 102.0399 101.3238 103.4553 116.4442 109.7322 114.9846 112.9040 112.6472 112.1626 111.3173 110.4658 109.5871 108.6062 109.5489 107.2456 106.2069 105.8299 105.7914 106.1292 106.7869 107.6077 108.5079 109.4264 110.3300 111.1918 112.0047 112.7793 113.5050 114.1623 114.8834 114.4551 117.1163 114.7431 109.5229 114.2520 120.0424 110.9762 110.8160 122.5412 113.4454 118.7886 120.0972 120.9404 121.4846 121.3315 121.6940 123.0839 122.7672 122.2403 122.6071 122.5788 125.3448 123.4500
121.3300 121.1672 120.8401 120.8322 115.3839 109.0150 106.9973 107.4929 109.0191 100.7771 101.5361 113.5651 106.9060 102.7347 118.2038 117.8163 108.5731 114.3443 113.4118 112.6060 111.9133 111.1678 110.4147 109.3560 109.3704 108.8516 107.8520 107.2299 107.0373 107.7719 108.2152 108.8308 109.5364 110.2846 111.0455 111.7942 112.5128 113.2122 113.8770 114.5128 115.0776 115.8057 116.9333 118.8117 104.8500 113.4593 119.6002 119.5660 103.7912 107.5529 120.1154 120.8425 120.9532 120.7441 120.9372 121.3706 121.7431 121.8591 122.2225 122.6441 122.9608 123.6810 124.1613 123.4600
121.3600 121.2534 120.9933 121.2974 109.7984 109.0815 118.3907 109.1308 109.5557 106.4747 106.4600 101.9951 103.5382 110.2594 119.5803 112.2071 99.0832 115.3447 113.6686 113.1384 112.5144 111.8767 111.2347 110.5599 109.9517 109.5492 109.1927 108.9950 109.0045 109.1559 109.4720 109.9485 110.5124 111.1272 111.7633 112.4069 113.0461 113.6745 114.2765 114.8560 115.3571 115.8244 115.7784 111.4227 102.6311 106.2271 109.2292 108.4321 107.1058 102.8983 122.1290 120.3205 118.6761 120.9611 121.3117 121.5586 121.8147 122.1323 122.4077 122.6611 122.9773 123.2423 126.0212 123.6700
121.6300 121.3191 120.9091 121.5577 115.8981 108.4224 113.6594 108.2773 110.8493 112.7079 107.6918 102.8053 103.0109 110.6374 117.6838 110.5243 103.6811 114.9043 114.0493 113.6856 113.1160 112.5589 112.0346 111.5099 111.0350 110.6394 110.3645 110.1205 110.1705 110.3089 110.5904 110.9613 111.4128 111.9238 112.4661 113.0331 113.5877 114.1494 114.6906 115.2220 115.7763 116.1121 116.8815 112.3778 112.1002 121.2167 104.6947 106.2604 115.8171 121.5539 109.8662 115.6952 117.6368 120.8152 121.1673 121.4442 121.8961 122.1745 122.4456 122.7213 122.9731 123.2401 123.2979 123.6900
121.6700 121.4641 121.9441 115.7351 117.2198 106.4864 108.7252 107.4788 106.5851 109.6955 104.4783 97.5761 113.9581 97.5545 110.4318 116.3037 114.2685 115.1260 115.2600 114.1967 113.7293 113.2245 112.8095 112.2841 111.9813 111.6514 111.3672 111.7271 111.3362 111.3793 111.5878 111.8917 112.2581 112.6900 113.1594 113.6388 114.1288 114.6283 115.1232 115.5785 116.1076 116.6378 117.1626 117.4229 117.7199 118.1798 100.7956 101.6117 118.9515 113.0847 110.5473 117.1680 121.9887 121.5863 121.9955 122.2798 121.9505 122.2596 122.5324 122.7997 123.0577 123.3113 123.6016 123.7100
121.7100 122.3837 112.5961 115.9483 111.3792 109.7608 109.2295 108.0305 109.1965 112.2322 105.9519 103.5940 111.1663 103.5642 116.1233 116.4230 117.1817 109.1498 113.4457 114.7447 114.2958 113.7619 113.4662 113.1843 112.5532 112.3331 112.2128 108.9187 111.6775 112.3632 112.4842 112.7355 113.0476 113.4075 113.8081 114.2265 114.6667 115.1086 115.5528 116.0437 116.0863 119.4936 103.8089 119.4352 118.8001 122.4556 124.8695 108.3520 111.2770 108.2753 109.1425 111.5777 112.1369 110.6900 121.0204 117.3217 122.1396 122.3997 122.6102 122.8822 123.1287 123.3742 123.6169 123.7300
121.9500 122.2195 115.1609 110.9651 110.6628 114.3176 109.8425 115.3221 105.4542 105.2043 106.3172 103.3045 103.5406 101.0838 119.3971 116.6289 116.4713 115.6664 115.6176 115.2689 114.8893 114.3643 115.5733 113.1121 115.4189 113.1099 113.1366 112.0751 112.5546 113.2048 113.3048 113.5227 113.7768 114.0877 114.4371 114.8031 115.1845 115.5898 115.9637 116.3770 116.7693 117.4433 116.4013 109.3609 103.1757 110.2504 107.1055 119.5981 119.6387 119.6311 111.4144 115.0262 113.1620 111.4050 122.6190 121.4455 122.1223 122.4696 122.7152 122.9681 123.2097 123.4599 123.6990 123.9200
122.0000 121.7940 121.8053 113.6424 110.6388 121.3186 112.3542 114.4892 115.4787 106.0327 121.0261 101.5333 119.9573 117.6716 117.6310 117.2808 116.7805 116.5944 116.0232 115.8032 115.4525 115.1649 114.9554 96.5586 114.1747 113.9034 114.1525 113.9801 113.9399 113.9735 114.0613 114.2394 114.4650 114.7308 115.0295 115.3479 115.7101 116.0395 116.5180 116.4962 117.1391 117.2102 117.5566 112.5157 115.6772 103.7257 106.5263 103.5654 114.3298 120.0717 120.6458 120.6948 121.1898 121.7146 121.6195 122.0302 122.2433 122.5604 122.8085 123.0572 123.3083 123.5295 123.8029 123.9500
122.0500 122.5454 116.9475 121.3668 111.5322 112.1177 113.6514 108.5023 106.4949 109.7922 97.3172 125.5317 113.0870 118.4812 117.5652 117.6355 117.2409 116.9055 116.5510 116.2459 115.7842 115.5304 116.1153 115.9792 115.3934 114.6979 114.6386 114.6124 114.6233 114.6692 114.7605 114.9091 115.1039 115.3353 115.5963 115.8854 116.1686 116.6600 116.6794 124.5592 117.3027 118.9969 108.9924 117.2794 104.0390 119.3785 114.0459 120.9754 122.4930 122.7511 118.9242 120.9921 121.1733 121.5497 121.9152 122.1839 122.4145 122.6646 122.9153 123.1550 123.4145 123.5694 122.7520 123.9800
122.2900 121.9942 122.9888 110.4728 111.6784 109.7384 112.1270 103.2185 104.9679 101.2342 102.7748 100.2077 111.0746 120.1847 118.2748 117.9593 117.6199 117.3349 117.9455 117.4989 116.5596 116.5596 115.6628 115.6814 115.5523 115.4304 115.3324 115.2722 115.2140 115.3016 115.3846 115.5456 115.7016 115.9101 116.1398 116.3895 116.6721 116.9925 117.2366 116.7001 117.4813 116.7846 118.6157 109.0407 109.2886 107.3244 116.5986 119.7840 119.4127 117.6390 110.2742 119.4302 122.0996 121.8249 122.0468 122.2786 122.5348 122.7799 123.0212 123.2172 123.5383 123.9075 122.3914 115.1700
122.3500 122.2757 117.2390 111.2099 108.0208 99.8568 101.9275 99.4452 108.2558 98.6549 100.9153 108.1929 117.8887 118.3137 118.5822 118.2441 117.9872 117.7034 117.1769 117.1578 109.3263 114.5681 116.4526 116.5677 115.9858 116.0424 115.9481 115.8765 115.9388 115.5431 116.1480 116.0269 116.2832 116.4469 116.6531 116.8843 117.1416 117.3906 117.5027 117.8151 116.9471 115.3265 121.6854 101.4563 105.2865 105.4491 108.7758 119.7587 122.8891 103.5787 119.8385 114.1423 118.4940 121.8287 122.0957 122.4215 122.6653 122.9043 123.1311 123.5471 123.5068 124.5353 119.6777 124.2000
122.6300 122.9483 115.8378 111.7370 107.7342 109.8070 101.6407 118.1473 108.9569 105.2220 107.0335 114.5894 122.3611 118.6867 119.2804 118.6252 118.4049 118.0999 117.7677 117.5977 113.6599 117.2970 114.9972 114.3160 116.5590 116.6087 116.5224 116.4200 116.4241 110.6875 115.6790 116.6662 116.8096 116.9633 117.1440 117.3467 117.5316 118.0708 118.0733 116.1729 119.9933 124.7794 112.0527 104.6891 105.5068 107.3406 112.6314 110.7533 117.6001 110.5981 122.6967 122.0738 115.8385 121.9358 122.1459 122.5735 122.8000 123.0172 123.2987 122.8264 123.2044 126.0616 110.7582 110.0400
122.6300 122.5227 122.7294 118.2533 119.1428 114.7752 111.6364 109.9060 102.8252 103.0817 104.0286 98.6216 112.7736 119.5018 119.0158 117.5244 118.7034 118.3815 118.2978 118.0349 117.3210 118.4273 114.4246 116.6081 117.0731 117.1499 117.0560 117.0344 117.1052 118.9462 118.7472 117.0505 117.3285 117.3670 117.6832 117.8484 118.1986 118.1475 118.6375 118.6900 111.6682 112.0926 113.2579 101.6380 118.6226 114.9175 118.4741 114.5042 110.1125 112.5274 121.8899 122.0971 122.5582 122.6862 122.5047 122.7086 122.9414 123.1498 123.1053 126.8936 131.7211 113.6644 118.4199 124.4600
122.9100 122.6464 122.6820 117.2880 109.7262 115.3403 111.4910 112.8459 104.2529 105.8885 103.3783 116.4295 121.1571 119.8732 119.8059 120.7119 120.2874 118.6339 118.6782 118.4570 119.7821 112.0594 120.5379 118.3398 117.7295 117.6082 117.5565 117.5392 117.4249 110.9649 106.0383 119.2954 117.5149 118.1441 119.6591 117.5149 117.9206 118.2125 116.1180 113.8961 129.3410 100.6852 112.1357 109.5127 117.0423 120.5268 121.2683 121.9407 121.0535 109.0745 108.9994 121.3686 121.7762 122.4118 122.4719 122.7414 123.1248 123.3329 123.3360 126.5242 120.9262 105.2118 124.0208 106.8900
122.9700 123.0228 123.5867 109.4955 110.0354 108.9694 109.7515 109.9647 106.9093 99.4232 101.7753 107.0420 117.6771 121.1482 107.3742 112.7774 118.7939 119.5670 118.9847 118.8281 119.2975 101.3196 102.9066 118.8305 118.1911 118.0836 118.0419 118.1169 118.5279 119.8808 93.1880 120.5686 116.2433 115.0862 115.8764 126.5276 116.2841 121.6799 108.1207 99.9943 109.4947 100.7637 108.8443 110.4141 121.7244 120.2779 121.6421 121.1426 120.9631 117.8005 98.1047 122.9974 122.6338 122.7893 122.9641 123.2825 123.2243 123.4249 124.2675 114.6885 122.7587 120.1942 125.0689 124.5400
123.2000 123.0036 114.1314 109.2973 110.8034 111.6832 108.2387 106.6643 106.7332 101.7557 106.5570 97.0352 117.6497 120.4944 119.4287 106.8185 117.6078 119.5669 119.4077 119.1474 118.9351 122.7539 118.5862 118.6835 118.6787 118.5305 118.4945 118.3930 117.1818 106.4045 95.7653 122.9296 115.1107 120.1144 116.6270 103.1307 120.1302 118.3256 118.6003 99.8012 103.5493 101.2746 106.1901 110.0663 121.7052 120.6364 120.5616 106.6727 112.3297 120.8374 99.5503 114.5217 114.5017 122.3441 124.5978 110.4424 124.3535 123.3640 123.9004 123.9032 124.5657 125.2875 124.9207 124.7200
123.2600 114.1593 109.4030 109.8726 109.5495 110.8427 107.8270 109.0200 106.7809 106.5140 118.5446 112.3460 119.7155 102.6830 101.2287 114.8077 120.5915 119.9656 119.6097 119.6393 119.4357 118.7189 119.2150 119.1384 119.0139 118.9637 118.9628 118.4693 119.3343 109.0897 115.8362 111.7610 101.2517 104.1807 108.2744 99.3677 121.5125 120.2021 109.6349 116.3497 116.8700 116.6730 109.6356 113.8789 109.8236 120.4786 121.5384 119.6740 121.8294 108.1903 112.8154 107.3717 120.3052 123.0591 121.9811 117.2585 124.4676 123.6924 123.6705 125.6986 110.5375 125.2208 124.3369 124.7600
123.4800 109.2514 109.3056 109.1963 110.1787 113.3020 112.5773 110.3577 103.8470 101.3763 108.2780 122.9503 113.2856 100.1398 108.2260 123.1159 112.1769 120.3893 120.0733 119.9510 119.8090 119.8262 119.6073 119.5410 119.4547 119.3947 119.2777 119.9133 119.2616 122.7100 105.9200 121.4068 100.5724 102.4295 100.8251 119.3274 120.9887 120.0683 120.2187 121.8535 120.2674 122.5150 110.6777 103.1969 109.0516 115.2433 121.8936 121.4214 123.7931 107.6782 128.1591 107.5130 105.9279 120.0847 123.5896 123.4756 123.5818 123.7737 124.5578 123.5120 123.8380 124.9832 124.7665 124.9500
114.3900 114.0233 110.8821 109.3856 112.5383 114.2473 108.3250 108.8260 107.9825 105.5567 103.9867 102.4844 104.0447 103.9295 118.5462 124.0142 118.9278 120.9116 120.3826 120.1643 120.1897 119.9489 119.9208 119.6812 119.7276 119.5166 119.3794 113.9430 119.1061 122.2609 99.5146 114.8124 102.6504 98.8302 108.2306 120.0202 119.8218 120.4263 120.5691 120.3656 120.9559 120.8031 111.0643 106.9351 112.0000 110.8951 121.6882 121.8308 125.2053 118.7976 118.5002 118.3144 110.6984 124.2774 123.0731 123.6844 123.7882 123.9835 122.6814 119.0772 124.8167 124.7279 124.8496 124.9900
113.2300 115.3238 108.6030 110.9578 110.6642 106.2646 109.1290 110.1908 104.9371 108.3735 103.5409 107.0943 121.0944 121.6535 120.9358 121.6622 121.2748 120.9333 120.5810 121.1677 120.2234 121.3444 120.3670 120.2123 120.8344 120.0245 119.1610 123.0945 124.0310 121.3517 105.0954 101.3085 101.8196 100.5478 115.2124 120.6089 120.6432 120.7059 120.8597 121.0493 121.0496 121.8114 116.6013 104.8891 115.2402 121.9082 122.2419 122.3049 121.8498 121.9569 123.9627 123.2591 123.3005 123.6980 123.6960 123.6917 124.0307 124.2951 124.1143 125.1821 124.6259 124.8572 125.4692 125.1700
114.1500 117.6106 111.4500 110.4266 110.7541 111.3243 106.5606 108.7511 109.3538 104.9905 102.7630 107.2414 123.3338 123.7561 121.2570 118.5797 121.5704 121.2826 117.2938 120.0092 121.4698 116.8213 105.2014 104.1096 120.5312 119.8819 118.6183 104.3799 109.4733 120.5552 106.0133 106.0150 114.8693 120.1920 121.4702 120.3356 120.8193 121.1383 121.1516 121.3354 121.3992 121.1387 115.5029 107.9570 116.2858 122.3429 122.2810 122.6031 122.9314 122.7794 122.8654 123.1716 123.2879 123.4089 124.7265 120.9605 126.4528 123.4720 124.4339 124.5356 124.8061 125.4486 119.4025 125.2100
124.0300 122.5755 115.1764 113.4859 112.1809 109.8421 109.5989 107.7468 108.3855 105.0322 98.5757 105.9444 111.5286 122.3072 122.3148 118.3249 121.9184 121.8304 113.2260 122.6014 120.0897 107.7880 107.9466 110.7224 120.7479 122.1270 104.8410 102.9034 107.3447 104.2408 118.0581 121.5621 121.9849 115.8733 113.9991 120.6871 121.5576 120.7689 120.8852 121.6191 122.1983 122.2320 107.2593 108.9579 119.7146 123.2039 122.5486 122.7690 122.9257 123.0731 123.2555 123.4529 123.6458 123.7818 123.5914 121.0339 131.5324 124.8260 125.1666 125.3869 124.8946 125.4839 116.2660 125.3900
111.3000 112.1839 112.5243 112.2204 113.1983 110.5382 111.6429 108.7132 109.5690 105.9047 106.2419 107.2742 120.2135 122.0531 122.0820 122.3480 121.9446 120.5594 104.5651 121.3491 105.0673 96.8599 100.0373 117.8857 122.8400 115.7170 119.9244 100.9154 104.3164 106.7678 103.5594 109.6230 121.3519 121.7792 122.5841 118.6518 115.0613 114.8640 120.5403 121.0591 121.9656 110.0982 113.0027 100.2169 122.7740 122.2357 122.8665 122.9703 123.1382 123.3028 123.4589 123.6128 123.7838 123.9183 124.3062 124.2294 110.7481 124.6728 115.3474 124.7991 124.9445 125.1281 126.6317 106.0200
112.4000 114.2911 113.1168 112.8292 113.3258 108.5676 111.7106 110.1526 110.9880 108.1197 109.9438 120.1913 122.7918 122.5595 122.4248 122.3334 121.6966 122.9134 104.9257 105.8263 107.7454 111.3136 99.1519 101.0697 104.0129 108.3272 114.5350 102.2152 106.7406 101.0189 112.3184 115.4271 122.0540 121.5115 121.9796 109.0217 125.6567 119.9289 120.5125 121.7496 119.3714 106.3445 99.1960 124.8467 123.9534 122.8777 123.0352 123.1980 123.3471 123.5016 123.6487 123.8024 123.9637 124.1199 124.2770 125.5915 125.5043 124.6094 119.0891 125.5981 125.1518 125.3521 125.8005 106.0200
115.5700 114.2727 112.0606 113.9314 112.4262 106.1852 106.4009 108.6523 109.3952 108.6941 118.5137 123.1776 124.5986 122.4267 122.6888 122.5863 122.2763 120.7377 111.6162 113.6240 110.8123 126.3927 99.6120 102.4044 116.3589 117.5258 107.8538 104.7407 108.1725 108.9780 121.7483 123.2418 121.9657 122.3761 123.4875 111.6797 108.6609 114.2070 106.1706 122.4232 118.1026 122.3904 115.6109 123.2535 122.8034 123.1112 123.2575 123.4092 123.5479 123.7008 123.8441 123.9906 124.1421 124.2919 124.4579 124.3671 124.7266 125.1285 125.3938 124.9944 125.3741 125.8052 112.5351 125.8200
114.0900 114.2357 114.7741 113.2571 111.6492 110.8942 122.8207 110.8068 109.6126 116.9840 124.2150 113.1438 120.4968 123.2871 122.7118 122.7375 122.2829 120.5498 111.9570 125.2697 126.9954 103.0353 110.8889 121.9378 122.1226 102.3928 113.8644 108.8566 110.3785 109.2998 122.6708 121.9007 122.1576 122.5610 110.8094 111.8152 122.0311 100.6962 116.9511 120.4719 125.2021 107.5945 108.6378 123.8430 123.3483 123.3285 123.4807 123.6238 123.7497 123.8876 124.0322 124.1789 124.3176 124.4631 124.6345 124.7474 124.9595 124.9609 125.3132 125.9762 125.3084 125.8738 119.8714 105.4900
113.7100 116.3666 111.2694 110.0584 109.8528 116.3667 117.3155 116.0239 110.9844 127.7270 123.9240 108.1737 119.2791 119.8610 124.2553 122.9522 122.0338 123.8366 124.9141 109.4160 123.8048 107.3706 111.7004 120.6104 117.7063 103.2675 102.8848 108.7544 110.0229 111.6853 122.5576 122.5351 122.4764 122.3918 122.1902 102.1447 119.5928 109.6927 118.7966 124.9120 122.0699 117.7481 123.9442 123.7082 123.6411 123.5719 123.6931 123.8218 123.9532 124.0850 124.2198 124.3597 124.4912 124.6311 124.7710 124.9099 125.0425 125.3105 119.7303 118.1364 125.1637 126.6089 125.9511 126.0300
115.9100 112.8227 110.1230 117.9948 125.2227 121.2206 117.9173 114.5917 112.6201 124.7630 101.2250 104.8327 118.9196 106.8693 118.3684 123.4201 117.2835 123.2066 125.9021 103.0380 126.0072 110.1149 115.5075 118.3186 104.5046 106.4923 102.3730 108.9560 111.3760 117.6689 122.9335 122.7346 122.6860 122.7870 122.9574 123.5308 124.4126 123.6347 118.0932 122.9089 115.6799 120.1325 106.4035 125.2455 123.7875 123.7748 123.9134 124.0270 124.1482 124.2796 124.4082 124.5400 124.6675 124.8044 124.9373 125.0687 125.2146 125.3748 125.6509 126.2390 104.5410 106.4689 103.7685 123.1900
125.1900 125.3235 124.1857 124.5923 122.7342 117.8038 121.5795 122.7166 121.5817 126.2649 103.0420 103.3702 121.9667 119.1470 123.4979 123.4086 123.4696 123.1330 125.7139 104.2190 109.9679 107.8465 102.9278 103.9632 102.1558 106.7230 102.6588 112.4593 111.8572 124.6732 122.9678 122.9543 122.9917 123.0108 123.0742 122.9808 123.2645 123.0639 115.3018 122.1451 101.6475 111.4619 103.2286 123.6738 123.6949 123.9984 124.1037 124.2310 124.3474 124.4632 124.5882 124.7179 124.8473 124.9814 125.0868 125.2628 125.3720 125.4458 125.3462 126.8433 125.1063 128.7112 103.2908 118.4500
125.3700 125.1460 125.0334 125.2049 119.5062 117.7133 123.9482 125.0883 124.7869 126.0258 105.2202 111.0272 123.9687 113.0421 123.2061 123.4960 124.6749 124.0698 124.9830 119.1749 112.6176 108.8074 101.0566 101.1269 102.8222 105.1096 111.0807 111.0794 110.5298 124.1392 123.0746 123.2050 123.2431 123.2885 123.3192 123.3727 123.8497 122.7990 126.0939 124.7636 110.6219 115.2083 124.7395 123.2264 124.3311 124.1900 124.3163 124.4239 124.5374 124.6573 124.7705 124.8976 125.0193 125.1382 125.2882 125.7334 126.2256 126.6608 125.7313 125.8676 126.3044 120.4159 120.3253 115.8700
125.4300 125.4506 125.3842 125.2346 125.1024 121.5632 125.5667 124.9633 124.6190 125.7298 119.4229 124.7118 125.4147 104.5797 109.0505 108.3666 119.3879 115.3024 122.6479 124.7477 120.5944 109.0840 106.3134 101.0149 103.7410 107.5343 112.1920 110.0826 122.8353 123.6344 123.3452 123.4482 123.5141 123.5238 123.5808 123.6028 123.8679 123.7812 127.1925 124.5608 113.4708 108.9347 124.1656 125.7080 124.1365 124.4346 124.5088 124.6206 124.7316 124.8336 124.9545 125.0737 125.1876 125.3031 125.3834 125.5114 123.0896 119.4118 125.7512 126.5241 126.2211 118.8076 112.3793 113.3900
125.6100 125.6419 125.5211 125.2669 125.3283 125.4774 127.1876 125.1284 124.8374 124.6211 125.1419 124.0387 108.1987 105.5787 103.7897 107.1486 110.5144 112.5005 119.1034 123.4569 111.4074 107.9404 107.5136 102.0302 110.5930 107.9661 112.2368 111.0959 113.4509 125.6445 113.4669 124.7838 123.6362 123.7773 123.8126 123.8614 123.9173 124.0505 123.6836 124.1666 115.6129 102.2683 119.4268 123.6183 124.4798 124.6060 124.7163 124.8119 124.9164 125.0226 125.1311 125.2495 125.3371 125.4945 125.5807 129.1656 128.5795 119.6383 126.8673 126.4578 115.0441 117.9248 122.4024 110.4400
127.1100 125.6700 125.5700 125.4400 125.3400 125.3400 125.0900 125.0900 124.9900 124.8300 124.7300 124.6100 124.6100 108.3900 102.3600 102.4000 102.6900 102.6900 124.1400 124.1400 108.8100 108.7300 101.8500 103.4700 109.8900 109.3700 112.7100 118.0600 117.8300 118.0400 118.9500 123.8900 123.8600 123.8400 124.0200 124.0000 123.9700 124.1400 124.1000 124.2500 124.3900 106.0600 124.5300 124.4900 124.6100 124.7300 124.8800 124.9800 125.0900 125.2300 125.2100 125.3300 125.4400 125.5600 125.6700 108.2000 125.9100 125.9900 126.1100 126.2300 108.4900 109.5700 112.6800 112.6800
