109.8000 109.8800 109.9100 109.8500 110.8000 110.5900 111.3500 111.8800 112.3800 112.9400 113.5300 113.9200 114.3900 114.8300 115.2800 111.1500 115.2600 117.1400 117.4700 117.8000 115.7000 97.8900 99.9800 119.5400 119.8000 120.0600 120.5400 120.7800 121.2300 121.4500 121.8700 122.0700 122.2700 122.6500 125.3200 123.2000 123.3700 123.5400 125.0200 124.0400 124.3600 124.5100 128.1000 124.9600 125.1000 125.3800 131.4100 107.8600 125.9200 126.1800 126.3000 127.3800 130.9300 115.1400 117.2400 114.4900 106.8300 111.5600 110.0900 105.8100 105.9100 106.1200 120.1700 123.6600
109.8000 109.5472 109.4525 109.5364 109.7841 110.1681 110.6599 111.2139 111.7954 112.4078 113.0232 113.6218 114.2128 114.7644 115.5560 113.9715 115.7258 120.9087 117.2981 110.3021 109.9042 96.8349 116.7843 119.6528 118.9249 119.5619 120.3975 120.7870 121.1244 121.4205 121.7025 122.4260 116.8162 120.7878 123.8950 123.2386 123.3531 123.5001 124.2615 123.9864 124.0317 124.3507 126.0780 124.4296 124.5302 126.0079 130.2717 124.2610 124.8576 116.3480 126.5227 128.2584 125.9556 120.4129 111.9178 112.1169 125.9779 108.5259 112.6738 106.3512 110.4071 106.0621 124.3451 120.6200
108.6000 108.0706 107.9804 108.1833 108.5448 109.0476 109.6683 110.3355 111.0481 111.7541 112.4566 113.1278 113.7842 114.4143 114.9932 115.6829 115.9450 119.4899 117.4678 110.6660 104.3843 99.8542 106.5183 122.0685 121.7022 121.1591 120.2258 120.7100 121.0337 121.3451 121.5743 122.1102 118.6082 122.1486 122.5914 122.9854 123.3010 123.5360 123.7601 123.9023 125.9829 125.3248 124.5159 126.3334 127.7472 120.9619 116.1422 123.9080 110.7683 120.3271 114.4165 109.3975 110.8916 118.4234 104.8679 109.2175 117.8450 104.6025 110.0672 105.6246 105.8480 104.6458 108.5507 106.3000
107.2200 106.6009 107.3734 106.5705 107.1146 107.7949 108.5873 109.4307 110.2730 111.1042 111.8998 112.6573 113.3747 114.0563 114.6805 115.3018 115.6640 116.0198 116.6989 117.6798 106.3429 102.8978 96.2255 104.6224 102.8189 117.9204 120.0085 120.6720 120.9568 121.2793 121.5487 122.3600 122.8594 122.5353 122.7640 123.3658 123.2359 123.5149 123.5257 124.7831 107.4820 121.6160 123.3604 115.5508 106.9715 105.8089 108.0898 111.4734 113.4219 118.9760 110.6780 102.4316 101.7838 105.5915 105.0410 103.6014 103.4104 105.3518 105.3566 106.6628 106.0625 115.1876 121.9900 129.2300
105.5600 104.6685 104.6451 104.7682 105.4552 106.3999 107.4408 108.4944 109.5100 110.4745 111.3776 112.2130 112.9958 113.7359 114.4128 115.0508 115.6866 116.2572 116.8111 117.6462 115.6183 107.6737 95.3599 111.2208 113.5532 119.8214 120.1710 120.5474 120.8847 121.1545 121.7959 118.7812 122.2217 122.3935 122.9092 120.4937 126.4425 123.4933 123.6430 123.5423 120.3673 125.5214 120.4285 126.5406 110.9203 110.6658 109.7415 110.4828 104.5536 105.7298 119.9422 103.9173 123.2494 103.8203 105.1639 111.3298 116.2324 106.8879 106.0868 105.8821 105.2852 123.4090 131.0754 129.8200
103.5000 102.3213 101.9099 102.3791 103.4918 104.8558 106.2446 107.5652 108.7829 109.8913 110.9015 111.8368 112.6793 113.4556 114.1776 114.8493 115.4750 116.0549 116.6189 117.1266 116.9457 104.9856 98.5898 121.5346 119.8303 119.6044 120.1501 120.4817 120.8324 121.1442 121.4604 121.6726 122.1066 122.3750 122.4471 128.5820 122.1728 123.2963 123.3896 125.4826 107.1065 119.0494 113.9824 118.7015 104.9181 111.3415 105.0220 120.2625 113.3449 106.5595 121.6807 105.1216 118.7503 104.5882 104.4120 115.5369 121.4521 107.7374 105.4640 107.7401 107.7913 111.7487 113.9184 114.1700
100.5500 99.1959 98.2973 99.2361 101.1601 103.2036 105.0657 106.7006 108.1303 109.3859 110.5059 111.4858 112.4088 113.2220 113.9892 114.6829 115.3375 115.9407 116.5145 117.0174 117.1137 119.6488 99.6620 120.7804 119.7478 120.2813 120.0622 120.4252 120.7870 121.1141 121.4657 121.7648 121.8321 122.1622 112.6858 122.9644 123.5658 123.3183 122.2891 134.2190 105.7066 117.9019 113.5538 105.2109 102.8570 103.9353 103.8986 106.1350 106.8313 107.3538 106.9228 106.7864 108.0044 108.9611 109.0905 115.7918 116.9907 105.3344 111.1238 111.7549 128.6722 127.0599 126.7189 127.6100
96.6700 93.9123 91.8672 94.3774 98.5553 101.6046 104.0326 105.9851 107.6174 108.9982 110.2033 111.2793 112.0097 113.0322 113.8422 114.5658 115.2342 115.8494 116.4239 117.0096 117.6252 107.1701 100.4095 122.2083 98.1794 122.0478 119.9458 120.3728 120.7576 121.0919 121.4213 121.7468 121.7727 124.0410 114.0934 105.6176 103.2103 120.5599 122.1106 121.5851 126.4643 110.4835 107.3651 110.6543 111.1260 111.6709 115.2430 119.1176 117.7966 121.7567 117.4426 118.1720 120.9018 104.3545 117.0715 116.5675 103.0864 106.3048 109.0583 128.7571 126.7176 125.4103 126.4701 117.0400
95.8500 88.6252 86.2664 88.8583 96.1014 100.3816 103.3399 105.5325 107.2985 108.7744 109.9087 110.5622 109.0614 113.3322 113.7195 114.5107 115.1774 115.7939 116.2584 117.7943 111.6631 103.9536 104.0574 111.2327 120.6481 119.6548 120.0230 120.5080 120.8427 121.0661 121.4211 121.7592 121.0537 126.4790 98.1071 120.9346 124.6551 124.0184 123.6290 130.2879 112.8450 110.5634 106.4351 109.2679 112.9832 114.7637 116.6059 120.6199 122.7577 114.4069 111.4477 118.2348 112.5976 103.8583 105.3916 105.0524 107.6185 108.4846 108.7483 129.8258 129.7638 126.1821 113.5511 118.1500
89.4500 87.2845 84.9252 87.3076 95.2731 100.0544 103.1510 105.4138 107.2178 108.7195 109.7949 110.6328 108.5763 116.7895 113.3731 114.4994 115.1663 115.7737 116.3368 118.0111 112.5392 108.4696 107.5791 107.2396 119.2822 119.6109 120.0249 120.6141 118.7376 121.1816 121.4069 121.7674 119.6030 126.3349 104.8292 122.1053 117.4205 123.4234 119.7681 126.5289 111.5870 101.9483 115.3580 114.8588 111.9204 113.0817 101.2500 104.7908 117.6033 122.6131 120.0386 114.5739 102.1070 104.8609 111.4323 108.9588 107.7192 108.4750 106.4111 117.4944 132.4237 118.2391 117.4953 106.2800
95.7500 90.3047 88.0958 90.5265 96.9435 100.7522 103.5380 105.6697 107.3904 108.8412 109.9716 110.0911 109.1443 115.2912 113.3077 114.5366 115.1955 115.8235 116.5556 116.6120 117.7831 119.6677 120.8794 120.9806 119.1950 119.7651 120.0594 120.5090 116.5992 121.2877 121.3376 121.6904 121.5710 119.6882 120.7812 116.7725 115.2930 116.2211 102.1476 108.7293 98.8727 101.1118 100.4785 100.1483 101.4701 101.7314 110.0478 111.1859 123.0637 116.7105 116.9181 103.3243 105.1498 106.6877 112.3812 110.0770 109.3170 107.9943 106.0758 103.7004 122.2000 101.2948 114.0944 106.2700
100.6900 96.1763 94.4192 96.4720 99.5633 102.1721 104.3858 106.2329 107.7853 109.1322 110.2321 111.0368 111.2604 112.8634 113.8066 114.6011 115.2710 115.8756 116.7871 115.6060 119.8175 116.0284 114.0417 116.3357 119.4743 119.6783 120.0495 120.4190 121.2623 121.7139 121.5413 121.7322 122.8623 122.4121 107.6075 104.6172 103.7837 109.8715 117.5777 99.1809 108.5759 110.8604 108.1425 108.3361 110.4686 110.9808 117.2384 117.5881 122.2940 106.3751 114.2503 105.8756 103.8828 106.2641 107.4511 106.6408 104.6548 112.8837 114.9711 114.5083 114.2673 116.1787 114.8875 106.2700
100.6900 100.4468 99.8457 100.4928 102.0429 103.8154 105.4942 107.0052 108.3580 109.5612 110.6426 111.6461 112.4838 113.2614 114.0724 114.7400 115.3728 115.9809 116.6233 115.2144 123.4105 118.9392 125.9349 119.2692 119.2424 119.6450 120.1028 120.4673 120.7390 121.1117 118.6890 125.5378 113.8811 116.9510 107.1396 105.8090 109.9767 113.2223 107.7547 112.3237 116.5059 119.2887 118.9190 109.9228 116.0821 115.4460 115.1727 116.1955 117.3113 110.2048 115.0792 102.4154 103.7381 113.3778 102.2200 103.2205 112.2771 121.2855 124.2132 124.8324 126.0612 125.4911 114.1475 106.2800
103.4500 103.2593 102.9138 103.3079 104.2421 105.4222 106.6721 107.8982 109.0414 110.0956 111.0702 111.9263 112.7607 113.5528 114.2537 114.9178 115.5302 116.1460 116.6551 117.4562 117.1977 117.7197 108.7226 118.6526 119.6384 119.7621 120.1513 120.3654 120.7334 121.2410 120.6685 106.8636 105.1047 111.5825 102.9061 106.3078 107.1826 116.2736 109.9259 104.1213 106.0421 104.3526 105.2969 114.9723 114.0514 115.4995 123.7978 118.1237 116.8681 114.8465 118.1962 113.6867 103.8349 111.3758 112.9507 117.1827 103.5260 120.2333 122.0444 122.5229 123.1115 124.0274 109.3940 117.6700
105.5300 105.4609 105.2562 105.4861 106.0812 106.9111 107.8647 108.8386 109.7900 110.6996 111.5673 112.3731 113.1347 113.8452 114.5112 115.1364 115.7678 115.7397 116.8532 117.2705 117.8399 118.3874 119.7261 119.2550 119.4413 119.8529 120.2723 120.5139 121.9805 124.6238 109.8942 105.7013 101.8203 109.6115 105.3340 104.9581 106.7197 106.7535 107.6496 108.4035 99.6670 111.9481 101.2372 105.0512 106.9415 107.0729 119.2477 116.4668 116.8359 117.5519 118.8651 119.7989 114.8709 110.0802 114.0355 106.7856 115.2136 116.1309 121.6503 122.3009 123.0490 122.9357 116.6676 119.9600
107.2000 107.2220 107.0796 107.2385 107.6532 108.2567 108.9823 109.7574 110.5597 111.3374 112.0983 112.8276 113.5213 114.1760 114.8039 115.3911 115.9510 116.4223 116.9848 117.4682 117.9196 118.3399 118.7005 119.1203 119.5993 119.9717 120.2689 120.5545 123.1927 122.6536 99.8151 102.8933 103.6546 105.7335 110.5028 110.6803 107.2334 115.4333 107.0989 103.0539 101.7865 103.1511 102.0656 105.6929 108.0032 111.6897 117.2655 120.6754 116.9575 118.2364 114.6432 112.5792 120.7145 119.6740 126.8600 118.0103 106.1924 122.9242 122.3902 123.4371 122.5330 121.4910 113.6942 106.2900
108.5900 108.6890 108.5878 108.6976 109.0068 109.4666 110.0299 110.6587 111.3262 111.9929 112.6640 113.3052 113.9376 114.5379 115.1167 115.6743 116.2044 116.7189 117.1850 117.6587 118.0990 118.5224 118.9381 119.3257 119.6713 120.0504 120.4327 120.8578 120.9979 121.2430 116.9850 129.0538 105.8150 101.0759 107.7420 110.7974 115.3624 112.0299 102.0684 110.6748 100.9109 114.3702 105.5628 111.8344 114.3685 112.8442 113.5779 114.5962 108.6882 109.8240 104.2973 104.3276 105.5286 105.0071 104.5540 105.4653 104.7396 124.5760 122.7724 123.4488 124.3630 124.3631 114.7135 118.0100
109.7800 109.9489 109.8736 109.9752 110.1856 110.5496 110.9980 111.5150 112.0744 112.6461 113.2331 113.8028 114.3731 114.9244 115.4490 115.9742 116.4866 116.9535 117.3984 117.8645 118.2661 118.6828 119.0644 119.4590 119.8743 119.7805 120.5737 120.8739 121.3161 121.6529 117.9571 121.6531 103.6358 101.8635 102.9276 104.8706 105.9169 102.5210 102.6097 103.0395 102.8991 103.3444 104.4236 108.6261 115.9610 116.0597 116.1801 117.4889 115.9862 105.1234 104.4427 104.5907 104.7582 103.7158 119.3628 113.9590 105.0717 106.2750 104.8552 124.2613 116.8427 119.9159 115.8125 121.9900
110.8300 111.0127 111.2000 110.8883 111.2841 111.5161 111.9029 112.3230 112.7914 113.2886 113.7976 114.3216 114.8251 115.3237 115.8091 116.2664 116.3225 117.1919 118.1474 117.9593 118.4536 118.8525 119.2243 119.5408 120.9016 108.9237 115.0328 120.4577 120.2064 119.8142 120.6037 100.9310 106.1520 100.6488 103.4191 104.8378 108.3263 103.3168 102.5876 108.5700 103.2371 105.8260 107.3501 110.8826 115.8677 115.3374 109.4541 118.6152 109.9407 118.3555 102.4381 104.2934 104.6361 104.9212 104.3991 104.6332 107.4161 108.5077 117.7473 114.3709 111.1780 110.8997 114.5228 120.9800
111.7700 112.5830 109.2532 113.3050 111.8853 112.4998 112.6990 113.0792 113.4864 113.9137 114.3087 114.7853 115.1196 115.3497 116.1191 116.7170 117.1126 115.9969 114.1301 117.4815 118.7177 119.0497 119.4015 119.7937 119.8804 116.0980 96.4719 96.9092 97.8107 98.7085 99.9052 120.3314 120.5833 105.3443 102.5355 104.2898 108.0232 107.4757 104.4728 110.1169 110.8320 110.8959 112.4414 117.9558 117.9969 106.9887 117.6011 117.3977 118.7672 103.5339 104.5900 106.7599 105.2871 104.8758 105.2566 103.3595 122.6913 111.6247 104.3290 109.7736 116.8665 111.2399 119.0129 116.7200
112.6100 109.9024 98.9116 99.9841 114.4404 112.8955 113.4922 113.7966 114.1316 114.5208 114.9113 116.0252 116.2525 116.9763 117.9612 115.1067 117.3017 118.3265 108.0345 114.1274 119.0253 119.2707 119.5846 119.9187 120.3712 122.0509 105.5616 100.5013 100.2559 100.1811 99.3175 103.3628 101.8969 114.6740 107.5589 107.2716 107.9696 106.3613 103.0717 106.9681 108.9455 109.9723 111.8894 115.0593 116.4647 119.4807 117.5942 115.6807 111.9178 103.0805 114.8989 120.4295 109.9579 105.3619 105.4303 109.6524 106.2833 105.9679 106.7675 112.1432 123.5265 128.1990 127.0842 126.5400
114.0800 105.8820 105.2880 107.0453 114.1145 113.8876 114.1746 114.4554 114.7614 114.9998 115.1366 105.2738 102.6298 117.6401 108.4303 112.0194 118.7019 113.2142 118.2671 119.5146 119.0198 119.4589 119.7871 120.0410 121.0160 118.4452 116.6153 104.3700 103.3159 100.7979 101.5005 107.2376 109.9555 110.6587 114.4316 104.7895 103.3532 106.2388 102.4224 102.4683 105.3338 110.7117 109.8424 109.7435 114.0950 113.1880 115.7248 120.1887 120.9715 117.3796 120.8099 102.5966 112.8568 103.6820 103.1327 109.9862 114.5803 106.5558 109.1924 124.4502 115.6569 117.8524 123.9491 110.3400
114.7300 102.7671 91.1553 100.4655 103.4257 115.9503 114.9363 115.1035 115.3877 115.0788 120.8801 119.0631 105.0063 104.7982 102.4663 116.0154 118.4475 110.8490 119.0081 118.9236 119.3321 119.7419 119.8032 120.3363 118.6563 114.9830 123.6944 102.4035 102.5942 101.0685 103.1383 102.6130 115.2012 116.6076 109.3390 104.3549 107.4524 100.3172 101.3430 102.5020 103.5185 113.0609 111.1162 111.9289 112.6106 112.5698 110.9064 115.2285 114.8743 115.8211 119.7257 122.9604 125.3142 114.0514 113.2762 114.4158 102.5469 103.4848 116.0795 112.8687 121.3163 113.4893 120.1249 122.7200
115.3300 93.9258 93.5086 93.2583 97.0420 117.2924 115.5850 115.6426 115.1830 115.9935 119.7866 115.2144 104.2759 97.2295 113.1888 118.9901 117.8433 118.7170 118.9911 119.3037 119.5538 119.9575 120.2315 117.7552 118.5291 111.5332 111.1899 101.3248 100.6854 99.8985 102.6162 104.5293 113.9105 110.2606 113.5188 105.2218 109.6447 110.4402 102.9789 103.6107 103.9463 105.8959 112.6216 113.1229 112.2862 111.0835 113.8808 113.4680 113.5748 115.5947 110.4533 119.1075 115.3484 116.9614 126.0418 124.8347 118.2739 116.4286 122.1436 126.6354 123.2682 122.5737 127.0568 127.7800
102.5300 94.1467 94.1172 92.3963 99.4300 117.5087 115.9409 116.1832 116.3672 116.4819 116.8697 117.5358 121.7402 98.4246 99.6344 114.4508 119.5373 119.2323 119.2203 119.5271 119.8811 119.2675 126.5170 104.0473 106.4358 103.7700 102.9823 104.7270 102.1388 100.4646 102.4606 106.6144 111.0155 113.2541 109.5159 100.3939 104.9425 110.9739 108.4784 109.6274 106.9816 105.1498 109.0384 107.9400 114.1443 111.8663 114.4667 114.5035 115.1662 118.3900 116.7260 123.6569 115.3554 115.2895 116.4861 117.4504 116.8462 126.4562 124.0896 123.8730 124.7448 125.5555 125.4484 126.1900
111.8700 99.9185 94.5126 98.0649 117.7435 117.1674 117.5548 117.9308 116.2460 117.6823 117.7007 112.4639 117.4122 121.0063 106.3213 107.8850 103.1746 121.9866 119.1069 119.8296 120.0838 120.3448 121.7854 116.9544 111.0502 102.5206 100.2448 103.6843 105.6642 103.6591 102.9586 103.5812 107.1053 104.8348 102.7872 106.7215 106.2183 109.5199 108.7919 112.7769 115.9195 102.5976 103.9038 114.5309 115.3886 109.9304 116.1673 116.1267 115.7557 117.1197 106.4615 107.9610 106.1542 105.8149 114.5762 109.1078 105.8441 112.4700 118.5887 118.7311 126.4748 125.5916 126.3206 125.9900
99.4700 97.9351 96.2576 96.9178 97.7060 115.2110 106.7476 119.6433 120.5786 105.6380 113.9997 118.4719 118.3514 118.8996 97.7896 107.7648 103.6456 119.8113 119.5916 120.1127 120.2136 121.3920 116.9730 121.8347 117.4540 104.8955 99.7013 107.3377 103.2206 104.7449 106.5979 105.6591 103.8351 104.4427 102.0201 106.1865 111.2228 110.9713 103.1414 114.8818 110.2115 113.5557 101.3606 111.8591 114.5323 114.2867 116.2239 116.7161 110.7775 113.4198 103.7574 103.7691 116.4970 115.9245 118.6486 121.7731 126.2264 126.6463 119.1591 117.8482 118.3972 118.0133 118.0758 118.3900
99.2600 116.3262 116.5145 116.7870 116.2506 111.7574 108.2373 119.9742 121.3302 101.2199 105.1646 118.2732 118.6194 119.2210 115.1244 109.5081 116.9295 120.1746 119.9249 120.3171 120.5406 121.1118 119.9916 121.6708 115.4648 122.8192 113.8304 104.4744 105.1593 105.6063 110.8449 109.3064 108.4509 109.6431 118.1997 101.5351 107.6632 107.1796 110.5925 112.2806 112.7650 113.3256 114.1438 114.2992 114.7906 116.9061 111.2855 118.4919 111.7981 110.7746 104.1016 104.9292 105.2202 105.7364 107.8162 120.8658 105.0531 115.5041 127.5487 125.2023 126.1619 116.8420 117.4656 117.3800
117.8500 117.8507 116.7411 117.8886 117.9061 114.6163 114.4973 102.7823 103.2861 108.8946 119.2167 119.1419 119.0049 119.0055 119.6149 119.4828 120.8058 119.8501 120.4000 120.5615 120.7807 120.9901 114.3906 99.5454 101.2198 99.5944 102.5202 102.1312 106.4434 104.4792 106.1795 107.6205 108.0574 108.7370 109.7162 106.6754 101.4401 107.4115 107.1657 115.9014 117.6947 111.7446 124.9285 125.6543 116.4696 116.0339 116.7063 107.0255 104.2964 104.6028 104.8881 105.0594 105.2058 105.8338 109.8536 104.8929 106.4712 115.2033 119.0555 118.5310 127.1781 127.7032 127.3612 127.9100
118.2800 119.0414 98.1272 114.7729 118.7111 110.4842 120.0783 114.5795 99.9194 122.8026 118.7651 119.1046 119.2845 119.4461 119.8281 120.0130 120.1824 120.4019 120.5937 120.8107 121.1927 119.2439 103.2563 103.3619 102.5082 103.6326 112.8062 111.5531 122.9859 105.5626 107.6743 107.4031 108.9715 114.7867 107.6102 107.6562 103.6638 107.7808 107.5714 108.2487 107.4170 116.9781 116.6922 114.7738 112.5586 112.2921 102.8084 104.2253 109.7166 104.5999 104.8362 105.2621 105.0774 110.9289 97.5014 108.5209 121.3781 108.5518 104.8919 104.1954 117.9269 118.1768 119.1452 129.4200
118.6900 119.4240 120.0834 119.6283 119.4746 118.8854 115.3458 102.0397 101.9117 120.8799 119.6051 119.7722 120.1074 120.2343 119.9696 120.2618 120.4781 120.6702 120.8714 121.1333 121.3319 120.7323 103.4910 104.4804 100.1315 97.3876 102.9385 100.0159 106.4981 107.8796 115.5060 108.0916 109.9452 107.9190 112.0586 105.8332 111.7106 117.2486 110.9431 112.0362 109.4830 110.2250 110.4990 118.8287 118.1066 108.4435 104.1858 104.5178 104.4305 104.8587 105.0586 105.0305 105.1459 105.3929 107.6097 115.2880 105.3657 109.9604 107.6097 108.1136 105.2014 105.7210 108.9934 122.1900
119.0700 118.9903 118.9301 118.9156 120.1086 101.9844 118.7196 95.6313 97.8001 122.9642 119.3961 117.0321 116.6211 115.3181 114.5168 120.5403 120.7391 120.9569 121.1424 121.3362 121.2150 122.8746 123.8272 107.8302 100.2686 111.9010 106.5062 110.3028 103.4698 99.9539 109.5455 109.8953 110.2352 101.5874 105.1524 103.5304 111.3496 112.3103 112.8786 117.5839 112.7997 113.8311 110.5222 112.1850 103.2262 108.6777 112.7727 103.7363 104.3769 104.9257 105.3708 105.5833 105.8348 105.5298 105.3294 104.9737 105.7344 114.9582 107.8098 120.2660 111.2226 107.0240 109.2183 106.8900
119.8000 119.6830 119.5421 119.8488 119.6724 121.7159 96.8920 98.2906 119.9735 118.9924 105.8872 115.6810 122.7704 117.0662 119.1851 121.5763 120.9927 121.2361 121.4084 121.5858 121.8492 122.2856 121.1777 112.6552 100.9765 97.0813 99.0186 110.0046 109.7396 107.1953 102.7802 101.1802 104.8255 103.5141 102.4459 101.2631 119.0947 120.1267 115.1821 112.5753 115.3245 120.5293 107.3026 113.3534 103.7798 104.6709 112.6200 107.1695 112.2748 104.4515 105.1707 106.1571 106.9141 106.2556 106.5645 104.8977 115.8119 106.3493 108.0940 117.6386 114.7132 103.2176 108.4656 106.8900
120.1400 119.9795 120.4924 119.7265 120.7863 110.3975 97.4459 100.5023 102.5579 103.4935 120.3049 123.2574 119.8386 121.3756 121.3068 120.8009 121.3653 121.4891 121.6675 121.7945 121.5415 109.7787 119.3032 121.8872 114.0324 99.9103 101.6761 106.3755 110.8707 110.0665 107.9993 106.4856 103.3498 101.4839 101.0217 113.8876 108.3883 116.0438 118.0482 116.4913 113.7114 112.9306 102.3151 107.0361 104.9327 104.8613 102.4649 105.8308 111.2371 104.9862 105.2597 105.5476 106.4610 106.7935 107.8158 106.7126 115.7270 106.0883 106.5526 106.6690 106.6616 109.7381 135.5628 131.8100
120.4700 119.9058 115.2296 121.0369 120.1564 115.3820 100.6520 99.2340 100.6611 116.4354 120.8851 120.5554 121.2342 121.1270 121.2490 121.5476 121.5806 121.7546 121.9241 122.0835 122.6320 116.1041 110.0155 124.6454 124.4414 118.6890 109.4867 108.7133 109.1039 109.1106 107.3653 102.8094 108.1047 106.2445 104.3294 108.9198 101.9208 119.0966 119.8476 119.4376 117.8469 119.2730 107.2782 108.0933 101.8866 103.6344 102.8004 103.4122 103.8181 104.9222 105.2760 105.4985 105.6357 106.4797 107.2890 108.1818 107.7136 108.0532 108.6110 106.8901 127.4899 106.6934 102.0689 111.3500
120.7900 121.9705 103.1080 102.0274 124.3017 104.7265 100.8520 102.4599 102.0386 114.0234 121.2974 121.2525 121.3046 121.4589 121.5999 121.7112 121.8697 122.0157 122.1622 122.3389 122.3573 122.7025 122.8850 123.0239 123.0101 127.3518 112.3139 107.2897 110.0344 109.1156 115.3286 112.4390 114.1678 110.0260 105.6962 105.8174 104.6997 104.0197 121.6601 120.0490 121.4074 107.4143 114.7740 120.2332 119.5732 103.3079 117.4900 109.2256 105.1629 105.1709 105.3139 105.4998 105.9699 106.6177 107.3658 107.7802 107.6249 109.2593 110.4718 109.9911 114.8562 123.2130 130.2001 111.0100
121.1000 120.5427 95.3365 109.9941 109.9170 97.6577 102.5703 103.5854 105.0216 113.8675 121.6405 121.6319 121.6326 121.7462 121.8745 121.9811 122.1337 122.2580 122.4123 122.6021 122.0630 122.6212 123.0595 123.1744 123.6538 116.4269 105.1094 116.1235 107.5168 113.9346 104.7089 114.6499 115.5639 115.6391 116.6002 108.4189 107.9889 109.3315 102.8583 117.3325 120.2495 119.6770 110.4813 107.9307 109.8789 116.9284 107.8563 105.4114 105.0980 106.4495 105.7193 105.7078 106.3256 106.9234 107.2860 108.2005 111.0464 116.5224 109.0603 111.1928 111.3310 112.7804 111.9598 112.8300
102.4800 119.3687 99.5857 108.2169 120.6449 102.6910 99.5164 117.4271 106.4270 113.4336 121.9967 121.9232 121.9036 122.0341 122.0787 122.3110 122.4072 122.5357 122.6507 122.7380 130.4496 124.1706 123.2272 125.5032 109.3281 123.0139 105.8233 101.6442 108.5266 114.5587 112.8474 107.7586 113.7510 103.7101 118.2601 118.4828 112.8329 108.4885 106.9871 112.6181 114.0206 122.8255 103.3187 109.6382 109.5068 105.0404 104.8100 105.3001 105.2113 106.0009 106.5157 106.4059 106.4898 106.7457 109.7100 108.0587 110.7081 127.0842 125.4874 109.2014 111.2384 112.1027 113.3494 113.2200
99.7500 100.5443 101.6384 101.6104 105.7234 98.3624 100.4170 103.8137 104.9837 106.4638 122.1568 121.9854 122.2240 122.3003 122.4017 121.9215 122.6311 122.7457 122.8653 123.2263 123.2230 123.9349 121.4870 134.8552 115.0115 125.2178 106.7261 118.8375 125.7670 115.8799 113.6729 112.1782 107.2015 103.8530 103.0516 116.3550 118.8962 118.8089 115.7808 108.9341 114.7091 111.0844 110.9238 104.0355 104.3532 103.9063 105.1576 105.0559 105.5138 105.3081 106.9729 107.1518 108.0294 107.7228 108.2751 108.5003 109.7846 111.8389 121.5271 129.3240 109.6161 112.0531 112.3615 113.1700
100.7200 102.7729 105.5715 101.7132 104.2601 100.6901 100.3984 106.1848 106.3449 104.7246 122.1393 122.2914 122.4686 122.5703 122.6679 122.7060 122.7425 123.0209 123.1093 123.2509 124.2328 124.1031 121.9017 122.6066 122.8247 124.5807 121.9886 121.4679 109.2763 126.3613 116.8119 108.3422 112.9379 103.8963 111.3663 106.3330 119.3955 118.1237 117.4348 107.5731 113.0555 115.8114 104.8670 107.4433 102.5215 125.6286 105.0258 108.5523 103.6944 105.4605 110.5576 108.5716 107.7748 108.4180 109.9614 108.6157 116.0665 111.0986 110.3655 112.2247 114.3054 107.5955 125.7427 113.0900
102.7300 123.3923 117.2368 105.4874 101.1390 105.8450 106.2131 106.6517 102.6314 109.4313 122.2169 122.3103 122.7387 122.8310 122.8872 123.0117 123.1504 123.2094 123.3343 123.2832 125.5131 121.3466 125.1892 124.9508 124.0231 124.1697 104.2591 120.3909 125.7800 124.9571 125.1700 116.5518 105.9820 116.3309 107.1761 106.0864 120.1032 112.8287 107.0888 120.3320 111.6535 111.2793 118.1539 105.7596 105.2565 104.7670 102.4656 121.8089 121.2795 110.2428 104.0981 117.2924 105.2943 108.8900 112.2411 114.9374 108.3084 110.6098 118.5542 116.4120 112.5341 109.9471 105.9683 130.9900
122.4900 122.3892 115.2650 107.7375 101.6910 101.9698 109.5583 102.8436 110.1182 110.0104 122.3981 122.5446 123.0454 123.0629 123.1732 123.2596 123.3566 123.4749 123.6350 123.5519 124.0335 106.3763 113.5274 124.4574 123.0785 140.6567 129.2679 115.6012 124.8161 124.8962 121.0336 126.3297 126.0478 112.9841 101.3544 111.3597 111.9140 119.5964 122.1035 123.3390 107.5723 112.4476 108.8417 104.5853 107.3959 108.4285 107.3863 104.6175 104.2878 115.3952 104.9103 106.2543 105.2011 104.7609 123.4947 127.7512 110.3834 110.5058 109.6180 113.0268 118.3673 116.2646 114.2262 113.1800
122.7400 122.2285 107.1018 108.6785 103.2976 105.2592 105.0609 105.6498 112.8552 109.6286 119.8325 123.8157 123.1680 123.3202 123.4046 123.4868 123.5791 123.7206 123.9496 124.3179 124.9092 114.1779 117.3216 126.2741 120.0709 110.2675 115.8152 112.0357 112.5127 119.3955 105.9973 121.6431 111.5431 115.2566 109.9485 113.0059 107.8185 114.2003 120.7984 114.0098 105.6839 108.8857 104.3818 104.6239 105.0588 109.3103 106.0659 106.4520 106.0522 105.3746 106.4041 105.6507 115.3479 114.1877 121.3426 120.6268 120.5867 117.1348 123.6804 112.5945 116.4950 120.3415 120.5875 120.7400
107.2200 118.4288 116.2900 107.1833 105.3625 105.6515 106.9636 112.5460 111.7364 109.1143 113.5117 123.1807 123.4723 123.5560 123.6303 123.7371 123.9250 123.6235 123.4000 123.4683 116.3474 102.9738 100.7639 116.6612 114.6510 128.3026 129.7879 118.9700 120.0992 127.2540 129.4628 123.5858 106.2029 117.2736 99.0150 104.1308 102.2829 107.1343 118.7393 105.0931 105.3084 104.1556 105.1915 105.0759 104.8350 109.0745 111.1288 112.1499 105.3962 105.6803 106.9447 105.9957 119.1227 130.3586 128.9630 126.9313 123.8227 126.4583 120.4258 119.7811 118.2999 107.6113 118.9647 120.7400
109.0900 115.7419 107.8842 107.8576 106.9767 113.5734 104.2205 110.3700 112.5886 123.4942 124.8313 124.1140 123.6893 123.7878 123.8712 123.9246 123.6723 125.1214 129.1016 106.4983 113.3318 104.3000 111.2237 109.9984 105.9622 112.5397 121.5438 100.1123 113.5068 122.2446 112.8107 125.7699 120.0766 116.9882 113.2201 103.6864 104.3140 118.6094 106.4616 105.4662 104.8469 104.9903 105.1201 105.3185 104.7226 113.3685 116.9340 126.6415 120.2446 106.0283 105.7150 107.8060 106.4311 131.0912 129.3636 123.8109 125.7948 104.6383 111.6106 126.1694 124.4840 108.9959 112.8385 107.6200
101.6900 106.2502 108.0324 108.9658 108.8076 113.8808 113.7318 108.2469 110.9249 125.1273 123.4063 123.7050 123.9876 124.0264 124.0717 124.1539 125.3122 118.8780 121.4465 127.1383 125.7358 120.6520 112.6228 113.1159 104.4575 108.7902 118.8548 102.3532 106.6988 103.5094 118.7268 115.9801 110.0475 106.8622 114.8067 106.5242 104.3357 106.7998 107.6971 105.5022 104.9215 104.8711 105.1502 105.2824 105.4370 107.9344 113.4927 119.4308 105.7234 108.9115 108.0261 106.6446 107.1678 115.2660 109.6824 127.9467 130.2709 134.2894 128.2434 125.7491 126.1693 105.2612 127.4201 107.6400
101.9100 100.7690 109.5660 109.5950 108.4192 121.3704 106.3093 114.6948 120.3317 124.3839 124.2885 124.2745 124.1280 124.2309 124.3746 124.3767 124.3193 116.5441 118.4987 105.7625 124.4915 124.0338 111.2640 113.1679 115.1397 118.1633 120.6211 118.1174 104.6145 107.9835 105.6383 105.4206 103.3611 120.1023 111.6931 106.4699 104.6295 105.1551 107.7900 104.4108 111.0305 104.6144 105.3407 105.8253 104.9730 105.4411 105.7382 106.5410 108.0262 106.5675 106.0753 106.7295 107.6295 112.2927 116.3479 116.1583 125.5505 129.6306 122.5178 116.4087 127.5441 123.2952 127.9868 127.0100
102.1200 101.6880 110.2290 110.3301 109.9532 108.4956 117.9078 123.1505 124.8776 124.1727 124.1037 122.6333 124.6025 124.5910 124.0186 124.4741 126.0988 118.9544 109.6588 119.0684 127.0177 126.9632 121.4296 116.8939 124.4226 112.5918 124.6629 125.5307 125.8380 111.0236 108.2232 104.9454 104.3442 105.6415 104.3856 104.6837 105.0766 107.1730 106.5059 108.4555 108.5923 111.4173 104.8239 104.9708 108.0916 110.0257 106.1343 106.3913 121.1110 105.5198 106.3293 106.4158 107.8942 107.8440 109.3380 111.0886 116.0777 131.2551 129.4096 129.4878 107.1735 127.6936 126.6830 123.7200
102.3300 101.8136 110.7901 111.0713 110.6217 110.0011 118.1194 119.8882 124.5885 124.3392 124.6803 124.3504 124.7627 124.3135 128.2696 124.6963 126.6960 104.6316 105.4182 112.9703 117.1734 125.0617 120.5198 115.2718 120.3528 112.5512 122.4698 128.1732 129.4800 126.8312 113.8476 107.7408 106.1037 104.4801 104.7169 104.4119 112.2770 113.5162 105.1526 108.8776 108.0954 115.7838 120.3505 118.0469 106.6858 106.7469 114.1663 106.3018 106.8499 113.5991 106.0451 106.2534 106.5453 109.0507 114.1351 120.4578 126.3649 130.8906 128.3490 131.8545 131.6646 132.2170 128.2180 120.3000
103.0500 101.9572 111.2534 117.2731 110.5675 110.2984 115.0728 121.6232 124.5086 124.6777 124.7131 124.7756 124.7220 130.4742 119.1537 111.4829 110.3866 118.6704 106.9910 120.0973 108.0109 109.9693 128.1017 114.7957 124.8178 114.9002 116.8114 111.3448 113.6985 123.2500 111.9199 113.8517 113.8280 108.4804 103.7277 105.8261 108.6238 112.4982 116.5477 109.6070 109.6065 107.9257 112.9893 110.7005 104.9363 105.1425 126.2840 125.1302 107.6236 108.8673 106.6799 114.0408 106.9371 114.7930 125.9445 113.5562 130.1591 130.0094 134.7972 128.6229 131.2408 131.5587 132.4925 132.4900
103.9300 103.3372 113.1924 116.9862 117.6820 111.8513 114.4233 118.3463 124.9401 124.7346 124.9015 125.0006 125.2741 125.1999 123.1379 109.6879 116.1710 123.7539 102.2045 127.5172 109.1805 108.8367 127.5723 118.3599 123.9304 121.2475 118.4823 116.3143 114.7949 129.3277 116.1642 104.8956 107.7402 108.8592 106.2340 114.0156 108.5096 115.5630 109.8163 113.3467 108.0680 109.6294 109.6949 105.8060 105.6943 111.9757 127.7488 120.9665 129.6406 111.0005 106.8510 123.8453 123.5783 121.9239 129.7292 126.4185 120.0537 129.1228 129.4618 124.5165 132.5587 132.8901 134.3871 132.3800
105.9200 121.7855 118.8139 119.3095 117.8433 111.8671 115.6273 119.4291 125.1951 124.9658 125.3415 125.2031 125.1906 125.0592 127.2037 106.4481 119.9572 123.6329 115.6647 118.2498 109.8131 111.8187 114.0148 110.3586 122.6178 101.9464 118.6059 111.2814 104.2914 101.6183 105.4211 106.4164 113.5882 116.9000 110.3961 104.8823 127.4720 130.8362 109.7961 117.3564 117.5595 109.8158 108.1363 105.3988 108.4572 114.3949 114.8023 127.8096 130.5757 130.6870 119.0622 129.4197 128.4544 122.6211 127.9761 121.6694 117.0162 119.8329 129.4913 129.2101 132.4490 134.5382 122.6028 132.3300
125.1300 123.2907 118.8058 119.3486 118.8713 112.7292 115.0182 119.8151 125.4691 125.2307 125.2953 123.1928 125.5198 125.2742 125.5267 106.5406 110.3469 109.0836 124.7601 114.7383 113.1986 113.0614 116.4854 109.2781 126.0575 111.1330 102.0751 112.6523 105.3963 105.4327 103.4156 111.5472 113.7264 111.6676 106.9807 113.1205 118.1334 120.9005 113.5576 112.0596 113.3925 112.0697 105.9552 106.1892 118.4537 113.4261 123.2301 111.1440 124.5303 127.7215 128.1519 129.0506 128.8974 129.9068 129.9676 125.5249 104.7620 124.5591 124.8321 127.4261 125.5012 133.2713 108.0221 108.1600
110.6200 119.2864 118.5084 120.0220 119.3849 111.9369 125.7682 124.8266 125.3328 125.5278 125.5889 125.6631 125.6958 125.5338 126.9661 123.1468 119.3478 128.2119 113.8624 113.3348 110.3496 106.9487 112.1488 102.3400 108.4243 122.8161 127.9456 103.9711 104.6060 105.2681 104.5922 104.2824 112.2827 121.1089 116.3654 111.0903 107.1039 111.5032 109.6903 111.4072 108.8173 111.0353 110.9151 105.8081 114.1864 116.9206 128.0503 121.0602 119.0940 124.4034 128.9044 128.7619 129.5704 129.4780 129.6892 129.8028 111.2585 118.1647 101.3857 131.9325 123.9338 119.2830 128.6920 108.1600
112.5100 120.5045 121.0040 120.5907 119.0089 121.7315 125.4814 125.5879 125.6222 125.7385 125.7441 125.7465 125.7669 125.8561 127.1462 107.6645 109.1113 125.9365 120.3301 111.5030 112.6813 103.1153 112.5012 110.0767 104.9050 106.1158 113.4480 106.3643 104.5939 105.0574 105.1996 105.3241 107.4781 114.2582 118.3073 111.1150 110.5880 108.8686 106.3359 121.0886 106.6285 108.4680 108.0593 113.2587 108.2376 114.3828 121.6701 129.1615 123.5931 126.9481 128.7648 129.8543 129.4195 131.1890 127.0472 132.7769 131.3564 128.8521 113.3514 130.5004 135.0723 119.3480 123.2488 133.6800
113.5300 121.0221 122.2585 111.9086 123.6213 124.5165 125.8122 125.8717 125.9069 125.9042 125.9248 126.0435 126.0908 125.9343 126.0198 110.6218 110.5958 124.1452 119.4627 108.2327 105.3735 114.1813 118.0608 120.1219 102.8297 107.8822 112.0058 111.1664 105.0734 104.5110 103.5946 106.4746 106.1740 118.2637 115.0587 112.4178 107.9025 106.4096 106.6345 113.9304 104.3249 105.9434 106.7971 119.3762 118.7726 112.2851 126.7156 122.8820 130.2481 124.8003 119.2548 125.8336 130.0527 130.0812 122.9464 120.0394 130.2017 128.5747 129.6637 129.4186 130.1700 127.7858 106.4008 108.3100
114.6400 121.5880 122.5019 121.2722 122.6621 126.3964 126.0191 126.0512 126.0494 126.0780 126.1168 125.9338 125.9476 126.9291 127.6930 127.2234 127.6817 115.1439 118.7715 120.8130 122.7053 119.6682 102.8158 116.5232 121.2243 113.8135 104.6887 104.8008 105.1215 110.8152 113.7642 104.4040 105.0839 109.7401 114.3022 108.0091 115.1863 106.8001 115.8100 118.9484 109.0138 106.5907 107.7204 118.5590 121.5152 115.8607 116.2679 128.6050 125.8293 124.4916 124.5668 119.0844 128.3664 130.3165 130.6180 130.2157 129.7699 129.2349 129.7227 129.6993 130.5161 133.9399 123.7170 108.4100
115.3500 121.3071 119.7747 116.2165 123.4306 124.8025 126.1887 126.2372 126.2455 126.2593 126.3080 127.3428 127.3203 125.3986 111.2888 127.2765 118.0308 113.8633 108.2884 113.7823 119.6000 112.7740 117.4322 117.6485 113.8473 112.7599 109.3493 105.1656 105.5948 100.1512 107.3056 105.6272 124.5882 108.2945 110.8228 119.7136 116.7030 111.9527 113.8148 116.3646 124.4709 113.0140 107.9221 109.1264 122.8651 120.2811 118.1705 114.1155 122.9733 125.3749 129.4093 128.9481 127.5833 125.8544 129.9124 128.7990 130.7656 118.7261 122.0633 111.0495 109.5009 131.8846 110.1741 113.3700
116.3800 125.4251 126.1319 117.4868 118.5171 127.0215 126.3633 126.4052 126.4274 126.4457 126.4763 127.7296 109.3640 127.6552 124.7532 128.2106 128.3105 111.7859 109.1385 104.9977 119.9566 116.1637 112.3018 103.3396 105.1254 104.8201 104.3525 105.4726 105.6554 106.9170 127.7422 126.4087 126.8892 106.7327 113.6295 123.7933 120.5104 122.5794 109.5419 112.9944 115.7106 110.2386 106.7306 107.2059 115.0437 122.2831 121.9164 115.8076 118.9896 127.5651 128.5038 129.1723 131.1620 130.9168 128.7396 130.2154 132.2278 130.0558 130.8510 111.1719 108.8852 109.4129 108.2834 108.5400
116.8100 126.0849 126.3638 126.7246 127.0073 126.6790 126.5408 126.5872 126.6048 126.6047 126.7100 126.6868 126.6501 128.6075 129.5764 128.2707 119.3528 119.2717 111.1882 102.6857 104.4062 106.9540 103.5046 105.0975 116.2913 114.3380 103.6552 106.2124 105.6362 105.2824 109.1519 124.0808 122.2948 107.6740 105.2269 107.4213 118.9684 121.0256 105.5905 107.0816 109.1614 117.1659 106.0177 107.6044 114.5001 118.9621 121.9758 125.2365 117.7269 115.9170 119.0510 126.5796 130.1990 122.7594 128.4357 128.6802 116.2404 133.3627 131.9796 133.1961 133.9402 126.2817 107.1868 108.5700
126.6900 126.7098 126.7396 126.6625 126.5602 126.6859 126.8377 126.7565 126.7813 126.7991 126.8145 126.9944 126.6513 118.9393 128.0873 130.8666 123.9371 124.3003 111.2925 111.8530 127.2006 103.2568 105.2818 106.3518 108.8566 129.6775 102.4699 105.9306 107.3592 122.2964 106.8543 130.0096 121.0814 112.8724 107.8521 108.7342 108.8489 108.2754 107.2628 123.0280 114.3311 113.5151 107.0779 107.1985 107.8983 109.4330 118.6870 123.0463 124.2639 119.6170 128.0386 125.7293 129.5128 130.5974 131.8677 117.5619 127.3970 132.4241 132.4712 132.3313 135.9595 115.8301 113.0855 113.2600
126.8500 126.9376 126.8905 126.8941 126.9301 126.9913 126.5865 126.8874 126.9284 126.9604 126.9659 127.0769 126.6346 127.6107 127.4489 105.0179 110.2215 105.1631 116.6822 122.9211 116.1252 120.6539 104.1116 105.9275 103.9326 120.7510 105.9908 104.5941 111.6820 131.4991 128.4941 123.7828 126.2492 132.6369 109.2988 110.1135 120.2479 116.8583 112.8600 123.0708 118.5073 103.3859 117.5834 106.5329 108.3974 111.7880 112.0974 119.6190 124.7636 124.8534 119.9525 125.9526 129.1999 129.6851 130.1302 132.7221 133.0291 132.5439 133.1299 134.3388 127.2416 121.4584 107.0228 108.6900
127.0100 126.3734 127.0527 127.0475 127.0072 127.0814 129.2759 129.1543 127.1985 127.1162 127.2576 127.1297 127.5881 115.9238 113.5836 110.4300 126.8710 107.4387 103.5639 124.8755 114.9544 125.3587 102.4293 105.9472 107.2041 107.6481 124.8801 102.0731 106.4250 107.2014 130.5382 113.3887 126.4628 135.8810 111.2628 100.4423 111.3389 109.3228 117.8167 112.0196 127.7563 114.0575 114.0055 117.8169 110.9309 110.3953 122.5141 123.6802 124.1688 125.1224 130.0697 129.2122 129.8807 130.8049 130.3507 134.2989 132.8953 133.4137 135.6302 124.5523 112.0151 107.1273 109.0451 108.7900
127.1600 123.9800 127.1600 127.1600 127.1600 127.1500 127.1400 138.3500 127.2700 127.2600 127.2400 127.2200 127.3400 111.3100 127.4400 109.6700 113.2400 105.5100 105.6100 122.3800 116.2900 116.2900 126.3100 127.8000 105.8400 105.9200 128.1000 106.1100 106.0900 106.1800 131.6000 110.0900 115.6200 132.0200 132.0200 133.0000 125.6400 111.5000 126.6900 106.8900 108.4200 123.9600 116.9800 119.4000 107.2700 108.6100 127.3900 129.5000 125.6500 126.0100 126.0600 129.0000 130.1700 130.5100 131.1200 108.1800 132.5500 133.7900 133.8800 108.5300 108.6900 108.6800 108.8200 108.8200
