122.9900 109.2700 130.6000 122.2600 122.0700 113.0100 113.4200 112.9600 113.1600 112.4500 111.8500 111.7300 98.0000 97.7200 110.5000 109.8500 109.8500 105.7200 105.8000 107.7700 107.2800 111.3800 111.3800 104.2700 104.3800 101.8200 104.4400 100.1000 99.9100 105.4400 105.4500 105.4700 105.7000 100.0600 94.7300 117.0800 117.0800 117.3800 117.6600 117.6100 118.2500 118.1700 118.7800 118.7800 118.9700 119.5400 119.7200 119.9600 120.2100 120.4700 120.6400 121.0700 107.5000 121.5100 121.6900 122.0800 122.2700 114.7100 102.1900 111.5100 106.4100 123.5000 123.6700 123.8300
122.9900 124.7750 126.1788 121.8309 121.5619 117.2496 111.9229 112.3616 112.1188 112.5172 112.1460 108.2644 109.9420 103.7982 109.6653 109.2663 110.1556 110.5701 106.2385 108.1534 107.7431 110.1162 110.4691 106.6011 105.4517 103.1161 106.6911 96.5415 101.6242 101.5925 99.3652 108.1121 105.2187 102.4144 94.6543 100.4612 117.6997 117.6890 116.7211 117.6171 117.2434 115.6754 111.4356 118.6859 118.8895 119.2296 113.0638 117.3911 120.3383 120.3097 120.4847 120.7118 112.1851 112.9305 124.5438 121.9613 116.6315 113.7133 104.8491 112.1030 104.4697 124.1928 123.3844 123.7900
122.7100 122.2834 122.0208 122.9258 119.2434 121.3215 115.6081 114.0439 113.5870 111.8677 102.6776 98.1073 111.0519 110.7193 109.6023 108.4791 106.5707 105.4822 109.0905 109.5809 100.5169 100.5988 105.8181 106.9012 108.2824 107.5460 100.9225 101.1585 102.2162 107.7668 103.1610 100.8395 104.7925 119.2427 109.8795 111.9255 116.4892 114.3330 107.7100 117.0119 116.2725 117.4485 123.5150 117.2479 118.7397 119.0662 121.4317 117.9476 119.8514 120.1562 120.5447 120.5255 119.7611 107.3187 104.7084 104.3135 124.2173 115.0673 100.0061 110.8507 110.9564 116.2088 126.0018 123.7900
122.6700 122.4922 123.6156 114.1738 120.7060 111.3444 120.2169 117.3418 115.5704 112.9939 112.6235 105.4268 112.5279 101.4134 109.8109 107.2195 106.3947 107.3807 106.9453 111.4685 101.3183 105.2410 104.9446 106.9621 106.2213 104.6692 110.4671 111.1786 104.3253 105.1987 103.1370 102.2774 99.9002 110.0924 105.0420 115.8903 115.7536 114.0612 119.0173 117.8535 114.6071 116.7328 104.7789 122.2578 118.9526 119.4235 118.9745 119.3115 119.5655 119.7929 120.0925 120.6388 120.9668 118.4912 117.1181 106.4155 106.5438 106.3030 107.0843 113.7780 108.7816 108.4084 112.9656 109.2300
122.4400 122.0318 122.5835 110.0039 122.7613 122.6390 121.2455 120.7544 119.6207 110.2922 109.3690 112.4562 111.4714 96.2213 108.7361 107.5245 106.1736 105.3662 105.7729 104.6397 106.8560 111.0005 108.9485 103.8071 104.5299 98.7570 98.6266 104.5852 97.3692 98.5803 103.6936 104.2250 93.1371 117.0772 114.8956 114.3573 115.8599 113.4157 116.4321 111.7320 106.4793 118.4557 108.8990 110.3099 106.7150 118.0703 118.7470 119.0462 119.3669 120.2605 120.5242 120.3275 120.9732 121.4957 123.6824 110.4341 116.1767 108.2166 110.0337 111.5667 108.1691 109.8003 111.5731 115.7900
122.3900 122.2257 121.9023 121.1598 111.4756 127.0008 120.6364 120.4226 115.8848 107.0345 107.4322 108.4707 111.1596 111.3020 109.8340 108.5782 107.7869 107.4340 107.1837 102.5354 105.0670 102.2909 102.8400 99.2001 100.1009 102.3627 95.9066 103.8539 110.3208 100.5440 108.6925 109.3129 102.0637 115.0565 113.3450 114.2881 114.5688 114.5833 117.2531 100.5808 108.0673 116.8031 116.6423 116.6000 118.7928 117.9701 118.4367 118.7313 120.0335 110.6975 120.2442 119.9536 120.0607 118.8555 103.4325 105.6330 112.0840 102.5640 106.0546 112.2704 109.4426 110.0475 117.7743 115.4600
122.3500 122.1443 121.7482 122.9204 118.7705 120.0638 120.7424 120.1936 120.2307 117.0425 119.4857 110.8176 108.0091 107.2940 109.3946 107.4784 109.0742 106.7862 102.8587 102.1307 107.7322 106.5455 100.0250 105.0986 99.8879 94.6628 96.2005 91.6786 89.9466 90.6602 89.0872 101.0634 109.0210 114.1224 113.1070 113.5903 113.9688 114.3544 108.5038 110.8427 115.9425 115.2846 118.1859 116.5223 117.9542 118.2384 118.0360 118.6056 118.9755 119.3006 119.7331 119.9335 121.8577 103.7010 99.6999 110.7432 100.4795 103.1701 110.1685 109.6250 108.1881 113.8763 118.7223 101.2700
122.3200 121.9470 122.7906 121.3525 121.2687 121.3001 121.2915 115.3194 120.1441 117.3965 108.3554 95.5409 103.2812 111.1571 108.0388 104.4041 107.0533 106.3117 101.1855 103.6920 102.1058 99.3129 96.0158 95.7669 102.9462 103.6280 95.7364 89.7266 90.8699 91.5596 89.3062 103.7075 108.5683 112.0281 112.4934 112.8708 113.3087 113.9387 114.1527 114.7726 117.5521 119.0190 117.6910 117.1711 108.4334 113.2168 117.9282 118.4112 118.6702 119.1156 119.5518 118.7238 96.3625 99.7278 101.9412 109.3465 109.4167 109.5796 108.9973 121.5796 122.6425 123.1527 119.9119 121.6100
122.0800 121.9638 121.6008 121.3266 121.0267 120.6189 120.2716 120.3925 115.9056 119.2965 118.3389 94.6515 95.9000 96.0347 94.3080 103.1416 106.8207 98.3712 101.6027 106.3980 105.1176 106.7091 98.5443 89.1313 98.9040 101.2006 91.7945 104.1240 107.5088 95.3375 99.6234 117.8541 109.2729 104.5336 113.3114 112.0116 112.7123 113.2124 113.1700 114.2334 113.7537 111.9841 111.9022 118.5411 100.3834 120.2081 117.3134 118.1250 118.5659 118.2701 117.7695 97.7519 98.7905 107.5564 114.9976 113.6170 112.2770 113.4304 123.1098 122.1374 122.2241 122.3439 121.3903 103.2700
122.0500 121.8716 121.5882 121.2747 120.9557 120.6853 120.4437 117.7650 108.9978 120.0572 113.4003 99.1668 94.9471 102.4252 102.9003 109.2576 104.1332 101.6689 99.8483 100.3615 98.9566 100.3217 94.1986 93.0553 94.0710 118.1036 109.2612 105.4597 107.1374 107.7711 107.1187 109.0787 109.9152 110.6059 110.6874 111.1501 111.9424 112.5031 113.6958 113.5653 104.3666 91.0433 102.5971 117.1764 116.6953 116.8378 117.5745 117.9638 118.4946 114.7566 115.7243 112.5975 102.0316 108.4328 113.6400 112.7916 108.0417 108.5478 121.8269 122.0366 122.3892 119.0693 118.3365 101.1900
122.0200 121.8065 121.4955 121.1820 120.8766 120.5152 119.4304 116.9047 106.7181 117.6285 109.1429 107.9903 97.9043 107.2857 101.3498 108.4510 117.1528 115.4428 98.4621 99.4159 99.7627 99.7364 97.4863 87.0578 99.7543 111.5938 100.8927 108.8419 108.8392 108.1578 108.2652 108.2616 108.5170 109.0585 109.8812 110.6796 111.2423 113.4332 99.9029 97.2570 97.2972 105.4579 117.4212 115.5650 116.1208 116.7000 117.2707 117.7106 118.3335 115.0164 114.3659 115.6967 97.5055 110.3039 107.2635 100.0353 105.4151 117.8353 121.6960 122.1469 122.1052 122.5440 124.9289 127.3900
121.9900 121.7183 121.4312 121.1115 120.8016 120.3669 120.0786 119.6901 109.8389 108.1106 106.5513 106.9673 109.1619 108.6405 103.3344 101.3505 109.8479 105.1959 93.3566 108.9354 112.3266 103.7799 103.3107 97.7548 100.5614 102.7281 106.7721 107.8993 106.5259 106.1896 106.2370 106.5998 107.2120 107.9521 108.7990 109.6599 110.3390 109.1859 95.0728 92.3842 109.7410 114.6221 114.3851 115.4810 116.1266 116.6358 117.1161 117.5588 118.0095 124.2740 119.4508 100.1706 108.9419 103.5932 106.9045 102.7429 104.7833 123.7032 121.4901 121.9759 122.1764 122.2358 124.2512 106.5600
121.9500 121.7434 121.3737 121.0448 120.7231 120.5093 117.1587 119.7601 114.6439 108.0314 106.7629 107.1743 108.8094 108.5804 103.4800 104.6731 105.1118 104.9208 98.0922 104.0848 111.4024 111.1308 89.1276 108.7753 102.8173 100.2981 107.7697 105.3595 104.7801 104.3424 104.2784 104.7751 105.6125 106.6586 107.7489 108.8087 109.8947 106.8535 109.1503 98.1943 108.3408 113.9885 114.5791 115.3121 115.8686 116.4216 116.9648 117.4332 117.3630 125.2862 118.4150 113.7612 112.5746 119.6372 101.8299 104.2481 116.3672 121.0303 121.2675 121.9662 122.3388 122.7688 119.1422 124.6100
121.9500 121.2597 121.3130 121.0053 120.6712 120.3016 119.2296 119.2742 119.0209 104.5231 110.2825 105.2940 106.9664 109.7448 102.9439 103.9051 97.9408 100.4898 100.1129 100.4865 107.3654 107.5250 104.4023 112.8477 112.7516 101.7422 105.2499 104.5961 103.3757 101.7283 101.6465 102.4775 103.8125 105.2530 106.6738 107.9436 109.2177 112.4786 115.1855 104.3374 98.7428 114.5117 114.4525 115.0532 115.6949 116.2815 116.8313 117.3014 117.7899 117.8142 110.8698 122.3557 108.0281 107.6378 95.7873 98.4851 98.2141 120.6174 121.3328 121.9329 122.2064 122.1214 123.7785 125.7400
121.7100 120.9501 121.2991 120.9597 120.6149 120.2852 120.0359 119.7968 119.2400 115.6262 119.1347 115.2803 114.3800 115.2320 100.6072 101.8301 100.1164 90.7815 97.5658 106.6820 103.2587 104.3506 96.1927 108.6962 105.5027 105.9710 104.3911 97.8283 96.1322 98.4336 97.9255 99.6433 101.7409 103.8371 105.6568 107.1984 108.7604 112.6251 111.9191 100.2295 114.5253 113.2148 114.2500 115.0226 115.5653 116.1700 116.7211 117.2020 118.0678 119.0106 99.7991 122.3978 114.3039 116.8255 112.6238 109.9624 136.2839 120.3418 121.4711 121.8723 122.1386 123.9385 108.2931 105.0100
121.7000 121.6849 121.2673 120.9317 120.5889 120.2758 119.6831 119.2013 119.0499 118.9741 118.9191 118.2460 117.8249 117.1861 113.7870 113.4603 115.7131 102.7715 105.6263 109.4417 97.8391 95.4279 90.6257 116.5150 105.6620 104.9075 102.7185 99.1782 95.6572 91.7851 91.4904 95.6934 99.6370 102.5377 104.7931 106.6150 108.9153 94.9405 97.2082 92.5817 113.8451 113.0827 114.0694 113.6204 115.5017 116.0977 116.6681 117.3226 115.4885 119.8193 109.8845 104.7403 104.8117 109.4234 114.4193 112.0508 114.8181 121.7118 121.5837 121.8143 122.0356 123.6964 124.0477 129.4200
121.7000 121.5561 121.2433 120.9117 120.5711 120.2975 119.5639 122.5529 118.8565 118.5645 118.0733 117.5123 117.0043 116.4493 116.4269 115.4525 108.4512 95.9292 113.3722 108.3916 111.2342 108.9547 108.1941 109.3990 106.3936 104.4608 101.9977 98.6397 92.2341 86.3853 86.0449 91.2187 98.0926 101.6584 104.2575 106.2773 107.9637 108.0353 108.9958 110.1975 112.4510 113.2915 114.0005 114.7533 115.4352 116.0305 116.6092 116.9949 119.0813 120.1086 112.2351 109.2761 120.0548 104.7929 106.7133 103.7457 113.2631 121.7541 121.6276 121.8356 122.1334 122.7190 123.2573 125.3000
121.6900 121.5623 121.2461 120.9116 120.5714 120.3198 119.5207 122.9037 118.7240 118.5790 118.1784 117.6823 117.0059 116.7123 116.4241 115.2812 108.9172 93.8974 112.8385 110.1660 111.9666 110.5742 109.3500 107.9555 106.3906 104.3858 101.8325 98.1900 91.0755 85.3421 84.8842 90.2893 97.7133 101.4956 104.1649 106.2194 107.8282 109.2443 110.4068 111.5310 112.4524 113.2811 114.0629 114.7712 115.4264 116.0624 116.5632 117.2112 118.6811 120.0800 109.6593 110.1827 121.3667 104.7062 106.1751 103.5843 113.4455 121.6042 121.6244 121.8516 122.1768 122.4943 122.7473 125.3000
121.6900 121.5703 121.2540 120.9193 120.5823 120.3710 119.5358 122.6845 118.8548 118.5848 118.6181 110.3400 103.3341 105.2099 116.5917 113.8764 96.0029 99.9047 98.4467 115.3960 109.0403 110.9705 109.5517 108.1892 106.6283 104.7671 102.4129 99.2453 94.6828 89.4208 89.2249 93.7065 98.9508 102.1348 104.5453 106.4613 108.0598 109.4361 110.6214 111.6518 112.5437 113.3387 114.1133 114.8068 115.4669 116.2128 114.8853 118.5253 102.4843 117.1220 99.7855 112.5870 114.9950 108.3746 108.8274 110.5604 109.5378 119.1045 120.6231 120.6509 121.2613 122.3100 122.6587 122.8800
121.7000 121.5882 121.2696 120.9534 120.6041 119.9936 122.9702 119.6851 119.0622 118.6104 118.0689 118.6219 108.1183 117.7612 111.6937 107.0361 95.5271 118.7587 115.2110 111.6466 112.1645 110.8509 109.7755 108.5507 107.1407 105.4831 103.5312 101.1685 98.4145 95.8503 95.6226 98.2223 100.8846 103.3090 105.2766 106.9540 108.4105 109.6465 110.7462 111.7367 112.6398 113.4651 114.2096 114.8944 115.5381 116.1245 116.8493 116.9204 119.5847 119.1234 121.7237 103.3779 118.8287 104.9767 117.6117 111.9259 121.5899 120.6441 116.0397 114.1426 121.9450 118.6679 122.7090 122.8900
121.9300 121.6213 121.3032 120.9796 120.6339 120.2460 119.7003 119.5490 119.1614 119.1686 118.7848 118.5322 114.5055 112.2822 106.6613 105.0104 107.0338 113.7997 117.1032 108.6077 112.3842 111.2248 110.1900 109.0693 107.7989 106.4230 104.8707 103.2135 101.5947 100.4326 100.3745 101.4000 103.0245 104.6754 106.4591 107.8306 108.8886 110.0799 111.1040 112.0318 112.8721 113.6447 114.3674 115.0339 115.6429 116.2428 116.7517 116.6797 119.3076 117.6620 118.5630 112.5181 107.1792 99.4219 119.1041 122.0063 121.1823 121.2688 121.9605 122.9118 122.6855 122.7258 122.5264 122.8900
121.9300 121.6578 121.3600 121.0437 120.6993 120.3641 120.0282 119.6321 119.2383 116.3035 116.2641 114.8754 104.3504 110.3939 107.2985 106.6119 104.9226 108.9572 112.1070 110.6341 112.5631 111.6028 110.6335 109.5059 108.8723 107.4292 106.2359 105.0560 104.0072 103.3471 103.3040 103.9147 104.9399 106.1202 106.8766 108.0727 109.5730 110.5334 111.5056 112.3570 113.1425 113.8813 114.5668 115.2027 115.8045 116.3666 116.9077 117.4915 117.8009 118.3203 118.8151 118.2136 118.8266 112.3146 123.4430 119.0946 121.1431 121.3398 121.5340 121.6676 122.0467 122.3908 123.6717 122.9000
121.9400 121.7412 121.3337 121.0259 120.7426 120.4065 120.0480 119.6853 119.6404 113.3405 116.7824 108.6723 110.0224 115.6035 106.5446 108.0425 103.3571 103.6577 107.8890 112.1620 112.8583 112.0646 111.2876 110.6731 109.1547 108.9773 107.5656 106.6954 105.9767 105.5578 105.5375 105.9056 106.6057 107.4416 108.2761 108.4370 106.9018 111.3728 111.9588 112.7436 113.4710 114.1600 114.8068 115.4178 115.9946 116.5346 117.0449 117.5068 117.9947 118.4052 118.8146 119.4897 120.0224 120.5289 120.1245 117.6986 121.2581 121.3832 121.6928 122.0449 122.3075 122.6089 123.1035 127.0800
121.9800 121.7781 121.9289 121.3321 120.9261 120.4891 120.1049 119.7857 119.3485 122.6480 120.3315 113.7328 107.3110 110.4408 116.6615 100.8752 101.1919 112.4951 117.0521 110.1243 113.6034 112.5050 111.8410 109.5805 109.5599 109.4192 108.7690 108.1118 107.6048 107.3167 107.3054 107.7701 107.9480 108.7299 109.4292 110.2002 108.8254 111.8932 112.4790 113.1880 113.8843 114.5067 115.0866 115.6551 116.2014 116.7195 117.2103 117.6843 118.1419 118.5978 119.2070 119.3592 119.4633 119.9989 120.4364 121.1089 121.1237 121.4480 121.7329 122.0220 122.3153 122.5796 122.8095 123.1200
125.6000 122.7693 117.4768 121.3575 120.8550 120.5839 120.4373 119.9963 120.5662 111.4264 112.8072 111.1190 115.4782 100.0629 108.3892 104.3367 99.8415 104.4613 101.1967 114.5130 113.7223 113.0166 112.3965 112.0432 111.4715 110.5131 109.8814 109.3686 108.9958 108.7791 108.7808 109.1226 109.1818 109.8225 110.3962 111.0247 111.8943 112.1999 113.1515 113.6064 114.1285 114.7798 115.3913 115.9328 116.4397 116.9429 117.4234 117.8490 118.2842 118.6870 118.0485 118.9002 120.7152 120.1274 120.5739 120.8497 121.1821 121.5179 121.8109 122.1060 122.3827 122.6573 122.9316 123.1400
122.0400 122.1819 120.1260 126.8930 121.0039 120.6950 119.6759 119.8948 118.6779 107.8788 108.7478 110.2530 108.1381 112.4493 106.2109 103.7236 108.1812 101.8774 109.5546 115.2919 114.1682 113.5882 113.0150 112.4210 111.8634 111.3749 110.8934 110.4859 110.2028 110.0261 110.0621 110.3360 109.5024 110.8524 111.3144 111.8456 112.3550 113.0680 112.6667 114.7568 115.1736 115.0851 115.7330 116.2103 116.7049 117.1516 117.5870 117.9502 118.1233 119.4062 121.8432 126.1572 104.5529 121.4342 120.5162 120.9786 121.3038 121.5951 121.8903 122.1741 122.4576 122.7237 122.9808 123.1700
122.2700 122.1166 121.8655 121.9580 121.2007 120.6911 121.7569 116.0793 110.4843 109.1818 107.5008 108.4648 108.6286 117.0750 99.2587 101.0654 103.5077 113.0319 115.7818 115.0012 114.6522 114.1380 113.6263 113.1838 112.6559 112.2041 111.8133 111.4917 111.2624 111.1369 111.1300 111.2563 111.4922 111.7349 112.1658 112.6085 113.0737 113.5385 111.2174 113.1362 106.0344 116.2643 116.0231 116.5178 116.9679 117.4184 117.9267 118.7707 117.8976 122.1689 105.3888 120.9453 118.8103 120.6197 120.7496 121.0816 121.4012 121.6966 121.9747 122.2535 122.5391 122.6452 123.0719 123.1900
122.3000 122.0995 121.7386 121.3999 121.1253 122.0803 110.4440 110.9813 107.6042 108.1403 105.9234 104.9383 111.0791 104.6342 101.0812 105.1071 101.9535 113.0569 116.9032 115.4237 115.0977 114.6397 114.1940 113.7823 113.3631 112.9896 112.6667 112.4010 112.2185 112.1165 112.1075 112.1954 112.3798 112.6438 112.9535 113.3272 113.7376 114.1450 114.5700 115.2624 115.4179 115.8552 116.4709 116.8378 117.2577 117.6006 118.0843 118.2258 125.2181 123.5266 103.7615 105.4429 114.3997 120.7193 120.9883 121.1902 121.5066 121.7948 122.0782 122.3419 122.6182 122.8737 123.1355 123.2200
122.3400 122.2031 121.9136 121.7737 120.7331 119.2766 108.3435 113.2710 113.5879 114.3245 106.3467 110.9036 105.2042 107.5568 108.1338 98.6005 104.0339 101.5058 98.0017 117.4543 115.3246 115.8398 114.6076 114.3508 114.0380 113.7214 113.4494 113.2324 113.0721 112.9968 112.9859 113.0656 113.2097 113.4192 113.6885 114.0110 114.3648 114.7333 115.0796 115.6021 115.8705 116.3228 116.7611 117.1185 117.9432 117.7166 122.5290 120.1552 117.2634 119.7977 108.7768 112.5629 119.9241 120.7468 121.0527 121.3363 121.6189 121.8856 122.1721 122.6257 122.6852 122.9569 123.2131 123.4200
122.3700 122.3571 121.8815 120.7242 107.3510 120.3711 107.5745 111.7293 111.2449 109.8267 112.3293 105.8755 106.0938 103.6888 115.3219 100.1029 98.2044 105.0487 108.1185 118.2849 115.5755 115.7253 114.7035 114.9532 114.6811 114.4125 114.1747 113.9836 113.8506 113.7840 113.7880 113.8407 113.9681 114.1729 114.3923 114.6448 114.9625 115.2889 115.6487 116.0150 116.3804 116.7529 117.1617 117.4653 117.2587 116.1648 118.4946 113.8964 101.1255 114.1531 119.6949 106.9158 113.4943 120.3762 121.2335 121.4563 121.7359 122.5641 124.1577 120.5304 122.7933 123.0671 123.2525 123.4500
122.6000 122.4312 122.0531 122.6668 114.8565 109.1832 110.7778 111.7662 112.2189 108.7672 114.2717 106.5160 106.5434 109.7158 104.4461 96.8180 105.6159 106.2754 100.9152 115.6534 116.6291 116.1807 115.9058 115.5665 115.2992 115.0545 114.8237 114.6879 114.5994 114.5281 114.5174 114.5782 114.6723 114.7100 114.9620 115.3002 115.5233 115.8224 116.1379 116.4607 116.7945 117.1865 117.2963 118.0886 111.2853 103.6910 102.0263 117.9400 110.0130 111.5671 105.2928 118.0283 121.1047 116.5194 121.8262 121.5711 121.8696 123.1720 130.9607 112.8126 123.6671 123.2809 123.7053 123.4800
122.6500 122.5317 122.3039 122.5350 114.0391 110.2365 110.1348 111.4657 110.8738 116.6596 110.3622 109.0969 101.5134 101.1525 102.4730 98.5179 117.3367 119.4691 120.4229 117.2988 116.7025 116.4796 116.3417 116.0361 115.7078 115.6088 115.5331 115.3397 115.1738 115.2062 115.1883 115.2529 115.3198 116.1687 116.1957 115.8823 116.0711 116.3319 116.6058 116.9022 117.2149 117.5355 118.0512 120.1344 107.1252 110.0277 111.2834 102.8721 116.7384 120.9297 106.6528 109.6843 122.4832 122.3234 122.1146 121.6793 122.0152 122.1257 121.3998 122.8542 123.4731 119.7460 123.3044 123.6800
122.9200 122.6711 122.4954 122.8384 118.1149 113.1892 109.6930 109.9758 114.2197 113.7467 109.7527 111.1834 102.5783 106.6799 102.3093 105.2718 117.2155 118.1836 117.4261 117.4640 117.5272 117.1073 118.1986 114.7169 117.2827 116.4914 116.0228 117.0764 115.8601 115.8501 115.8130 115.8861 115.8986 111.4132 112.7102 116.3367 116.6073 116.8218 117.0751 117.3729 117.5043 118.1108 117.5959 119.0283 113.2345 119.4151 121.5387 104.6701 106.2299 116.2170 109.9638 118.5947 122.8879 115.7660 120.8309 122.6201 122.1267 122.4206 122.7276 122.8213 122.7987 104.0066 124.6231 114.6500
122.9200 122.8021 122.3912 122.3932 111.5006 110.5807 110.0438 113.0537 115.3576 112.2430 112.7762 115.0942 107.2395 105.0505 98.1166 106.0468 105.7957 120.0377 118.0955 117.8008 117.8616 117.5616 117.6754 105.8902 118.1441 117.8037 116.5756 116.4535 116.4397 116.3995 116.3985 116.4889 116.2406 116.5616 116.3673 116.8997 117.1110 117.2947 117.5323 117.7195 118.3419 116.7434 119.1674 119.2931 119.8824 121.0845 105.5871 109.5557 109.3085 120.0899 112.6024 122.4292 116.4737 117.0898 119.7711 117.7678 122.5556 122.5251 122.7502 123.0683 123.4637 129.0393 123.0617 123.9500
123.1900 123.0040 123.0994 123.3755 112.5191 111.9568 112.6110 119.1281 112.6548 111.8153 113.1313 113.6714 105.0997 101.0109 113.7151 109.0768 117.8541 108.1607 119.1620 118.2091 118.2242 117.9704 117.8915 118.3634 117.5724 117.0596 117.1755 117.0512 117.0023 116.9483 116.9480 116.9678 117.0740 117.0489 117.2116 117.2341 117.5759 117.7495 117.9509 118.2061 117.3430 110.9999 117.8796 112.7907 119.9831 116.1236 118.0298 114.7925 107.6906 112.7991 110.1797 113.4445 121.4388 122.3649 122.5167 119.3390 122.5841 122.7151 122.9215 123.1526 123.2289 121.6812 121.4829 123.9900
123.2400 122.6370 124.3010 115.8843 114.3893 112.1307 111.7908 108.4833 109.4286 109.1758 107.7109 104.9982 102.8446 101.8791 117.0077 120.7995 121.9541 119.6625 119.4004 118.7772 118.5750 118.4014 118.1757 117.9349 117.8696 117.7649 117.6266 117.5603 117.2634 117.4548 117.4619 117.4901 117.5308 117.6401 117.7458 117.8887 118.0073 118.1792 118.3618 118.5400 118.0380 104.9577 106.2151 120.4125 119.3969 116.5827 101.2797 113.7327 115.2090 112.3944 113.5847 117.5616 118.4408 121.6540 122.2707 122.3603 122.5540 122.8477 123.0602 123.2826 123.5404 124.4149 124.5726 124.0300
123.4600 123.2768 122.1543 113.3894 113.6652 111.9842 109.6524 109.7468 109.1132 108.5578 107.3373 104.9134 100.2107 104.0193 117.9997 109.4537 120.3847 119.4942 118.4445 119.1636 118.9756 118.7572 118.6451 118.4539 118.3897 118.1633 117.7976 117.6263 118.8471 117.9354 117.9457 117.9686 118.0164 118.0951 118.1829 118.2989 118.4465 118.5957 118.7567 118.9459 120.0036 120.0223 119.1137 112.5338 102.4405 111.2271 120.1197 117.7670 109.3485 111.6929 110.8989 122.0613 114.4555 122.1258 122.7811 122.5209 122.7654 122.9896 123.2100 123.4197 123.6272 123.7507 123.9626 124.2300
123.5100 123.4119 120.2694 113.7159 113.1659 111.4178 116.0130 114.8689 109.0889 108.1513 107.8674 104.3722 116.3333 119.1426 120.9204 120.5445 120.1072 119.8563 119.6919 119.5231 119.3263 119.2488 118.8807 118.9869 118.4177 118.3917 118.4971 105.6392 117.1520 118.3589 118.4067 118.4322 118.4692 118.5378 118.6217 118.7319 118.8543 118.9941 119.1559 119.3354 119.5801 119.6300 121.2882 107.3503 104.5953 108.3191 108.0449 120.0953 120.8370 120.3903 121.0621 122.5176 122.0870 112.4003 123.0606 122.4900 122.9570 123.1353 123.3519 123.5571 123.7656 123.9533 124.1647 124.2700
123.5600 124.3806 118.2392 113.3909 117.0352 114.8262 114.3988 116.3227 108.6620 115.0497 106.7807 109.9625 123.2456 122.4699 120.5926 120.5801 120.4939 120.2077 120.0408 119.8594 119.6885 119.4962 120.6537 117.7874 121.0105 118.7139 118.1137 109.5680 119.7999 118.6689 118.8625 118.8657 118.8999 118.9663 119.0391 119.1383 119.2517 119.3787 119.5275 119.6926 119.8910 118.4391 116.5404 119.8011 101.7840 98.5569 99.9159 114.5834 122.1206 121.5623 121.7887 122.0112 122.1764 122.5268 122.9174 122.8716 123.0906 123.2972 123.5000 123.6964 123.8991 124.0930 124.2842 124.4700
123.7800 124.3711 114.3439 116.5231 115.6279 117.4100 116.1383 116.7142 107.7373 113.2062 116.8280 114.3221 120.1207 122.7382 120.8667 120.8918 120.7207 120.5364 120.3586 120.1986 120.0433 119.9149 119.7993 100.5220 120.4421 119.1382 119.4328 120.3961 119.1585 119.3248 119.2518 119.2795 119.3159 119.3693 119.4412 119.5297 119.6314 119.7564 119.8624 120.0086 119.9090 125.1620 122.2076 119.5797 113.4624 108.4072 100.1092 124.6941 119.0619 122.4255 121.8565 122.4242 122.7466 122.6492 122.7626 123.0878 123.2514 123.4490 123.6497 123.8440 124.0274 124.2470 124.4372 124.5100
123.8300 120.0130 114.5103 116.6465 101.8243 114.8483 110.1837 107.9792 110.5785 107.1861 124.9769 118.7779 119.1258 121.3565 121.4070 121.1451 121.0056 120.8315 120.6626 120.5089 120.3836 120.2877 120.7598 121.1166 119.9806 119.8868 119.7769 119.6004 119.6170 119.4378 119.6608 119.6751 119.7118 119.7556 119.8287 119.9058 120.0030 120.1144 120.4840 120.4291 120.6700 118.2106 104.2576 121.0085 119.5021 98.5139 101.6236 108.4571 112.5953 118.9127 122.5663 118.9473 122.6746 122.7793 123.0551 123.2298 123.4245 123.6116 123.8021 123.9862 124.1891 124.1969 124.3231 124.7500
124.0400 117.7895 114.1560 115.6598 115.0138 109.4072 110.2237 108.6680 115.8998 121.9803 100.5428 102.4760 122.2130 121.8521 121.6360 121.3802 121.2743 121.1208 120.9749 120.8756 120.6228 120.5179 120.3979 120.1357 120.2781 120.1656 120.1229 120.0783 120.4727 120.9461 120.0654 120.0584 120.0808 120.1309 120.1690 120.2279 120.3517 120.4219 120.9662 120.5685 120.8681 124.1381 117.7952 110.7349 123.3284 109.3335 102.1900 100.9583 111.2213 98.6044 120.6093 108.4305 123.4711 122.9383 123.2385 123.3992 123.5913 123.7621 123.9492 124.2135 124.2767 124.9870 125.2703 124.7500
124.2400 124.3982 114.6203 115.9191 116.4447 111.9879 108.8243 106.7066 102.4918 106.1780 100.7442 103.7168 124.9862 121.7445 121.9817 121.8830 121.5928 121.4268 121.2598 121.1327 123.2769 121.2074 120.9020 120.8371 120.5974 120.5598 120.4721 120.8224 115.1417 114.2641 120.3758 120.4687 120.4457 120.4603 120.6061 120.7916 120.7130 120.8204 120.4398 121.1224 124.5523 118.8399 101.1761 105.4873 108.5051 99.4608 110.0720 116.7969 121.2790 113.4630 124.5543 123.5022 123.2447 123.2480 123.3887 123.5748 123.7604 123.8917 124.3718 123.9782 124.7051 118.5362 117.2300 124.9800
124.5000 124.8094 115.3460 116.0975 113.6182 113.4340 116.3530 99.8768 102.2670 108.4787 108.2147 99.9044 118.4184 122.2050 121.5021 121.9201 121.5926 121.5406 121.6196 121.4313 121.1992 122.3076 120.6311 120.3994 120.9572 120.8813 120.8328 120.8927 120.1822 120.3234 120.8583 120.7462 120.8382 121.3612 120.9895 120.0856 120.5944 120.9588 121.6995 123.6828 127.4402 116.6124 103.8683 109.8883 118.0748 118.2388 123.7235 115.7931 119.7280 118.8945 121.3875 121.1972 123.1313 123.4724 123.5802 123.7477 123.8965 124.4426 122.1975 124.5907 127.7013 115.4073 115.3985 124.9800
124.5000 125.2397 116.0649 115.0342 116.2640 112.0501 104.6230 109.0471 112.2738 107.7384 107.7326 124.3562 124.1346 125.1299 122.2855 124.2407 123.1969 122.4220 121.4969 121.7509 123.3109 113.6538 122.3125 121.9583 121.2676 121.2131 121.1575 121.0415 121.1202 120.8004 121.1715 121.1561 120.4624 122.4390 109.2813 134.0912 120.7949 122.2512 125.7746 104.1524 102.3208 110.4515 106.7167 105.5983 113.4505 114.8934 122.6728 123.7967 124.1539 115.2568 116.4023 121.3356 123.9182 123.4519 123.7400 123.8593 124.0430 124.2520 122.0345 124.8986 123.0599 116.7595 126.1141 110.4300
124.7600 126.0944 119.7625 116.4426 121.7939 120.7692 102.0663 115.1069 105.4836 102.6023 106.3943 115.9477 116.8297 125.7570 118.2380 109.7888 104.7853 122.0410 122.0749 121.9647 122.5377 106.4045 107.9303 122.2979 121.6218 121.5229 121.5271 120.9628 120.4504 108.6486 121.7319 122.1416 121.2154 114.9281 121.6058 104.8961 107.2898 103.3870 125.4248 105.1210 110.5448 111.5245 109.2213 109.6453 103.6446 119.2929 122.7108 122.5895 121.9195 118.1943 115.5049 116.5779 124.2844 123.9270 124.1402 124.2875 124.2594 124.4745 124.7050 124.6687 125.2040 111.8483 124.3290 108.2500
124.7600 117.5241 113.6354 115.2543 119.0262 117.3945 113.6130 111.8292 110.6109 116.1250 106.1545 115.1792 121.2235 126.6761 110.9476 109.9998 118.9436 123.3508 122.3761 122.1640 122.0676 125.3325 122.2110 121.9480 121.9603 121.7997 121.8046 121.7928 117.7815 108.6540 120.0604 117.3196 123.5080 113.6724 106.2226 103.4382 115.0169 107.5411 110.0247 107.9214 104.1492 111.4803 114.8013 121.6076 126.4953 119.1119 122.7664 125.0462 123.9978 119.4906 115.6758 123.2475 123.8088 123.5091 119.9586 124.4241 124.3798 124.5819 124.5737 126.4476 125.4162 118.1906 127.7358 125.4400
124.9900 122.2977 124.5098 117.1249 124.7820 111.5574 112.2362 109.4639 111.0536 119.4954 114.7143 101.6817 121.1615 123.1174 125.4085 128.9611 121.6380 122.7221 122.5457 122.6006 122.4746 121.8694 122.2259 122.2554 122.1708 122.1159 121.9890 123.1130 102.3590 116.2216 123.8279 114.6811 103.1181 106.1895 106.0637 111.0962 125.2449 117.9187 109.6299 103.2773 125.2354 118.4483 108.9930 114.4062 120.5222 119.9618 115.6333 120.7680 121.8964 112.7747 121.2453 124.2177 123.9431 123.9294 129.8212 124.5455 124.6296 124.7341 124.8574 125.2569 124.8294 125.6152 125.7343 125.6100
125.1800 125.3295 125.0306 124.8173 124.3175 110.6850 113.0154 114.6075 106.7179 104.9505 105.5047 104.1932 124.6713 117.1588 119.3990 124.2773 123.8619 122.9114 122.9069 122.8137 122.7188 122.7529 122.5884 122.5388 122.4892 122.4288 122.2490 124.1366 125.2784 122.8911 114.6402 114.3019 104.5018 105.8408 124.1716 106.9713 123.6151 122.6518 123.9604 122.6331 124.9024 109.8029 100.3540 113.7254 113.9816 125.6187 122.7975 123.5692 125.1812 120.0565 121.4307 125.0346 124.2574 124.0111 124.5097 124.5544 124.7958 124.8915 125.0361 125.1915 125.2973 125.4660 125.5976 125.6600
125.2100 124.8256 125.3141 119.5586 112.6224 110.2911 110.4792 110.2399 107.5268 104.3944 104.2511 104.2506 110.6411 104.2017 103.2161 115.3922 125.7022 123.2912 123.1245 122.8927 122.9879 122.7410 122.8546 122.6920 122.6580 122.3989 122.3455 116.5480 121.8307 124.6158 113.5705 110.2985 103.9042 113.3142 117.6700 123.7428 123.6235 122.8515 122.7299 122.9628 122.9179 122.5673 105.7435 111.1263 116.5799 123.5668 123.5996 123.8121 123.6976 111.7068 111.6419 126.2566 124.0666 124.5467 124.6298 124.8537 124.9024 125.0594 125.1919 125.3264 125.4773 125.5996 125.7511 125.8400
125.4200 124.8344 125.9777 112.9503 115.9318 113.0970 111.2752 110.2926 107.9183 105.6577 107.0116 102.7046 103.6574 104.3287 116.1335 102.6553 126.1113 123.5675 123.2077 123.9684 122.9551 124.3128 122.6828 121.6451 123.9471 122.8220 121.8873 124.9089 122.7115 120.5852 113.8000 111.7668 99.4105 115.0771 123.5886 122.7234 122.9298 123.1138 123.1755 123.2280 123.1980 123.1601 109.5862 104.3390 114.8954 124.5482 123.8925 123.9926 124.8472 122.2152 126.6976 124.1190 124.6521 124.6849 124.8206 124.9112 125.0860 125.2397 125.3490 125.4811 125.6230 125.7480 125.9081 125.8900
125.6000 125.4255 125.1770 118.6645 112.0918 107.7621 106.1197 113.1675 108.6554 110.0709 107.2009 110.2513 104.7467 126.1347 126.4271 108.0374 125.1429 123.7385 118.2582 122.2682 124.9385 116.0006 110.6532 102.6780 123.3005 122.5963 121.5400 105.9844 127.8535 107.4624 96.9007 100.4483 121.4003 122.5993 123.2914 123.0999 123.4658 123.2742 123.3475 123.4602 123.0897 124.7194 117.2405 111.3785 115.6645 124.1308 124.0737 124.1767 124.2442 124.2622 124.2088 124.6640 124.7473 124.8763 125.0010 125.1248 125.7087 125.2165 125.5396 125.6363 125.7571 125.8971 125.7355 126.0600
125.8300 127.5272 122.6157 114.9357 118.2624 111.9147 109.6704 111.2281 107.8927 107.5541 113.9522 107.8629 112.2421 124.1465 123.9650 123.1020 124.1659 124.3405 112.3385 127.0340 119.5872 124.1985 106.7222 116.6214 122.9206 125.0785 105.9026 104.6614 113.4157 105.8355 119.2227 120.9616 105.6781 108.7456 124.4838 123.6187 124.1685 125.5608 122.1306 123.6988 124.6778 121.0445 103.9962 117.1429 124.6163 124.4485 124.3465 124.3922 124.5017 124.6496 124.7070 124.8415 124.9253 125.0610 124.9327 124.2063 123.3702 127.0713 125.5899 125.7752 125.9092 125.9769 127.0758 126.2200
126.0000 116.9074 114.5279 115.7338 110.2182 112.0566 112.1556 111.8744 111.0656 107.2016 111.0227 102.6791 127.5970 124.1626 124.5071 124.3934 124.0350 122.6668 105.6104 120.3254 108.7570 113.4933 101.6826 119.9711 125.2755 118.7448 122.3917 102.2734 106.4262 111.9672 124.0552 118.5172 107.1114 126.1329 123.8405 123.6784 122.7599 116.0240 119.9499 124.5272 124.9612 111.6354 103.9848 116.5679 124.4342 124.5627 124.5265 124.5801 124.6870 124.7866 124.8907 124.9985 125.1139 125.2379 125.7023 121.2624 107.3059 123.7447 125.7826 125.9520 126.0576 126.0757 125.8380 110.1500
126.0200 115.3415 114.7952 116.6168 112.7662 111.6556 110.2597 111.6049 111.5428 109.4330 114.9366 107.6889 121.0648 124.2771 124.7243 124.6069 123.9538 125.0205 102.4338 126.2666 116.5465 101.0974 102.1227 101.2655 103.8422 109.9575 117.4656 104.3008 101.7625 116.2816 124.1245 124.0066 124.3022 123.9826 124.9609 124.5009 121.6360 125.3864 110.3221 128.3682 116.3106 123.8758 106.5878 122.5004 113.5083 124.8157 124.6992 124.7777 124.8776 124.9799 125.0781 125.1852 125.2914 125.4051 125.4801 126.0451 126.3775 126.2412 125.7292 126.0566 126.1943 126.4129 125.5045 126.5900
117.0600 115.4902 116.3222 115.3936 113.7251 109.8424 121.4703 113.1250 108.2026 111.8630 116.0337 121.8742 123.3476 124.4747 124.8721 124.8010 124.3220 121.7913 115.8867 107.1588 125.1180 122.2814 104.8010 123.2949 119.3943 118.6636 108.3709 107.7755 106.0795 119.7480 124.1835 124.1390 123.8756 124.3034 126.1205 129.0624 106.7339 115.8836 105.9617 123.2497 113.4229 113.3087 113.1477 126.7035 124.4059 125.3704 124.8937 124.9793 125.0708 125.1605 125.2558 125.3567 125.4587 125.5642 125.5595 125.7728 125.9264 125.9941 126.1734 126.1565 126.4139 126.3925 126.4320 126.6300
115.9500 114.5242 115.3778 114.7885 111.8376 113.4565 122.7456 114.4425 108.2989 115.2690 110.5470 126.0405 121.3119 125.0542 124.9336 124.9650 124.3253 123.1040 117.8856 120.7900 125.3201 126.3344 111.0715 122.2916 123.7434 103.7656 115.9847 110.5587 102.7506 127.0773 124.2266 124.3456 124.4215 125.4132 111.4598 126.3285 122.2783 104.4412 114.6428 125.3864 126.0832 109.4349 121.6024 125.0343 124.9723 124.9163 125.1291 125.1714 125.2581 125.3465 125.4357 125.5332 125.6364 125.7476 125.8297 125.9456 126.0392 126.2459 126.2716 126.7329 126.3040 126.5648 127.1222 126.8000
115.9500 123.2163 125.1616 112.6451 111.6136 111.0115 115.1259 116.3443 117.0797 117.0942 116.1458 117.3926 124.8739 122.0989 125.3741 125.0620 123.9382 125.6546 125.3526 126.4031 123.0336 111.1260 114.6258 124.0970 111.7662 104.6631 104.2051 113.5629 104.3759 123.7439 124.6538 124.5664 124.6732 124.6558 121.9623 124.9770 124.8404 120.6726 123.0905 124.4184 124.6797 126.9896 125.6667 124.9067 125.1474 125.2106 125.2717 125.3596 125.4427 125.5258 125.6157 125.7076 125.8008 125.8956 126.0025 126.1209 126.1423 125.7763 114.9255 127.2774 126.8269 126.7369 126.4529 106.6900
116.9000 128.3866 122.9747 126.8374 124.4666 126.2378 126.4116 115.5650 117.7213 116.9469 118.5677 108.7895 123.8461 111.3757 127.0492 125.5395 119.1304 125.8014 126.4858 107.4386 126.9305 110.1086 115.1046 117.4331 113.6719 104.0472 104.2554 113.2632 112.1005 121.8913 124.9338 124.8252 124.8032 124.8798 125.0295 124.9203 124.6137 123.9134 119.3827 125.2638 126.7361 120.9426 126.0216 125.3226 125.3329 125.3866 125.4647 125.5404 125.6227 125.7062 125.7921 125.8794 125.9684 126.0725 126.1088 126.2148 126.3483 126.7462 122.0734 123.4387 125.8858 127.6243 129.4632 136.7400
126.7600 126.6235 126.6380 126.1572 126.9104 127.7569 126.9067 118.2559 118.3594 119.0912 108.2322 103.1420 125.5982 119.5070 124.7474 125.9265 125.7834 125.3866 127.7968 104.6167 110.5288 109.1349 103.2747 104.3674 109.6567 109.1103 104.2975 112.6379 127.4930 124.9047 124.9550 125.0485 125.0280 125.0298 125.0498 125.1467 124.8130 124.1854 114.4250 116.1512 118.1726 106.9909 122.4227 125.6189 125.5110 125.5811 125.6484 125.7209 125.8018 125.8836 125.9570 126.0449 126.1352 126.0731 126.9933 125.4858 126.7294 126.6767 126.5364 127.0270 127.1078 120.5274 104.1493 111.7000
126.9100 126.8273 126.7311 126.7123 126.2559 126.4751 126.9257 120.6898 118.6689 119.0936 118.3245 119.5291 127.6443 118.5243 126.4063 125.1373 125.2333 125.5581 127.9764 124.0258 117.1012 109.5964 103.4277 102.4978 108.1763 109.7051 109.3751 109.7104 124.4327 124.9357 125.2480 125.2391 125.2360 125.2480 125.2724 125.3070 125.1215 123.2206 114.0504 109.2055 126.1309 116.5283 125.0690 125.6804 125.7035 125.7631 125.8254 125.9010 125.9764 126.0502 126.1267 126.2171 126.2968 126.3829 125.7747 120.1258 127.2129 126.7379 126.8285 126.8991 127.2490 123.0605 118.4386 109.0000
127.1000 127.0264 126.8696 126.8875 126.7296 126.6639 126.7554 121.4156 126.3531 123.8437 125.8276 126.5779 128.2969 103.5916 110.5686 134.4712 123.5932 118.7090 115.8547 125.8768 105.0576 109.3396 107.9526 102.8285 109.6692 111.0677 112.4988 115.2516 126.3351 125.3513 125.4212 125.4328 125.4350 125.4476 125.4780 125.4948 125.4208 126.1181 117.8610 116.7317 114.9541 127.6509 125.7468 125.7355 125.8811 125.9503 126.0081 126.0794 126.1459 126.2221 126.2980 126.3738 126.4625 126.5542 126.7087 127.0108 126.8567 126.8987 126.9810 127.0501 127.6834 123.0109 113.9884 121.5500
127.1000 127.1949 127.0825 126.9767 126.8616 126.7873 127.0488 123.6721 126.3418 126.7616 126.4382 126.1315 110.9634 105.7633 103.3758 104.0621 105.9643 109.0235 118.9261 126.1445 116.1052 110.9294 107.9846 103.0500 109.8024 112.4571 110.7202 117.6896 125.1741 125.6050 125.7491 125.6253 125.6347 125.6532 125.6654 125.6809 125.7205 125.6293 126.1223 127.3153 99.1830 122.1558 126.0400 126.0428 126.0622 126.1212 126.1845 126.2514 126.3248 126.3879 126.4578 126.5406 126.5837 126.7890 126.4458 127.0640 125.7137 127.7775 127.8110 126.8388 120.0079 123.9414 108.5602 110.4100
122.3800 127.1700 127.1900 126.9800 126.9800 126.9100 126.7800 126.6900 126.6000 126.6000 126.5100 126.4000 126.4000 105.4000 104.2000 115.7700 104.1100 112.8600 126.0100 132.2500 116.1100 125.9200 125.9400 104.7900 110.8600 110.4600 110.4700 117.1600 125.6800 125.6800 125.9300 125.6800 125.6700 125.8400 125.8300 125.8100 125.8000 125.9300 125.9300 125.9000 106.0800 126.0100 126.1300 126.1100 126.2200 126.2200 126.3200 126.4300 126.4000 126.5000 126.6300 126.7200 126.7000 126.8100 124.4800 126.9800 105.0900 127.1700 127.2900 127.2600 107.7100 125.3200 108.3200 108.3300
