124.9400 124.9400 117.0500 113.5200 124.9300 124.9100 125.0800 125.0700 125.0500 125.0300 125.1900 125.1600 125.3100 125.2800 125.4200 125.3900 129.2400 125.6300 125.6300 123.5600 114.9700 115.2600 115.2100 126.0600 126.1600 126.1600 126.2600 126.3800 126.4700 126.6000 126.6800 126.8100 126.8800 127.0100 113.0600 127.2000 127.2900 127.3800 127.5000 127.5800 127.7900 127.7900 127.9600 128.0600 128.1600 128.2400 128.3300 128.5200 128.5900 128.6800 128.7700 128.9600 128.9600 129.1100 129.2000 129.2800 129.4600 129.5300 117.3700 118.0000 121.6900 116.3200 130.0100 130.0800
124.7400 124.7315 105.3000 110.3632 121.4075 125.5158 124.8596 124.9112 124.9306 124.9700 125.0110 125.0639 125.1170 125.1587 125.2307 125.0709 125.4015 125.3720 126.4635 118.2760 114.6253 116.2792 126.9748 124.8965 126.3481 126.2717 126.0013 126.3435 126.9700 127.0349 126.6336 127.3160 130.7179 130.6432 111.5298 118.4879 107.2128 121.7265 129.0576 127.5733 125.1037 127.7414 127.8220 128.0261 128.1082 128.2019 128.2980 128.4075 128.5314 128.6269 128.7369 128.8428 128.9243 129.0229 129.0502 130.0326 133.2339 129.9274 114.5684 119.7197 120.1567 122.1977 130.1766 130.0800
128.1400 127.5071 115.6307 107.6816 120.4567 122.5418 124.6696 124.7008 124.7174 124.7617 124.8039 124.8512 124.9130 125.0587 125.0363 125.1220 125.1751 125.3715 119.5455 126.9426 114.4962 114.6057 127.5790 128.0192 122.8855 124.8059 126.0455 126.7684 124.4130 114.0964 116.9137 118.6806 104.0965 117.3510 107.0060 114.2249 114.1640 112.8167 109.7589 126.9799 125.8714 127.5515 127.6693 127.8591 127.9621 128.1077 128.3164 128.3519 128.4018 128.5446 128.6336 128.7506 128.9291 129.1283 128.7791 128.4025 112.8978 119.4811 116.0050 119.6946 118.7296 128.5223 129.8560 129.9600
124.3400 124.6092 125.1824 108.7298 126.9295 122.3117 124.1412 124.5157 124.5031 124.5468 124.5829 124.5783 124.7884 124.3316 124.8414 124.8964 124.9643 124.9356 125.6345 114.3270 110.9747 120.2348 114.0424 114.2490 123.0800 125.3324 125.6847 125.8289 123.2513 125.9575 121.6849 112.9669 124.0380 109.6786 115.0817 122.3117 103.3513 110.6286 121.9999 127.4715 127.5804 127.5378 129.4792 128.7568 127.8594 128.0159 127.4224 128.7111 128.2256 128.4560 128.6060 128.7431 128.4881 128.3124 130.2670 120.9415 117.9423 118.9865 122.2177 124.0975 121.8740 129.6651 129.7328 129.9300
124.1300 124.0126 122.2943 110.9545 119.3861 123.3031 124.1834 124.2980 124.2831 124.3318 124.3666 124.1578 130.7085 124.5731 124.6407 124.6928 124.7856 124.8048 126.9992 115.1783 134.8684 137.8200 130.6124 125.7065 125.8126 126.6733 125.8683 126.0569 126.8075 126.8654 125.0401 121.3192 115.3164 128.3251 122.3857 116.5032 121.7821 124.9141 127.3050 127.1433 127.2331 127.4303 123.9791 126.9175 127.6787 127.8764 128.0629 119.5470 129.3298 128.2424 128.5856 128.7511 129.2013 131.7831 112.0440 120.1961 109.2311 117.5130 136.8816 112.0930 129.0861 129.8190 129.8409 129.8200
123.9100 123.9250 125.5745 109.1720 119.7841 123.2443 123.6433 124.0715 124.0489 124.1022 124.1475 123.7888 124.1535 124.3860 124.3963 124.4965 124.5636 124.6555 125.6716 120.8065 118.3442 124.6869 124.2403 125.4705 125.0508 125.5200 125.5054 125.6869 125.8117 125.4393 130.2427 125.7020 104.7505 116.7889 129.9055 111.7518 122.7214 126.9029 126.6758 127.2326 127.1760 127.4249 127.4618 128.1841 127.7084 127.7294 127.9834 125.4843 128.2612 128.7279 127.6441 131.9572 111.4367 112.0794 116.1945 115.6243 124.5933 117.0063 115.1184 119.4093 130.1258 129.5163 129.7028 129.8000
123.6900 123.8322 120.3081 105.1802 126.9369 123.2869 123.5896 123.7989 123.8141 123.8675 123.9160 124.0367 124.0986 124.1451 124.1997 124.2621 124.3613 124.4446 124.2852 125.3846 125.0820 125.1799 113.9530 124.2243 125.4251 125.2999 125.4049 125.4967 125.8149 125.6531 127.3429 110.7772 117.9814 105.4354 106.8889 107.2765 127.3058 126.7528 124.1931 122.6938 127.2463 127.5286 127.9340 127.2824 127.6309 127.7081 127.7334 128.0773 127.9885 128.1318 128.4732 121.6675 108.5416 114.4853 116.7873 113.5168 108.6184 112.1559 112.0553 131.1677 129.4188 129.4917 129.8995 129.6900
123.4600 121.5283 112.4989 105.7764 117.8297 120.9217 123.4087 123.5589 123.5809 123.6200 123.7079 123.7650 123.7171 123.7765 123.9723 124.0764 124.1528 124.2577 124.3805 124.2969 124.4847 125.5026 123.4431 124.5471 124.7178 125.1288 125.2387 125.3113 123.9462 124.2321 125.2576 125.3199 124.9282 103.3012 108.2702 114.0563 128.0877 126.4272 127.0400 127.1499 127.7150 119.3035 122.8056 127.5908 127.3047 127.6186 127.7292 127.8437 127.9672 128.7550 118.5623 108.5573 108.1433 115.5836 110.7868 108.6674 114.8465 120.7443 128.6818 128.8305 129.4390 129.6879 130.9652 129.6600
115.0900 116.3495 112.5784 114.6057 114.8270 120.8072 123.2422 123.3241 123.3214 123.4377 123.3484 123.8440 122.1079 126.5598 123.7068 123.8346 123.9473 124.0362 124.1334 124.2756 124.4335 124.0669 116.5842 122.1389 124.9862 124.9480 125.0610 125.3156 125.6896 118.6584 114.9157 105.2230 108.1273 109.1716 125.0335 126.0837 126.2575 125.9686 126.9927 123.5571 129.5662 109.3571 127.1599 127.0159 127.4426 127.5097 127.6320 127.7940 127.5965 128.5159 118.1154 118.4176 112.7551 123.9319 109.4870 106.0915 141.3975 118.7411 130.2041 129.1408 129.2418 131.0279 147.2685 134.6500
122.9900 126.5415 109.2236 113.8270 117.3498 123.5430 122.8421 122.9367 123.1104 122.6945 123.9314 121.4663 115.6907 119.4236 123.4543 123.6460 123.7121 123.8225 123.9307 124.0437 124.0731 125.5270 119.0385 119.4180 124.7034 124.6488 124.9546 124.5623 128.5335 130.7762 122.4957 126.3390 120.6200 127.1362 126.3781 126.0606 126.3665 126.0480 132.6214 106.2921 122.3799 118.3493 117.7563 127.1443 127.2786 127.4048 127.5425 127.6454 128.1116 126.8317 125.4320 115.0079 129.8751 125.0784 115.2036 109.7461 119.6232 128.7841 128.8706 129.1249 129.3048 129.0681 123.4076 111.9000
109.3700 115.8181 116.3001 109.3630 116.4692 123.0804 123.3724 122.6793 122.7790 122.2912 119.3242 119.0922 114.4679 123.9111 123.5930 123.3779 123.4936 123.6219 123.7146 123.8336 123.9650 123.5433 123.2621 124.7815 124.5794 124.6025 124.6659 125.0801 122.0834 124.6369 125.4171 125.1183 125.3125 120.9508 125.7125 125.6821 126.3665 126.5318 132.2849 111.3753 113.5366 127.9255 130.3559 127.0323 127.1875 127.3187 127.4505 127.4762 128.7102 119.2435 123.6760 120.6478 131.1297 106.7009 119.8176 116.2096 121.6641 128.2666 128.9691 129.0532 129.1910 129.3726 131.9724 129.5100
122.2300 116.4821 119.6950 112.0167 115.5777 111.5273 119.1578 123.1823 122.6066 120.0717 109.6487 113.1622 115.7331 117.7591 123.1888 123.1848 123.2929 123.2517 123.4923 123.6188 123.7165 123.7145 121.9760 124.5412 124.1605 124.4228 124.5712 124.6484 125.2259 124.9985 125.1438 125.4652 115.2706 111.1167 125.3480 125.7907 126.0091 126.4580 125.8770 109.5848 129.9193 127.0730 126.4861 126.8989 127.0854 127.2239 127.3401 127.5154 127.5910 127.9827 129.1777 132.1879 120.2503 121.5718 113.2631 106.7905 120.2226 130.1506 128.9649 128.9899 129.0714 129.1589 131.4333 116.5400
121.9600 124.1865 111.7876 112.9163 122.5853 110.0442 115.3954 118.6689 122.4131 118.5404 112.6671 111.7255 122.0960 121.2915 123.2049 122.6592 123.3452 124.5642 123.2209 123.4054 123.5308 123.6601 124.2094 124.1434 124.0612 124.2352 124.3817 124.4158 124.6760 124.6814 124.4309 126.7969 111.8684 111.1873 126.5791 125.7577 125.7864 125.9978 120.5287 111.7186 127.1967 126.3138 126.8534 126.9243 126.9899 127.1269 127.2618 127.4004 127.4464 127.3570 128.3013 128.3977 110.2745 124.6940 110.9240 117.5850 110.9955 125.1520 128.9277 128.9373 129.0263 128.6718 136.2759 119.0500
105.3300 106.9958 110.2807 112.0497 126.4144 117.1147 122.5585 121.7326 121.9233 121.1196 128.3310 119.6531 121.6562 122.3832 122.5173 122.5963 124.2061 115.5660 122.5863 122.9381 123.3591 123.4522 123.5994 123.6929 123.9033 124.0860 124.2198 124.4229 124.8265 124.7977 126.6556 114.7947 124.2105 127.0608 125.6178 125.5248 125.8355 125.6258 126.8058 107.0041 127.0768 126.4429 126.5914 126.7428 126.8925 127.0347 127.1749 127.3176 127.2180 128.3309 122.8191 127.7003 114.4498 130.9728 118.5145 127.7896 122.4697 126.5500 128.7609 128.8657 128.9868 129.1772 124.6649 132.5400
115.6200 115.5821 108.9480 125.4063 121.5301 121.7579 121.5577 121.4993 121.8290 118.6190 121.8846 112.6698 120.4657 122.0532 122.3134 122.3875 123.6888 124.0613 122.9364 124.6075 122.7507 123.2791 123.4104 123.5818 123.7024 123.8546 123.9427 124.1954 121.2446 121.4133 131.9899 122.3852 118.2060 124.9610 125.2455 125.4722 125.6683 125.5198 135.8172 127.1160 126.4359 126.3574 126.4945 126.6559 126.7962 126.9384 127.0838 127.1789 128.6055 118.3986 117.9837 120.0015 128.0802 129.0968 121.0227 122.0544 129.0054 128.7820 128.6781 128.8023 129.1942 128.2715 129.0468 120.9500
126.5800 127.2000 120.8409 121.6940 121.0785 121.6468 118.6277 122.1361 118.7815 121.4088 122.1682 118.4529 121.3931 121.9843 122.0239 122.0903 123.1092 115.8242 115.4877 121.0080 122.8801 123.0530 123.1913 123.6728 123.5481 123.7063 125.2616 123.9300 124.1950 124.3044 126.2423 122.9910 123.2115 125.1892 125.1817 125.3387 125.3186 126.0987 115.5414 120.6265 127.1850 126.2576 126.3970 126.5588 126.6999 126.8553 126.9232 127.5971 122.8222 120.9401 115.4254 126.6439 127.7332 118.1673 128.2856 128.1524 128.5572 128.4795 128.6191 128.7449 128.6662 133.5194 129.8933 134.3600
120.8000 120.0733 120.7031 120.7615 120.7720 120.8366 113.1242 122.2958 120.1208 121.6367 120.9139 121.7233 121.5388 121.4642 121.7810 121.8241 122.1363 122.4290 123.1080 122.6580 122.6266 122.8340 123.0378 123.0609 124.3211 124.1449 122.1874 114.3377 125.9503 124.3224 121.5074 122.9230 124.6883 125.0894 124.9991 125.2073 125.3408 125.6131 125.8238 122.8073 125.9954 126.0505 126.3022 126.4613 126.6090 126.7554 126.9049 127.1010 126.8737 127.7047 129.3427 132.2338 128.5689 127.4073 119.0051 122.8608 128.7422 128.4095 128.5576 128.6843 128.8232 129.3045 128.8601 129.1900
120.4900 120.6118 120.4222 120.4194 120.4235 121.7278 122.9921 115.2124 112.2684 121.1819 121.0365 121.0026 121.2044 121.3743 121.4658 121.6293 121.7888 121.9417 122.1073 122.2708 122.4488 122.6214 122.7833 123.1560 120.5053 107.4965 108.2810 103.9070 120.5274 124.0720 124.3585 124.8063 120.4392 123.3160 124.8593 124.9453 126.3264 114.6290 119.5775 126.6667 125.2111 126.0102 126.2025 126.3775 126.5249 126.6650 126.8270 126.9590 127.1822 127.0257 127.5617 116.5080 131.2028 110.7929 130.1345 123.2314 128.6431 128.2529 128.5111 128.6304 128.7919 128.8995 129.0489 129.0800
120.1600 120.0004 120.0366 120.1063 120.7590 112.8653 114.9796 119.8704 117.6186 121.5897 120.5903 120.7648 120.9027 121.0467 121.2070 121.3808 121.5215 121.7008 121.8744 122.0468 122.2112 122.4395 121.8618 123.6595 117.3781 115.6816 107.7019 100.6204 115.8509 115.5037 126.2356 124.9587 124.6962 124.9941 124.7294 125.0336 125.4368 119.9712 116.9791 124.8719 117.9946 124.5060 126.1342 126.2439 126.3741 126.6062 126.7245 126.9165 127.0396 127.1339 127.9751 127.8799 128.2158 115.2712 128.4594 127.7262 128.2116 128.3540 128.4600 128.5844 128.7120 128.8514 129.2610 129.0500
119.8100 119.6613 119.6855 119.7634 120.7752 107.5347 112.8602 114.7420 123.7994 119.2070 120.3528 120.4448 120.5895 120.7545 120.9239 120.9937 121.2734 121.4314 121.5864 121.7659 121.9706 122.5317 119.5333 121.4681 113.9724 123.2730 106.4372 110.2384 118.0703 114.4398 120.8634 123.9844 124.1251 124.1961 124.5069 125.0433 122.0585 135.3402 123.5511 115.9015 126.1635 125.9190 126.0856 126.4965 126.5665 124.7184 126.8643 126.8176 126.9544 127.1210 127.1413 128.7248 127.3566 122.5222 127.9553 128.0817 127.9075 128.1770 128.3188 128.4947 128.6682 128.7424 127.9914 129.0300
119.0900 119.3321 119.0001 119.2282 120.0443 118.0227 116.3045 114.6129 119.5802 119.8664 119.9464 120.1215 120.1634 120.2789 120.6573 121.4759 120.9203 121.2049 121.3889 121.7458 121.9362 121.8998 122.3097 119.8871 125.1688 113.0156 125.8326 116.1380 113.6983 114.6795 117.1923 120.8723 123.8727 127.9041 119.6660 124.3684 114.2817 116.3504 117.9137 117.8195 127.8892 124.0431 126.1012 121.2831 126.6312 120.4226 127.0656 126.7242 126.9546 127.1965 127.2561 126.9289 127.6743 128.6570 128.4089 126.6237 129.0150 128.8200 128.5607 128.3973 128.6836 128.9340 132.0716 136.6900
118.7000 118.5833 118.3749 119.4429 121.6099 118.5985 120.1487 118.3591 119.1874 119.5505 119.6157 119.7857 119.9253 120.3447 120.6835 118.4998 120.7917 120.8175 121.0642 120.2388 120.9690 121.7417 122.0390 122.9310 116.0008 108.3780 108.1872 114.0124 103.6189 107.8189 115.0593 119.6970 125.0654 128.3362 106.6702 121.1832 113.7890 111.3993 120.2918 111.2367 118.6988 122.7411 125.9405 118.1803 126.4676 127.2847 126.4850 126.6930 126.5759 126.3571 126.5003 127.5720 127.6388 123.2931 121.1433 120.4793 123.7097 126.6858 125.2058 128.3481 128.5305 128.3253 126.7861 132.7200
118.3000 119.7232 120.3636 111.8813 118.8034 118.1654 118.1535 114.6043 118.9410 119.0985 119.2703 119.4128 119.5739 119.9456 118.8162 122.3076 121.2432 120.6843 120.8940 120.6582 120.3063 121.7614 121.9825 119.5015 105.4932 107.1082 104.9884 104.6579 116.1598 114.8073 122.4032 125.4240 113.4900 115.7876 109.2432 112.4734 108.0378 105.0092 122.9213 118.9530 120.5019 123.4984 125.9460 127.2346 122.4372 126.2854 126.0395 126.6648 127.0371 127.7730 128.8666 119.4188 124.2192 113.6759 122.5429 119.8714 120.4267 138.4942 121.4904 129.7249 128.9193 128.6843 131.3803 128.8700
100.7200 102.7247 110.2414 104.6983 119.1365 117.9920 117.3798 118.6836 119.0690 118.7745 118.7994 119.1564 119.2722 119.3828 120.8494 120.0603 121.7173 112.8501 121.0919 120.9429 121.1112 120.8708 113.8460 109.8965 120.0503 115.3213 107.4959 107.5984 126.0259 126.0803 122.6338 118.2118 110.4836 115.6659 100.3919 104.4341 106.6400 125.9374 122.9208 127.9903 118.6988 124.6689 125.7335 126.1740 120.4692 126.4953 126.0198 126.1067 125.6735 117.6029 116.2589 125.1703 122.8235 116.1594 126.5868 121.1405 125.7026 140.0622 121.7265 124.9880 127.4430 127.3606 119.2414 128.8500
115.4800 114.4965 118.1512 114.6905 118.2180 117.7685 117.5338 106.9867 118.4810 118.0414 118.6894 118.2082 118.9436 118.4104 116.9957 109.3741 114.3698 110.1743 120.2588 120.3835 121.4377 116.9855 120.3432 116.5167 119.9698 112.4637 109.1168 124.5707 113.7234 119.0969 121.6901 120.1237 120.7327 120.1153 127.3007 109.9837 112.8948 121.7737 125.2474 113.6295 123.7093 122.0586 122.4116 125.3208 125.8410 126.2969 126.3659 126.7630 127.6829 133.7082 111.2774 121.0271 118.8608 119.4538 115.0566 120.7260 122.9540 113.0458 127.4158 126.4148 128.2232 122.9264 134.1459 128.8500
100.6300 99.7677 118.6022 117.1633 117.0201 117.2437 118.1542 114.6187 105.1415 119.7195 123.7913 118.3728 118.4881 118.9034 116.1706 114.2096 105.3023 119.4432 120.1909 120.3014 120.6225 119.9110 121.5381 122.1972 121.2948 119.1750 119.3128 123.4861 110.3374 124.6834 123.0165 123.6703 123.8857 117.7514 112.9025 116.8412 104.7455 119.1473 119.7710 116.6849 109.5415 119.4299 119.2501 122.4182 126.1395 126.1715 125.6849 126.0673 111.8710 115.9527 126.2517 110.0328 117.9088 133.3391 120.7184 121.8038 128.8330 108.9599 127.9375 134.0074 129.2851 123.0603 136.3888 134.9000
116.4600 117.5875 116.3128 116.4461 116.5714 116.7183 117.2609 119.6525 110.8948 109.0130 117.9981 119.8831 118.3330 119.1688 127.5101 111.7542 117.8373 119.2114 119.7092 120.1383 120.2383 121.0304 115.7860 121.6050 121.3364 122.0163 122.3888 117.8758 120.2648 122.4483 124.2221 123.6034 123.6477 124.2095 117.2048 109.7136 123.6261 117.3891 117.7319 118.4379 117.9807 127.5297 125.6001 125.6168 125.6398 125.8334 127.8506 122.4282 114.5647 112.1374 113.9001 118.3944 122.6977 126.3228 124.5927 120.8353 107.3399 104.7069 129.4979 134.0491 134.2169 133.0347 134.7686 134.8900
115.9300 115.4233 115.8581 115.9058 115.9980 116.1592 116.1944 114.0011 117.7886 117.1051 117.0269 117.4700 117.8314 117.9161 118.6333 118.4409 119.0542 119.2266 119.5477 119.8208 120.1218 120.5158 120.4690 120.9513 121.4686 121.4717 121.7235 121.9506 122.4995 122.5118 122.8485 122.5567 124.8209 104.0893 119.5405 110.5964 106.3204 117.0859 117.2977 125.5495 124.8756 125.2592 125.2975 125.5707 125.9380 125.8378 127.0051 111.7545 132.8882 122.0186 130.5357 106.0888 111.3051 105.2088 104.6118 105.9491 105.1479 120.5625 126.8477 133.7288 134.0908 134.5992 134.6297 134.8800
115.3700 115.2920 115.2196 115.2917 115.3972 115.5493 115.8750 116.1424 116.1344 116.4803 116.8114 117.0810 117.3805 117.7291 117.9960 118.3638 118.6689 118.9717 119.2746 119.5783 119.9126 120.1823 120.6905 119.8260 119.9656 121.2668 122.9039 121.7269 122.0659 122.4841 122.8433 122.9173 123.2061 124.7992 118.0217 106.8337 115.5239 111.8316 128.5363 123.8601 124.3006 125.1925 125.3553 125.2970 123.5964 112.3346 113.0706 115.9917 103.8669 115.2785 103.4374 104.5429 105.8581 106.7454 112.2970 125.7411 133.3861 121.2629 121.8886 112.3727 126.6852 134.5767 134.0447 135.0200
114.7700 114.4996 114.5502 114.6325 114.7646 114.9593 115.1341 115.3916 115.7324 116.0041 116.3142 116.6503 116.9796 117.3632 117.7225 118.0086 118.3844 118.2082 118.3355 119.3972 119.7051 119.6798 121.0060 107.5174 111.2956 122.1896 120.5560 121.5087 122.5998 121.7574 120.4277 123.0173 123.4709 124.2502 117.3386 116.0192 108.1857 127.5304 127.0702 115.9304 119.7463 125.1118 125.7569 124.8614 107.4770 107.1152 102.5940 102.4413 102.8841 105.8264 104.3647 104.4661 128.1875 111.1406 127.1088 123.7119 124.3403 125.7982 127.4347 127.8954 126.7569 127.4650 127.6087 127.7600
114.1200 113.7941 113.8213 113.9178 114.0712 114.2792 114.5406 114.8296 115.1417 115.4907 115.8430 116.2120 116.6231 115.9239 117.2877 117.6543 118.0292 118.5407 118.9233 119.1117 119.4517 120.1601 122.6026 124.9867 122.5180 113.8911 116.0166 122.3835 116.6459 115.4021 114.3382 123.0408 116.3778 111.3661 107.8201 104.6654 119.2942 122.0564 115.5741 126.4696 125.5843 124.7451 123.8786 106.3126 104.1451 101.7777 109.3412 108.6014 107.2273 125.9939 107.9415 121.2064 123.4450 119.0823 122.9724 125.0604 125.6105 125.5775 126.8573 126.1399 126.9004 122.4075 127.0760 125.3300
112.6700 112.9942 113.0293 113.1454 113.3301 113.5791 113.8669 114.2052 114.5768 114.9613 115.3540 115.7606 116.2319 115.5912 116.6434 117.4017 117.7861 118.1681 118.4735 118.9168 119.2278 119.3606 114.4393 119.0046 114.7251 118.4840 111.7578 123.2320 108.5165 108.0102 121.6038 126.3927 102.9858 103.0855 118.9794 123.8141 116.0379 113.5074 113.3327 121.8481 123.8804 123.6790 113.1898 115.1311 112.9930 110.1450 124.7164 125.4459 113.9954 115.4442 126.9276 105.9742 118.4117 100.8422 119.6092 125.3400 124.9691 126.2257 116.7212 127.6631 128.4604 112.5598 131.0381 128.2300
111.8400 112.1113 112.1577 112.3061 112.5201 112.8148 113.1666 113.5598 113.9779 114.4142 114.8627 115.3222 115.7419 116.4542 116.7432 117.0562 117.4974 118.0824 118.4318 118.8044 118.7526 117.3527 116.6469 122.1303 101.5268 101.7687 119.3444 121.8447 124.3162 113.2801 114.4986 125.3196 116.3599 109.2238 105.5265 116.1998 123.3255 110.1197 115.2831 115.8131 121.4765 120.8741 123.2518 123.4464 123.0596 122.1127 118.9078 122.8169 101.7164 102.0544 113.8139 102.4295 103.2069 104.5887 112.9064 125.1428 125.3769 127.3474 121.1504 127.9139 128.1124 124.5697 126.4412 127.7000
110.9200 111.1396 111.1944 111.3740 111.6382 111.9971 112.4167 112.8661 113.3516 113.8558 114.3643 114.8647 115.3669 115.8196 116.3185 116.7786 117.2399 117.4814 117.7730 118.3061 118.3815 124.1077 112.0707 116.3234 114.3591 116.0610 121.2838 120.9287 123.0047 124.0919 127.5375 118.0690 119.7004 113.2997 101.6040 105.6484 115.3490 116.0097 115.1800 118.2096 120.5668 116.6884 115.1671 122.0199 119.2707 117.1191 117.5207 104.3351 105.1255 104.6836 103.8598 105.3757 107.9718 104.0043 114.0161 119.2774 122.2881 117.7855 125.0139 124.4078 124.0508 115.3025 126.5132 123.9400
109.9000 110.0324 110.1175 110.3315 110.6698 111.1079 111.6093 112.1562 112.7121 113.2862 113.8554 114.4177 114.9563 115.4918 116.0016 116.4833 116.9886 117.6550 119.4898 118.2796 118.6824 121.3557 113.7439 117.9513 121.3950 122.3401 121.8425 122.4130 111.5743 112.4168 117.4249 119.0079 115.2180 116.3128 110.6866 110.9134 111.7566 112.9548 115.6334 123.1744 121.0003 106.5002 104.5642 128.7069 127.9619 112.4151 119.7638 101.2656 102.4011 102.2333 102.4701 106.1420 120.8430 116.4528 123.4176 137.4487 126.7400 119.5744 124.2956 121.8602 122.4603 117.3028 116.2619 115.5300
108.7300 108.7713 108.8789 109.1626 109.5980 110.1459 110.7553 111.4006 112.0595 112.7097 113.3534 113.9730 114.5740 115.1449 115.6895 116.2448 116.7864 116.9359 117.2471 118.0875 118.5513 118.8332 120.1899 119.7903 121.1370 111.5632 118.7877 115.1022 108.6137 110.2962 108.8830 115.4818 114.1516 113.2176 113.7452 115.2454 112.0039 114.4610 115.0424 120.3154 122.6277 115.6565 102.6113 105.4199 105.9999 103.5002 109.3056 121.0621 117.5479 118.6077 117.5571 125.9212 118.5737 121.9528 128.9152 109.7206 114.3905 115.2241 123.9959 124.2661 124.4195 122.9541 123.9223 126.0700
107.3900 107.2961 107.4410 107.8371 108.4156 109.1112 109.8578 110.6381 111.4041 112.1508 112.8682 113.5545 114.2044 114.8244 115.4076 115.9074 116.3729 116.9797 117.4808 117.9459 118.4644 118.7206 119.0946 110.0117 116.5160 99.4150 106.4533 108.2732 110.6044 110.1068 114.4783 121.3160 110.2460 113.3982 119.3767 101.6220 104.2506 120.3664 123.2177 117.8096 126.2535 125.1156 121.9543 134.1374 121.3466 115.6396 116.1159 127.2370 103.8989 106.7489 106.8063 104.9196 122.7975 110.2347 122.9106 120.4091 122.8377 121.9237 124.5047 124.8130 124.7408 124.2364 117.3028 126.1200
105.7900 105.5222 105.7286 106.2822 107.0827 107.9830 108.9306 109.8582 110.7553 111.6045 112.4102 113.1601 113.8682 114.5241 115.1992 115.7949 118.8885 116.9501 117.3510 117.6767 118.0460 120.0458 120.0653 103.3530 106.8378 101.3680 102.6528 105.9606 123.2652 109.7216 122.8553 122.2087 122.2197 124.6449 99.6977 102.5068 102.7552 101.5309 123.7431 103.3377 104.5501 126.7743 113.3939 105.4899 104.4575 103.4698 103.7343 104.1164 103.6962 102.6618 120.4236 120.1569 122.0300 121.9514 124.5046 124.3524 123.8123 124.1000 124.1479 124.4677 125.0460 125.2718 125.3006 135.4000
103.8400 103.2780 103.6113 104.4747 105.5997 106.8001 107.9787 109.1014 110.1383 111.1018 111.9923 112.8024 113.5617 114.2690 114.9401 115.4739 116.0373 116.6474 117.1789 117.8894 117.7518 126.3154 119.3574 109.1676 115.5029 119.3948 99.1977 115.1898 110.1476 121.9964 121.7159 120.5318 99.6667 100.9832 101.4311 99.4850 119.6650 111.7122 111.3936 114.7457 119.1246 125.5353 127.6398 108.0480 111.7197 119.2793 101.4393 116.3117 118.8577 118.5995 119.9149 120.9443 121.3349 121.9560 123.3533 124.1644 124.2167 123.7812 124.8804 124.9779 125.0315 125.5061 123.9046 125.9500
101.3100 100.2892 100.8961 102.2993 103.9775 105.5919 107.0702 108.4040 109.5894 110.6575 111.6259 112.5053 113.3169 114.0521 114.7488 115.4136 116.0233 116.5511 117.0756 117.6315 117.5668 117.8134 119.4366 120.1927 119.2367 120.5255 107.9309 100.5535 124.0582 120.3789 122.3235 125.9889 125.2508 106.2604 119.8955 105.0745 115.8785 118.2042 113.9945 116.0985 114.2263 112.1847 122.5974 112.2504 110.0749 103.3951 105.3038 113.8351 111.9485 113.3376 117.8770 120.2533 103.2108 104.1070 102.8623 123.3800 124.2388 107.9715 124.8614 122.7003 124.1153 124.8348 105.7166 107.1100
97.5900 95.3503 96.9763 99.8010 102.3098 104.4621 106.2688 107.8046 109.1376 110.2989 111.3366 112.2750 113.1156 113.8918 114.5958 115.2540 115.8580 116.4436 116.9927 117.5162 117.7858 119.5835 114.0477 118.3236 120.1324 119.3250 117.0285 116.3548 110.6718 116.9168 116.1036 118.5182 121.6141 108.4563 123.9097 103.2846 101.9925 120.6854 106.2759 124.1536 113.0057 101.4697 103.6237 102.4922 103.2556 103.0478 113.4796 102.1854 104.5647 103.7416 102.9710 104.8282 106.6780 107.1358 105.4912 111.7441 112.7751 113.7205 116.2774 120.0635 126.8949 131.4060 118.4262 106.3800
91.4500 88.9523 91.1456 97.0728 100.8237 103.5642 105.6703 107.3810 108.8194 110.0603 111.1455 112.1098 112.9869 113.7800 114.5089 115.1798 115.8065 116.3804 116.9699 117.6529 112.1927 111.8232 94.8349 119.1140 114.5673 103.1612 118.5102 118.4348 103.2064 102.8985 105.0966 118.1757 122.8963 110.2951 113.4920 104.8602 103.9414 113.7863 113.8167 113.8021 106.4563 111.3867 103.9716 103.3220 103.7346 102.8736 102.6278 104.1594 107.8548 105.3996 105.1340 108.3528 107.6102 109.6829 116.2672 116.1603 116.7722 117.0330 126.1434 131.2763 130.7663 130.2851 113.4093 106.5200
91.4500 85.2657 87.2365 95.1581 99.9888 103.1068 105.3729 107.1786 108.6721 109.9442 111.0594 112.0388 112.9280 113.7282 114.4627 115.1400 115.7698 116.3382 116.9732 117.9304 106.3887 95.9062 97.8223 118.4824 98.7667 100.4294 107.9273 104.2464 111.6067 107.4468 107.6179 104.3297 118.6976 114.2743 103.1630 116.6527 119.3785 117.0032 116.9485 117.7558 115.0800 110.6471 101.0005 102.2039 101.5754 100.7582 102.6052 102.5685 102.7237 103.1836 103.8638 104.8756 104.8248 119.3970 124.1908 124.4022 124.0508 125.6129 131.0398 130.2443 125.4423 129.3468 108.9486 106.3700
91.4900 86.5231 88.2588 95.6854 100.1939 103.2115 105.4435 107.2316 108.7055 109.9754 111.0782 112.0569 112.9440 113.7415 114.4758 115.1515 115.7746 116.3623 116.9444 117.4187 116.0061 109.4671 108.6230 119.2098 111.5570 112.0983 116.1097 114.8072 115.8324 114.3732 115.1550 116.0212 118.5876 119.0133 122.2820 121.8566 116.6621 111.8973 110.6506 116.9979 115.1971 111.0266 105.6633 104.0459 111.1560 119.5957 111.4810 110.3022 110.5947 106.4045 108.8141 102.6509 103.6758 124.4273 121.9940 122.8321 123.2281 125.4157 130.2030 130.1930 128.1529 130.1045 113.6717 125.8100
91.4900 91.0400 93.4338 98.1480 101.3497 103.8685 105.8682 107.5232 108.9261 110.1332 111.2117 112.1617 113.0242 113.8146 114.5347 115.2056 115.8222 116.4037 116.9472 117.4839 118.1023 120.0771 120.1864 122.8643 110.7131 121.1742 120.7222 120.7247 124.3204 123.4983 121.6845 121.3980 123.1389 126.4427 110.2661 122.5595 106.7710 101.9963 100.6162 103.2198 108.5379 107.2856 106.5939 100.2468 114.8154 121.3764 126.3998 123.9917 125.0651 131.7115 133.8258 117.6806 111.0870 120.8187 120.3946 119.2423 128.9112 109.5578 110.2115 111.8579 110.1141 110.1127 108.7899 106.3700
97.7100 97.6431 98.7347 100.7654 102.9604 104.8777 106.5648 108.0207 109.2971 110.4285 111.4397 112.3482 113.1826 113.9452 114.6507 115.3047 115.9061 116.4809 117.0163 117.5199 117.9931 118.1880 118.2923 121.1855 119.0356 118.6100 118.1787 135.3851 104.4786 105.2286 116.7536 112.6460 121.5305 113.4093 103.4972 98.4546 113.2813 111.4488 111.7088 111.7194 111.8077 112.2405 113.0604 115.2410 117.7569 121.1118 124.4378 126.1549 121.0913 115.9425 122.5901 107.4041 108.6822 122.0879 110.8830 115.2918 107.2025 110.3496 123.6866 107.9068 120.3211 120.7719 115.6913 127.1100
101.3000 101.5221 101.9975 103.1787 104.6158 106.0532 107.4198 108.6639 109.7899 110.8227 111.7544 112.6122 113.4027 114.1347 114.8099 115.4438 116.0287 116.5808 117.1110 117.5859 118.0258 118.5919 118.7023 114.8661 115.7741 120.2370 120.6024 123.4560 113.3054 112.9514 114.2953 100.6902 108.0121 110.0081 116.5137 104.7345 118.3110 113.3246 124.8957 119.9347 117.5264 117.5775 117.8171 118.1380 119.4134 124.3591 123.2594 123.3604 123.6807 121.2255 122.9708 119.9876 121.1097 124.5751 116.2392 122.7581 124.3564 125.9670 127.3363 124.4944 127.3441 127.4906 126.4313 127.9400
103.8300 104.1888 104.4789 105.1922 106.1809 107.2623 108.3476 109.3865 110.3705 111.2879 112.1396 112.9324 113.6751 114.3603 115.0069 115.6166 116.1903 116.7283 117.2436 117.6774 118.2205 118.6753 118.9980 119.5400 118.5054 120.0503 120.5081 120.5712 121.1518 121.2404 137.2341 107.7942 113.7805 109.4353 110.3916 100.2684 108.6682 107.6170 107.9483 127.5153 118.5117 116.4770 115.8010 118.0983 105.2062 119.8380 118.6621 125.8102 124.9679 126.0114 119.7322 124.3393 124.3419 124.1500 124.6770 124.6783 127.5899 127.6708 127.3536 129.0755 108.3624 129.7993 128.0598 128.4700
105.7900 106.2302 106.4090 106.8948 107.5964 108.4216 109.2854 110.1536 110.9979 111.8108 112.5800 113.3063 113.9904 114.6404 115.2518 115.8192 116.3736 116.9222 117.4066 117.8149 117.8677 119.5326 119.2433 119.3783 119.8839 120.1881 120.6048 120.9140 121.5844 117.2462 122.9982 109.0050 109.0251 106.0893 115.0046 115.0250 111.6444 117.3054 119.5955 118.8590 115.3864 113.3892 110.4535 111.9262 104.8483 110.4623 117.6614 120.9237 123.6970 115.0875 103.8585 102.8948 120.1006 117.7539 126.9246 127.1467 127.4172 127.9262 127.9430 125.0570 111.7560 119.0505 128.8020 128.4800
107.3800 107.8774 108.0036 108.3527 108.8780 109.5096 110.2068 110.9271 111.6521 112.3659 113.0508 113.7113 114.3360 114.9376 115.5115 116.0567 116.5779 117.1205 117.1777 118.1192 115.6536 143.4165 117.3487 120.9371 120.0605 120.3694 120.6475 121.0094 121.0414 118.0067 101.5374 118.4043 101.9725 118.4185 108.3270 110.3003 116.4716 114.9231 121.0490 114.8503 102.5003 115.4080 105.7414 106.6837 102.0174 118.5964 118.3507 117.8628 116.5702 112.9614 108.1781 113.2079 112.3135 120.8933 121.6390 122.3584 128.2888 129.9299 108.2812 109.4668 110.8611 112.9820 111.7806 117.8300
108.7300 109.2665 109.3576 109.6212 110.0220 110.5186 111.0832 111.6977 112.3177 112.9302 113.5424 114.1359 114.7182 115.2752 115.8107 116.3180 116.7757 117.6563 114.1328 118.8082 119.2079 117.8387 118.2728 115.9203 119.6903 120.4067 120.9327 121.8354 121.8491 125.8304 105.0038 106.9674 102.3840 108.7652 106.3986 109.1767 113.5205 110.9901 111.4470 112.0961 110.1417 111.4734 108.7549 107.3393 104.5268 110.3769 118.8025 118.6123 120.5623 106.7828 121.5261 119.6504 122.9201 128.2456 127.2243 127.7128 123.3124 121.7212 129.4822 133.1254 109.2848 110.6300 108.5408 106.4900
110.9200 110.4666 110.5350 110.7358 111.0513 111.4539 111.9170 112.4156 112.9629 113.5015 114.0513 114.5820 115.1132 115.6232 116.1184 116.5932 117.0598 117.5122 118.0031 117.9834 117.1675 119.2341 121.0716 97.7260 116.1607 120.3454 121.0077 117.6771 121.6506 111.6005 119.4282 109.1274 111.0014 118.8516 112.2473 108.1350 109.5649 115.2151 122.1235 119.2632 99.9009 109.2157 107.0220 105.1155 103.4336 123.0504 119.1842 117.9080 118.2541 121.2745 120.8123 121.4208 119.6673 123.6034 126.4771 129.8584 106.4276 111.6054 129.3206 126.5874 129.6624 111.4189 113.6349 106.4900
111.8400 111.5171 111.5719 111.7308 111.9833 112.3097 112.7021 113.1327 113.5926 114.0579 114.5483 115.0357 115.5060 115.9804 116.4421 116.8923 117.3248 117.7788 117.8314 117.3542 110.8127 119.7770 114.9286 105.0803 121.3412 120.2099 121.1066 112.8850 113.4661 109.3552 104.8378 102.9985 109.6890 111.1515 112.8465 107.2681 110.0413 123.0814 120.8667 116.7574 105.8328 106.3598 105.0636 106.7423 109.4359 110.4890 113.8556 113.2718 117.4004 121.9503 122.4984 126.5604 120.8003 111.1879 129.1473 129.0466 125.8832 122.0059 126.4214 128.3697 128.5894 124.0482 104.0802 106.5000
112.6700 112.4533 112.4979 112.6252 112.8337 113.1134 113.4403 113.8080 114.2024 114.6238 115.0542 115.4887 115.9171 116.3552 116.7820 117.1925 117.6047 118.0061 118.2493 120.7125 122.1368 121.2009 102.6676 103.0813 122.4925 118.1144 122.1641 123.0327 120.2247 108.1473 107.9317 105.6715 105.5232 116.9954 107.8412 117.8575 113.0043 108.2560 112.1496 108.3120 111.7897 113.2037 110.7641 114.6030 104.0349 103.5367 109.4612 110.2027 121.9215 124.2292 121.5980 126.1257 127.7431 128.5598 125.7827 120.9304 127.4982 117.9745 120.4959 127.7332 127.9598 129.5731 118.0026 114.5400
113.4300 113.3050 113.3340 113.4431 113.6181 113.8513 114.1246 114.4412 114.7923 115.1649 115.5470 115.9376 116.3295 116.7317 117.1187 117.5032 117.8864 118.1955 119.0274 114.4617 105.8034 119.0720 114.5600 114.3297 121.6491 116.3228 116.4425 114.4943 118.5429 120.5430 105.8169 111.2239 104.1660 121.4567 114.1754 118.2536 105.9361 102.0682 106.0793 117.5435 105.5852 109.1060 109.7635 115.1960 109.5839 111.1821 125.8656 125.2757 127.6173 126.4417 127.1730 127.1293 126.8312 126.0073 127.6470 104.2461 126.8002 127.5315 127.7390 126.4465 126.7436 128.3662 132.5778 114.8900
114.1200 114.0700 114.1048 114.1920 114.3395 114.5339 114.7781 115.0505 115.3520 115.6852 116.0295 116.3723 116.7446 117.0585 117.4796 117.8691 118.1733 118.8082 117.0723 114.8796 112.4860 120.4207 121.6317 120.4765 119.8426 120.8482 117.2384 102.7119 107.3891 115.0418 118.1951 121.3908 117.0412 119.5526 118.9272 112.7924 112.7768 101.0921 103.3570 108.9987 114.3617 110.4826 106.7073 121.3998 123.8003 120.7346 119.0833 121.3452 126.3419 126.4535 126.5470 126.7529 126.9970 127.3253 127.3090 126.4753 126.6406 127.0684 127.3219 127.5718 127.7525 123.3443 110.2170 106.6300
114.7700 114.7847 114.8024 114.8853 115.0061 115.1814 115.3923 115.6256 115.8967 116.1891 116.4982 116.8146 117.1374 117.4725 117.9896 117.9018 118.4709 118.8146 118.3708 119.1675 120.1243 121.5994 114.6151 125.6940 123.3632 123.4953 124.8870 108.3904 103.1293 116.0912 122.9275 123.3925 124.1290 123.6065 120.9450 117.4265 117.7079 101.3100 100.2937 120.5885 116.3562 108.3944 110.3110 110.3376 121.1576 119.4560 118.9314 126.4971 126.4662 126.6064 126.7017 126.8820 127.0284 127.1495 127.3388 127.8299 128.2772 127.8349 128.0800 128.2721 128.1609 130.0178 115.8717 132.1200
115.3700 115.4297 115.4621 115.5241 115.6297 115.7779 115.9615 116.1731 116.4132 116.6734 116.9517 117.2372 117.5018 118.0579 113.5078 118.6542 118.6743 119.1234 119.4438 119.6212 118.2532 99.0363 112.7315 122.7531 105.3068 102.4032 116.8574 113.7876 107.4054 103.0759 125.3882 122.5286 123.1075 123.3391 125.4691 123.5448 111.3916 110.2657 114.6813 126.8738 125.0936 108.1033 104.9296 103.1168 112.7947 118.1987 112.6753 121.2522 125.9706 126.6411 126.7420 126.9050 127.0736 127.2346 127.3764 127.4597 127.5253 127.6664 127.9950 128.0093 129.5138 115.5172 111.8221 113.9000
115.9300 116.0470 116.0670 116.1202 116.2175 116.3462 116.5057 116.6914 116.9116 117.1410 117.3857 117.6528 117.9315 118.4763 118.0783 119.6100 118.8761 119.3394 119.5426 118.9447 123.8670 107.3317 102.7050 111.6362 107.9796 102.2818 115.2826 105.2143 100.1902 111.2611 115.5564 123.0966 123.3624 123.7840 123.9788 123.1589 123.9556 121.8536 103.5590 103.0479 115.9184 114.3960 112.1382 110.0420 118.0879 118.2912 123.5709 126.3576 126.6458 126.6300 126.8024 126.9583 127.1148 127.2850 127.4292 127.3502 129.4523 128.0856 127.9569 128.1383 129.3390 117.1516 115.5437 112.8700
116.4600 116.6096 116.6316 116.6827 116.7659 116.8779 117.0185 117.1895 117.3790 117.5907 117.8166 118.0593 118.3047 118.5291 119.4563 113.0191 111.2952 116.2223 120.3429 120.9764 114.5427 103.5948 107.2596 101.0709 105.2696 108.2194 105.7870 108.7428 107.2879 120.4255 122.8506 122.9160 123.3269 123.5168 126.3328 108.9967 124.4630 116.5027 110.5023 104.2095 108.0912 106.6035 106.1630 102.1210 118.6857 122.8523 125.7585 126.2536 126.5457 127.1859 126.7981 127.0109 127.1642 127.3327 127.5014 127.2206 127.6179 116.3997 128.6529 128.3419 128.2839 128.6224 129.8802 127.8100
116.9600 117.1471 117.1599 117.2057 117.2868 117.3822 117.5093 117.6651 117.8327 118.0236 118.2300 118.4491 118.6785 118.9130 119.1503 119.6243 118.7065 100.6034 125.0544 123.9528 124.3268 110.1041 102.9527 104.6074 116.7826 112.5154 101.0198 107.2349 115.3216 123.5313 122.7195 123.3613 123.5504 123.6870 124.4148 123.5180 105.7102 107.6151 111.0306 111.6355 124.3628 112.1942 113.0457 109.6356 112.5355 118.2280 117.0993 123.4243 125.9379 126.7738 126.9049 127.0614 127.2207 127.3721 127.5209 127.7225 128.0303 128.2188 127.9822 128.1470 128.0677 128.3667 136.4722 117.7100
117.8700 117.6536 117.6642 117.7037 117.7729 117.8595 117.9771 118.1103 118.2639 118.4443 118.6295 118.8250 119.0347 119.2568 119.5173 119.7283 121.0151 101.5988 101.3498 114.1433 120.7224 121.4927 113.1277 104.8578 109.7499 109.5266 114.9912 114.5066 119.3287 124.5188 123.4582 123.4237 123.7320 123.5736 128.8101 125.4752 126.7139 125.9729 119.6243 111.6245 113.2109 111.6915 117.6271 109.0661 120.6747 120.1012 120.7466 119.6529 121.6823 127.3866 127.0035 127.1072 127.2702 127.4284 127.5846 127.7188 127.7500 127.7638 128.0143 128.7612 130.5732 123.2936 125.8562 117.3600
118.3000 118.1257 118.1355 118.1743 118.2341 118.3122 118.4196 118.5421 118.6871 118.8396 119.0109 119.1933 119.3896 119.5965 119.8047 120.0680 120.2748 115.5956 100.3792 117.3265 122.4051 118.3719 114.5774 101.7756 116.4130 113.5841 124.1080 107.7463 111.3572 118.7466 122.8136 123.6070 123.8002 123.9268 123.8122 124.2492 124.4610 112.4704 111.8362 111.5855 115.7302 114.2714 114.8484 110.7647 123.8485 124.2279 126.8995 126.5645 124.9825 126.8255 127.1036 127.1705 127.3302 127.4829 127.6350 127.7783 127.9688 128.1339 128.3172 127.1264 134.7462 117.2467 115.7923 119.1000
118.3000 118.3000 118.2900 118.2600 118.6400 118.6100 118.8600 118.8600 119.0500 119.0500 119.2800 119.4900 119.4900 119.9500 119.9500 120.1400 120.3700 120.5600 99.0000 99.1700 118.6700 106.9600 107.9800 121.9400 111.2300 122.4800 122.6500 109.4600 110.3800 108.9000 123.4900 123.6500 123.8100 124.1100 124.2600 124.4100 124.7000 104.4100 107.9100 103.2600 103.3900 103.5200 112.5400 114.0600 115.0100 115.4400 126.4000 126.6400 126.7600 126.8700 127.0900 127.2100 127.4200 127.5300 127.6400 127.8500 127.9500 128.0500 128.2500 128.3500 131.9800 120.6000 118.1300 118.1300
