121.1200 120.9200 120.7100 120.5400 120.2800 120.0600 119.8300 119.5800 119.3600 119.1800 119.1800 118.9500 118.7000 118.4200 118.4200 118.9600 118.2100 118.2100 100.8500 117.8700 117.8800 117.8600 117.8400 118.2100 118.1700 118.1200 118.4200 118.7000 118.6300 118.9500 119.1800 119.3900 119.3900 99.7900 99.7900 106.7000 111.6600 118.8700 121.1400 112.6700 121.8800 111.1100 124.6500 124.6500 124.7600 115.1000 104.1000 123.0100 123.1900 123.3300 123.5000 123.8200 123.9700 124.1300 105.5200 111.3700 113.6600 103.0100 103.9400 103.2800 114.6200 103.6800 117.7700 117.7700
121.1200 120.8369 120.5963 120.3506 120.1062 119.8669 119.6379 119.4022 119.1756 118.9586 118.7441 118.5440 118.3841 118.2627 117.6157 118.6287 116.5609 117.5287 103.6978 117.3324 116.9795 110.9087 112.3559 117.2167 117.7204 114.7336 117.9798 121.3398 104.4395 107.7633 120.8802 112.3156 101.4415 106.2685 103.9256 111.5384 104.2078 111.6467 113.8198 107.5378 115.6613 114.8855 113.1199 123.9233 118.1013 122.3402 109.6233 109.8613 122.5423 123.0689 123.2475 125.5593 115.8252 114.1259 110.4554 100.0629 105.5950 103.2084 103.2898 102.9544 111.9656 112.1945 121.8633 122.9000
120.8000 120.5976 120.3448 120.0953 119.8303 119.5848 119.3213 119.0713 118.8370 118.5943 118.3703 118.1472 117.9523 117.7685 117.6354 117.2461 117.4198 117.1297 111.5310 116.1025 117.5603 102.7315 104.4695 118.9084 98.0433 111.4308 117.5339 119.6427 100.2178 96.5781 112.3667 97.2415 97.8341 109.2360 112.6022 104.2092 103.6536 107.0320 110.0338 115.1573 118.9417 121.7872 113.7724 124.1372 120.6479 111.8899 121.2520 115.4204 123.3781 123.4364 123.9255 124.0718 103.8696 113.5687 116.9588 103.8568 105.5820 103.2065 103.0739 102.3872 109.2477 116.7117 125.7213 125.8800
120.7400 120.3618 120.0802 119.8214 119.3997 119.2789 119.0029 118.7565 118.4655 118.1887 117.9656 117.6843 117.5101 117.3045 117.1151 116.9937 116.8193 116.7354 117.6234 117.2060 113.0579 111.0020 103.9455 119.1675 112.1916 115.4320 116.9048 116.9303 102.9040 99.5498 111.6673 100.5704 101.7342 99.5385 113.3222 115.1985 109.2776 106.2114 106.2123 119.6675 108.7036 112.2159 119.8223 107.4460 113.9043 105.3774 106.6135 113.9179 119.2165 124.6359 112.1958 117.9423 109.6994 116.7091 119.9489 103.1888 109.1843 101.6878 101.9909 107.8137 108.5955 117.0531 117.7931 114.2400
120.3500 120.1248 119.8875 119.4558 120.1523 119.4280 118.6060 118.3919 118.1392 117.7239 117.9279 117.3082 117.0454 116.8298 116.6194 116.4251 116.2746 116.1500 116.1679 115.8839 109.1924 108.6716 100.3527 123.7891 116.5953 116.5986 117.1217 111.5185 104.6283 117.0540 100.8204 98.2452 101.7157 106.2295 103.2622 111.6469 107.3224 114.8988 113.2827 113.2775 103.7519 120.7407 113.4020 105.7791 103.1212 107.2886 109.2752 104.6212 116.2472 113.1321 115.1479 106.7901 115.4522 117.8021 116.2493 106.2787 110.4089 110.9052 111.9236 103.9443 111.2457 115.6659 111.1001 113.6000
120.0100 119.8920 119.5458 119.4263 114.9243 113.8329 118.8081 118.0300 117.7750 116.4092 116.8892 116.8206 116.5859 116.3060 116.0828 115.9748 115.6978 115.5799 115.6015 115.5129 107.6522 102.6998 107.2542 115.9096 115.8391 116.1924 116.2886 115.7015 116.8673 114.0676 117.4325 117.4361 101.6079 111.6855 101.3679 104.0271 102.8674 110.3137 105.8434 105.3429 117.2256 102.2463 100.7235 103.2840 106.2550 111.8245 113.8719 113.6108 114.1593 106.9786 109.8776 117.5356 113.1737 115.6632 102.8683 105.0182 114.9731 106.7257 112.3074 109.3318 116.5504 122.6622 121.5596 121.3800
119.9400 119.6362 119.8473 119.0075 118.6070 118.4481 117.8549 117.7354 117.3474 117.0281 116.7293 116.3285 116.0835 115.9102 115.5954 114.6549 115.1847 114.9129 114.8586 114.7709 114.1991 115.1173 106.1888 115.9023 114.3900 114.1495 115.6636 115.7651 116.4322 116.4799 116.7691 97.4479 103.5585 98.9758 100.6214 101.2114 109.4471 120.7849 104.5333 125.6516 111.1322 119.2439 97.5437 100.9694 100.5915 113.6960 112.6146 99.1972 108.4902 102.0774 113.0888 116.9072 101.7783 104.1820 105.9516 113.3144 109.0294 117.0612 115.2421 112.6767 124.8047 118.6582 120.6118 103.6400
119.5800 119.4560 119.0746 118.6478 118.6226 118.1353 117.6926 117.3353 116.9741 116.6207 116.2524 115.9086 115.5468 115.2583 114.1975 119.9966 113.6063 114.2707 114.1395 114.0638 114.1021 110.0105 104.6178 114.8139 113.7397 114.0898 115.1537 115.5898 115.7752 112.6088 104.3854 100.3195 99.6100 98.3706 99.6277 98.7215 100.6958 111.9881 119.6476 119.9312 112.5196 115.5893 110.1671 110.5672 112.4883 110.4386 111.9096 113.5479 110.1495 109.6280 117.4819 120.9498 102.0134 107.1226 109.8294 114.2302 112.0359 110.8097 114.9490 118.8662 124.6007 124.9335 129.6713 125.7700
119.5300 119.2207 118.8387 118.5225 118.1265 117.7855 117.3865 116.9870 116.5879 116.1957 115.7938 115.4040 115.0219 114.6734 113.6493 120.6976 113.2978 113.5254 113.3822 113.2971 113.3770 113.8085 113.0984 113.5539 114.0449 114.1707 114.6017 114.5726 122.5352 103.8509 96.6006 101.1631 110.4010 115.3144 103.3321 101.6845 117.4526 119.6421 119.2052 118.6064 107.0996 98.7950 105.6231 108.6055 108.7856 111.0365 108.1638 107.9325 122.2435 121.0518 121.2129 105.9192 107.8159 111.4131 115.3082 113.5302 110.8397 109.4192 105.2502 118.6668 125.0563 124.1448 114.4335 117.6100
119.1900 119.0123 118.6551 118.2700 117.8650 117.4686 117.0556 116.6316 116.2229 115.7111 115.3573 114.9231 114.4733 114.1887 113.5157 113.1956 113.1493 112.7412 112.5566 112.4498 112.3060 112.3381 112.6678 112.9162 113.1657 113.4601 113.9285 114.8585 107.2410 115.3225 114.0649 96.3219 103.6496 104.8696 96.5850 116.8810 118.2421 115.7165 117.5499 103.7809 105.3536 108.1555 109.1523 108.7462 104.9337 107.1794 107.9604 109.5340 123.0709 121.6155 126.9524 122.0693 119.0763 107.4981 119.2146 109.1505 106.9165 106.8190 114.2624 117.8732 125.2723 125.5129 121.5304 108.5300
119.1200 118.8149 118.4260 118.0262 117.6096 117.1858 116.7460 116.2800 115.7727 116.3179 114.9062 114.3843 113.8983 113.4164 112.9865 112.5239 112.1589 111.8569 111.6427 111.5146 111.5305 111.6138 111.7849 112.1198 112.3478 113.3788 113.0055 113.6894 113.9528 116.2037 115.4873 116.5212 115.5278 107.2065 112.1419 119.5292 118.7631 107.1496 112.5357 101.7116 105.7666 99.8326 101.6417 105.5255 104.9567 108.0377 108.3866 108.7401 123.3877 115.6566 125.1013 109.5941 98.9008 99.6177 102.8982 104.1668 105.5875 111.0763 118.5116 125.1531 124.8953 120.9291 119.2540 105.6400
119.0400 118.6308 118.2301 117.7961 117.3617 116.9074 116.4420 115.9604 115.3510 116.8069 114.4480 113.9096 113.3151 112.7522 112.3687 111.7422 111.3055 110.9114 110.6220 110.4652 110.4203 110.5837 110.6772 110.4283 111.7358 111.5595 112.6101 113.1682 113.5316 114.1950 114.7851 114.9282 113.7437 101.8850 108.2707 110.2199 110.3784 103.5803 120.3357 99.7916 98.2524 101.7567 100.8721 106.8202 106.8293 107.7433 109.2161 119.0549 116.8751 114.0522 108.4483 97.6839 99.7337 106.6856 101.4510 103.1515 106.7293 122.3300 125.3471 124.4562 125.0260 121.0947 122.8224 125.2700
118.6200 118.2626 117.9650 117.5910 117.1346 116.6569 116.1498 115.6271 115.0822 114.3121 113.7436 113.3451 112.7086 112.1615 110.6047 110.8522 110.3145 109.8493 109.4841 109.2775 109.2195 109.3778 112.0922 111.9590 110.6473 111.3476 111.8010 112.6521 113.3674 113.5371 114.4540 116.9500 113.2948 107.3785 93.9963 95.8901 108.5828 101.1229 113.5117 107.1914 99.5520 101.6072 103.1965 106.6514 106.1928 105.7697 105.5176 113.5090 105.6164 117.5072 112.5971 113.3599 117.7373 107.7922 109.8484 106.5364 103.0685 114.8693 123.7620 124.2179 124.7730 125.4455 122.0707 125.1400
118.5700 115.2996 118.1739 117.3961 116.9134 116.4184 115.8845 115.3327 114.7548 114.1647 113.5320 112.8097 112.1138 111.5438 109.2850 110.0478 109.2482 108.6540 108.1866 107.8914 107.8280 108.0301 108.9057 109.0876 109.6736 110.3079 111.4012 109.3580 112.5379 113.8872 115.5318 103.2581 96.7209 91.7816 93.4215 98.9554 118.5124 113.8467 105.0691 108.3663 100.0099 101.0635 101.8154 103.3882 101.8133 101.9655 116.3885 116.2904 116.4979 125.9713 106.9778 122.9082 107.1596 107.1451 104.1788 104.5173 101.6261 102.9820 123.4176 124.0402 124.6390 124.7590 119.2305 126.0600
118.5200 115.8695 117.8460 117.2225 116.7278 116.1957 115.6409 115.0498 114.4284 113.7625 113.0751 112.3295 111.5406 110.7071 109.9030 109.1189 108.0987 107.3177 106.6712 106.2599 106.1852 106.5747 106.9668 107.8002 108.6559 109.5235 110.3516 110.3326 112.1520 108.2989 107.2814 101.9830 92.1453 94.4244 100.4622 115.0437 117.1716 119.1830 123.1132 104.1793 99.1214 101.0195 116.6524 116.2363 116.1915 118.7604 122.1434 122.5018 123.1625 103.8374 115.5356 118.4855 101.7300 112.5501 102.5283 106.1469 101.8100 108.4873 121.9908 124.5157 124.3004 123.3016 115.8065 126.0600
118.1700 118.3277 117.6495 117.0791 116.5520 116.0022 115.4284 114.8352 114.1544 113.4428 112.6844 111.9190 110.6733 110.1773 109.0862 107.9463 106.8784 105.8043 104.8732 104.2590 104.1468 104.4768 105.2595 106.9691 107.5127 108.6231 109.6511 110.7346 111.4889 114.6190 111.3944 109.6850 92.7184 90.0540 117.7812 109.4043 109.3390 106.2589 101.6993 110.7324 94.0991 119.8035 120.1399 116.4679 121.5343 120.8665 120.7626 120.7877 120.7233 123.9818 102.1160 106.5021 101.4166 103.4094 106.7400 111.8506 106.9634 122.3631 111.1188 126.2344 125.4117 126.2590 120.3309 128.8300
118.1300 117.9077 117.4388 116.9545 116.4086 115.8686 115.2225 114.5511 113.8795 113.1594 112.3170 111.5764 111.7450 112.0826 108.1526 106.9495 105.5717 104.0882 102.6847 101.6483 101.4648 102.2757 101.8431 96.2326 107.0327 107.6657 108.9934 109.9757 111.2198 112.4689 109.5942 109.2091 112.6038 113.5436 115.7894 115.4208 115.8925 109.1096 101.7746 95.9836 111.9749 119.5716 119.7341 119.5596 120.1283 120.5756 121.0113 121.7643 122.9019 117.2583 103.8753 102.0338 100.4647 109.5361 104.7968 112.1861 111.0838 109.5406 109.2464 109.5957 113.9428 113.5944 117.7755 117.1000
118.1000 117.8572 117.3681 116.8558 116.3132 115.6318 115.1146 114.2925 113.7544 112.9393 112.0760 111.1387 109.8974 108.9928 107.6157 106.0265 104.2666 102.2240 100.0157 98.0762 97.5984 99.0290 101.6664 103.6352 105.3273 106.9807 108.3059 109.6242 110.6833 111.8259 112.5917 113.3816 114.1012 114.8225 115.4568 116.1051 116.4578 117.2259 108.2630 99.6563 98.0250 105.3600 120.6506 119.7260 120.1941 120.3400 119.3355 117.5351 120.6127 101.2322 102.6648 109.9268 111.2410 110.4896 108.2549 113.7504 112.2799 112.0773 118.0516 124.6043 124.7368 124.6935 120.0754 103.7900
118.0800 117.7993 117.3057 116.7909 116.2597 115.1193 119.4930 109.6358 113.2916 112.6131 111.8890 110.8814 109.8358 108.5513 107.0588 105.2737 103.1185 100.3596 96.7179 91.9272 91.0087 94.6386 98.9662 102.0475 104.4794 106.4095 109.0950 93.1406 95.3862 110.4088 112.0849 113.0120 113.9897 114.6652 115.2688 115.6910 118.6373 98.7132 103.8336 97.3303 100.1334 101.9586 120.6647 119.6237 120.0565 120.3359 120.5684 119.0540 119.2009 119.7270 122.6370 102.7505 112.7982 102.1633 108.8325 107.1036 118.8707 122.5911 106.9843 122.3085 113.5780 115.7494 125.7185 125.1700
118.0600 117.7735 117.2774 116.7446 116.1915 115.6290 114.6065 114.4055 113.7342 112.6211 111.7658 110.7503 109.5885 108.2574 106.7021 104.8129 102.3845 99.0272 93.1834 86.8252 85.6428 89.8850 97.2487 101.1370 103.8296 106.0969 108.7562 96.6895 90.6375 89.5391 112.5611 113.9891 114.7332 115.6449 115.9969 116.6977 117.9369 120.0525 104.0698 96.3370 122.6963 120.1847 119.9186 120.2292 120.6805 120.9182 121.6838 173.0416 127.1100 115.8855 104.1146 117.1307 107.0334 101.7445 114.2169 116.6722 116.0055 108.9396 109.6689 122.5642 121.4693 125.9087 125.3104 125.1600
118.0600 117.7671 117.2719 116.7426 116.1861 115.5804 115.0004 114.1703 113.3970 112.6528 111.7564 110.7322 109.5817 108.2471 106.6741 104.7485 102.2785 98.8320 92.6724 85.8250 84.5602 89.0837 97.0800 101.2184 103.8897 106.6974 106.7334 98.7418 90.8531 90.4085 105.3637 106.6729 107.1793 109.1459 110.9808 111.8139 115.0195 109.6561 101.6749 93.7255 116.0439 115.1723 115.8335 116.5076 117.1011 116.8157 117.2372 108.9138 126.4170 114.4417 121.9691 117.1982 114.9071 98.4966 101.8594 119.3707 114.1134 114.6082 115.2750 96.9434 125.6086 124.4425 125.5602 125.1600
118.0600 117.7885 117.2875 116.7672 116.2121 115.6057 114.9695 114.3074 113.5709 112.7313 111.8355 110.8340 109.7059 108.4126 106.9070 105.0999 102.8561 99.8848 95.4179 90.0859 89.0616 92.9703 98.3278 101.1907 103.1227 105.5065 101.8046 95.8925 89.9058 89.5575 88.5051 89.4939 91.2191 96.5760 98.9048 98.5939 108.1686 97.4203 100.8051 102.0326 101.8757 108.1868 106.8443 107.9090 108.0809 109.1776 109.7736 112.6557 112.9230 112.8799 115.9913 116.4163 113.9058 107.2241 109.3179 124.7568 123.6877 125.9467 125.3648 129.0352 127.0376 124.8678 124.5355 125.5000
118.0700 117.8597 117.4026 116.8518 116.2932 115.7064 115.0728 114.3883 113.6658 112.8775 112.0118 111.0444 109.9751 108.7669 107.3854 105.7841 103.8743 101.6617 98.9255 96.3057 95.8894 97.7182 100.9548 107.1176 111.0880 110.7643 110.9063 97.6726 88.2028 89.9351 90.3821 97.2907 94.8182 104.4168 100.7304 99.6217 97.2139 101.3357 113.1017 112.7335 111.2183 107.9865 108.1382 109.2770 110.7010 110.8379 111.3840 111.4895 112.6997 114.2009 114.4009 114.9766 116.4714 120.4033 125.4677 125.1223 124.4335 125.0151 124.5765 123.3717 124.3954 124.2226 124.9759 111.9700
118.1100 118.0798 117.1746 116.7547 116.3495 115.7822 115.2043 114.5420 113.8357 113.0511 112.2363 111.3587 110.3597 109.2654 108.0414 106.6504 105.1646 103.6620 101.9267 100.7214 100.2251 102.0446 102.9834 91.4131 112.8705 109.5576 109.8890 103.7189 92.8766 91.3994 91.3031 92.7215 92.2695 104.6208 100.4914 101.4658 99.3771 102.8800 109.2866 110.3779 111.7319 109.0229 107.4540 108.5836 110.0473 110.9646 111.2958 111.9990 112.6864 113.1022 114.1589 113.1060 115.7589 120.9145 125.2126 122.7988 123.9141 124.6218 124.9949 125.3725 126.2178 125.8882 125.7764 126.3100
110.4800 119.2035 119.2615 116.7816 116.6224 115.9396 115.3791 114.7457 114.0811 113.4481 112.5623 111.7219 110.8389 109.8584 108.7928 107.8278 106.2838 104.2468 104.5129 103.5212 104.0787 101.8418 80.3584 114.9388 98.6338 94.3747 103.4313 103.7497 105.9758 98.4749 95.5161 100.7777 106.0279 111.2350 97.7231 97.1128 99.6662 109.2032 103.9843 105.6399 110.4438 102.6074 109.1958 109.4720 109.3110 110.5783 111.0000 111.8204 112.4080 114.2246 114.6090 120.7703 117.5002 127.5497 108.0601 127.5836 127.3871 126.2645 125.4930 125.7689 125.4414 125.8108 126.7567 126.5800
106.3800 118.4437 118.0245 118.4571 114.2733 116.2589 115.5900 114.9509 114.4364 113.3179 112.6709 112.1718 111.3821 110.5122 109.6113 108.6732 105.8142 104.1449 106.2338 105.6856 106.7019 94.2263 104.6249 108.3737 101.4140 88.5609 92.9761 104.7306 106.6520 105.7676 104.8589 96.7616 99.6744 107.0908 101.9199 100.1570 100.7039 103.7529 104.0768 106.7938 108.5360 106.3264 98.3764 110.0002 109.3587 110.4827 113.4598 114.8588 112.5720 110.4990 102.3519 103.0871 103.7814 105.0098 100.6731 105.3064 105.5818 116.9431 124.4469 124.4615 124.8104 126.4969 126.8656 126.9700
118.5500 118.3286 117.6722 118.1055 116.6739 116.3435 115.8154 115.3185 113.6509 123.1777 112.7135 112.8906 111.9264 111.2002 110.4318 109.7070 108.8373 108.3222 107.7315 107.4220 107.2801 105.5192 103.0198 108.7448 106.6830 93.2196 89.5112 92.5779 106.8743 106.3081 109.2370 108.5810 106.5748 100.1487 100.7632 103.2637 104.6425 104.8311 108.2871 107.1732 99.7794 108.3733 108.6831 109.2396 108.6510 110.0875 110.8445 115.9153 108.3167 109.7499 99.1683 100.4394 100.9525 99.6865 97.9692 120.4001 99.1764 116.7469 123.7689 124.4880 124.2840 119.6789 124.4233 126.5600
118.6000 118.4086 117.9715 117.5744 117.0821 116.5849 116.0796 115.5252 114.9285 114.9182 113.6875 113.1865 112.5442 111.8917 111.2336 110.6086 110.0474 109.4841 108.8835 108.7880 108.2490 110.9880 94.6473 101.4440 100.8764 99.9503 93.7897 93.4955 96.3016 107.1273 110.4783 110.7660 111.3911 111.7839 105.7447 100.1735 95.9807 108.4110 111.4001 111.4509 106.1879 106.6904 108.2926 107.5207 113.5848 115.1000 104.6198 109.0026 113.0980 98.6805 100.5590 100.7807 101.0446 101.5135 113.2691 121.9465 98.8202 100.1782 126.0165 124.0456 125.4083 126.6540 126.4931 126.9300
118.9500 118.5630 118.1677 117.7374 117.2990 116.8319 116.3564 115.8467 115.4078 114.8795 114.2938 113.7080 113.1368 112.5656 112.0196 111.4676 111.0926 110.9538 111.1908 110.6261 109.3875 111.5590 86.3100 92.0985 105.6179 91.9329 104.8334 94.7901 96.3924 100.6942 103.0788 111.2288 111.6475 112.4372 110.5903 95.5019 99.8631 110.0238 110.6503 109.0658 110.1505 110.9835 107.1501 120.6424 112.9113 114.6463 113.8317 109.7449 99.1624 99.7088 101.3076 105.9106 122.6612 119.0949 100.5324 103.4135 126.4980 126.2465 122.1079 125.1564 125.5547 126.0246 126.1726 126.5200
119.0100 118.7617 118.3595 117.9563 117.5378 117.1026 116.6575 116.1922 115.7130 114.6941 114.6427 114.1596 113.7180 113.2403 112.7374 112.2848 111.8399 110.5951 99.5160 107.7859 112.2809 113.1047 86.8389 96.2020 104.7731 114.5553 102.1402 104.9723 102.3652 103.3181 105.2538 106.8301 112.6266 112.7451 111.7311 114.9803 96.0317 114.5187 111.4431 109.9095 109.8713 110.6447 111.5406 112.1175 110.9373 111.1585 97.2943 98.8201 100.0100 98.3514 118.7237 97.8613 98.6025 100.9251 101.9818 123.2340 119.5950 120.5249 110.6803 125.1780 120.4936 125.9972 122.0283 126.8900
119.0800 118.9571 118.5782 118.1931 117.7914 117.3930 116.9451 116.5023 116.3378 111.6006 115.1809 115.0937 114.2960 113.8246 113.4648 113.1042 112.6686 112.2124 112.4309 91.5803 98.2774 118.8431 89.5251 91.3830 98.1339 112.7852 102.3509 103.4520 103.3037 100.0497 103.5615 104.8850 105.6047 111.3680 104.0539 103.1155 100.7687 117.7252 114.1308 114.8511 111.5858 111.6979 112.1399 113.1876 104.1556 105.3795 98.3940 99.6291 99.6087 100.5324 101.0011 102.0770 102.3293 102.9790 102.6893 101.4791 102.0165 101.5986 115.6952 121.2010 98.5669 123.7684 102.9951 103.3900
119.4200 119.1585 118.8019 118.4307 118.0667 117.6916 117.6513 117.0744 116.8221 110.8051 120.0384 114.9888 115.6191 114.3365 114.0816 113.8115 113.2571 113.1158 114.9907 89.4188 93.7473 116.0153 90.6064 91.2582 91.0347 108.1913 117.2712 102.6772 111.0985 107.9754 105.5101 105.0616 107.0327 104.0611 104.2534 96.7856 115.4262 115.6128 115.9888 118.2184 119.1793 119.1615 106.3399 111.2490 106.3885 98.5258 105.9042 99.2909 104.0219 99.9557 101.3994 102.7412 104.2175 105.0803 102.7426 103.9649 103.5492 113.9098 112.0198 105.6991 107.4936 107.8869 118.8464 103.5400
119.4900 119.3779 119.0325 118.6892 118.3350 117.9838 115.1253 117.7173 108.4334 111.8133 104.1650 115.0349 116.5549 114.8517 114.8419 114.4190 114.0539 113.9283 115.3600 106.4714 100.7840 96.3884 98.9687 95.4829 97.5382 105.0061 115.0089 110.9430 99.8780 111.8997 102.3255 105.9177 101.9043 101.6093 96.8404 97.8438 115.0387 112.8954 114.8508 117.3131 117.9958 120.3176 99.4691 104.2702 100.2517 103.7236 119.5646 100.8843 117.9927 100.2517 100.7308 100.9256 102.9744 103.6101 104.4460 106.0130 105.6287 115.3141 120.0425 113.7775 109.9166 106.2619 106.2352 108.8200
119.9100 119.5397 119.2727 118.9500 118.5819 118.3847 116.6206 118.7155 102.9476 114.5112 118.4446 115.0738 117.3254 116.2848 114.9040 115.2979 116.9174 115.6435 105.9330 100.7597 102.2837 106.0874 99.4100 97.8515 102.3064 96.9386 114.7186 117.7554 102.1542 106.8800 103.8011 103.8376 95.8520 96.7449 101.6120 107.6494 112.8097 111.5868 116.5727 117.4914 118.2264 120.5497 107.3842 96.9960 98.6154 100.1122 104.6832 99.0383 107.7738 101.4997 101.5450 101.2062 100.6384 99.9349 101.7203 103.2209 116.9050 104.3751 105.1214 108.8031 108.2156 114.6842 112.0772 109.1000
119.9100 119.8975 119.3887 119.5390 118.8491 118.5360 118.4916 117.7395 118.2264 115.4947 127.1117 118.6421 116.1420 102.5766 116.2259 110.9043 106.2370 111.8476 106.5848 92.3341 96.9250 105.0166 103.2880 99.2111 98.7867 99.5406 101.0846 117.7811 112.2249 104.9222 103.7099 109.3537 105.5857 104.5687 101.2364 100.3362 110.4394 111.0433 119.6482 118.2798 119.3171 115.9935 109.3485 113.0239 97.3168 98.5327 105.8559 100.4592 99.0116 100.1033 101.7452 101.4440 111.8854 114.6682 110.4380 102.0003 120.2440 113.3943 120.1272 106.6790 109.7301 109.2371 111.6401 111.2700
120.3100 120.3564 115.3434 115.0069 119.7107 118.8429 118.5853 118.2569 117.9989 117.6372 117.4089 121.8323 116.5898 116.6625 116.8238 111.5114 104.1607 102.5939 108.1998 96.0423 100.1545 103.7763 102.3972 96.7245 114.2019 96.5391 100.0743 111.8360 118.4725 112.8340 102.5891 115.4470 107.1199 107.3235 107.7527 105.3791 109.8138 111.0473 110.5555 119.6024 119.8840 113.0892 115.9184 124.0669 119.0459 109.6017 113.5498 100.1782 103.1599 101.5567 101.2118 102.8609 106.2016 123.6070 110.0622 107.1564 122.1032 119.4910 111.4184 109.9296 107.4740 122.1613 110.2942 111.5700
120.3100 120.3986 118.8309 118.4646 119.4554 119.1198 118.9093 118.6441 118.3236 118.1518 117.7493 117.9948 98.5362 116.3906 116.6924 117.0858 117.6372 117.5939 118.5685 97.9811 98.5774 96.7409 119.7556 101.1669 98.8667 108.8276 100.8720 109.8459 103.2067 116.5213 100.0190 109.2273 115.1867 110.7717 107.6873 109.8956 110.2987 111.1437 111.4242 112.8889 118.2539 120.2029 97.0104 110.1475 113.1149 113.4663 111.7337 101.0549 103.6961 104.0350 102.9437 103.4537 102.9300 103.1627 118.1940 101.5180 120.8324 121.5642 122.1702 122.2917 120.6906 125.1244 123.4831 124.1900
120.6900 120.5443 120.2533 120.0506 119.7444 119.4862 119.2194 118.9731 118.7116 118.5348 118.0602 118.4588 118.1178 119.0277 117.1185 117.1201 117.0173 116.8321 113.6627 98.9632 99.6640 98.5453 119.8608 115.9601 99.8865 106.3836 103.0974 112.0371 111.3291 120.1637 105.3364 107.0837 116.7493 115.2130 107.4107 109.7564 110.1113 110.9104 111.6808 112.3837 113.0671 117.7644 120.8302 101.1696 98.6793 101.0640 100.9672 101.2428 103.6892 104.6039 104.9837 105.4639 107.3998 106.2393 124.5515 120.4014 121.2532 120.9898 122.2901 123.2878 123.3006 123.9793 119.3490 124.5900
120.9900 120.7624 120.5232 120.2671 120.0235 119.7870 119.5415 119.3030 119.0863 118.8944 118.7482 118.3216 118.2192 117.7408 118.0153 117.8309 117.7348 118.0186 107.8664 101.6729 100.9844 99.8771 117.6808 106.5542 101.2428 99.9525 104.2000 104.9608 111.4890 119.3900 119.1561 114.1403 106.8258 117.2527 109.2371 109.9369 110.6619 111.2950 111.8938 113.1980 113.6158 113.1021 108.0560 100.8049 100.5141 100.9397 118.2471 102.1755 99.2216 123.5564 104.9113 105.5703 106.3595 106.9136 108.1236 129.0302 118.7643 122.3909 121.4943 124.8001 103.5752 127.0484 124.2756 123.5900
121.0800 120.9984 120.7798 120.5223 120.4145 120.0868 119.8258 119.6503 119.3880 119.1870 118.9825 118.7341 118.6415 119.5334 118.2930 118.2324 118.1377 118.1513 119.6146 119.7366 111.2620 101.2583 107.2746 117.2538 107.4751 104.0404 103.3198 104.2509 106.6209 119.9582 119.0366 108.3026 99.3043 112.9657 119.0261 113.6541 109.9109 111.6465 111.4336 106.5997 114.1863 114.8260 109.3964 99.7722 102.1188 107.5751 98.3321 123.1152 96.8690 116.0130 126.0066 107.2384 107.3590 107.0079 107.5242 109.0511 108.7738 127.9426 125.4292 123.7080 123.7318 124.4995 122.7574 124.4900
121.3600 121.2444 121.0156 120.7872 119.2922 120.2592 120.1080 119.9082 119.7283 119.6550 119.3343 119.1148 120.5420 111.7143 119.2480 118.7202 118.6265 118.3974 117.0612 118.1202 117.1459 103.2530 121.8569 118.2713 117.0958 109.5680 97.2849 104.6454 112.6634 119.8391 119.8739 110.7393 105.2887 110.1920 115.8103 117.2394 112.9393 112.4225 110.6716 113.7164 113.2358 111.9113 113.3157 99.5203 99.6980 99.6347 103.3836 121.0085 104.3919 103.4682 106.7842 125.9348 105.9148 115.1101 112.2103 108.5942 109.4411 107.9767 127.1099 127.7079 125.9429 125.6176 112.3011 124.8800
121.7300 121.4808 121.2560 121.3407 119.2855 115.5407 120.4214 121.0478 120.0118 118.7264 120.0913 119.5474 118.3238 102.6191 120.8958 119.0877 119.0838 119.1290 111.5262 114.6214 114.2376 106.2862 114.1768 118.9603 117.5436 109.8378 111.1653 107.3168 107.9813 115.6704 112.9144 120.7780 117.5447 112.8485 106.9718 120.0586 121.2748 111.7693 113.2609 114.6720 105.1057 105.9471 116.5313 99.7359 100.4053 105.5973 100.9668 99.3575 99.9963 109.3631 100.2565 99.2290 98.4562 118.1828 129.2786 121.0774 111.4064 110.4867 108.0805 123.7526 125.1609 126.6170 119.3390 125.4800
122.0000 121.7085 121.5398 121.0896 121.7977 121.2441 121.8660 124.1951 120.4522 119.6237 118.3839 121.9271 102.2239 114.9848 120.2504 119.5112 119.4129 119.5571 115.7055 102.0030 106.1900 105.0206 114.6323 119.3316 117.0181 111.2333 111.2739 108.2408 113.0251 108.8342 116.7719 115.7441 118.5193 96.1275 106.5949 111.8817 121.2745 116.8530 113.4363 115.0323 102.5144 105.9590 106.9927 100.1250 100.8821 107.4391 97.9817 101.7161 104.3415 106.5832 101.8427 122.0445 108.2263 113.1790 129.1535 130.8684 117.2160 117.5285 114.6186 124.5227 108.2152 112.6042 100.9216 136.3900
122.0300 121.9476 121.7502 121.6150 121.2898 121.2915 109.9374 114.9387 106.1015 121.9483 113.0632 104.1761 94.2863 121.6166 119.5628 119.9663 119.7611 119.7681 121.8602 96.4636 96.3831 106.0598 112.7363 119.7528 120.3936 112.7875 112.8964 113.2245 113.9685 104.5393 115.9439 109.4723 123.7444 114.2174 97.0040 106.0555 117.2595 122.3937 118.6566 114.1967 96.1322 99.1254 107.3503 100.2594 100.3845 101.1086 111.7282 107.1392 103.6528 103.9942 103.7062 99.5109 116.7335 128.0254 127.4580 129.1738 132.8336 131.0286 122.5939 115.0048 115.0907 108.9593 108.3215 114.0000
122.3400 122.1745 122.0000 121.8200 121.6255 121.6676 117.5653 123.1656 117.2784 125.1367 98.0851 110.7754 120.4542 120.8303 120.0422 119.7674 120.4446 120.0771 107.4030 108.9878 107.0987 107.2816 111.9912 119.1820 114.6022 115.0143 113.2983 114.2869 113.6086 117.2874 96.7314 102.4147 116.4242 116.9191 104.4038 107.2008 97.7776 122.0283 125.2707 106.6974 101.9371 100.7939 100.5448 101.0724 101.2439 112.8050 120.6058 116.0303 111.9897 104.9107 104.1660 104.6253 136.0007 127.7191 130.7625 128.8284 130.9916 110.9850 128.4692 127.5833 111.4887 103.9685 114.6065 114.0000
122.6100 122.4034 122.2368 122.0684 121.8937 121.8017 121.6309 121.2743 121.6541 121.3832 104.1366 110.8797 117.5197 120.5822 121.0426 120.3187 117.9055 117.6659 110.3900 116.5831 115.3699 108.3954 97.0884 108.1916 101.1608 115.1263 112.3489 110.2262 115.9603 115.1736 109.7337 103.4893 112.3456 121.7063 106.3997 100.8526 103.1754 117.7297 111.1709 98.8227 100.4949 100.9115 100.9688 101.2323 101.9331 106.9181 116.9922 110.9266 111.6465 112.9691 111.7046 105.5001 110.5524 124.5942 131.7224 132.6364 132.9177 130.5768 134.7081 109.8618 127.5920 118.2487 112.1859 104.5900
122.6100 122.6358 122.4729 122.3110 122.1606 121.9912 121.8767 121.7383 121.5716 121.5707 119.5447 102.4255 118.8570 122.3295 102.6617 119.3283 126.0872 99.5512 108.4799 115.1768 114.9636 116.7917 109.0062 102.6229 113.7777 115.6310 118.4287 100.7330 115.6462 114.6442 116.0406 98.7482 102.6313 111.1755 112.9627 100.6374 107.9316 108.4394 100.4783 100.0257 100.8636 100.1622 101.4138 101.2821 101.6169 102.4237 105.3226 101.1722 103.5837 104.0513 103.6154 108.3895 104.7934 122.0689 119.2918 108.3699 132.2998 130.6070 133.2064 129.0538 130.6179 133.1308 132.0770 136.3900
122.8900 122.8511 122.6976 122.5696 122.3975 122.3192 122.0399 122.3651 121.4175 121.8340 103.5446 112.1945 122.3687 121.5169 121.9564 114.7485 99.3943 113.7288 97.9443 115.3483 114.7886 117.5334 97.4539 98.1675 124.7616 110.7742 122.5305 110.9770 117.6106 112.7434 121.1371 95.6640 105.9493 104.1034 108.7209 103.0627 107.8967 105.1282 113.1693 118.4414 126.0899 117.6957 100.8825 102.7609 102.7936 103.3767 103.4252 118.3411 103.3616 102.5791 102.7503 102.7339 107.8453 110.3276 107.6180 121.0522 128.5660 128.2481 130.8156 137.3660 107.9469 138.3656 135.0139 135.2800
123.1600 123.0736 122.9437 122.8038 122.6245 123.3653 119.6670 116.3658 122.7438 115.8991 103.2446 106.6282 120.9629 123.4874 102.5643 112.6979 107.9982 97.4474 102.2500 116.0779 115.8081 117.0259 113.0684 95.9889 123.0818 121.9295 118.9510 121.6822 123.5498 116.8089 104.8452 107.5990 100.5065 104.5756 103.7959 103.3361 103.9044 123.2629 115.7478 117.1290 125.4966 127.3206 101.6370 102.4924 104.3838 103.0611 109.7669 124.5787 109.0300 103.2184 103.3630 102.4509 102.4739 108.1881 109.9297 111.7667 126.7010 128.0309 131.5511 134.0430 131.9662 134.0231 127.9462 128.5800
123.3900 123.2898 123.1467 122.9046 123.3856 114.4786 122.2809 122.0897 117.6828 111.3577 106.2536 99.7537 100.1812 101.4692 118.6164 104.1867 109.7140 100.7902 103.5827 115.0897 115.8031 115.8314 112.6548 110.6073 121.8228 123.1911 110.4145 111.2591 116.7463 115.3860 112.9866 111.8318 107.2985 108.5308 106.9289 105.3601 101.5641 123.7647 106.1757 117.6637 124.2571 126.1162 104.6228 115.4496 104.1041 105.8833 122.9899 121.4219 120.7442 109.5988 119.4940 106.9955 105.8446 127.4085 124.6783 124.8661 131.4026 132.9271 113.2192 125.2037 126.8349 132.6109 131.4072 128.6200
123.6600 123.5018 123.3692 123.2724 123.8336 119.0135 122.8961 112.9004 101.4713 106.0212 101.4848 100.2595 112.7798 116.8412 102.1952 104.7029 104.1412 98.6050 108.5185 105.9918 108.8679 111.8742 110.6058 122.0888 121.1473 122.3789 109.2435 112.1211 111.3966 115.3473 110.1286 98.4236 98.8166 102.4902 108.9268 101.1159 104.0022 123.7545 112.9773 116.4426 118.0593 117.3012 112.2158 105.2474 100.5369 114.4084 122.1834 122.1479 122.2247 111.1822 125.4919 124.7845 124.5678 124.2614 125.3785 128.3205 122.7110 129.2908 133.2298 132.3469 128.1170 131.8173 136.1465 134.6500
123.6600 123.7227 123.5777 123.5376 123.0854 118.4290 102.2193 108.1121 100.7211 107.4371 103.2846 105.1173 119.5777 106.7879 110.6340 107.5713 115.9889 108.8610 107.7463 109.0051 110.8208 111.2952 106.6874 105.0213 129.1914 118.0977 118.5877 103.3587 105.8365 111.2550 97.1053 110.0842 118.8371 111.9549 108.3902 108.0357 122.5836 124.1562 123.0079 124.7436 118.7169 117.0807 104.7385 102.1815 113.2754 116.4739 123.7805 122.3282 123.5101 123.3050 125.0733 123.7539 124.0156 124.4618 125.2590 111.5814 108.6315 126.0875 127.6316 133.9177 133.9145 127.4086 117.9314 135.1400
123.9100 123.9230 123.8001 123.7065 124.3049 111.8138 98.9253 109.5182 104.3440 115.7824 102.1275 104.1738 105.4484 109.8161 110.3597 108.7552 104.3915 112.9920 104.6883 110.7500 111.5750 115.0645 109.9976 104.5679 126.0672 104.0789 120.7635 98.8852 101.2842 109.0158 115.4953 118.8993 104.5600 108.0385 107.8245 111.9744 124.7355 119.2846 120.2102 115.4190 118.3986 112.5448 101.8394 100.5449 127.4391 105.8340 122.1644 121.9625 125.5184 127.6635 131.2638 128.5810 124.2633 125.3779 126.3464 124.0964 98.9346 128.3519 127.5559 126.7990 130.4692 133.7103 117.9463 135.1400
124.3700 124.1278 124.0148 123.9110 123.6148 126.0674 123.3696 108.9767 112.6123 107.2675 110.9645 104.5178 108.3650 119.6664 113.5266 117.3880 111.3841 113.4537 109.4851 110.8564 106.8406 110.1316 103.9678 107.3105 101.3034 104.8421 123.9119 104.3193 101.2295 102.9193 101.1309 102.6096 101.4844 120.2937 106.6793 109.5623 107.1596 111.8538 110.9513 105.2835 106.4949 106.2171 100.8252 104.7574 129.7583 117.4706 130.4485 127.2206 130.2015 129.7702 126.3506 130.0114 124.5352 124.7398 124.4194 126.8867 116.0161 120.4595 114.8582 128.6552 127.7820 131.3371 127.6734 105.3500
124.3700 124.3280 124.2199 124.1317 124.0655 123.7036 122.2448 108.2815 112.5575 113.7626 107.2889 104.3646 125.3170 119.2877 105.6679 116.4936 110.0185 113.8544 103.7204 110.2488 103.9881 112.6421 98.9209 106.1016 116.9385 101.7084 117.2455 106.0153 101.3104 102.6333 101.8830 110.1283 120.3208 111.6986 117.2596 110.8879 108.6413 113.4182 102.4865 101.5302 100.7008 110.0821 104.6613 103.8670 115.8740 129.0411 130.4731 129.0017 129.6683 130.5940 130.9274 130.6613 132.3832 129.6145 125.9993 125.6309 129.2440 126.5262 111.1922 129.0473 127.8344 128.0977 129.6735 132.1500
124.5900 124.5288 124.4279 124.3155 124.2400 123.9585 124.7450 119.9020 111.7419 111.1045 111.2379 118.0255 119.1353 108.8988 115.0576 119.5522 104.6163 113.8177 105.2510 102.7769 99.9138 114.0255 99.1848 108.0366 115.1749 102.4033 117.6056 99.2955 102.5136 102.3957 101.8272 108.6127 123.5831 119.4571 112.6423 104.1594 101.2124 102.5711 102.8655 115.6380 101.3938 100.9730 102.3467 120.6666 115.6174 131.2494 130.0801 130.0355 129.0408 130.1368 130.7861 130.9960 132.4446 131.8888 132.2826 127.4639 128.3602 129.1259 133.2810 126.4357 128.2983 129.6126 108.7468 129.3000
124.8000 124.7189 124.6188 124.5207 124.4573 124.4583 124.1808 119.9131 117.0409 113.1303 106.5834 107.8460 111.8613 112.4809 112.8186 119.3018 108.8548 116.3300 106.2583 110.1548 111.1210 114.3013 102.6024 114.5278 122.5838 111.5488 114.6226 108.4702 104.0100 102.5201 102.3265 109.6407 116.7613 111.1586 120.4666 101.9851 105.5173 112.0546 110.7365 122.0163 103.5551 106.3090 108.5775 123.0182 122.0119 128.7205 130.1949 131.4803 130.5273 130.2023 130.8200 131.0301 133.5122 106.4598 134.6111 128.3602 131.6637 130.2504 134.8790 134.4972 135.5289 128.2416 124.6474 105.5500
125.0100 124.9177 124.8154 124.7449 125.4136 124.8784 126.3394 118.7253 120.6975 112.4832 104.0023 111.3627 109.3589 119.5300 114.8275 122.5072 108.7720 112.9469 105.4169 112.8113 113.0883 116.6346 100.5273 110.0934 113.0186 110.1570 104.9928 101.5919 103.4670 104.4364 101.3020 108.4906 117.7691 119.9871 114.9396 115.1817 105.0242 112.4677 113.1180 117.8781 103.0346 110.0931 109.6653 121.2153 122.5401 126.4498 130.7064 131.8867 125.9684 124.6118 131.9034 131.0487 132.3903 128.8430 131.7952 133.0500 135.6654 120.6200 123.5728 107.3800 111.3014 128.7013 115.2244 110.0200
125.2000 125.1067 125.0018 124.9664 125.0432 108.9671 124.3781 118.8942 121.2506 110.6187 111.8483 109.5935 105.4930 112.8199 121.7491 121.6237 104.3311 114.4783 106.7641 101.7733 101.5616 111.6361 103.4182 113.0755 106.1178 113.7029 113.7940 101.4741 105.2934 106.1483 103.8550 97.8584 118.3897 115.0931 120.4322 121.7369 114.1326 113.5123 112.7264 115.1866 113.5750 106.9122 102.1301 109.9356 128.5352 122.9208 124.5839 131.6474 131.6285 123.3897 131.4471 130.6807 130.5543 131.6908 129.2734 136.0413 131.5917 133.0113 132.8800 109.1662 114.4743 116.2628 104.3763 105.7400
125.4200 125.2905 125.1957 125.1140 125.4290 125.3881 124.6424 117.6173 115.9580 112.6735 110.5405 114.5400 118.1016 116.3809 111.0378 113.8553 115.3005 113.8749 107.4400 103.4383 105.9922 103.1565 103.4281 100.9322 101.1392 109.6979 101.0340 103.0735 106.9137 104.6315 102.8040 112.9291 118.6371 119.5998 124.4340 121.3607 117.7321 113.2078 111.5874 115.2609 102.3765 103.5005 104.1839 107.9317 120.9004 129.4768 129.0406 125.7112 125.9761 106.9196 130.7544 129.7684 131.9408 132.3981 131.9643 121.7579 120.9127 135.3560 135.1767 136.7265 135.5584 130.0318 107.0859 106.8200
125.6100 125.4671 125.3779 125.3433 125.1893 124.9158 125.9641 126.0905 115.9490 112.8734 112.1399 116.2017 114.5773 114.0944 117.2175 114.3797 115.8668 115.5560 108.7608 116.6222 105.8594 102.0890 106.3243 104.3290 102.8999 101.8750 111.3643 106.0488 106.1092 109.4402 102.4894 118.6669 117.2497 110.8613 120.9999 119.1031 123.5172 112.2173 107.5704 118.4326 114.2772 103.9921 108.5648 108.6570 110.8475 124.3690 128.4626 128.7134 124.1084 131.8969 125.2447 128.1727 130.8501 132.5692 134.8492 108.8478 136.3604 133.7044 135.0418 134.3917 136.4520 112.8879 111.8382 106.0100
125.6100 125.6541 125.5765 125.4804 125.3758 125.8185 117.0303 127.0303 113.5984 114.2592 117.1002 117.2479 116.3198 116.9140 105.4689 103.7953 110.7186 113.8728 110.9637 113.3544 113.5480 104.7796 107.0596 104.0303 103.0137 102.2059 111.6311 110.3359 114.2077 108.3854 119.3552 120.0796 120.0325 115.9861 121.1484 121.8676 120.9817 115.4459 102.6460 117.6432 119.1959 104.6613 104.9368 105.9712 119.8169 122.6979 127.7398 127.0739 113.1785 131.2809 129.7483 126.2139 126.6984 131.8803 132.9846 133.7293 132.2760 136.4591 135.6492 137.4490 135.3644 121.0482 105.2106 106.0400
125.8000 125.8273 125.7572 125.6663 125.5665 127.3277 115.9191 125.2879 121.4079 120.7000 117.0527 118.7724 108.2700 105.0752 103.3680 104.2276 110.2719 104.9167 105.5718 108.8244 105.7955 101.8119 106.7904 105.7033 102.7979 102.8405 113.9772 108.4330 108.1051 106.8124 109.9871 109.8618 121.6047 114.2260 117.0477 121.3296 122.9723 120.6494 110.9255 117.1215 120.7576 115.5230 112.8410 109.0303 120.5723 126.7766 128.2745 127.2619 132.7344 131.5134 124.8763 126.1288 126.4646 133.2245 127.0450 132.9837 134.0065 119.5352 133.9800 136.8996 100.1079 102.2276 106.5196 106.1800
125.9800 125.9800 125.8800 125.7700 125.6600 125.7000 125.5800 125.5800 125.4500 115.9900 117.9900 118.3700 118.3200 103.2300 103.2600 103.2800 103.1100 103.1200 109.8100 109.8100 110.0600 103.1300 106.4300 106.6300 104.4100 103.8400 113.7600 116.3500 116.7200 112.8100 107.3800 107.3800 121.0100 108.6800 122.3500 122.3400 122.9300 116.2700 116.2700 116.1900 122.0000 116.1200 104.3200 116.3500 108.9700 126.5000 126.6100 128.4900 129.0900 125.5100 126.0800 126.5300 127.4200 132.4700 112.0000 134.1500 134.0900 134.6800 134.9000 135.4000 106.0400 106.1300 106.2200 106.2200
