122.6500 122.4400 122.3000 122.3000 122.1500 121.9900 121.8100 121.8100 121.6300 121.4300 121.4700 121.2400 121.2800 121.3100 126.7600 123.2500 121.1000 121.1100 121.1100 107.2500 121.0900 121.0600 121.0400 121.2900 121.2600 121.4800 121.4400 121.6400 121.5900 121.8300 121.7700 106.3900 122.1100 122.3200 108.2200 122.6100 122.8000 106.1700 123.1100 123.2500 123.4100 123.5900 123.7100 123.8600 124.0300 124.1500 124.3000 124.6000 124.7100 124.8500 124.9900 125.2700 125.2700 125.5100 125.6300 125.7600 117.2100 126.1300 110.3300 106.5500 113.8200 114.6700 126.8200 126.9300
122.6100 122.3783 122.2149 122.0667 121.9228 121.7801 121.6568 121.5262 121.4177 121.3064 121.2112 121.1246 121.0470 120.7099 122.4862 119.2181 120.9799 120.6932 122.9234 104.5553 122.9280 120.8286 120.3036 121.0105 121.7693 121.3040 120.9718 125.6861 111.2605 105.7713 121.5944 115.2057 116.9777 105.2821 106.7336 113.5096 117.3016 107.0957 116.7561 123.0117 116.2957 123.2215 123.5334 123.7776 123.9371 124.0926 124.5514 120.4521 124.7539 124.6780 124.9979 124.9361 124.7646 113.8034 126.6018 125.3970 119.7497 125.2822 107.5927 104.8460 113.8782 115.2333 119.8821 116.1100
122.3600 122.0410 121.9659 121.7590 121.6413 121.5039 121.3688 121.2366 121.1109 120.9955 120.8952 120.7965 120.7089 120.6198 120.6624 119.1855 120.5832 120.6024 116.5396 113.0437 120.8533 121.4739 116.0589 121.3776 115.2204 121.0953 121.1849 112.7831 117.3827 115.2339 117.3416 109.9931 103.1745 103.6489 112.1187 111.5298 108.1790 105.2484 115.8408 123.3434 121.9712 123.4133 123.3733 123.5846 123.7481 123.9518 124.2629 122.0508 124.3885 124.6116 124.8456 124.6928 125.6197 109.0029 126.1215 126.7058 118.5724 102.8832 111.1174 106.1194 114.8662 116.2889 117.5782 116.1100
122.0800 121.9112 122.3877 121.5328 121.3320 121.2203 121.0734 120.9351 120.7976 120.6759 120.5607 120.4606 120.3679 120.2959 120.2299 120.3462 120.1681 120.1631 120.3228 120.2501 121.0437 114.3026 106.9550 123.7338 123.1627 121.2087 120.8363 124.1716 116.0045 113.2563 113.3796 101.0743 101.3204 109.9650 114.4174 114.0379 113.3386 113.1775 122.9857 122.3272 123.0423 123.0049 123.6929 123.9305 123.5319 123.6363 125.3341 125.3063 124.2072 124.5405 124.6311 124.9598 125.8834 122.0121 125.9704 114.1018 107.8797 116.9822 116.9305 112.6939 115.2813 124.4917 126.8252 126.7200
121.7400 121.8955 113.9268 121.4878 121.0261 120.9378 120.7724 120.6181 120.4781 120.3468 120.2283 120.1161 120.0127 119.9333 119.8673 119.7954 119.7812 119.7448 119.4974 121.9711 111.7085 107.8511 107.6970 117.8965 117.4180 120.0733 118.6350 115.2117 120.3761 121.2895 105.2902 111.8259 98.9410 126.7516 108.4881 105.8319 118.4470 123.2097 123.0915 122.6401 123.5803 122.3471 121.8921 120.8697 123.7011 123.3114 122.2734 106.8909 126.2343 124.3178 124.5330 124.6163 126.0480 126.7881 125.6268 100.6681 109.5855 115.6742 113.9792 119.8853 115.9113 127.5259 126.2334 126.6800
121.4600 121.3426 121.2946 120.8400 121.6666 121.7284 120.4844 120.3035 120.1518 120.0071 119.8680 119.7526 119.6483 119.5546 119.4860 119.4203 119.3801 119.3597 119.3686 119.2944 112.8480 104.3484 117.2093 120.3280 119.3316 119.7786 120.3719 119.6831 120.6556 108.5000 100.7706 117.9407 102.8166 122.7785 106.3390 98.9650 119.6683 121.7414 122.1722 118.0551 109.2014 124.2713 122.5958 122.6053 123.3038 123.2754 123.8820 120.7207 123.9803 120.8310 124.2483 126.5132 107.7988 106.7066 111.5198 115.4929 119.3648 113.0696 118.0348 104.4194 120.7183 126.2586 126.7852 126.5400
121.1300 121.1193 121.1247 122.5848 120.6162 120.2308 120.1646 119.9678 119.8063 119.6485 119.5103 119.3822 119.2610 119.1594 119.0816 119.0194 118.9751 118.9505 119.0290 118.8658 119.6951 115.1983 112.3571 119.4385 120.5032 119.5744 119.5016 119.3734 119.9479 123.5583 106.6215 99.4736 103.4613 103.4161 99.1801 103.8227 122.6677 121.6162 119.2855 117.3875 121.2328 123.1763 123.4038 122.9074 122.8624 123.4251 123.4036 123.8686 123.8296 124.1172 124.8145 114.8111 101.5184 108.5538 109.5073 118.6502 110.5714 115.6574 101.9396 118.6112 126.4470 126.7624 116.5293 120.4300
121.0700 120.8539 120.4644 120.4357 120.2087 120.0233 119.8296 119.6246 119.4577 119.2873 119.1270 118.9906 118.8668 118.7546 118.6592 118.5960 118.5414 118.5178 118.5291 118.4771 118.5712 116.0575 111.8590 119.0136 119.1889 119.1186 119.2483 119.1774 118.2444 113.1873 120.9810 119.2590 108.6946 102.8853 109.1655 123.1588 121.3517 121.3969 121.9843 122.1266 122.7975 113.5274 116.1430 123.6720 118.3540 123.7973 123.2177 123.5852 123.7710 123.6737 125.0720 103.4717 107.5180 107.8905 110.0888 107.1818 102.8316 103.4094 128.9676 125.6848 125.8338 127.1953 118.5156 118.6400
120.7700 120.5895 120.3670 120.1349 119.9107 119.6978 119.4832 119.2883 119.0898 118.9082 118.7381 118.5791 118.4474 118.3252 118.2236 118.1514 118.0918 118.0657 118.0631 118.1075 118.1422 118.4556 117.8607 118.4636 118.5143 118.6609 118.7882 118.6721 116.7066 103.8487 97.7747 92.1809 115.2276 100.7131 120.7316 120.9869 120.8985 121.0828 121.9155 118.3753 124.5571 101.6448 121.0840 122.0845 122.8731 122.9938 123.2035 123.4296 123.4481 123.5816 113.5528 103.5097 108.5056 110.4129 115.3486 104.1823 105.5399 116.9049 124.9190 125.6308 125.9344 124.8936 119.4257 109.8200
120.4100 120.3297 120.0857 119.8423 119.5999 119.3770 119.1325 118.9260 118.7124 118.5143 118.3245 118.1560 118.0072 117.8726 117.7671 117.6832 117.6200 117.5802 117.5743 117.5848 117.6173 117.6427 117.8383 117.9541 118.1347 118.1899 118.7078 118.9506 110.6729 115.3311 122.4624 128.8862 119.1562 115.4529 119.7774 120.2464 120.6337 120.7079 122.1258 105.6515 117.2578 107.7781 115.0431 122.8298 122.5919 122.7797 123.0579 123.2668 123.7242 118.3111 119.4794 105.0546 117.2120 112.1211 112.2348 106.7450 116.5687 126.6938 125.4930 125.6808 126.6649 119.3864 128.3872 104.8100
120.3600 120.0495 119.8005 119.5551 119.3111 119.1114 118.8607 118.5523 118.3234 118.1088 117.9068 117.7146 117.5485 117.4016 117.2784 117.1830 117.1176 117.0734 117.0603 117.1374 116.7272 117.2663 117.3391 117.4445 117.7319 113.9202 117.7856 118.7392 115.2350 113.7054 118.8851 118.8420 119.1680 108.6299 118.8902 120.0162 120.4754 121.0452 114.0378 102.8090 109.3740 123.6754 116.0525 122.7201 122.3905 122.6913 122.9083 123.0807 123.4328 119.8316 113.6210 115.9971 119.0684 114.3928 113.1642 102.5652 104.4428 124.9174 124.8219 125.6292 125.7597 123.7462 124.3161 126.2700
120.0200 119.8002 119.5417 119.2037 118.8689 118.4226 118.3766 118.1706 117.9238 117.6895 117.4617 117.2559 117.0632 116.9025 116.7681 116.6621 116.5826 116.5416 116.5246 116.5132 116.5469 116.6834 116.9124 117.1000 117.2993 117.2925 117.9902 117.5415 118.7766 118.3818 118.8682 118.4687 107.9282 101.1880 120.6941 119.9708 120.5174 116.6894 115.6035 99.0868 121.4198 122.5154 122.0382 122.0468 122.3090 122.5346 122.7661 123.0171 123.3281 124.0979 125.7026 116.6859 119.0606 103.6441 114.2640 109.5190 110.0708 128.9585 125.5275 125.5622 125.5453 125.9981 129.3345 131.5100
119.6000 119.5142 119.2410 118.7415 118.6803 121.2579 118.0821 117.8462 117.5127 117.2603 117.0039 116.7765 116.5634 116.3778 116.2267 116.1034 116.0167 115.9675 115.9544 116.0014 116.0674 116.1734 115.2633 115.3878 116.5233 116.9481 116.9821 117.4314 117.5523 117.9745 118.1092 119.7092 106.6552 111.9710 118.8777 119.6910 120.3025 118.7881 121.1941 105.0118 119.0234 120.8241 121.6421 121.8321 122.1355 122.3956 122.6326 122.8805 123.1041 122.9464 123.4067 116.7029 100.3682 121.2240 118.4277 103.7366 104.0256 111.3086 125.9503 125.3550 125.5741 125.4051 130.5960 127.4800
119.6000 118.6053 119.0516 118.7449 116.9897 116.1685 117.4686 117.3911 117.0880 116.8071 116.5265 116.2668 116.0308 115.8233 115.6477 115.5051 115.4059 115.3555 115.3429 115.3735 115.4611 115.5630 115.4052 115.8231 115.8289 115.6799 116.6295 117.0262 117.1277 117.6196 118.0283 118.4135 118.8427 118.5944 119.2643 119.3712 120.2292 112.0782 112.1513 114.0516 122.0571 121.0388 121.4832 121.7499 121.9977 122.2548 122.5123 122.7400 122.9976 124.2262 125.4289 118.5878 118.9494 117.7050 104.6538 111.7021 112.4885 115.2185 125.2758 125.4009 125.5659 125.5545 129.6101 134.6700
108.6000 117.8420 118.6792 118.2579 117.9491 118.8553 117.3055 116.9964 116.6904 116.3331 116.0260 115.7413 115.4756 115.2302 115.0335 114.8715 114.7572 114.6949 114.6792 114.7200 114.8088 114.9477 115.1998 115.1667 112.1119 114.9549 116.0374 116.4766 116.8078 118.8469 114.2644 115.3561 118.1258 118.4935 118.8428 119.1653 119.8850 115.7572 120.9310 120.4650 120.8205 120.9993 121.2985 121.5863 121.8573 122.1229 122.3760 122.7500 122.7532 117.8099 110.6369 124.0483 111.7291 109.0833 113.7401 111.0253 125.2388 126.0637 125.0022 125.2742 125.5228 125.6844 129.2598 114.7200
118.7900 118.9373 118.2674 118.0674 117.6449 117.2099 117.0080 116.7607 116.1079 115.8680 115.5136 115.1852 114.8823 114.6053 114.3749 114.1869 114.0524 113.9767 113.9649 114.0201 113.9913 114.1613 114.5413 114.7910 108.1243 97.9493 116.4814 115.8016 116.3005 117.2246 116.6649 117.7620 117.8396 118.2343 118.5798 118.9352 119.3188 119.4636 125.9229 122.8376 120.4710 120.8431 121.1629 121.4427 121.7238 122.0035 122.2295 122.4151 123.5222 112.2635 101.4039 113.6807 112.7655 113.1860 123.0412 115.2016 114.7003 125.5467 124.9585 125.2211 125.3759 125.7910 125.2531 128.2700
118.6900 118.6084 118.1207 117.7224 117.3616 116.8869 116.7539 110.9599 116.0554 115.0341 114.9873 114.5946 114.2587 113.9395 113.6664 113.4439 113.2922 113.1954 113.1653 113.2058 115.0851 114.2845 114.6080 112.9020 113.2041 106.3935 98.3722 116.5004 116.5721 116.6059 115.7901 117.2676 117.5675 117.9378 118.3201 118.6814 119.0277 119.8755 120.7394 120.5488 120.3829 120.7017 121.0076 121.3078 121.5988 121.8520 122.3296 122.7140 113.5071 110.8405 119.0618 103.3444 125.0451 124.2894 115.4033 117.5250 121.0942 124.6234 125.0186 125.1696 125.3500 125.5705 126.4935 129.9100
118.6100 118.2398 117.8539 117.4502 117.0327 116.6192 116.1111 117.8346 114.9672 114.8899 114.4154 113.9981 113.5947 113.2280 112.9106 112.6446 112.4522 112.3396 112.3083 112.3911 112.7021 112.6325 114.4898 95.3582 99.3920 101.1135 98.5668 100.8165 113.1004 116.0790 116.4323 116.7622 117.2701 117.6679 118.0607 118.4941 118.5450 118.0204 109.4142 120.7987 120.3010 120.5383 120.8767 121.1794 121.4886 121.7916 120.9259 121.9194 122.2743 122.9726 123.1745 116.9782 107.2658 114.2276 121.6760 114.1644 126.0948 124.6682 124.8819 125.1218 125.3118 125.5533 125.7156 125.8300
118.2300 118.0044 117.5904 117.1624 116.7245 116.2194 115.7898 115.5619 114.4179 114.6739 113.8147 113.3701 112.8976 112.4712 112.0869 111.7632 111.5302 111.3926 111.3672 111.4939 111.4782 112.5709 113.5281 97.8044 107.9157 117.9364 98.7900 100.9275 116.4590 115.2817 116.0952 116.5116 116.9573 117.3996 117.7485 118.1604 117.6357 126.9725 108.9820 120.8164 120.0054 120.4055 120.7433 121.0582 121.3711 121.5852 122.0018 122.2880 123.7007 122.4124 123.7591 106.1935 122.4702 113.3184 127.6199 109.0159 125.9597 124.5352 124.8506 125.0739 125.2731 125.4891 125.6930 125.8100
118.1400 117.7844 117.3496 116.8874 116.3770 116.5476 115.4325 114.8326 114.3112 113.7297 113.2690 112.7067 112.1630 111.6565 111.1968 110.7992 110.5091 110.3352 110.2981 110.4004 110.6126 110.5767 111.9389 111.8448 127.5053 112.8505 104.8856 108.6631 116.1346 115.1226 115.6863 116.1955 116.6629 117.1063 118.2128 118.9660 119.0992 119.3470 116.8295 119.2000 119.9058 120.3065 120.6237 120.9424 121.2372 122.1809 121.7744 124.3261 130.2497 122.1094 123.3156 130.9181 126.6564 110.7632 125.2248 125.0138 124.2583 124.6102 124.8142 125.0250 125.2275 125.4260 125.5954 125.8000
118.0700 117.5837 117.1353 116.6420 115.9906 117.5497 114.9142 114.5425 113.9023 113.3082 112.6681 112.0296 111.3949 110.7872 110.2231 109.7263 109.3495 109.1271 109.0779 109.2289 109.4946 110.4078 108.3874 106.8813 111.6027 116.1015 116.3155 113.7992 113.8124 114.8847 115.3614 115.8903 116.4502 116.9736 113.7711 112.8627 114.7319 117.5164 109.4739 119.3281 119.5613 120.1769 120.5145 120.9020 121.1589 122.9782 121.8061 121.7261 121.8147 122.6670 122.5030 122.8810 125.4457 123.7755 123.5520 123.9777 124.3689 124.5805 124.7886 124.9860 125.1950 125.4000 125.6592 125.7800
117.6800 117.4106 116.8578 116.3870 115.9043 115.1023 114.5805 114.1140 113.4634 112.7888 112.0763 111.3452 110.5980 109.8615 109.1548 108.5224 108.0296 107.7245 107.6634 107.8568 108.2873 108.7239 109.8690 112.3486 111.6902 104.5427 107.2351 113.4962 113.4258 114.4046 115.0462 115.6078 116.0604 116.9575 111.6239 100.0490 101.8278 116.5106 116.4030 119.9074 119.7423 120.0935 120.4280 120.7713 120.8850 121.1685 121.7426 122.1611 122.4146 122.5836 122.9954 122.5589 122.7488 123.6517 123.9415 124.0934 124.2712 124.3349 124.6633 124.9590 125.1490 125.3472 126.1023 126.8200
117.5500 116.9326 117.0013 116.1698 115.6346 115.0620 114.4365 113.7441 113.0478 112.2997 111.5021 110.6642 109.7895 108.8888 108.0003 107.1699 106.4813 106.0553 105.9632 106.2591 106.8701 107.5299 108.6942 104.4479 103.8654 97.8303 104.9441 108.6456 114.3696 114.1355 114.7505 115.3897 116.0561 117.4275 120.7972 110.7618 114.0727 117.3121 114.2260 119.5598 119.4878 119.7782 120.3611 120.6801 121.0453 121.3716 121.6254 121.8890 122.1803 122.4501 122.5742 123.3947 123.6088 123.2367 123.7144 124.0949 124.3734 125.5632 124.9714 124.9351 125.1186 125.3331 125.4729 125.6100
102.3400 119.0502 113.0489 116.3484 115.4036 114.7924 114.1361 113.4263 112.6686 111.8555 110.9689 110.0127 108.9834 107.8876 106.7531 105.6422 104.6645 104.0054 103.8513 104.3080 105.8932 105.7034 106.5887 106.4202 109.4559 104.0066 109.0293 100.2042 106.0664 113.8708 114.5255 114.9362 115.4461 104.7972 107.0680 118.2502 117.3402 119.7696 119.3176 118.5071 120.1048 120.0434 120.3229 120.6018 120.9394 121.2628 121.5699 121.8706 122.2895 122.5964 123.4997 130.6847 124.0225 125.3134 123.0071 124.2451 123.0798 118.1972 125.8258 124.8658 125.0877 125.3461 125.5388 125.6000
102.3400 118.4142 115.0762 115.4831 115.1504 114.5815 113.9056 113.1489 112.3251 111.4116 110.4478 109.3976 108.2157 106.9024 105.4612 103.9292 102.4392 101.3335 101.1015 101.7965 103.4300 97.6343 106.7308 108.4371 110.1649 111.7705 109.9475 105.4756 110.7496 113.5623 114.3070 114.8849 114.8297 110.9964 97.3774 113.4676 97.4277 118.2088 117.8246 123.5595 119.8754 119.8200 120.2079 120.5556 120.9005 121.2186 121.6331 121.9942 121.6205 122.5015 115.5782 115.0897 115.1174 112.8151 114.4709 117.0582 114.7921 113.6706 125.5418 124.8428 125.0780 125.1860 125.4872 125.6000
117.0700 117.0316 116.5105 115.8513 115.0328 114.4324 113.7168 112.9335 112.0650 111.2218 110.1530 108.8943 107.5424 105.9857 104.1804 102.0774 99.7650 97.5421 96.9146 98.6973 101.0259 101.8184 105.0458 106.7076 107.6942 109.7253 111.8206 112.3917 112.8292 113.3867 114.1098 114.6789 116.1086 112.3614 117.0393 99.9976 105.0441 118.4068 118.5807 120.0870 119.2751 119.7890 120.1595 120.5094 120.8591 121.2167 121.0925 121.5397 124.3424 121.0456 116.9251 109.0596 104.5194 120.0874 117.6570 123.0004 113.3774 122.4498 124.4505 124.8484 125.0067 126.5679 125.3134 125.5900
117.0500 116.8579 116.2325 115.6218 115.0289 114.3296 113.5859 112.7864 111.8725 110.0896 109.2663 108.4701 107.0418 105.2647 103.1020 100.2659 96.4668 91.3010 90.1784 93.8274 98.7283 101.9480 104.3219 106.2777 107.8755 109.0178 110.5978 111.3226 112.3236 113.2231 113.9941 114.6788 115.3023 115.7493 116.4067 122.9272 117.4607 118.0151 118.4777 118.8382 119.3588 119.7487 120.1247 120.4942 120.8274 120.9701 124.2182 122.1660 112.1559 107.2307 109.4287 121.1826 118.9545 112.8911 112.1863 113.9531 115.0942 123.7937 124.6177 124.8733 125.0544 125.4025 125.4598 125.5800
117.0400 116.7807 116.2083 115.6070 114.9690 114.2746 113.5173 112.7063 111.7869 110.7613 109.5651 108.2976 106.7484 104.8473 102.4324 99.0566 93.1046 86.6871 85.2940 89.3416 97.0716 100.9835 103.7897 105.9100 107.6216 109.0375 110.2555 111.3347 112.2919 113.1541 113.9297 114.6515 115.2619 115.7652 119.9761 107.1226 109.5850 118.2049 118.5885 118.9286 119.3371 119.7360 120.1050 120.4422 120.7467 123.0304 104.3031 110.9107 107.8068 114.6418 116.7074 114.8533 113.1437 113.9216 119.4257 128.1730 128.1558 121.3665 125.1102 124.8246 125.0717 125.2537 125.4609 125.5800
117.0300 116.7699 116.2076 115.6068 114.9623 114.2740 113.5219 112.6982 111.7928 110.7744 109.6161 108.2873 106.7344 104.8350 102.4010 99.0179 93.1032 86.0650 84.7062 89.1506 96.9280 100.9632 103.7717 105.8970 107.6050 109.0304 110.2471 111.3274 112.2876 113.1486 113.9266 114.6510 115.2912 115.8048 119.6764 107.9626 107.8053 118.2911 118.6157 118.9144 119.3326 119.7236 120.0519 120.3811 120.8794 123.6798 104.9969 117.2544 106.1718 115.0565 121.1692 113.9413 112.1530 113.9162 120.9543 113.6709 125.7501 119.5389 124.3369 123.5456 125.0288 125.2741 125.4679 125.5800
117.0400 116.7935 116.2334 115.6474 115.0074 114.3241 113.5869 112.7731 111.8807 110.8900 109.7712 108.4965 107.0061 105.2277 103.0349 100.1657 96.2561 90.8694 89.6967 93.4104 98.6074 101.8034 104.2571 106.2191 107.8243 109.1972 110.3835 111.4219 112.3621 113.2123 113.9928 114.6863 115.3782 116.1158 116.0320 118.3136 105.3271 117.3317 118.2018 118.9698 119.3996 119.8262 120.3312 121.5560 122.4569 120.6353 110.8940 115.2343 105.2178 115.4073 119.3118 111.0769 114.8679 112.9383 120.1530 124.6722 124.1515 128.0941 127.1198 111.3139 126.0237 124.9966 125.3895 125.5800
117.0600 116.8591 116.3057 115.7238 115.1016 114.4327 113.7042 112.9207 112.0603 111.1095 110.0525 108.8581 107.4983 105.8851 104.0844 101.9606 99.5628 97.1483 96.4484 98.4058 100.8009 103.1471 105.1165 106.7984 108.2486 109.5129 110.6097 111.7148 112.5676 113.3362 114.0774 114.8124 115.4288 116.7435 113.8502 89.8750 110.0917 118.7927 118.5396 118.9811 119.4503 119.1249 120.4906 115.5316 118.0968 112.3120 107.1716 108.5265 109.1220 119.2332 113.1617 112.1868 123.1316 114.9906 126.4228 124.6769 124.4551 124.0418 124.0832 126.3985 125.4466 125.6957 126.2362 125.5800
117.4700 116.9454 116.4144 115.8449 115.2316 114.5864 113.8890 113.1387 112.3198 111.4282 110.4466 109.3692 108.1765 107.1463 105.3990 104.0457 102.2653 101.0952 100.8633 101.5864 103.0371 104.6565 106.1681 107.5613 108.8254 109.9599 110.9669 111.7551 112.7972 113.4708 114.3469 114.7006 115.5421 116.7765 98.2193 95.1534 114.0119 117.4980 118.6772 119.0391 119.5252 118.3533 119.6550 115.6577 106.6658 109.5616 118.9070 107.8751 109.2547 113.8433 116.0026 116.1783 118.0167 118.6412 117.9661 123.1667 127.5420 124.4456 125.6464 124.9300 125.2628 125.5264 125.2691 125.5800
117.4700 117.0681 116.5450 115.9990 115.4088 114.7887 114.1243 113.4127 112.6423 111.8150 110.9293 109.9745 108.9170 107.4296 105.9899 105.9215 104.4966 103.8260 103.6947 104.2081 105.1826 106.1322 107.3137 108.4103 109.4924 110.4870 111.3967 112.1224 112.5245 114.0756 111.7821 116.7204 115.5666 117.8748 108.2522 110.5088 117.1820 117.8525 118.7690 119.1067 119.5260 120.1193 119.9526 124.4462 119.7723 112.2151 98.7359 102.5112 109.7859 114.9491 113.0187 115.4297 115.3060 114.7803 112.9443 117.4526 124.8845 125.3649 120.7660 121.8408 121.8646 122.6392 113.7795 125.5900
117.5100 117.2103 116.7092 116.1784 115.6173 115.0227 114.3989 113.7374 113.0230 112.2651 111.4681 110.6276 109.6649 108.8606 109.1561 107.0766 106.3666 105.9179 105.8387 106.1383 101.6522 107.2369 108.4328 109.3104 110.2178 111.1082 111.9853 112.8953 113.4096 114.7782 109.0167 116.2275 115.3710 114.6573 114.8278 116.5262 118.4725 118.2477 118.7919 119.1967 119.6601 119.7300 120.3062 120.3158 118.4008 119.2489 118.2029 117.1039 118.4125 114.3096 112.7293 112.2149 116.1157 124.1380 115.0648 119.0430 118.2968 119.9752 117.7452 119.6208 124.4191 117.8645 121.4066 125.7400
117.6300 117.3800 116.8939 116.3900 115.8559 115.3019 114.7097 114.0874 113.4363 112.7503 112.0393 111.3073 110.5532 109.8073 109.0985 108.4635 107.9262 107.6054 107.5706 107.6692 107.1828 108.9617 109.3649 110.1955 110.9536 111.5960 112.2058 112.4949 114.1667 115.2591 112.8295 121.1762 115.4597 118.3803 101.5954 106.5108 118.3553 118.5166 118.9061 119.3046 119.4994 122.3483 122.0798 120.5430 120.4985 120.4245 125.8799 117.9009 118.6765 106.5174 114.2018 120.4453 120.9567 123.7575 123.9258 120.1443 114.1615 114.6422 114.6142 119.6253 123.9825 117.1223 124.0711 120.1700
118.0100 117.5747 117.1062 116.6258 116.1194 115.5980 115.0434 114.4729 113.8808 113.2614 112.6323 111.9879 111.3517 110.7311 110.1527 109.6398 109.2624 109.0257 108.9844 109.1306 109.4539 109.8684 110.4452 111.0305 111.5955 113.6104 113.5842 114.0646 113.8598 110.0578 111.2997 117.2719 118.4491 100.1266 115.4955 113.1271 118.6926 118.6706 119.0500 119.4371 119.7578 124.5643 121.4117 122.7174 122.7717 132.0782 136.2203 109.0422 107.5917 107.6513 119.1817 123.5473 123.7786 123.7023 123.6138 122.6348 122.5012 122.9689 123.1902 119.1130 118.1373 124.2119 124.7753 125.7600
118.0800 117.7741 117.3358 116.8791 116.4078 115.9096 115.4016 114.8765 114.3361 113.7793 113.2288 112.6635 112.1198 111.6041 111.1246 110.7241 110.4252 110.2479 110.2143 110.3289 110.5617 110.9542 111.3336 111.8780 112.2499 115.6415 112.0502 111.4877 113.6828 114.3915 114.1824 114.9717 99.0829 115.3966 117.4006 118.4012 118.2963 118.8404 119.2027 119.5602 120.0173 121.1816 112.2845 108.8785 114.1256 116.0143 104.7110 105.4003 108.1180 108.3083 120.7713 123.6248 123.5838 123.6826 123.8879 124.3178 124.6350 124.8492 125.0395 125.1605 124.1033 125.6056 125.7093 125.7700
118.1600 117.9960 117.5817 117.1470 116.7025 116.2463 115.7732 115.2916 114.7993 114.3039 113.8108 113.3121 112.8495 112.4163 112.0250 111.7011 111.4607 111.3222 111.2949 111.3846 111.5735 111.8600 112.4520 112.8156 113.0659 112.0116 115.2102 97.0885 116.9153 115.1392 116.3097 116.2577 115.4107 118.2158 118.3079 117.1339 119.0011 119.0077 119.3915 119.7116 120.0665 120.2783 121.8642 126.3521 109.6801 107.8440 122.8924 125.1686 105.1886 110.9241 109.2954 112.5904 122.8451 123.3591 124.1011 124.2123 124.4033 124.6375 124.8525 125.0557 125.3443 125.4900 125.6725 125.7800
118.5400 118.2321 117.8395 117.4328 117.0088 116.5821 116.1574 115.7081 115.2620 114.8228 114.3872 113.9339 113.5534 113.1794 112.8502 112.5833 112.3928 112.2752 112.2569 112.3293 112.4856 112.7323 113.1325 106.4819 113.4419 114.3073 115.3941 114.6298 115.7688 115.9549 116.4414 116.5587 117.2045 117.3340 100.8457 100.6046 118.6335 118.9976 119.6168 119.9569 120.2249 120.6628 121.1144 120.6865 109.5211 109.4117 108.8512 124.1975 112.6590 112.9336 121.6425 120.5215 123.7270 119.2183 123.6009 124.0578 124.5052 124.6985 124.9085 125.1165 125.3240 125.5921 125.8462 125.7900
118.6300 118.4762 118.1062 117.7114 117.3188 116.9611 116.5194 116.1359 115.7274 115.3207 114.9226 113.8748 114.2590 113.9812 113.6068 113.3882 113.2332 113.1356 113.1119 113.1619 113.3046 113.4973 114.1567 113.7850 115.0876 114.6582 115.0964 115.5210 115.7708 116.4043 116.9475 117.2239 113.1346 111.7353 110.4420 104.4262 120.4492 119.1434 117.9958 119.4727 119.8931 120.6584 122.6130 132.3358 108.6640 116.0239 109.5743 117.5494 115.0379 122.3592 121.9749 123.4423 124.6382 124.5521 124.4640 124.2976 124.5645 124.7694 124.9738 125.1602 125.4040 125.5481 123.2784 125.8100
118.9900 118.7285 118.3735 118.0042 117.5524 117.0735 116.8787 116.5432 116.1823 115.7874 115.7871 115.9653 111.2200 115.7624 114.1332 114.1296 113.9989 113.9245 113.9251 114.0106 114.0226 114.2844 114.4465 114.7450 114.9230 115.3458 115.6470 116.0314 116.3961 117.4590 114.6552 116.4193 118.9449 117.4632 113.4736 111.9065 118.4528 119.3985 106.1445 117.9811 120.6956 120.2548 120.4161 117.0082 113.2371 108.2099 111.7978 112.2410 115.5282 111.0815 110.4199 120.4636 121.1287 122.0927 124.5570 124.1992 124.4960 124.7611 125.0357 125.2005 125.4563 127.5557 119.3414 125.9600
119.0800 118.9874 118.6613 118.3033 117.5695 115.5540 117.2880 116.8602 117.0402 116.0550 114.9555 116.7197 95.1152 116.4848 114.6300 114.8078 114.7076 114.6318 114.6648 114.5759 115.2421 114.6690 115.1465 115.2870 115.5897 115.8501 116.1615 116.4832 116.7837 117.0650 110.9259 116.3694 118.0760 123.6010 108.9320 120.3800 119.8545 120.1071 123.9869 122.1809 123.5977 122.5821 116.9070 107.1244 110.8337 114.5185 107.2232 110.9129 119.4382 113.4749 114.7897 115.2611 122.1744 113.7618 121.9005 125.3399 125.6156 125.2888 125.0054 125.2664 125.2713 127.9512 125.6474 125.9800
119.4400 119.2494 118.9385 118.5790 118.6090 118.0585 117.9124 117.8356 114.4756 113.0161 119.8726 115.8139 94.0641 117.1331 115.2322 115.4547 115.3518 115.3067 115.3609 115.2981 110.5843 116.0590 115.1041 115.9678 116.1256 116.3656 116.6370 116.9206 117.2209 117.8417 117.7963 118.2737 118.1051 116.1595 108.8176 120.4138 120.7746 120.5381 124.5706 127.3193 121.4613 117.5168 112.4002 105.9435 107.1846 106.9108 102.3100 118.8107 112.6355 114.1982 115.2524 112.5325 126.9414 115.6872 112.2797 121.0332 120.9585 123.4095 126.2135 125.5786 125.3294 127.0497 111.3582 110.1800
119.8700 119.5125 119.2131 118.9307 118.5953 118.3728 118.3317 106.0113 108.0635 103.4291 113.5730 92.9086 112.3464 117.6400 115.9899 116.0396 116.1481 115.9142 116.0464 115.7941 111.2807 111.9898 116.1732 116.3972 116.6894 116.7474 117.1002 117.3803 117.6151 117.8990 118.2022 117.9888 119.0009 121.1253 105.1918 112.5957 112.1120 122.2191 120.3951 108.1877 109.5488 101.9480 103.9682 108.1537 109.0175 110.3672 117.1423 116.8719 118.5019 111.3700 107.3312 118.5302 122.7703 119.7024 120.8505 113.3539 113.3525 121.9374 120.6768 123.8978 130.0845 117.8567 119.4845 126.1700
119.9100 119.7754 119.5014 119.2245 118.9486 118.6869 118.5654 119.9168 123.4338 116.4758 114.3970 117.6923 118.1486 116.9411 116.5182 116.6243 114.8219 116.4211 116.5679 116.5610 116.4710 120.2588 114.0043 118.0953 116.3671 118.1889 117.4916 117.5690 118.2387 118.7023 118.2899 121.2336 105.1853 119.0056 106.3357 101.8175 115.7372 104.0749 121.2521 110.2036 108.3745 103.0863 102.1765 116.4006 104.3764 118.1847 126.1739 124.6533 123.1017 127.7751 110.6216 117.3124 125.2380 124.3639 125.1324 117.7229 123.3052 118.0390 115.7173 119.5814 123.3220 100.5067 125.2820 109.5500
120.3000 120.0406 119.7908 119.5307 119.2715 119.0485 118.6201 118.9347 118.8013 118.6562 104.1879 117.4777 117.3372 117.4633 117.2606 115.4354 114.7442 106.0626 118.1745 117.0819 115.5005 98.3454 117.8522 114.2538 105.7698 117.5846 118.0885 118.1413 115.9634 117.6831 116.6415 115.4885 120.7009 125.1121 114.5659 104.6797 114.4281 105.2268 117.0426 101.3336 104.0312 104.8571 100.6176 111.3515 119.8493 111.9370 110.9532 111.6419 131.4114 131.6365 118.0264 112.7606 119.3376 125.5614 126.3643 122.9931 125.6610 122.5819 122.9922 125.1464 121.8738 116.9227 122.3719 122.5200
120.3000 120.3124 120.0682 119.8288 119.5849 119.3632 119.1675 118.6416 118.1622 125.4568 114.9951 120.3130 117.8808 117.9567 117.7178 118.4040 107.6715 102.0776 119.7424 117.4313 117.1409 119.1149 120.5889 103.9440 119.6983 119.0251 119.3561 106.5364 117.2829 117.3341 119.8626 119.1161 106.5074 114.0212 108.5014 105.3168 103.7251 108.0254 110.6703 106.1636 122.6017 109.5956 99.9462 105.9399 105.3889 118.9575 121.3471 109.8185 107.4674 113.3412 116.7050 108.2479 122.6294 120.7607 105.1830 131.6199 124.0953 125.6645 125.9914 116.9779 123.4361 126.1440 122.8178 120.7500
120.7000 120.5776 120.3476 120.1202 119.9256 119.6574 119.5676 119.1236 119.5622 116.4196 100.8970 107.1609 118.2888 117.7522 118.3314 118.2875 116.4446 120.7109 117.8826 118.0978 118.0585 118.2018 118.5783 115.9871 120.2738 104.5129 117.9124 118.5937 110.9332 119.9935 120.1671 119.7610 106.4723 100.5220 112.9337 102.7922 103.3864 105.8923 110.4770 114.2947 122.0865 121.2594 125.1678 114.5933 116.2029 111.2663 119.7430 121.8881 120.1178 111.1260 110.7533 106.0830 113.3882 129.7426 111.3213 120.4554 125.4866 125.3513 125.4227 125.6643 125.9437 125.9267 126.1901 126.3900
121.0200 120.8412 120.6201 120.4110 120.2125 120.3785 122.2040 113.5745 118.7582 104.0468 101.7747 117.2658 119.3723 119.8899 118.9775 120.2199 103.8268 109.1790 118.0485 118.5307 118.3290 118.5773 118.7236 118.9722 118.7884 118.7642 120.3478 119.0230 119.4964 120.7980 104.4341 115.6281 113.4755 117.2168 105.9770 103.3270 102.3400 121.4340 111.1589 123.3235 121.3307 122.5515 122.7463 103.0723 116.8990 123.7023 123.3969 124.1270 117.1006 126.6525 115.9256 116.3174 117.2242 110.7395 108.9681 121.8286 125.1250 125.6196 125.3865 125.8527 126.0117 126.1320 126.2794 126.4100
121.3600 121.0934 120.8945 120.6999 120.4976 121.7761 120.4803 119.0599 112.1536 110.4388 102.8951 109.9916 103.0425 107.7403 120.8565 99.3728 98.1746 97.2376 120.6540 118.8533 121.6534 119.5398 119.1111 119.1515 119.3805 119.4039 119.3432 119.8928 110.2452 122.6354 115.8653 121.8535 106.8870 113.3591 121.4348 113.9959 112.7982 125.1610 106.4237 112.1633 111.3119 122.7507 122.5316 111.2875 102.4012 124.6909 123.3161 123.2739 124.8324 106.6025 121.7316 115.2816 114.8316 119.8278 127.4114 125.6054 125.1614 125.7889 126.4533 132.5634 125.7892 126.3925 126.9483 126.4400
121.3600 121.3553 121.1613 120.9636 120.4000 120.1192 117.8627 117.6948 104.5980 98.8160 117.6181 102.4053 117.4218 116.6646 121.6732 98.5338 111.9815 97.6444 120.5772 119.3911 119.2797 119.4769 119.7664 119.6052 119.5414 119.8182 119.7006 120.5393 114.5751 110.6512 113.3358 105.3892 112.2788 123.1259 121.1037 121.6127 122.3878 117.9168 110.0036 111.7015 104.9516 108.9796 106.1692 114.1992 101.8399 119.1707 123.6066 123.7347 126.0363 113.9927 124.1138 124.7473 125.8335 125.2624 124.8952 125.2575 126.0486 125.5206 125.2053 125.4645 126.1022 126.4606 122.5496 126.5900
121.6800 121.6094 121.4147 121.3227 121.0544 121.7619 112.9146 104.5289 102.8472 103.1873 103.7462 99.9493 118.8251 119.7752 120.1291 98.2196 103.6939 117.2310 119.8996 119.4100 120.0124 119.5940 117.4579 119.9137 120.8508 120.2332 121.3431 121.6522 107.2614 114.9201 117.2894 101.8896 118.4019 120.7573 121.6415 121.6903 122.0003 122.6957 123.3093 113.8595 110.8699 113.0824 102.5194 98.1577 111.6094 126.6554 123.5587 124.1314 123.8247 124.7171 125.0236 124.4852 124.5129 125.0923 125.3125 124.9814 130.0970 125.8587 126.5339 126.2866 126.1575 126.7483 111.5728 108.1700
121.9400 121.8608 121.6880 121.5524 121.3456 119.9223 104.1286 110.4052 104.6930 116.0724 103.7491 112.9655 120.6578 120.1720 122.2071 101.6521 103.9151 120.6385 119.6940 124.7947 113.8813 120.2103 119.7058 120.6387 121.7417 101.6051 117.2938 100.5832 107.7691 110.7024 101.1978 112.7922 118.2152 120.7655 121.8486 121.8620 121.4575 123.0852 123.2421 116.2778 111.1793 108.6057 103.8736 99.1545 117.3272 124.2580 123.9973 124.1104 124.2096 124.4770 124.5346 124.8873 125.0116 125.1894 125.3820 124.8734 127.9375 125.1835 118.0092 125.9852 126.1259 127.2611 126.9365 107.6100
122.2900 122.1061 121.9376 121.7854 121.4399 123.1261 120.7866 112.7451 115.0427 113.9617 102.1330 121.6009 121.0626 120.8224 117.9534 121.9318 119.6295 120.3338 122.4886 108.4873 115.5655 111.0840 112.0988 119.3925 123.4019 102.8859 120.9550 108.5624 106.2257 112.3037 103.4032 101.4175 98.3067 121.2383 122.4249 118.1702 121.3219 130.6833 121.4705 113.4274 103.0309 105.7932 107.9081 105.9410 114.5704 123.3645 123.7898 124.4122 124.4606 124.6282 124.7977 124.9478 125.1254 125.2921 125.4624 125.6577 124.7356 123.5178 103.5273 128.0149 126.1829 126.1629 127.4226 112.7500
122.5600 122.3490 122.1919 122.0361 121.9214 121.6623 122.0088 113.2665 120.5547 121.7932 121.1376 111.9171 121.3392 121.2113 111.8150 117.7022 114.0005 120.4310 122.9750 103.3831 123.0822 124.3738 82.4144 99.0301 124.3927 94.4068 120.5991 109.2829 104.2368 105.1717 100.0871 107.2517 119.0939 123.6176 124.2631 118.3340 105.5786 98.5527 107.3547 120.1606 105.5034 101.8102 102.4993 111.1671 111.9709 121.6627 124.4363 124.2897 124.5767 124.7589 124.9194 125.0910 125.2569 125.4179 125.5807 125.7411 126.2551 126.6476 120.3877 127.7886 126.5580 126.0486 131.8801 106.0400
122.8000 122.5859 122.4424 122.3129 122.1040 122.1862 122.1614 120.9794 122.5199 116.9664 110.3949 121.0555 121.1696 121.5731 122.5650 119.7441 114.6641 120.7644 123.0344 104.5908 108.2699 118.8101 106.5302 102.0112 123.5188 101.9419 111.7522 100.6995 103.7295 107.4743 100.5860 102.8058 106.3976 122.5864 113.9937 105.6742 118.2681 102.8046 106.7766 125.3331 107.5482 103.7053 100.7145 120.9562 121.9653 116.1245 123.9044 125.3593 124.7744 124.8997 125.0614 125.2174 125.3798 125.5400 125.6943 125.8499 125.9525 126.1818 126.2608 126.1065 126.3957 127.4727 115.6127 110.7100
122.8300 122.8189 122.6867 122.5341 122.7005 121.7211 122.4112 121.7958 122.5153 118.4461 121.4440 123.0209 122.4012 122.5529 114.6829 110.6830 121.2267 121.3246 124.3498 105.6819 125.9438 122.5469 102.2657 115.2386 121.7087 122.3660 99.7483 115.2202 104.5288 107.3638 109.2803 100.5633 116.1855 125.0600 108.9338 117.9782 113.1382 104.4308 115.1344 123.4457 116.6027 105.2381 115.2827 117.3336 121.0923 118.1998 114.4730 122.1833 124.9466 125.0219 125.2024 125.3479 125.5087 125.6570 125.8165 125.9672 126.1440 126.2464 126.2924 127.7226 127.6692 126.0504 124.0548 105.1400
123.1000 123.0529 122.9177 122.7892 122.6373 117.0087 125.2974 122.2512 120.3640 112.9973 111.0125 112.1382 117.8974 117.1599 114.5574 107.2135 116.4739 121.4233 123.1605 104.6656 118.5328 117.9456 102.7766 105.1089 117.1300 122.1619 109.8427 105.1360 101.8144 106.3125 109.1604 104.7105 118.3716 118.2526 118.2898 122.6548 119.4357 119.6276 122.8373 123.9346 121.8396 115.3888 115.0191 111.2373 124.6156 120.2604 120.4507 123.9103 125.0902 125.1822 125.3315 125.4823 125.6339 125.7807 125.9283 126.0762 126.2052 126.4272 126.7822 119.6183 121.4005 126.3258 129.3957 128.3800
123.3500 123.2767 123.1509 123.0612 123.3823 105.2456 121.3373 121.9899 124.6366 119.9922 121.7485 115.5720 102.4103 113.0501 123.4692 117.4297 110.1317 122.5285 122.6168 106.9732 111.5239 103.4422 112.6773 118.9598 108.2358 116.9980 115.2052 108.2930 100.8868 108.1896 121.9633 118.5993 124.6580 118.2576 113.7564 124.0736 123.2387 125.2903 109.7850 120.8143 123.7557 106.7432 101.7326 106.6477 124.5203 124.3681 125.3595 124.9976 125.1724 125.3275 125.4631 125.6173 125.7621 125.9073 126.0600 126.1866 126.3349 126.4888 126.5705 126.7766 124.6551 102.7914 106.5198 109.1000
123.5800 123.5043 123.3666 123.2714 123.4238 123.4010 124.1762 123.4427 117.1072 109.1570 109.0150 120.7326 125.7855 120.7272 118.9182 109.5056 118.1678 122.0068 122.2502 115.7673 104.8976 102.0859 101.7815 101.3359 105.7818 99.5560 102.1245 106.2939 105.4847 112.4131 122.5518 123.1507 122.3615 111.7942 110.8598 123.9108 123.4588 124.9042 108.1383 119.0088 124.3352 107.4466 102.8556 105.9696 110.9703 122.3960 125.1389 125.1637 125.3289 125.4692 125.6086 125.7485 125.8922 126.0356 126.1638 126.3593 126.3828 126.8029 126.7096 126.8437 126.3234 129.4727 106.2304 109.9900
123.8400 123.6862 123.6023 123.5589 123.3657 123.1310 122.8808 124.5709 107.6621 108.0970 109.9221 123.8417 123.6328 111.8934 118.6434 109.0894 118.3677 122.8129 124.1381 123.4651 121.7340 101.7518 103.6949 105.9708 108.1900 100.1052 115.9605 111.3957 106.2862 125.7562 123.3638 123.2491 123.7444 115.5336 110.8727 118.9691 124.4444 119.9627 109.2573 115.2651 122.9779 129.0353 106.7255 106.0276 117.4712 113.7403 124.7792 125.2839 125.4749 125.6012 125.7389 125.8819 126.0179 126.1588 126.2730 126.3673 126.9192 122.3943 127.0636 126.8940 127.2431 127.0030 118.2748 115.5300
124.0800 124.0779 123.7898 123.7136 123.6464 123.5371 123.3948 123.6865 115.3588 122.8959 124.8453 122.3089 124.0354 109.1616 113.4638 101.7487 117.5520 120.8213 106.3212 123.2326 112.7831 101.2647 104.4844 111.3992 108.2794 101.4868 111.7195 108.5696 119.8435 124.6856 123.7013 123.8809 123.9513 114.9425 107.2906 118.9152 124.6750 125.4277 120.7711 123.7743 124.1587 121.2138 164.8282 99.4322 124.4488 126.9581 126.4197 125.3381 125.6600 125.7434 125.8824 126.0175 126.1436 126.2846 126.4413 126.2537 128.4661 107.9744 128.4796 127.5705 128.3953 124.4214 113.6044 112.6300
119.1500 123.9534 124.0487 123.9481 123.8484 123.7501 123.6292 123.6687 124.2292 123.5311 122.9231 125.0019 112.6646 106.9653 103.4222 103.6838 111.4827 105.7042 104.2687 122.6106 111.7640 121.9764 102.3326 110.5497 111.3701 109.2733 100.4093 109.1189 114.5460 114.4288 112.7091 123.8861 123.5567 117.8316 99.6091 125.6329 124.0126 124.2604 106.1649 124.6666 125.9205 124.3225 110.4097 120.5995 115.1894 126.6167 125.5181 125.6699 125.7514 125.8917 126.0151 126.1467 126.2767 126.4112 126.5248 126.6525 126.7936 127.2246 126.5179 122.5786 124.9172 125.3087 115.8255 113.3600
119.1500 119.1500 124.1800 124.0600 123.9200 123.9200 123.7800 123.8200 123.6700 123.7000 123.5300 123.5600 101.3800 112.2800 103.0600 101.4400 112.2300 103.7700 107.6600 123.2300 103.6100 101.4300 101.4200 109.7300 111.9500 123.5400 101.5100 107.2800 110.1300 110.1300 123.9400 123.9400 126.1500 124.2000 124.2000 124.3200 124.4400 124.6000 124.7000 124.8100 124.9500 124.9500 125.1900 125.3100 111.0600 125.5600 125.5300 125.7700 125.8800 125.9800 126.1100 126.2400 126.3300 126.4400 126.6600 126.7700 126.8800 126.9800 127.0900 106.7800 118.2900 123.5100 119.5600 113.3600
