120.2800 120.3200 120.0600 119.8900 119.6000 119.4100 119.2100 119.2100 118.6300 118.7200 118.3800 118.4400 118.1300 118.1800 118.2200 109.3900 117.8700 117.8800 117.8700 96.7200 99.2500 118.1500 101.2900 118.4100 118.6800 118.6800 118.9300 119.1500 119.1500 119.6500 119.6000 120.1000 120.1000 103.4500 116.1400 100.8700 114.1600 114.4900 115.1100 115.7200 114.2500 114.4700 115.1500 117.2200 118.0000 118.7100 119.4200 107.9800 101.8200 119.9500 121.3700 119.6200 102.5800 102.7200 103.0100 103.1600 103.2800 103.5500 110.1300 103.8100 111.7300 104.1900 112.3700 112.3700
120.1800 120.1470 119.8930 119.6522 119.4116 119.1896 118.9684 118.7654 118.5654 118.3806 118.2196 118.0638 117.9247 117.7402 118.2132 112.7252 112.4783 117.7546 115.1466 97.0491 97.2282 115.2210 118.1406 122.0867 113.5728 97.7817 119.3627 110.6431 120.6293 105.0938 118.7056 116.4272 114.4270 109.8389 102.2811 100.5755 103.7417 107.5069 114.0775 112.8206 105.8436 110.2692 114.7301 117.3497 117.1741 111.7807 108.6034 109.6058 101.4847 120.6045 110.3235 110.1944 104.7936 102.4664 106.1490 104.8710 103.7985 103.3996 108.8963 103.0002 108.9802 117.7110 119.9299 129.7000
120.1800 119.8038 119.5658 119.3052 119.0891 118.8554 118.5976 118.3804 118.1573 117.9584 117.7716 117.6103 117.4568 117.3448 117.1991 117.5548 117.8779 117.4050 109.0217 99.2698 92.9735 118.2930 105.9166 100.7826 96.9646 93.2944 114.8179 105.0675 96.8813 99.4118 106.1608 111.3012 108.1027 111.2276 104.2011 99.8402 98.6336 109.2110 101.9583 112.8846 107.6044 114.8824 116.2330 117.3844 112.5689 104.2402 99.9796 114.2307 108.3325 113.5856 101.8613 104.1680 106.1490 104.0059 111.5470 102.6923 102.5166 103.6152 105.3235 103.7124 108.5569 129.7607 121.1615 120.9200
119.7400 120.0770 120.1038 118.9873 118.6563 118.4118 118.2225 117.9946 117.7310 117.5538 117.3544 117.1351 116.9651 116.8328 116.7311 116.5881 116.4064 116.6295 118.9879 101.4408 100.4214 100.2714 96.6648 96.4147 115.5973 99.3726 119.2139 118.0059 109.4460 108.4205 109.6632 102.3986 101.4274 102.3866 112.8339 110.6064 96.1678 107.7690 108.3955 110.4883 108.7022 106.0507 112.8323 102.9085 101.0493 101.8245 102.5670 107.8707 107.8236 105.9662 107.9588 109.1528 112.9002 112.0703 104.8163 115.3964 107.4363 102.7126 103.1392 103.4581 107.0926 110.7814 122.7730 125.6800
119.3900 114.5453 118.3896 118.6254 119.2634 118.5232 117.7227 117.5598 117.3852 116.8838 116.6622 116.7214 116.4428 116.2922 116.1721 116.0942 116.0527 115.9200 116.5901 116.7751 107.7910 107.4821 93.9621 102.7810 100.2385 115.1096 117.1353 112.3183 115.6236 118.8395 111.5691 99.3886 97.5326 108.4464 111.3784 107.1813 109.7034 107.9995 109.2959 114.0072 104.5235 105.6098 98.9282 109.4385 102.2168 100.8022 102.7720 104.3232 105.5210 112.0190 113.8278 103.6678 118.8210 103.4833 118.7794 101.5860 108.9834 107.2877 105.7915 103.8416 106.2977 105.3057 109.7874 106.3000
119.0300 119.8458 118.4480 119.2222 111.3666 115.5857 117.7405 117.1556 116.5125 119.0941 116.8979 116.1150 115.8931 115.7194 115.5839 115.4780 115.4207 115.4042 115.4117 115.4035 113.9292 109.1081 100.5128 114.4839 116.0965 114.9880 116.9704 117.1417 118.1052 113.5825 120.2077 99.9428 96.8988 110.5730 105.8371 108.9599 108.7272 110.2614 109.2341 103.6443 100.8924 99.7987 99.9988 101.6494 101.2600 102.1538 103.4118 112.5442 113.2101 105.9162 119.5278 101.2448 122.8140 112.2498 121.5731 104.0926 116.7596 102.1373 103.4426 106.6875 106.9197 107.1751 105.4364 105.0500
118.9300 118.4357 118.2620 115.2678 117.1906 117.3294 116.9532 116.7372 116.3562 117.1631 115.4763 115.5874 115.3061 115.1082 114.9506 114.8398 114.7700 114.7644 114.7979 114.8603 116.6479 94.3753 98.9938 85.7187 100.7051 116.2848 116.4774 116.8814 117.2328 117.3547 116.0173 105.9776 106.8107 116.1068 109.2174 110.4085 112.1387 111.3331 98.1619 104.1556 102.2153 99.2132 104.7312 99.8652 100.5425 110.5622 111.2448 100.6821 102.0540 100.3074 120.1788 118.6100 110.3363 101.7545 103.2932 105.7048 107.3797 106.1397 106.1223 104.8850 104.4922 103.6857 104.5487 105.6600
118.5500 119.1920 111.5377 116.1622 117.3475 116.9631 116.6400 116.2673 115.9316 115.4440 115.2861 114.9722 114.6796 114.4599 114.2696 114.1365 114.0660 114.0511 114.0814 114.1961 116.0415 103.9742 101.8133 102.1389 115.7879 116.3033 116.0943 116.6179 117.5575 114.0267 119.6923 104.9104 100.4323 122.5491 102.4957 108.6758 111.5676 97.8263 108.3905 115.7695 96.5296 112.6110 99.3040 111.1991 101.5507 117.9006 108.5758 111.7532 115.9841 113.7005 115.2806 109.5672 101.7352 102.1306 103.2198 106.0108 105.6201 105.4309 105.2630 104.7471 104.8813 121.5983 106.3832 111.2500
118.4500 118.1146 117.8653 117.9828 116.8822 116.6295 116.2083 115.8058 115.4252 115.0378 114.6762 114.3305 114.0290 113.7546 113.5455 113.3864 113.2923 113.2821 113.3220 113.4454 114.1525 113.1680 106.8694 109.1863 114.4695 115.4044 115.5174 116.1981 106.7986 104.4422 116.9309 104.8926 107.6062 116.1035 104.4367 95.6518 95.2061 109.7859 109.2271 103.3962 99.1426 98.7799 102.3983 115.0319 109.2856 113.1701 114.0199 105.9504 125.2945 120.0809 113.4078 99.5646 102.1106 102.1850 107.1753 108.2958 106.7043 107.1861 106.9520 124.3378 118.2834 114.9168 113.8418 104.1200
118.0500 117.9072 117.4027 117.0046 116.6741 116.1825 115.9957 115.2903 114.9262 114.4949 114.0676 113.6836 113.3162 113.0061 112.7366 112.5658 112.4436 112.4305 112.4900 112.6235 113.0107 114.2847 106.2098 114.7914 114.6528 114.5412 115.7012 115.6687 115.4851 118.2294 109.0446 107.5019 97.9866 116.4079 103.0729 99.4986 111.2120 105.5946 110.5892 105.1093 101.7575 99.0725 102.7737 108.8909 100.9160 107.5412 104.8615 113.0610 124.3229 122.3294 110.7998 105.7121 102.0687 102.4427 109.1564 109.1629 105.1267 103.7836 119.5687 120.7483 115.9753 112.3851 110.7337 111.2800
117.9500 117.6432 117.2270 116.7145 116.2406 115.9265 114.2870 114.9871 114.4322 113.8575 113.4446 112.9935 112.5711 112.1937 111.9171 111.5711 111.5345 111.4885 111.4887 111.8665 110.1328 111.1408 104.3874 113.2421 114.1199 117.0879 113.0681 115.2052 117.7739 117.4280 105.1275 116.3257 97.5748 108.9179 100.8227 106.7696 116.2457 105.4501 115.4047 105.2436 98.2981 98.6588 100.8971 102.7227 104.6560 108.7873 106.1589 115.6479 120.1345 109.2547 109.6038 112.7073 101.2356 100.9707 108.2384 101.1164 104.7161 107.1342 113.8937 115.9610 109.7342 113.1094 104.3227 105.5300
117.8600 117.2306 116.9627 116.5042 116.1299 115.6199 111.8514 114.0656 113.8577 113.3527 112.8037 112.2592 111.7573 111.3018 110.9794 111.2919 110.6280 110.4637 110.4987 110.7344 110.0748 112.5553 104.7911 113.0470 113.1303 107.7828 109.1923 114.7235 114.7026 118.9616 117.6970 117.5300 115.9262 108.3624 95.0644 100.3722 107.1609 108.1659 115.0137 98.3143 98.1352 98.7473 106.2216 105.2104 102.7945 110.9897 108.9270 113.0018 116.5681 112.0417 110.2946 100.7738 101.0860 103.2519 101.3779 101.8344 101.1879 115.5466 117.5603 116.7922 119.3559 110.2809 108.7150 103.9200
117.3700 118.4644 116.5119 116.6228 110.4132 115.5987 114.9065 113.9908 113.3415 112.7489 112.1152 111.4980 110.8986 110.3380 109.9149 109.6996 111.0890 109.2355 109.3210 109.6680 110.1250 110.7909 111.1549 112.0712 112.3946 114.7322 116.3202 114.1676 114.8357 106.3961 113.4661 119.5218 90.3337 112.0182 98.7794 100.7295 100.9308 109.7857 117.0747 110.2880 101.5553 101.0620 106.2149 105.1953 106.1354 106.2829 105.0805 109.2919 108.9757 109.7778 103.6978 107.5304 105.9426 102.6065 102.6090 107.2809 101.2281 109.7829 108.7378 119.5165 119.2111 123.1661 109.4645 113.1800
106.9000 108.3830 116.7136 116.1540 111.6269 115.0824 114.0983 113.5337 112.8596 112.1586 111.4368 110.7090 109.9850 109.2767 108.6892 108.2132 107.7016 107.8328 108.0390 108.4231 108.9780 109.6050 110.2715 111.0137 111.5950 112.1733 113.1329 114.5189 114.5721 113.6966 97.5112 101.2439 111.8283 106.0705 104.3125 103.9573 104.9077 114.4035 114.6438 107.9534 100.0064 100.4011 103.3695 103.7582 103.7787 104.5572 103.4642 103.9252 113.2878 110.2605 109.6073 103.5529 102.7215 102.0354 104.0353 106.8339 102.7289 100.9778 120.4534 117.9100 118.6574 117.4273 107.5675 113.9000
106.9000 111.9098 116.6596 115.6504 115.4909 114.5924 113.8038 113.0680 112.3668 111.5747 110.7548 109.9005 108.9890 108.1320 107.3571 106.6899 106.3108 106.1980 106.4464 106.9990 107.7570 108.5828 109.5410 110.0915 111.9493 113.7689 112.4536 113.3791 113.8299 107.0640 112.5106 107.9411 111.5228 101.8200 100.0705 108.5991 104.8737 120.0409 106.3553 98.8090 98.5558 98.8552 102.3508 103.4040 112.6816 111.3857 107.3804 109.5725 108.4982 101.8385 107.1745 114.9898 103.0589 103.4781 103.0470 101.7747 102.3902 103.4865 107.8502 123.7086 121.8701 119.8732 105.7121 103.8900
116.8100 117.2975 116.0544 115.4874 114.7228 114.0115 113.6327 112.9760 111.8805 111.0360 110.0974 109.0355 108.2355 106.8945 105.8261 104.9036 104.2709 104.1371 104.5452 105.3532 106.3811 107.4731 108.5341 110.7552 96.7405 109.7532 111.9909 113.3016 113.8232 110.9731 111.7632 132.3089 105.1734 96.4237 112.9556 99.9283 110.7931 105.7268 100.3934 103.4499 97.8608 111.8107 100.3152 111.8953 109.0359 114.5934 107.8599 108.8883 110.9116 113.0426 99.8483 104.5206 102.6446 101.8761 101.8250 103.6012 104.3002 102.6887 104.5284 111.3085 123.0108 105.1197 112.1039 103.8800
116.7600 116.4143 115.8725 115.3092 114.7492 113.9111 113.2297 109.6995 111.6483 110.5611 109.4810 108.2754 106.8515 103.4140 104.4461 102.7234 101.6787 101.4554 102.1418 103.4436 104.9002 106.3563 107.7336 108.8926 109.9969 111.1023 113.6060 96.2435 115.8053 115.0597 112.7846 116.3204 95.4144 101.5140 107.4651 107.5990 106.3864 94.8756 97.0386 97.8635 97.0849 114.3164 112.0470 114.1038 114.3933 115.4700 116.2385 117.3376 117.7094 103.2691 101.3438 100.4452 101.0132 101.3374 106.9515 103.8351 105.5083 105.4657 106.2943 106.9954 107.4757 107.8845 109.2844 112.5700
116.7200 116.3317 115.7338 115.1720 115.4259 102.2517 114.4202 110.4155 111.6809 110.0358 108.9646 107.6233 106.1991 104.2847 102.2897 100.1086 98.0820 97.5453 99.0765 101.2154 103.3871 105.2772 106.9251 108.1664 109.8218 112.1775 98.0981 91.8277 92.6999 98.7189 100.6743 102.1950 103.1587 104.1127 106.0379 106.3978 107.9540 112.7117 98.9977 97.8605 97.8161 101.0329 114.4362 114.5387 114.5632 115.6153 103.7659 113.9784 99.2803 100.8320 100.8098 110.3656 100.7065 103.7733 104.8212 105.0690 105.8091 105.0999 105.9597 111.8692 109.5841 105.7854 102.6084 125.7400
116.6900 116.2586 115.6645 115.0273 114.2266 114.4504 115.9109 115.6929 102.2483 110.6398 108.5688 107.0899 105.3358 103.2210 100.4896 96.9056 92.1002 90.8861 94.3649 98.8860 101.9812 104.3504 106.1623 107.8937 109.3176 110.7704 107.2421 99.1129 97.0684 97.9857 100.0880 101.2076 103.2136 105.2274 105.3786 106.5103 107.5194 100.8281 98.6451 97.6382 98.2033 101.5297 100.5011 115.0024 114.7742 116.2148 117.2941 118.1529 118.4706 119.9083 116.0241 99.7810 101.2570 101.5528 101.9023 99.9162 122.0397 98.8005 121.9678 102.3905 105.3992 106.1371 107.3837 126.1500
116.6700 116.2164 115.6192 114.9756 114.3064 113.3355 112.3716 111.4112 111.3190 109.8459 108.3627 106.7791 104.9114 102.5035 99.1872 93.6053 87.0798 85.6777 89.5900 97.0265 101.0251 104.0526 102.1694 107.7878 111.9060 87.0856 111.1335 98.6604 98.4859 100.0200 101.2220 101.9530 103.7389 104.7242 106.5028 108.3577 95.9196 115.6103 99.3375 96.9498 109.7156 113.6389 114.4758 114.2519 115.1672 115.7159 116.0436 117.3835 108.0447 113.5334 117.9554 105.5476 102.8029 102.0196 101.7792 100.9060 100.7701 103.1482 102.4050 104.8941 105.1391 112.1282 128.3695 126.1500
116.6600 116.2057 115.6112 114.9683 114.2792 113.5747 112.8166 111.9600 110.7164 109.5930 108.3182 106.7451 104.8372 102.4043 99.0022 93.0234 85.7701 84.7032 88.8381 96.7561 100.9033 103.7562 104.1939 107.2532 111.3453 87.1551 116.6033 100.3377 99.3913 100.1917 100.8336 101.6139 103.4948 105.0777 106.3296 107.8632 99.8655 105.7414 97.8675 95.9323 107.9183 112.1958 113.2878 114.1906 115.0101 114.0103 116.3747 117.8753 111.7155 106.2099 120.5034 110.4331 110.3232 99.7953 101.4574 107.6299 109.3441 109.3894 110.8879 110.4356 110.2914 127.7332 125.8333 126.1100
116.6700 116.2558 115.6621 115.0152 114.3094 113.5653 112.7370 111.8582 110.9062 109.7720 108.4710 106.9790 105.1825 102.9670 100.0203 95.8709 90.2267 88.9783 92.6999 98.3292 101.6219 104.1507 106.2573 109.8462 110.9717 97.5912 120.0439 104.1611 101.3798 100.5382 99.4759 102.7717 103.3056 106.9656 107.1607 110.0393 113.9576 101.4936 103.1552 102.4589 108.7710 112.2538 113.3060 113.7564 114.5895 111.6448 116.0700 115.9375 116.8375 118.4404 119.2330 115.4588 114.9126 107.1815 108.7913 123.2607 123.0624 123.0547 123.5202 125.4824 125.0489 124.6898 119.0340 124.7000
116.6800 116.2348 115.6650 115.0977 114.4827 113.7372 112.9248 112.0421 111.0836 110.0238 108.8270 107.4508 105.8590 103.9856 101.6849 99.3432 96.4484 95.6894 97.8620 100.4954 102.9330 104.9345 106.8155 107.3417 112.0115 111.6302 106.2182 101.1289 98.3837 98.1939 101.3750 106.0603 104.3967 108.1676 109.2437 100.7701 100.9626 102.6850 104.8396 112.6686 112.1918 112.4554 113.3709 113.8551 114.3601 115.5219 115.9968 116.5381 116.3384 116.2724 116.9064 118.6214 117.9267 118.7091 120.4051 120.0059 119.3026 119.5554 121.2711 122.4428 122.9706 124.3778 121.7744 115.2800
116.7400 116.5708 116.0158 115.2837 114.3318 113.7094 113.1124 112.2871 111.4017 110.4079 109.3191 108.0965 106.7498 105.2478 103.6204 101.9530 100.7563 100.4470 101.2670 102.7937 104.4280 106.1058 107.7093 104.7644 113.7602 107.5210 94.8086 97.5891 96.0776 98.3519 99.0527 103.0734 101.6322 105.8870 103.6540 107.8843 103.7506 104.6552 104.7556 111.0328 111.1992 112.2647 112.8405 113.8053 114.3806 114.9506 115.7108 116.4421 116.5148 116.9648 117.3869 115.2617 117.6698 119.2788 119.6651 119.3799 119.5059 120.7925 121.6735 122.3770 122.0510 123.5070 124.6493 124.7100
110.7900 115.3365 114.1033 115.7092 115.7658 114.8400 113.3129 112.6078 111.7840 110.8754 109.8991 108.8450 107.7027 106.5226 105.1803 104.4106 103.5179 103.3839 103.8584 104.8070 105.9064 107.2955 105.7680 110.7604 117.3269 95.6973 94.1648 98.2168 101.5894 101.6484 98.8175 100.3031 107.6538 95.9448 100.1456 98.8845 101.8108 105.3848 108.0271 111.6429 110.2889 113.5604 114.7720 114.7299 114.5060 115.0434 115.5559 116.1635 117.5744 118.9554 116.6024 119.6858 118.9277 120.1710 104.9897 120.8003 121.0969 120.0447 121.0277 121.6606 122.5941 122.5886 123.2072 124.2400
101.7800 120.7403 115.1742 115.3820 107.5942 113.6294 113.4850 113.0271 112.2181 111.4320 110.5752 109.6704 108.8267 107.2726 107.1652 103.7382 105.8513 105.6088 105.8803 106.4909 107.3949 108.0711 109.1166 95.5147 98.3135 95.4667 93.0826 98.6687 104.3415 102.6593 104.0889 102.2486 106.0669 100.0698 94.9092 98.5364 97.8441 103.8346 107.8661 102.2301 102.5531 102.9750 100.7778 103.8991 115.2852 115.9348 116.5610 116.8217 117.8063 107.4912 103.7678 104.5259 102.6026 120.0284 99.4208 101.9487 104.9321 118.2178 121.9890 123.0822 123.3389 123.2241 123.2021 123.6500
117.2700 117.2438 116.4214 116.4027 114.4212 114.5422 114.0402 113.3935 112.7261 111.7149 111.2007 110.4423 109.4755 108.5392 114.4988 106.1316 107.7236 107.3644 107.6259 108.1455 108.2360 109.8033 110.1603 110.7661 95.9155 92.2481 97.5578 99.0149 102.8918 96.9616 103.1576 103.8252 104.4013 103.1703 97.2859 107.1749 97.8753 104.1209 98.7411 103.3974 98.6650 100.2089 102.7611 105.6941 108.2991 108.7206 105.8042 108.1926 112.4851 109.7506 100.3030 100.9569 101.5759 102.9339 98.3945 119.3103 100.3844 101.0552 124.5036 123.1033 124.3112 115.8410 123.9250 124.2700
117.3400 117.0511 116.7213 110.8781 112.9898 114.8992 114.4931 113.8139 113.2222 112.6949 111.2763 111.8127 110.5792 109.5819 109.5426 108.8620 108.9220 108.8307 108.6615 108.5716 110.4867 106.8241 102.0241 100.2011 105.1980 88.9462 94.9594 96.2484 106.3337 104.4878 110.6695 106.0367 108.1745 108.7370 114.7078 99.9422 98.2167 111.3169 101.5624 101.4556 103.2353 105.3250 103.2685 108.4319 108.3437 111.0354 108.6648 110.4518 101.0757 105.6955 101.0788 100.9822 102.4032 105.9535 121.6407 120.2280 98.9116 122.7030 122.8772 123.1016 122.8854 123.2717 123.5549 123.6800
117.7500 117.3470 116.7474 116.5956 116.0724 115.3311 114.8339 114.2920 113.6710 113.6184 111.6619 112.1677 111.4803 111.0701 110.6200 110.3072 110.1209 110.1012 110.0135 116.3086 101.2435 111.1299 99.2667 104.6509 100.2309 98.3272 96.8161 102.2285 101.3221 99.4864 105.2017 106.6553 106.5083 102.4565 104.6130 95.9016 104.0528 111.2175 111.8182 112.0948 107.9813 106.7864 108.8441 110.2060 109.4182 109.0928 106.3261 111.9386 99.0171 101.1817 101.6416 100.3953 114.4379 117.2735 116.2266 113.3866 114.1413 123.0699 123.4379 122.6691 124.3533 125.1408 125.9868 125.9100
117.8300 117.5535 117.0848 116.6932 116.2212 115.7419 115.2403 114.7523 114.2737 113.7680 112.9941 112.6499 112.3503 111.9323 111.5853 111.3364 111.2137 111.1835 110.7122 113.7786 106.9981 108.2743 107.6659 94.2377 98.5068 97.4487 96.0336 99.2877 99.3607 100.9019 103.2663 106.7079 106.2495 107.3829 110.2076 109.9792 94.6779 116.9221 114.0482 112.0123 113.0438 114.0436 114.0030 110.0850 108.3430 102.7835 99.8277 99.7845 100.6197 100.5981 108.3289 101.1032 101.0415 100.8798 102.4370 109.7591 106.9546 114.5986 113.9825 100.3811 116.0543 120.2924 121.8894 125.9300
117.9200 117.8050 117.4245 116.9923 116.5527 116.1187 115.6435 115.1794 114.7470 112.8554 110.8331 114.0811 112.7107 112.8193 112.4619 112.2833 112.1742 112.1629 111.9707 112.2279 90.2235 101.3856 94.2287 97.2905 92.3941 97.5240 98.0455 97.0310 98.8416 103.3016 102.6369 104.7123 105.8568 108.5021 111.2022 108.2169 100.4707 113.1744 114.0108 114.3500 114.8237 113.4559 115.4079 118.0611 102.9833 104.5540 99.3849 100.3154 100.2529 101.1020 101.0560 101.6077 101.9208 102.7096 104.3882 107.9625 105.4280 101.9603 107.6241 102.0606 112.8280 115.5498 105.3544 122.4200
118.3100 118.0781 117.6891 117.2966 116.8927 116.4576 116.1126 116.3578 115.4591 114.3795 104.3892 103.3754 104.6797 115.0292 113.2444 113.1326 113.0493 113.0881 112.8102 112.7065 88.8593 93.4525 95.7852 97.9790 96.6822 101.4717 104.3343 97.3715 105.4492 107.6592 105.3931 105.1633 108.7223 104.3856 110.4720 93.2945 114.0720 112.3427 113.4753 111.9829 113.4682 110.6114 110.0037 113.4785 107.0163 100.2944 107.9181 101.1245 104.6511 101.1444 101.4765 101.7023 101.9477 102.0387 101.9495 102.5585 105.6084 107.8422 122.4388 117.8719 111.1928 112.2452 112.9477 106.4200
118.7800 118.3377 117.9908 117.6243 117.2309 117.0913 113.8233 116.1504 107.5293 114.7847 98.2629 102.3655 100.8970 114.3692 114.0475 113.9083 113.7599 113.4587 114.5382 114.2896 102.6339 92.9876 95.3651 91.2281 98.9166 106.9083 96.7350 103.1203 108.5235 102.0874 105.1594 99.5386 104.1189 96.5479 98.7613 98.2152 112.0165 107.2829 113.8486 113.4004 114.0137 115.2753 96.8898 101.3844 100.8756 100.0409 124.9275 99.9955 117.3257 100.5555 101.6267 101.6861 101.9330 101.2181 102.7461 103.2505 103.3814 104.2295 103.7917 111.9306 118.7797 116.8264 115.5550 105.9500
118.7800 118.6240 118.3176 117.7321 117.4295 117.4890 113.0793 117.8258 97.1942 89.8217 90.2884 103.3079 116.0208 115.1672 114.6821 114.6187 115.0369 116.2241 115.3584 108.8418 108.9746 107.3455 97.7916 95.9476 99.0061 103.6801 100.8115 99.8853 103.6659 103.4227 106.6886 95.8796 95.0760 97.3465 95.8320 100.0689 104.7746 111.2737 113.4422 114.2662 114.8989 116.1484 108.9978 98.1219 98.8479 100.2831 105.2865 99.1805 105.2227 101.9423 101.7488 101.7620 100.5168 116.8566 101.3236 101.2708 112.5838 108.6595 116.2877 112.3591 104.1993 102.3255 115.8641 124.7800
119.2400 119.0696 118.9565 119.0599 118.6757 117.4180 118.2272 120.0247 110.3642 104.1851 109.9664 116.5468 115.6822 115.5463 115.4178 115.5371 110.3804 105.7031 116.0823 115.2148 112.1810 99.6052 96.3888 99.9084 93.8745 102.8713 103.3048 100.0997 106.8737 103.4190 106.3815 102.9612 105.2419 100.8580 100.7889 100.0466 110.6314 115.7566 113.1072 114.4178 114.6826 117.7581 112.8064 110.7046 112.8534 97.5708 106.0875 101.1252 100.3179 100.5071 101.6820 102.2050 102.6670 109.6581 103.8570 103.4675 125.2265 104.1870 121.8895 118.0590 119.2171 110.1184 118.6383 109.0000
119.2800 119.0606 115.2992 107.1725 117.1698 118.1176 117.7045 109.2295 106.9803 117.5646 116.2111 116.5255 116.3134 116.1215 116.0121 115.9368 115.0923 115.9753 116.7442 115.7892 115.3393 98.7255 99.5466 104.4158 101.6931 96.8573 104.0764 103.3853 101.9131 104.5660 113.9014 109.3466 107.7560 107.6653 106.3579 101.9232 110.9150 114.0859 113.2029 114.2340 115.4099 112.7185 114.1541 118.3534 121.0792 111.0426 113.6813 100.5681 102.8055 103.2688 102.3605 102.4461 102.9475 102.4989 103.8829 106.1378 127.2422 122.0661 125.5292 106.2358 110.2016 118.8654 124.3077 124.2300
119.7000 121.0845 103.3525 112.6715 117.9805 118.3887 118.1770 117.7855 117.9880 117.1687 117.2792 116.9642 116.8087 116.6646 116.5645 116.4312 116.6489 116.5662 116.5351 116.1709 118.5447 107.4922 100.4405 103.7786 103.7734 105.5986 104.5416 105.2552 105.7126 102.2779 98.4214 95.9473 105.6813 109.0808 107.9658 112.2786 113.4115 114.0045 114.1621 114.6324 115.2453 118.6721 101.6048 102.4693 106.0231 111.6295 112.9462 99.6389 101.3583 102.6395 103.7974 104.1737 106.0021 104.2804 104.7833 104.4246 106.2423 127.0576 125.8371 124.4734 127.1227 127.6355 128.1043 127.7800
120.0300 101.8319 115.4123 118.1047 119.4751 118.7324 118.1414 118.0084 118.0810 117.7804 117.6093 117.4668 117.3093 117.1927 117.0922 117.0460 116.9822 116.9611 117.2942 115.4506 106.4081 104.4085 105.6059 103.4434 101.3047 98.7790 96.5976 100.7926 107.8315 106.6928 105.4584 107.5412 110.1288 108.8516 110.5508 112.3858 113.1550 113.4294 114.3984 114.8634 115.5518 117.2536 107.3286 112.2654 99.6718 101.4433 102.0593 101.5664 125.4880 107.6730 104.3181 104.2724 105.3225 105.6704 108.3059 104.4942 127.2621 126.5473 127.1093 127.5977 126.4935 125.2480 116.0189 127.7700
120.1300 120.3810 119.5829 119.4662 119.2275 119.1554 118.7167 119.3782 118.2958 118.2086 118.0972 117.9252 117.7930 117.6698 117.5637 117.5021 117.4761 117.4750 117.6307 117.7761 104.4481 104.6897 107.7739 106.1205 107.4756 100.8549 98.1300 110.3446 109.6760 107.7337 107.3379 109.8462 106.5174 98.1248 112.5706 111.1051 113.0657 113.9829 114.3161 115.3385 116.0318 117.2711 108.5976 102.5318 106.0684 100.8033 101.3654 100.8260 100.9858 103.7475 117.2204 105.6412 106.0147 105.9994 106.6939 107.5191 107.7813 125.1111 124.7292 130.2748 102.8909 119.0104 127.2681 128.2500
120.4700 120.4662 120.1028 119.8606 119.7506 119.1261 118.4322 115.6938 120.1436 118.5515 118.5057 118.3706 118.1896 118.1701 118.1153 118.0195 117.9724 117.9810 117.8508 117.4419 114.2982 118.8959 113.9928 105.7435 108.7575 102.1561 99.6568 99.8831 109.3737 110.0202 109.1110 105.4268 96.5657 98.0717 107.8100 111.8330 112.4498 113.9854 106.0318 103.7039 116.7396 118.6491 112.2533 99.6923 100.4456 101.3161 102.0100 101.3154 121.4798 109.4406 102.7412 123.2005 113.5037 109.1999 109.1529 106.5035 108.2776 108.9303 109.6826 123.3733 117.6470 126.1231 110.8207 129.5900
120.8300 120.5894 120.3848 120.1575 119.4067 119.0970 121.7067 107.8550 117.7958 118.9018 118.9679 118.7254 119.0939 118.5923 118.3265 118.4524 118.4243 118.4268 118.2743 121.6194 118.7806 116.1980 117.2070 108.7540 112.5077 107.2769 100.9746 105.0777 112.2089 114.0891 113.1014 83.9636 102.7826 98.6137 100.7745 107.2485 114.8453 113.7310 109.3712 110.5478 118.3956 112.3675 118.9588 102.6596 100.9986 98.9968 101.1808 104.3581 109.0810 105.1050 101.3404 103.8964 100.3953 120.9518 120.2385 116.1643 108.9715 107.9404 109.0461 114.7841 109.6433 126.8472 101.6688 104.5300
120.8600 120.8586 120.6786 120.4292 120.0383 108.1194 114.4548 113.5182 120.3275 119.1002 119.2214 120.0587 115.0730 118.6128 119.2034 118.9364 118.8631 118.8370 119.8698 118.2893 119.0192 101.4846 112.9011 110.1127 112.6322 107.8525 111.9522 102.5796 111.6537 114.9345 106.7555 111.9413 116.6231 102.9038 100.6841 102.3157 114.8903 114.3299 116.6689 118.7531 115.2494 100.1889 99.5669 108.6779 102.3476 108.4593 102.5215 102.5278 101.8964 115.5875 106.1102 104.2926 103.1668 99.2560 127.6533 128.8478 121.7612 115.3361 108.9430 118.2406 110.9695 111.9034 112.4885 111.0600
121.1700 121.1306 120.9663 120.4276 121.0696 119.8034 120.8647 120.0637 120.0813 119.2079 120.0778 121.1153 100.7974 111.0835 119.8216 119.2929 119.2030 119.0911 121.5673 100.8747 100.8266 102.8900 112.4920 109.1037 112.3854 112.2132 114.0140 103.4953 113.3216 99.3532 106.0098 111.1245 110.0807 99.7128 99.0583 102.8201 102.7204 116.2054 108.2603 115.6661 105.9860 106.9861 101.4978 101.1353 98.4261 108.8235 100.0613 102.0665 101.5954 100.6473 102.8309 105.0846 106.5829 113.7641 117.4130 113.8991 123.8197 129.6646 120.0311 119.8141 110.8771 112.9694 102.6183 112.2000
121.4900 121.3986 121.2196 121.0241 120.8475 120.7325 120.3814 120.5546 119.5733 115.5363 119.0065 120.5487 112.3526 118.9746 119.8580 119.8753 119.8833 119.9805 121.9838 100.7338 116.0871 103.8716 113.1512 105.7576 110.9546 114.9007 116.5576 105.4778 114.3053 119.5234 114.5192 98.7435 115.6724 105.7128 100.2643 103.5854 101.0811 110.1436 115.4969 110.8262 99.8432 102.3429 101.0126 101.5739 99.9062 111.3422 112.5696 112.5432 107.8390 104.1773 104.2002 104.3096 105.5381 127.4959 111.4972 116.3929 105.2237 127.7156 131.6261 122.9363 116.1833 108.2091 109.1973 112.9300
121.8200 121.6594 121.4845 121.3303 121.1747 121.0246 120.8965 120.5961 120.8994 120.8464 120.4052 120.6279 122.3004 111.3043 120.9256 119.6500 119.0751 118.2571 120.6935 106.4487 118.8140 96.4838 112.1842 104.6197 105.9779 114.5254 117.2762 115.5658 114.3168 113.3126 105.3982 104.8620 118.6505 102.0739 99.7422 102.5490 108.0019 106.5475 109.5761 100.6746 100.8799 100.9525 101.4544 101.7866 102.4293 126.5960 124.6871 124.9614 122.5793 100.9863 103.1309 104.2742 104.8595 109.0896 110.4536 129.2905 117.4852 118.6448 110.5193 111.0625 118.0356 102.7309 109.2856 104.9000
122.1000 121.9190 121.7553 121.6074 121.4535 121.3149 121.1862 121.0796 120.8934 120.7826 120.4273 113.0547 107.6235 121.1759 120.1452 121.9880 127.2366 129.5536 110.6074 108.5989 108.3516 99.8575 116.0342 101.0081 97.5410 109.4609 113.3792 104.0378 100.5192 110.7375 105.5922 102.6229 106.4534 102.6498 107.7333 101.0993 102.9735 105.4154 107.1415 108.0573 101.0694 101.4112 101.5500 101.7250 102.1984 104.5652 124.5967 119.8793 106.1692 109.8257 103.1909 104.1341 106.2167 106.2890 105.4379 116.5426 118.0245 117.7833 124.4620 106.3016 132.5613 118.5513 101.4372 104.9300
122.3500 122.1622 122.0155 121.8735 121.7254 121.6279 121.4819 121.4412 120.7678 121.8031 122.1093 112.9383 106.2605 124.2927 105.1537 100.7471 109.6278 111.2035 109.8579 107.6062 105.8243 103.5867 115.4184 101.2450 112.5111 113.0551 113.8292 107.3582 103.2966 104.7197 105.9793 102.3706 104.6002 98.7510 103.0404 99.6466 102.1784 104.6566 108.2998 104.6472 100.4856 101.5388 101.6766 101.8290 102.0913 101.8544 106.6464 105.6521 102.6998 105.2431 102.8337 104.2273 105.6478 108.4440 117.7797 103.6517 127.7038 127.0093 126.5342 121.8190 131.0541 129.3587 126.1941 130.7400
122.3900 122.4105 122.2767 122.1349 122.0469 121.7516 121.8097 121.5695 122.7027 105.8123 118.3429 107.3821 113.3948 109.3441 121.0089 106.2964 117.3898 114.1381 112.7639 103.4054 106.1961 105.8255 104.4800 100.9734 113.2530 114.2266 115.4274 119.9382 116.5619 112.4468 118.3224 107.9424 98.5648 100.6069 100.2953 101.1371 102.2960 106.5278 108.1439 104.9771 111.8745 103.8606 103.5458 103.2068 101.3421 101.0503 102.2671 113.6016 109.0661 102.7193 103.2493 103.2676 103.8716 124.1478 106.6155 109.5590 128.6570 128.3440 128.2140 123.4561 104.4784 132.4955 130.5609 130.7100
122.7000 122.6601 122.5287 122.4180 122.2159 122.5275 121.1748 120.1656 120.0154 106.2199 109.7190 106.1250 100.4152 106.2285 113.5688 116.0572 100.8642 103.7367 102.8794 104.9443 107.0777 107.4262 109.6171 98.7316 115.6867 111.0963 109.9595 116.2326 111.4649 120.6677 105.8734 110.5544 101.5516 104.1738 102.5236 100.7173 101.1793 118.4556 109.1118 110.3359 110.2580 110.0032 112.5780 105.8122 109.6629 123.5817 104.4287 103.9402 121.7737 110.5099 102.4045 103.8412 104.9384 127.1528 128.2841 111.7945 112.1160 130.4765 130.7321 129.0848 127.4980 124.5064 130.0361 130.9200
122.9400 122.8941 122.7951 122.6855 123.4174 118.1763 122.9188 120.9592 122.1857 121.4475 104.8887 108.8272 101.0124 101.2005 105.5579 106.5668 115.1026 116.2501 118.4609 110.9790 110.6675 107.7998 112.3111 105.0999 103.5294 104.8313 110.1171 104.6349 102.4628 120.7517 100.3154 112.7857 109.2979 109.0262 102.9642 102.6001 98.6671 119.2377 112.8290 111.1233 107.1143 111.5470 102.1088 107.8395 102.1450 107.9062 123.6118 111.2418 102.6977 102.1019 110.1558 113.2648 103.8380 125.9912 126.9894 128.7634 128.6948 129.2679 105.9735 116.3069 130.9958 130.4504 125.7431 126.1200
123.1800 123.1258 123.0134 122.6020 124.9288 104.1590 124.5383 122.0785 125.2262 108.4725 105.9108 99.1157 100.4133 100.3286 107.1604 104.9774 105.3443 120.1954 108.9482 120.7662 110.3000 110.3146 114.5451 117.7527 110.0820 108.6836 109.6619 112.6466 107.6077 117.8168 109.1229 102.8544 100.6472 105.5466 104.4956 105.0877 103.7113 104.9683 105.5610 114.4632 113.6379 108.8754 106.4954 102.1070 104.6875 107.7939 121.3714 120.7067 118.0607 115.8073 124.9049 127.1718 128.1775 128.3754 127.3258 128.2591 128.3520 127.6254 133.0101 130.7322 124.0206 131.1952 133.0216 131.4600
123.4100 123.3591 123.2532 123.1121 117.4212 97.5122 104.6955 102.8923 110.2424 101.3456 118.4730 105.8414 102.3676 102.4956 108.8280 104.1251 115.2873 115.7330 108.0951 109.1169 111.5657 110.4953 106.0414 107.8234 102.6538 103.2905 111.5740 108.4089 100.6638 100.7161 103.8212 100.1101 108.9979 124.7639 110.8505 105.0998 105.5181 112.6757 98.4721 107.0796 110.6777 113.2951 106.3377 101.3893 107.0561 118.0761 106.7545 119.3123 123.8632 123.3144 126.6505 126.0427 126.7152 127.2560 127.9732 118.7261 121.6680 131.4939 129.0141 129.2139 134.2015 126.9539 122.0009 131.5000
123.6900 123.5812 123.4755 123.4724 123.9690 110.5594 98.9606 113.9484 113.2564 106.7105 117.2140 104.6826 101.5787 102.8226 108.9539 107.0029 112.5275 112.3621 112.7847 112.8505 112.7551 112.0673 109.2621 104.1624 103.8317 99.2733 101.6361 109.1953 111.0879 108.0161 104.7901 120.0427 109.9261 111.9643 108.7792 108.2667 105.3339 104.5295 117.9288 119.7899 108.0816 110.3353 101.8460 102.8563 114.8776 114.4229 107.9144 110.7574 124.1214 124.0903 123.2348 127.0272 127.4232 127.5196 129.7948 113.2405 108.7768 119.6263 132.2373 128.7347 129.7826 124.5426 110.4669 131.7900
123.9300 123.8018 123.7542 123.3721 123.3309 125.5861 122.7096 117.1011 102.7990 116.8556 100.9981 108.4453 100.8770 103.0430 110.2273 110.2332 111.0404 111.4205 113.1171 104.8082 107.7335 107.0028 98.9414 105.8594 106.0452 100.6171 111.4350 101.8151 100.9146 102.3464 100.1250 103.5658 109.8434 110.6770 120.0943 109.1588 108.8961 103.8455 102.5311 102.6059 103.5022 102.7544 105.8563 101.4070 116.1871 116.4567 119.8630 116.3088 124.8436 124.5609 124.5267 122.8910 127.0051 128.0452 128.4074 129.0571 118.9268 107.3071 127.3410 130.5937 130.2248 134.0474 133.5610 105.6200
124.1600 124.0199 123.8985 123.9169 123.7572 123.3702 123.7616 124.6108 122.5560 120.1116 120.1102 101.8788 101.1016 107.9287 111.0069 110.7379 111.1200 111.4297 115.5612 101.0616 115.8304 116.1143 102.6170 101.3053 111.9433 100.0830 104.1116 100.5982 101.5832 102.2405 101.8115 110.9971 125.2840 124.1128 116.1223 103.3011 106.5781 103.2205 105.2987 107.5364 101.6596 111.7748 103.7577 105.3624 103.6389 115.1168 125.4523 126.3528 124.0377 124.5044 124.9346 122.9586 124.9875 126.7350 129.0885 128.7064 129.7939 124.5820 109.1786 129.6884 132.3125 113.0995 137.3315 131.8800
124.3700 124.2307 124.1412 123.9922 123.9598 123.9536 123.7241 123.7575 119.0538 121.0079 102.9109 112.0433 100.2988 105.3825 112.2502 111.9138 111.5320 111.8281 114.8883 101.7402 107.9860 116.8665 112.1879 99.9396 110.4640 103.1380 107.0626 110.1205 101.9640 101.8666 102.3408 107.1359 126.1258 125.7784 107.6519 101.9828 106.6916 104.0211 106.6233 107.5150 104.4027 101.9858 102.5032 119.2453 113.0946 116.7108 117.0547 120.1623 119.8804 125.6995 125.3295 122.3719 126.3884 122.7248 127.6261 129.4090 129.0079 130.3678 131.0197 129.8438 130.8344 114.0467 112.8035 132.1300
124.6000 124.4411 124.5257 124.3798 124.1850 124.0834 124.0471 124.1532 124.2454 120.0321 120.6843 114.6305 100.7330 109.9817 116.9717 111.8472 112.5011 112.5213 115.0073 101.9183 108.6678 118.8397 106.7127 107.8536 111.3890 104.3966 101.8171 102.1375 101.6878 102.2027 102.2162 98.7006 120.6652 125.3360 115.6293 108.7971 104.2954 101.8709 107.0160 123.4223 107.6413 102.2289 102.9620 105.5100 116.7362 115.9290 116.6293 121.8239 120.7451 121.1300 121.8751 122.6325 123.0946 123.2444 124.3929 129.0625 128.3341 128.6401 130.4562 131.1481 132.9770 133.1916 97.7210 105.9600
124.6000 124.6419 124.5538 124.4658 124.3515 124.5114 124.1712 124.6772 115.3657 108.2713 102.7774 102.5165 104.1566 114.5960 114.0812 113.3282 113.6966 113.3866 116.4791 102.1308 107.0181 118.2039 104.3586 103.3330 110.9763 102.3249 102.6272 102.2601 102.3682 102.4814 102.2490 100.8874 119.9566 125.5922 107.1732 103.2801 111.5397 110.5502 111.2438 121.3882 104.7398 103.1286 108.0007 108.0689 125.7890 115.5838 117.7889 121.0289 124.4212 120.9647 121.4990 125.4987 123.2511 123.7236 122.5715 123.9477 129.2975 128.8519 131.8150 104.1508 106.2224 123.2616 132.3124 132.5000
124.8100 124.8451 124.7686 124.6860 124.5923 125.3384 124.4510 124.8869 124.1499 115.3968 120.1844 101.5656 110.6507 110.8780 119.3862 115.2412 114.4696 114.4471 117.4892 102.2345 107.0025 106.9828 101.6754 111.6146 105.8275 104.3396 103.2457 102.2776 102.5613 102.5835 103.0278 101.1264 119.2165 121.1726 123.2822 125.0134 129.2546 119.7137 101.2014 106.0078 108.4964 106.2528 105.3603 109.7189 116.3089 124.5021 117.8623 118.6671 124.8440 121.4976 122.2885 122.5647 122.6324 123.6720 122.5729 123.9191 124.8020 128.1053 116.8860 125.8403 107.0476 105.3958 104.8267 106.8100
125.0200 125.0408 124.9649 124.8893 124.8201 124.6719 124.6660 124.0267 116.2308 117.9292 100.9920 104.8758 108.8132 118.7957 121.7769 117.3220 115.3457 115.5318 117.3036 102.9257 103.0766 103.5781 102.2240 102.8309 101.6752 102.2614 102.9761 103.0382 102.4388 102.6020 101.8986 102.6973 108.2624 107.8129 128.1789 128.5265 129.2567 119.3034 105.3415 113.3204 104.3594 103.7545 104.0293 103.6358 111.1154 120.3784 120.5067 116.7857 119.1423 104.7652 125.3886 121.8471 123.1265 124.2628 124.8527 121.7726 125.9579 124.5990 130.6329 133.9746 133.6245 114.6237 106.0906 106.2500
125.2100 125.2381 125.1578 125.0805 125.0188 124.9796 124.8960 124.8795 111.6403 111.5879 107.8549 105.6356 107.8581 108.2581 105.2286 119.4694 117.3362 117.5787 119.6963 100.6075 112.3981 102.5971 103.4597 104.8247 103.6044 102.8384 103.2483 103.3418 103.3840 112.2296 103.0790 125.7870 103.2220 105.3106 122.6840 127.7343 129.0891 100.5477 109.5631 115.9208 113.6719 104.8380 103.9139 103.2983 109.6817 112.9388 124.7270 120.0680 120.4224 119.4426 123.8859 106.6202 122.3285 124.1125 123.1703 108.3114 126.7589 125.8752 124.3072 130.7168 133.1036 124.2641 104.5940 106.2900
125.4100 125.4234 125.3505 125.2843 125.2620 124.9466 125.1552 125.7299 118.7141 115.7361 106.6531 107.1265 107.4867 121.1449 112.4109 112.3555 113.0642 116.0153 111.5511 113.4443 106.3694 103.8513 103.4529 103.5805 104.1627 102.8989 102.9929 104.4875 110.1434 100.8665 116.1243 115.3744 102.7401 120.2358 120.5591 127.9604 125.6756 125.0983 101.7449 116.2166 114.6414 111.2444 103.7241 105.1820 111.8710 111.0861 119.1883 125.9893 108.6186 121.0707 119.2434 129.0425 124.1217 123.6884 126.3202 125.5514 125.7344 126.5487 126.0685 127.9202 121.3350 106.6307 106.4687 106.4200
125.6000 125.6104 125.5437 125.4655 125.4338 125.4358 129.8865 125.0818 118.1333 118.7809 108.7239 108.1407 103.6105 107.5467 101.9881 101.1615 109.5050 107.4569 111.3824 119.3982 112.0603 121.1618 101.9066 108.6870 103.1265 103.4793 103.2269 105.8118 103.0410 109.0833 105.0055 108.0951 102.5573 102.8739 100.0766 125.9764 125.9922 129.0857 107.2139 115.0097 116.0191 112.0871 104.4780 104.2009 106.9939 114.8882 127.2124 124.3221 124.6421 118.6977 113.4644 132.6113 124.0251 124.3567 125.7699 125.7661 126.3276 126.6324 126.4377 121.8769 104.5465 105.8276 106.6344 106.5800
125.7800 125.7900 125.6700 125.5500 125.5800 125.4600 125.4800 125.3500 118.5500 118.4700 109.1000 109.3300 122.2900 103.1000 103.1200 103.1300 103.1300 103.1300 103.1300 117.0200 117.0900 103.2800 103.2800 124.0100 103.2300 114.8500 103.3600 106.0700 109.8600 103.4400 105.3200 106.3100 106.3100 105.0100 106.0000 126.8400 125.5800 130.8200 131.6700 131.6500 117.1200 115.8700 114.1600 104.6000 115.4100 112.4100 126.6400 125.2900 125.8600 114.5000 114.9500 122.8800 125.2900 124.0900 125.4600 125.8900 125.2800 127.5500 128.4700 106.2200 109.4200 106.3900 106.4900 106.5800
