126.3100 126.3500 126.2400 126.2400 126.1400 126.1400 126.0100 126.0400 125.9000 125.9400 125.9400 125.8000 125.8200 125.8300 125.8400 123.5900 125.6800 125.6800 125.6800 117.2600 125.6800 118.7000 118.7000 125.8200 125.8100 125.7900 125.9400 125.9200 126.0400 126.0400 120.7200 113.3900 104.1200 126.2400 113.5600 107.4100 126.4300 126.4100 126.5400 126.6400 126.7300 126.7100 126.8300 126.9100 127.0400 127.1200 127.2000 127.3200 127.3000 127.5200 127.4900 127.7000 127.7000 127.8800 127.8800 127.9600 115.2400 128.1400 128.3300 128.4300 123.8100 128.5900 128.6900 128.7500
126.3100 126.2119 126.1614 126.0525 126.0269 125.9550 125.9137 125.8621 125.8185 125.7806 125.7504 125.7162 125.6898 125.6264 125.8689 124.0947 125.8483 126.1771 123.8238 119.1702 115.9097 114.9824 126.9427 125.2679 127.6794 126.7172 126.0748 122.5907 106.5420 105.5723 114.1831 110.5922 104.4386 104.4434 110.9550 121.6668 127.3968 126.2520 126.3157 126.3468 123.8412 125.2327 126.8805 126.8388 126.9171 127.0047 127.0926 127.1838 127.2744 127.3588 127.4580 127.4216 127.6968 129.0659 127.6292 130.6621 123.8724 126.4200 122.9051 128.3140 128.4806 128.2639 128.6589 128.7500
126.1400 125.9487 125.8209 126.0045 125.7488 125.7872 125.7236 125.6759 125.6299 125.5898 125.5562 125.5180 125.4966 125.4736 125.4242 125.5525 125.5160 125.3528 118.6395 123.6701 116.0867 122.2861 125.8449 127.3340 108.0965 125.5695 124.5260 112.4252 114.0904 111.9496 105.5551 102.8259 114.4184 111.8764 123.7788 131.8448 125.5084 126.7396 128.0494 127.1347 125.0849 126.3406 126.5101 126.6874 126.7720 126.8598 126.9509 127.0400 127.1312 127.2686 127.3286 127.5643 128.4121 123.2995 118.4638 116.7639 125.5605 128.6821 128.1263 128.3970 129.0702 128.4256 128.4987 128.5100
125.9600 129.1440 126.1489 124.9823 126.4239 125.5033 125.5212 125.4837 125.4342 125.3896 125.3521 125.3237 125.2925 125.2640 125.2485 125.2094 125.2095 125.2754 126.0009 127.9497 124.0841 115.3863 114.5010 130.3840 114.1505 124.1550 128.0298 119.5819 114.6320 105.3399 115.2258 101.4578 108.6526 114.9974 124.7691 128.0787 125.5551 126.4726 126.3014 124.2764 118.6301 126.4582 126.4942 126.5271 126.6221 126.7187 126.8124 126.9085 127.0159 127.0796 127.0519 127.4352 129.7610 112.2396 123.9635 126.2533 127.7082 127.5393 127.8584 128.1282 128.1180 128.4313 128.4835 128.4700
125.7800 126.3941 123.4253 117.3952 125.1686 125.0147 125.4681 125.2575 125.2299 125.1899 125.1508 125.1111 125.0889 125.0590 125.0373 125.0262 125.0153 124.9990 124.7568 126.0381 119.4755 113.7425 120.4338 124.1723 110.4710 126.2222 124.2416 124.3055 110.5840 114.8180 106.4665 110.4364 109.4392 127.1465 125.7511 128.9490 125.7620 125.8421 125.7854 126.1237 126.1271 126.5028 126.2865 126.3814 126.4774 126.5670 126.6562 126.7692 126.7707 126.9658 128.6168 120.3376 106.1662 119.4995 116.5882 129.0032 124.4140 127.9027 129.9984 128.6729 128.0121 127.7513 128.9028 128.3400
125.5900 125.3689 125.2385 129.5441 125.5875 122.3648 125.6329 124.9620 125.0370 124.9885 124.9429 124.9099 124.8723 124.8512 124.8262 124.8118 124.7965 124.7885 124.7534 124.8245 121.1925 116.2060 124.9666 126.0604 125.0862 127.5845 125.0936 126.6434 112.6822 117.6367 113.5845 117.2700 105.0246 127.9827 125.2475 125.1391 125.6220 125.5250 125.5432 125.2811 126.0988 126.0112 126.1604 126.2273 126.3185 126.4166 126.5160 126.6928 126.6134 128.5640 118.8272 109.4389 114.9371 108.6003 126.6589 127.6703 111.5295 114.9237 120.9310 129.3513 127.6308 128.4969 115.2431 128.3000
125.4000 125.3142 124.9926 128.5432 125.0944 121.6046 124.7849 124.8548 124.8314 124.7752 124.7318 124.6926 124.6653 124.6339 124.6089 124.5911 124.5786 124.5665 124.5925 124.5866 125.2023 126.6218 129.1440 132.8264 123.8249 118.2207 124.5796 127.1387 108.0508 127.0062 127.1456 109.5399 111.9915 125.1367 125.1314 125.3796 125.4115 125.4407 133.7824 126.5619 125.8127 125.8623 125.9713 126.0680 126.1714 126.2730 126.3816 126.4928 126.7602 128.1002 109.6031 109.2997 110.2351 128.2496 127.0941 126.5476 117.0813 110.0519 124.4469 127.6862 127.9268 128.0981 126.7624 128.1700
125.1900 125.0885 125.0036 124.9351 124.6289 125.1639 124.9441 124.6193 124.6109 124.5748 124.5131 124.4821 124.4389 124.4145 124.3857 124.3675 124.3503 124.3494 124.3552 124.3395 124.0146 131.0680 120.0520 121.0053 112.5387 125.3991 124.5442 126.9425 107.6522 108.0941 116.8246 120.0299 124.3431 124.1709 125.0600 125.1464 125.0122 124.9322 125.1667 125.0437 125.5655 125.6993 125.8062 125.9075 126.0131 126.1154 126.2265 126.2045 127.0177 121.0701 116.4714 129.3423 125.5938 127.3202 128.7457 116.3196 126.7995 128.6142 127.2970 127.6132 127.9097 127.6847 127.9905 128.1400
125.0000 124.8716 124.8286 124.7474 124.7240 124.5207 124.4643 124.4751 124.4388 124.2598 124.3275 124.2493 124.2116 124.1797 124.1515 124.1379 124.1206 124.1198 124.1240 124.1312 124.0750 123.7542 118.3949 114.0008 125.3500 123.7461 124.4484 125.1477 119.5147 118.7684 114.9911 113.0939 130.3811 124.5570 124.8875 124.9900 125.6450 126.3958 125.2734 125.2854 125.4370 125.5338 125.6389 125.7461 125.8579 125.9620 126.0760 126.1049 126.9210 121.3604 113.3460 124.2858 126.9385 126.4983 125.0021 112.1772 127.7364 127.0003 127.4196 127.5835 127.6979 128.2870 128.8109 126.0200
124.8000 124.5264 124.5149 124.5928 124.4674 124.2888 124.3406 124.2112 124.0962 124.7843 123.9296 124.0463 123.9886 123.9796 123.9373 123.8969 123.8879 123.8547 123.8881 123.3558 123.8366 123.9461 118.3792 108.7619 118.9858 126.7315 124.3967 124.5726 123.0053 124.9342 126.2158 124.4208 124.0070 124.4523 124.7716 124.6035 125.1580 109.9509 126.0506 125.6836 125.2576 125.3670 125.4703 125.5818 125.6984 125.8083 125.9229 126.0625 126.0495 125.9450 131.4605 126.3784 126.6341 126.2937 112.6092 117.8857 122.7455 127.2971 127.3476 127.4746 127.5376 127.5408 124.2671 127.9700
109.6300 125.7656 123.7909 124.3461 124.2709 124.1369 123.3224 121.9863 123.8638 118.7745 124.1639 123.4678 123.7732 123.6380 123.6395 123.6810 123.6323 123.5880 124.3382 115.8441 121.5915 123.9809 113.0928 98.4445 109.0767 124.9717 123.3552 124.1065 122.2477 124.4779 123.7653 124.1773 124.4013 124.4075 124.4324 124.5075 125.8883 119.4987 113.6121 125.0524 124.9916 125.1930 125.3031 125.4162 125.5365 125.6581 125.7789 125.8994 126.0730 125.9831 126.4907 125.6946 127.0668 127.7458 118.2833 121.0392 121.4881 127.5565 127.2050 127.4174 127.3130 127.2018 119.1727 127.8300
124.3700 117.9640 124.2858 124.1030 124.2197 123.8074 122.0008 120.2766 123.8842 115.4990 122.5824 123.2279 123.5457 123.7528 123.2795 123.2638 123.3550 123.3434 124.4390 117.6446 123.6530 123.4671 113.1973 110.2948 125.4754 123.0470 123.9109 123.5730 123.9461 123.8206 123.9637 123.9785 124.0694 124.1656 124.2663 124.3744 124.2487 125.4791 124.6932 125.4318 124.9475 125.0234 125.1340 125.2553 125.3760 125.4955 125.6245 125.7443 125.8641 126.0074 126.1937 126.6994 125.4994 121.6738 113.8725 128.5665 125.2113 127.0148 127.1528 127.2332 127.4034 128.4044 129.7605 116.0300
124.1500 125.8449 123.7121 121.3113 123.7775 123.4875 121.5576 116.0042 124.6595 120.1957 122.9065 123.0481 123.2701 123.9791 115.3309 123.4571 122.4348 123.1174 123.8296 118.3891 116.2447 113.1792 111.5046 118.2564 123.8785 123.4128 123.3859 123.4648 123.4328 123.6438 123.6237 123.7630 123.8504 123.9676 124.0051 124.1523 124.3117 124.8667 123.7378 125.3798 124.5845 124.8292 124.9594 125.0869 125.2155 125.3385 125.4664 125.5986 125.7331 125.8679 125.9758 126.5381 127.7947 110.0102 125.2603 122.7744 122.0594 127.1467 127.0196 127.1247 127.4140 127.3703 135.1677 117.0400
111.1500 122.5267 123.9080 123.6407 123.8326 123.2793 124.1670 111.9413 112.3704 123.6103 126.0993 122.7263 123.0341 122.9122 123.4768 123.4505 122.4541 122.6913 123.3772 115.4884 111.9077 103.9968 119.6332 121.1499 116.9660 123.4157 123.1740 123.1134 123.5606 122.9563 123.4576 123.5359 123.6317 123.7405 124.0417 123.9297 124.0666 124.3511 114.2813 124.0841 124.4914 124.6827 124.7869 124.9202 125.0534 125.1836 125.3127 125.4458 125.5799 125.7127 125.8514 125.8770 124.6887 121.3748 126.2891 112.1296 124.0216 126.9695 126.9614 127.0781 127.0209 126.6923 119.9636 115.2700
109.8600 123.0596 123.2925 123.4845 123.3184 123.2384 123.8047 120.5683 132.0492 123.9630 122.8978 122.5815 122.7221 122.7016 122.5310 122.2839 124.8732 123.0254 123.8374 115.8719 109.4870 102.1997 121.7997 117.0710 110.8306 123.4576 122.8919 123.0665 121.1117 121.4520 123.2840 123.2972 123.4042 124.2934 120.9382 123.8285 123.8629 123.8989 124.1388 123.9142 124.3364 124.4793 124.6135 124.7499 124.8861 125.0235 125.1568 125.2983 125.4372 125.5707 125.7167 125.8387 126.2168 127.1087 125.9510 124.9989 126.9173 126.6398 126.8089 126.9555 127.0035 127.7311 125.4593 127.4500
123.4300 123.4472 123.2432 123.2421 123.1085 123.0526 122.9081 122.6996 122.7674 121.3373 122.5898 122.5544 122.4672 122.4074 122.3668 122.3469 123.0438 116.6035 117.7749 117.8951 108.1044 105.8731 110.9923 106.4939 120.5853 122.8758 122.5847 122.7596 122.6474 123.1578 122.9084 123.0653 123.1645 123.3054 123.6555 123.4832 123.6468 123.7662 123.9065 124.0262 124.2188 124.2958 124.4359 124.5760 124.7176 124.8573 124.9999 125.1401 125.2911 125.4333 125.6195 125.5654 125.7468 126.2043 126.1481 127.0773 126.1888 126.5541 126.7066 126.8282 127.0247 127.3873 124.7026 115.5900
123.1800 123.1949 123.0826 122.9787 122.8817 122.7525 122.6589 122.6301 127.8123 122.1987 122.3042 122.2244 122.1656 122.1435 122.1360 122.0079 121.7424 120.0083 112.2937 129.2769 109.5051 114.3633 118.7214 112.1743 123.8016 120.8860 122.2457 122.4442 122.5267 122.5868 122.7208 122.8118 122.9270 123.0378 123.0779 123.2782 123.4454 123.5571 123.6949 123.8263 123.9759 124.1166 124.2666 124.4074 124.5478 124.6967 124.8447 124.9927 125.1652 125.2072 126.4322 125.5357 126.2531 126.7852 117.3782 126.4679 126.1011 126.5018 126.5936 126.7373 126.8980 126.9309 127.0970 127.2700
123.1800 122.9822 122.8664 122.7788 122.5316 122.5468 122.3065 122.5531 122.2027 121.4667 122.0216 121.9569 121.8912 121.7429 121.4962 121.8202 123.2607 122.1798 121.5321 118.9223 113.1336 111.1462 115.0047 105.5103 122.3655 119.5974 121.8582 122.1587 122.0748 122.3319 122.4544 122.5591 122.6877 122.8093 122.9366 123.0718 123.1962 123.3561 123.4613 123.6508 123.7792 123.9346 124.0832 124.2311 124.3823 124.5357 124.6929 124.8444 124.9988 125.0376 126.2157 117.1305 124.1649 125.7345 125.7028 126.3087 126.1734 126.3453 126.4909 126.6420 126.7763 126.9082 127.0833 127.1300
122.9000 122.7865 122.6236 122.5088 122.9695 121.8532 122.9824 121.8387 121.9080 121.8178 121.7207 121.6389 121.5856 121.7532 122.9128 121.4726 122.0731 113.6481 113.8320 116.2008 114.3564 122.5491 126.0582 112.4297 119.7795 122.8587 121.7450 121.5327 122.6748 122.0189 122.1831 122.3132 122.4344 122.5634 122.6936 122.8405 122.9693 123.2464 123.3916 123.4563 123.6106 123.7505 123.8989 124.0619 124.2233 124.3743 124.5331 124.6977 124.8457 125.0745 124.9590 125.3352 125.9397 125.8094 125.7237 125.9514 126.1000 126.2413 126.3872 126.5400 126.6797 126.8364 126.9870 127.0900
122.6500 122.5787 122.4714 122.1875 122.1622 113.5264 121.4028 121.6538 121.6261 121.6106 121.4981 121.3793 121.2787 121.5298 115.9072 120.1684 113.7175 113.8374 114.0231 111.7505 115.9600 123.4148 123.6972 120.2997 121.2092 121.3490 121.5718 112.3743 121.0760 121.6893 121.9241 122.0436 122.1864 122.4081 122.4519 122.6315 122.8773 122.1455 120.5077 123.4448 123.4742 123.5112 123.6989 123.8937 124.0355 124.2191 124.3741 124.5385 124.6558 124.6404 125.0223 125.4380 128.3021 120.3436 126.1747 125.7856 125.9760 126.1389 126.2809 126.4388 126.5850 126.7439 126.9002 126.9500
122.3700 117.3267 122.8716 118.9703 122.2274 121.9551 122.2634 121.3149 121.3360 119.2342 120.8193 120.3526 121.0561 120.7384 120.3821 120.6355 129.0915 107.6472 114.9389 112.4287 111.9890 120.8090 119.0938 120.6274 120.9384 120.9343 121.7051 122.6993 121.6609 121.2916 121.6242 121.7897 121.8702 122.0245 121.4947 120.7858 123.7461 121.2556 117.8027 121.9538 123.0709 123.3157 123.5431 124.8177 123.7914 124.0515 124.2404 124.4887 124.5923 125.5444 126.8345 123.0930 129.0927 120.8019 126.0669 125.6582 125.8644 126.0339 126.1819 126.3402 126.4912 126.6078 127.1056 126.9100
122.0800 111.0709 122.7517 111.5138 121.9821 121.4202 121.1712 121.1707 121.0455 120.2963 120.8411 119.8736 120.6367 118.3433 118.3752 114.4485 115.2866 115.5798 105.7596 112.6112 115.5041 120.6766 120.6403 122.0015 120.3417 121.8511 109.2071 116.6812 120.7863 121.2744 121.3810 121.1434 122.2247 121.9185 121.6173 108.1107 115.4918 114.5892 124.2444 111.6190 116.4228 123.4831 123.1332 125.0244 123.8219 123.9057 124.0672 123.9432 124.1510 120.1296 111.8984 114.9405 117.8636 118.7193 126.2183 125.4678 125.7914 125.9229 126.0823 126.2425 126.3869 126.5825 127.5227 127.3900
122.0500 123.1376 121.8570 121.8014 121.5855 121.0118 121.1083 120.8557 120.6997 123.1988 121.4189 120.1566 120.3114 121.5537 109.4172 120.2645 113.8417 103.5011 106.0791 113.9137 116.6574 120.2633 119.8329 128.8373 107.2144 117.0392 108.4516 116.1122 122.6107 120.4283 121.0173 120.4822 120.0539 113.6856 124.5052 124.1309 122.8852 118.6928 124.1352 124.3452 123.6826 122.6575 123.2300 123.5895 122.6763 123.9964 123.8019 125.1857 124.7651 119.5867 117.7228 114.2363 121.6393 122.7780 122.5021 125.5736 125.7111 125.8374 125.9829 126.1584 126.3242 126.0445 126.0321 126.7000
121.7700 121.8097 120.4948 121.0652 120.9802 119.0953 120.6129 120.5035 120.3294 120.4410 123.2593 119.9254 120.1207 115.5815 111.0507 117.7109 115.0508 114.5527 118.0474 121.7765 120.8428 119.7854 119.4345 121.0090 131.3564 121.9864 112.1259 110.3317 112.9772 124.8074 120.9213 121.4838 112.9631 113.6770 113.3682 105.5413 113.6305 123.5684 121.5067 127.5732 127.2735 122.4743 122.8305 122.9687 120.0380 123.3525 124.5723 120.6693 110.0595 123.3432 111.7678 119.1626 120.8662 125.2518 123.6211 125.4262 125.3991 125.7331 125.9372 126.0263 126.2418 127.1513 128.9328 126.7000
107.7800 122.1417 121.2655 120.9965 120.7585 119.8082 120.4344 120.7032 120.0174 119.0666 119.1403 116.8623 119.7290 113.4287 113.6880 113.2108 104.6388 116.5663 106.5672 118.4424 118.9396 119.3437 119.4418 118.1795 118.7399 118.6794 119.3280 123.2559 118.0993 122.4663 120.9247 120.6706 120.5744 126.0363 123.2339 102.0745 113.2328 122.4787 113.6970 121.9461 122.1490 122.7281 123.4318 123.1166 123.2601 123.1332 113.7497 115.5486 114.1220 115.8072 116.9843 127.2007 124.9091 125.0164 125.3616 125.2725 125.8024 126.9279 125.7634 125.9403 126.1662 126.8474 126.9167 126.5300
121.1200 121.5724 120.4917 120.6163 120.4252 120.3339 120.2872 120.8101 117.2636 114.7765 116.1480 118.3639 120.7719 115.4922 110.7451 113.1212 105.8581 117.5134 114.2515 119.1807 118.8258 118.9339 119.0351 119.4357 119.2234 119.1492 119.3969 116.5823 119.5577 119.3072 120.2729 120.3751 120.3690 118.8842 117.0389 121.0748 119.6410 122.0921 119.9642 122.1496 122.5945 119.0162 110.2793 121.6658 122.9942 124.3985 122.3006 122.6068 120.3102 116.7284 105.5957 125.3446 125.0845 124.7550 124.9695 125.1907 125.4674 125.6667 125.7188 125.8815 126.0754 126.0081 126.1590 126.4900
120.7700 120.7034 120.6012 120.3453 120.1293 119.9206 120.0679 111.8838 113.8024 116.2059 110.5159 111.2555 121.1416 116.9247 101.2375 116.7462 114.0109 119.0805 118.4019 118.3535 118.4782 118.5218 118.5849 118.5815 118.7861 118.9273 119.2199 119.2688 119.7562 117.3973 120.1558 119.9400 120.3919 119.6663 110.1065 114.0335 121.9259 121.0609 121.5935 121.9014 120.1902 121.0674 121.8500 120.6938 122.0297 122.9741 124.3128 118.5257 123.6787 117.5420 122.3376 124.1767 124.4654 124.7040 124.8913 125.0822 125.2466 125.3636 125.5900 125.7929 125.9651 126.1634 126.3309 126.4600
120.7200 120.5120 120.2797 120.0500 119.8351 119.5711 119.8822 112.1968 116.8379 110.9368 110.6901 114.9282 116.7562 119.0161 102.9812 121.0650 119.2910 119.8091 118.8281 117.9559 117.7975 118.0082 118.1269 118.2555 118.4025 118.5669 118.6663 118.8917 119.0519 119.2830 119.3828 119.7752 119.8829 120.5349 113.9860 112.9657 121.7537 120.9008 121.3590 121.6266 121.6962 122.0514 122.3002 122.3973 123.1857 122.2017 123.4394 117.3384 119.8780 123.7913 123.9864 124.1370 124.4024 124.5937 124.7872 124.9793 125.1613 125.5475 125.5817 125.7145 125.8837 126.0538 126.2347 126.3100
120.4100 120.2549 119.9982 119.7582 119.5156 119.2975 119.2485 112.1806 114.7509 109.2987 108.6531 110.7135 113.5154 116.0720 115.7660 117.6344 114.8577 117.7628 117.3943 117.3402 119.9088 117.4989 117.7480 117.9271 117.9427 118.0416 118.4270 118.3436 118.7412 118.9318 119.1587 119.4074 119.6808 119.8524 120.4808 120.3127 120.5003 117.7401 121.4048 121.3570 121.6290 121.9749 122.4117 122.3880 123.7177 107.1191 124.9551 123.2498 123.5683 123.6780 124.0111 124.1391 124.2870 124.4870 124.7503 124.8603 125.1008 125.2604 125.4381 125.6276 125.8090 125.9744 126.1020 126.2800
120.0900 119.9880 119.7254 119.4612 119.1925 118.9779 119.0701 113.4170 110.5067 117.9648 112.5106 118.9003 112.2013 106.2621 117.9739 116.8886 116.9668 117.0415 116.9799 116.9341 117.0337 116.8271 115.6522 116.4250 117.6267 118.0458 116.9990 117.1847 118.3607 118.4085 118.8770 119.0616 119.3165 119.4500 119.8707 119.8992 120.6360 120.5855 120.8981 121.1434 123.1148 123.8661 121.2203 117.5328 119.2647 106.6703 122.5507 123.3968 124.7301 123.8373 121.9434 124.1124 124.2642 124.3986 124.2856 124.7774 124.2335 125.2469 125.3725 125.5464 125.7326 125.9365 126.2138 126.2500
119.9900 119.7215 119.4360 119.1635 118.8867 118.5948 118.6390 116.4973 120.5616 112.5276 110.4531 111.3365 112.6851 108.4492 117.5924 116.5688 116.3906 116.2777 116.3498 116.3959 116.8039 117.9797 116.9420 116.7410 114.9972 112.6739 118.7673 116.4982 127.4846 117.4675 118.3332 118.9273 118.9723 119.3406 120.3313 120.5521 120.0551 120.4984 120.6288 121.0146 120.8530 121.7317 118.6574 121.4788 123.1848 123.9416 122.6507 127.1381 116.8819 125.0587 115.4474 124.5070 123.5987 124.4097 121.7535 122.6594 122.1276 125.3561 125.2828 125.4698 125.6474 125.8098 127.7852 130.5800
119.6000 119.4534 119.1521 118.8594 118.5561 118.2604 117.7586 118.6683 122.3266 109.4107 111.9262 111.8055 108.9123 108.1767 116.7301 115.9404 115.9627 116.2655 115.9816 115.8576 109.8403 105.6979 115.9207 116.3878 118.2582 110.0648 116.2574 115.5587 117.3118 118.0407 120.6007 111.7382 118.9132 118.8443 117.0110 117.8439 120.8557 117.3111 121.1173 120.7508 121.0912 121.1625 122.2392 122.2306 121.5970 121.8758 123.0494 125.2490 112.9612 121.2260 120.9574 123.7092 121.4703 124.2055 124.3578 122.8092 125.1053 124.9997 125.2154 125.4027 125.5809 125.7797 125.8204 126.0800
119.5500 119.1865 118.8697 118.5527 118.2310 117.9450 117.5918 116.9025 96.2249 108.2953 110.3668 106.5490 102.8442 108.6753 116.0654 115.3778 115.0524 111.2033 114.9241 115.2559 106.6959 111.3109 115.3787 115.5926 115.6685 116.0578 117.0135 117.0308 117.3129 117.1580 121.8649 119.5443 118.3119 119.7868 118.5575 118.0458 117.7891 114.9925 120.5885 120.5126 120.7961 121.2938 121.8097 122.3150 122.0830 122.1150 120.2605 122.7078 123.1621 112.0651 115.4270 123.8779 117.5230 123.1282 124.7093 124.9592 124.7263 124.9478 125.1402 125.3378 125.5300 125.7440 125.9700 126.0500
119.1600 118.9295 118.5922 118.2440 117.9010 117.5180 116.9985 111.1807 103.9014 105.1694 108.5027 101.1042 103.0277 102.7077 113.8481 113.9327 113.4271 105.9933 114.1104 113.9124 105.2676 113.6931 114.3093 115.3556 115.0518 114.8715 116.0353 116.3782 116.6648 117.3071 113.1364 117.5042 117.9982 117.0952 108.6861 113.9161 111.5537 121.5018 120.4034 120.4570 120.7217 124.2464 114.7987 121.6234 121.7451 123.1249 109.3320 117.9740 126.9750 115.9874 120.2095 125.9445 127.3051 124.6141 124.1562 124.3872 124.6788 124.8744 125.0771 125.2742 125.4661 125.6517 125.8259 126.0300
119.1100 118.6671 118.3080 117.9553 117.6505 117.3321 116.8193 115.2006 106.9817 107.2375 109.9419 104.6983 104.5680 121.5523 115.5793 114.0852 113.9255 114.9763 113.5990 119.4903 114.0379 114.1211 114.0538 114.5399 114.9857 115.2700 115.6270 115.5643 116.2751 116.7403 117.1102 117.4046 117.8849 115.6003 102.3825 109.4235 109.2705 113.9408 120.2842 119.9502 120.3398 122.9884 106.5199 121.9168 120.3668 116.1551 112.5955 116.7904 119.9654 115.8161 122.1193 122.3436 123.2888 123.8553 124.1878 124.3987 124.5972 124.8084 125.0150 125.2105 125.4080 125.6000 125.7940 125.8600
118.6500 118.4166 118.0332 117.5438 117.0781 116.7314 115.6738 117.2358 112.8529 116.7230 106.4347 104.9883 109.2269 114.8330 114.0823 113.2488 113.0446 112.7684 112.6863 119.0897 112.0907 113.4324 113.5217 114.5687 114.0649 114.5031 115.0120 118.3139 116.8920 116.0845 116.6282 117.1921 117.3364 118.0024 114.0745 104.0808 105.9960 116.0647 116.6486 120.0874 120.3213 119.8457 123.8704 121.9452 110.4280 110.5151 115.5651 109.6872 112.6502 122.2614 121.7984 123.4219 123.6698 123.8898 124.0910 124.3182 124.5298 124.7503 124.9571 125.1574 125.3560 125.5454 125.7431 125.8400
118.2700 118.2131 117.5972 118.2793 118.5937 115.9807 116.7735 115.6868 105.8995 107.1673 99.9402 100.8040 117.1559 113.2627 111.9886 112.3994 112.1965 112.1166 111.6352 111.3945 112.3910 112.5078 113.8291 109.1486 114.8415 114.6706 114.6864 104.4501 114.6567 115.8508 116.3099 116.4961 118.2754 106.7185 118.1780 114.6340 123.1887 118.9947 119.2529 119.6034 120.0153 120.7887 123.2230 122.0204 117.8884 109.2471 115.6519 121.2493 123.0065 123.0209 123.1867 122.6726 123.6199 123.8036 124.0244 124.2526 124.4750 124.6883 124.8989 125.1047 125.3067 125.5019 125.6950 125.8200
118.1800 118.0085 117.8946 106.9774 112.6045 115.1701 115.5437 117.9898 113.9909 111.3857 101.6996 113.8460 108.8765 111.9216 112.0218 111.4813 111.2489 111.0999 111.1446 111.2574 111.3487 111.7072 112.5135 106.0223 114.4441 113.0338 114.3088 113.8790 115.0221 114.1348 116.8919 115.4601 117.6333 106.0058 107.9061 105.1061 119.8363 118.7872 119.4015 120.6866 121.1316 120.3840 120.6458 122.4478 105.4810 107.6852 116.6484 119.0479 114.0033 119.5184 123.2043 123.2790 123.4981 123.7335 123.9706 124.1987 124.4150 124.6376 124.8500 125.0553 125.2598 125.4536 125.6594 125.8000
118.1000 117.7794 116.4786 117.7097 106.9121 112.5077 115.1450 119.3912 108.0330 97.6034 103.8571 98.8512 110.3625 111.7648 110.8660 110.5125 110.1956 110.0014 109.9633 110.0771 110.3369 110.7006 111.3070 111.6867 112.1410 112.8532 113.3480 113.9726 114.5521 114.8039 116.2089 119.4949 112.9949 105.9907 102.9990 119.3049 118.3838 118.6929 119.9482 112.8946 120.5674 120.0125 117.9384 108.7683 108.6561 119.3128 112.0286 120.2626 112.6317 123.4837 123.0798 123.2127 123.4523 123.6757 123.9097 124.1496 124.3647 124.5894 124.8050 125.0091 125.2160 125.4368 125.5535 125.7900
117.7100 117.5043 117.1733 116.1600 110.0405 105.9520 106.8728 99.9425 103.9655 105.4767 113.5154 108.9511 111.6290 110.3275 109.9672 109.3970 108.9854 108.7501 108.6955 108.8577 109.1733 109.6991 110.2596 110.8921 111.5586 112.1929 112.8446 113.5010 114.0964 114.6812 115.1705 114.3049 120.1234 117.7129 117.8026 117.3310 117.9754 118.6163 121.3711 120.2439 119.7503 121.3464 112.0835 108.0047 107.0968 108.8961 121.2179 121.1198 122.8432 121.0491 120.4392 123.3142 123.4218 123.6297 123.8538 124.0975 124.3262 124.5487 124.7552 124.9798 125.1954 125.3451 126.3220 125.7700
117.6200 117.3655 116.9089 112.3224 105.2529 108.0112 120.9831 112.7131 101.9356 112.2069 111.8508 111.4650 110.2348 109.6438 108.8229 108.1599 107.6087 107.2817 107.2110 107.4271 107.8809 108.4890 109.2289 109.9941 110.7889 111.5515 112.2992 113.0127 113.6974 114.3608 115.0202 115.4845 116.3030 116.6441 112.6380 117.8873 118.4112 118.7963 118.6538 119.1300 119.8749 128.4765 109.4823 106.0663 117.1362 101.5778 117.8157 115.0169 123.9794 108.7757 111.8286 123.4736 123.2436 123.5818 123.8524 124.0898 124.2496 124.5022 124.7865 124.8704 125.1778 125.6585 122.3748 113.5600
117.5800 117.1754 116.5618 117.3882 105.7724 108.0013 117.2058 107.5758 104.6482 101.9639 107.8704 109.9788 109.4459 108.5947 107.6495 106.7510 105.9993 105.5186 105.4131 105.7310 106.3673 107.2207 108.1591 109.1154 110.0525 110.9393 111.7800 112.5802 113.3200 114.0239 114.6295 115.2646 116.0564 115.2883 116.7469 112.1253 114.0488 119.6689 118.8845 119.1473 117.5264 112.9382 104.6118 100.3181 107.1321 107.1514 117.3164 119.7368 123.0034 123.9024 123.7195 124.0252 123.6220 123.1178 123.6369 123.8281 124.5476 124.3054 124.2962 125.3685 125.9082 125.3873 125.6492 125.6200
117.5200 117.0439 116.5644 115.6857 113.9138 106.8850 104.9574 106.5982 104.0374 102.6992 98.0472 112.1200 108.7142 107.6475 106.3830 105.1724 104.0711 103.3079 103.1430 103.6538 104.6380 105.8117 107.0395 108.2169 109.3335 110.3616 111.3089 112.1815 112.9960 113.7264 114.4088 115.0934 115.7737 116.0525 118.5829 119.3330 110.7717 113.3704 118.9419 117.9221 118.5745 107.5760 113.7194 106.1380 120.1041 123.3548 122.1859 122.2162 121.6152 129.6905 122.8769 116.0954 121.7215 125.1564 124.4172 124.6425 120.9494 125.3869 127.8265 121.8985 121.6456 122.9675 125.4227 125.6000
117.0900 116.9288 116.3690 115.6732 116.4204 105.2499 103.4147 103.3625 96.0702 116.5871 98.7129 112.7414 108.2363 106.6925 105.0764 103.4056 101.6894 100.4205 100.1129 101.0045 102.5977 104.3053 105.9180 107.3779 108.6798 109.8448 110.8978 111.8414 112.6576 113.5099 114.3170 114.9361 115.3900 115.3877 119.2693 128.4227 106.5166 115.5589 118.4226 119.3922 120.5799 121.6950 116.9195 111.7709 121.2348 120.7240 121.3949 121.9296 124.2748 138.8511 124.2438 112.9542 117.4405 115.0510 120.6911 117.3670 123.4946 119.1967 129.2808 120.2617 123.9761 121.1240 126.8378 125.5900
117.0600 116.8428 116.3057 115.4287 114.9178 98.6156 97.4540 98.7064 106.9331 105.7566 104.2567 108.7251 107.1949 105.7672 103.8394 101.5137 98.9215 95.9258 95.0827 97.4705 100.2914 102.8089 104.8947 106.6436 108.1401 109.4315 110.5658 111.5775 112.7316 113.3990 113.9328 114.8702 115.8241 116.9192 106.3880 109.8840 110.6262 118.6016 118.7942 118.6827 119.0642 119.3644 120.9775 121.6634 120.8787 121.2712 121.5184 121.8557 123.2234 129.9293 116.8157 122.9083 117.3418 118.1196 125.1244 121.2966 122.1786 121.3120 127.1549 125.7645 123.9011 113.6182 125.7922 125.5800
117.0400 116.7890 116.2447 115.4095 115.0156 99.4998 110.8489 103.3833 112.6337 101.7568 111.4098 108.5549 107.0114 105.1074 102.8581 99.8350 95.4258 89.5991 88.5700 92.2509 98.2048 101.5427 104.1118 106.1149 107.7509 109.1391 110.3468 111.5054 110.2025 114.1372 115.0037 114.5696 108.1307 104.1784 111.1331 112.6709 116.2896 111.5526 120.2374 119.5925 119.4006 119.6809 119.8116 120.1470 120.6612 121.1026 121.4773 121.7439 121.8984 123.6650 119.7211 123.1913 123.9226 123.8693 123.3606 124.1265 124.9051 124.5996 124.3034 124.6729 125.9348 120.6146 125.9805 127.4300
117.0300 116.7645 116.2158 115.3701 114.3080 107.9184 113.3484 103.1248 101.9607 107.8637 110.8397 108.9565 106.6348 104.7964 102.3579 98.9170 92.6532 85.9930 84.5256 88.6928 96.7579 100.8818 103.7246 105.8703 107.5837 109.0079 110.2359 111.3651 111.4365 115.4151 125.5728 98.1841 104.5276 110.6356 95.0407 111.5885 111.1289 107.4899 116.1029 110.2850 120.3981 119.5338 120.3897 121.2860 121.3098 121.1359 121.4772 121.8193 122.2331 122.3312 122.8551 122.7878 122.9950 122.7710 124.1810 123.8027 124.1560 124.3373 124.6784 124.9536 125.0750 125.7044 125.4621 125.5800
117.0300 116.7721 116.2354 115.3035 114.4446 107.6076 114.9698 102.8431 99.6484 106.4878 111.4273 108.7541 106.6838 104.9083 102.5290 99.2474 93.9576 87.5118 86.1192 89.9971 97.3188 101.1066 103.8575 105.9570 107.6431 109.0600 110.2728 111.3580 112.3624 111.7788 126.6975 109.7120 105.9727 111.0973 103.2385 113.6124 108.3479 117.2386 117.7390 118.6332 119.4850 119.5091 118.2383 114.4190 113.5160 121.7772 121.4756 121.8510 121.8192 125.5087 124.4388 123.9348 123.1354 123.4771 123.6641 123.9819 124.2013 124.5211 124.5443 124.7135 124.8956 125.0505 125.4153 125.5700
117.0400 116.8198 116.2705 115.3268 115.2515 105.9149 102.9509 114.3279 111.6860 111.2014 109.6316 108.5806 107.1339 105.4007 103.2983 100.7018 96.6174 92.5508 91.5232 94.9948 99.1780 102.1330 104.4669 106.3492 107.9263 109.2660 110.4438 111.4345 112.3844 110.1482 115.5793 99.1946 97.3679 105.7533 114.3838 110.2439 112.9583 118.0779 118.4907 118.9574 119.3481 119.7354 119.9554 125.8592 108.9089 122.6019 121.5138 122.0924 121.6695 121.5821 121.9952 109.5309 124.1536 123.5330 123.6946 123.9467 124.1900 124.4640 128.0613 125.1132 124.9231 125.1305 125.4029 125.5700
117.0700 116.8867 116.3354 115.6610 115.4092 115.0412 113.8527 112.7900 112.1517 111.2062 110.2552 108.9886 107.6772 106.1810 104.4564 102.4792 100.3711 98.6054 97.9946 99.3912 101.4756 103.5508 105.3922 106.9652 108.3972 109.6230 110.7178 111.7153 112.6770 113.2460 113.5320 115.2898 98.7762 121.4855 102.5579 105.4854 107.3298 118.4446 118.1993 120.9048 119.4949 120.1739 121.5619 114.2758 107.4723 121.0154 121.5819 121.9414 122.0700 121.6690 121.6699 122.7793 123.4755 123.4791 123.7099 123.9551 124.1817 124.4674 136.4055 114.4536 108.5144 109.6821 115.9964 125.5800
117.4500 116.9818 116.4372 115.8696 115.1917 114.4393 113.8860 113.2730 112.4176 111.5304 110.4224 109.5989 108.3731 107.1147 105.7466 104.3279 102.9451 101.9356 101.7295 102.4087 103.6519 105.0808 106.4559 108.3320 109.0088 110.0966 111.0828 111.9333 112.6251 113.3542 110.3296 102.2343 95.3924 106.3306 118.2616 119.4793 118.7321 118.7008 118.5750 119.4523 117.0113 117.4645 116.2579 129.8001 109.0664 110.8279 122.4152 121.6141 122.1501 124.6856 123.2028 122.7902 122.9979 123.8872 123.7227 124.0188 124.3460 124.0868 123.7501 125.2803 122.5489 110.3043 132.6553 115.2000
117.4900 117.1067 116.5890 116.0494 115.5000 114.9124 114.1960 113.3780 112.7695 111.8995 113.2134 109.9808 109.1514 108.1175 107.0455 105.9838 105.0818 104.4793 104.3405 104.7435 105.5324 106.5637 107.6213 110.6436 109.4471 110.6643 111.5847 111.9505 115.6806 109.0353 114.4302 107.9448 105.3985 118.2433 116.5729 119.7320 117.4959 117.9461 118.6026 119.3089 113.3085 101.1907 109.5546 119.2492 105.4022 118.1927 121.5396 121.8753 122.1769 122.1995 122.3584 123.1147 123.8847 120.2771 123.7583 123.9777 124.3453 130.3213 120.4076 124.9065 125.5412 124.9905 123.0550 125.4900
117.5300 117.2559 116.7582 116.2331 115.6807 115.0876 114.4518 113.7055 113.3037 112.5074 116.2685 110.7695 110.0050 109.1046 108.2753 107.4785 106.8423 106.4332 106.3466 106.6081 107.1464 107.8825 108.7090 109.4497 110.4435 111.2237 112.2715 112.3281 117.4220 103.6832 113.9608 116.4544 116.3451 115.9228 117.0239 117.2232 119.5095 120.3346 119.7693 115.1178 118.1118 107.9123 113.5935 110.0933 113.8088 108.5925 117.8841 122.0480 122.2502 122.5808 122.8776 123.2347 123.3837 124.4250 123.8304 123.8989 123.9760 125.8845 124.6991 124.7701 125.1495 125.5497 115.6429 136.1900
117.5900 117.4347 116.9733 116.4799 115.9359 115.3885 114.7616 114.6396 113.5769 112.9512 111.8678 111.4579 110.7842 110.0752 109.4011 108.8008 108.3270 108.0343 107.9760 108.1631 108.5494 109.1007 109.7562 110.4492 111.1798 111.8677 112.2240 116.4958 108.8237 116.5510 115.9287 115.3957 116.1047 116.7053 117.3654 117.2587 122.9290 108.6048 111.4438 116.0222 112.8778 119.2638 117.5671 113.8586 120.7693 114.8676 123.1531 121.9984 122.3000 122.5606 122.8206 123.0720 123.4569 123.7103 120.7842 122.8542 124.1904 122.7376 124.7293 124.8678 125.2954 124.9531 126.2814 136.1900
118.0500 117.6112 117.1234 116.6370 116.1926 115.7182 115.7627 106.2594 114.7743 113.3545 112.8013 112.3005 111.5819 110.9879 110.4406 109.9659 109.6103 109.3946 109.3498 109.4839 109.7816 110.2072 110.7167 111.2911 111.8797 112.4931 112.9674 115.3997 102.8627 117.3074 115.2058 115.9595 116.4749 116.9440 116.9057 120.4039 115.7604 114.5494 103.1184 120.2018 118.6369 120.2680 116.7170 117.3083 121.3321 121.7863 121.7118 122.0647 122.3585 122.6360 122.9016 123.1635 123.4194 123.4390 123.1819 120.3122 124.3076 124.7762 124.8013 124.9451 125.2704 125.3951 130.6686 135.0500
118.1200 117.9293 117.2370 117.1458 116.5005 115.9566 116.1100 110.1854 114.3875 113.8281 113.4053 112.8582 112.3146 111.8286 111.3925 111.0206 110.7292 110.5678 110.5419 110.6549 110.8450 111.2092 111.6152 112.0964 112.7070 113.5522 113.3557 114.2565 111.5060 96.3862 116.7889 116.1161 116.7388 117.1917 117.5709 120.2899 110.2727 105.2655 106.6038 120.9496 119.2702 121.7876 122.7640 111.8603 122.2917 121.4365 121.8360 122.1940 122.4369 122.7036 122.9597 123.2141 123.4612 123.7378 124.0008 124.7042 124.2691 124.6006 124.8338 125.0958 124.6101 135.5308 113.8067 110.3200
118.5000 117.8720 119.8097 108.3730 121.8353 115.8913 115.9174 115.6515 115.1702 114.4617 113.9582 113.4910 113.2879 112.6497 112.2923 111.9598 111.7384 111.6020 111.5880 111.6325 112.0078 112.1032 112.4721 112.7349 112.9923 114.2121 110.5979 118.1462 115.7031 112.5520 116.7647 116.6365 117.0165 117.4289 117.7529 122.2446 119.4040 103.2721 118.7879 120.1682 120.4407 112.9594 123.4272 119.6773 121.4854 121.6830 121.9689 122.2501 122.5189 122.7795 123.0336 123.2836 123.5274 123.7667 123.9571 124.1390 124.4379 124.6729 124.9327 124.7463 125.1753 128.9771 113.4059 127.5800
118.6000 117.9523 116.9003 106.0211 118.7838 116.5516 116.2245 115.8329 115.3117 114.9666 114.5240 114.1077 112.1074 111.1920 113.1429 112.8295 112.6381 112.5309 112.5267 112.5674 111.3009 112.8027 113.2051 113.6501 116.2609 114.2709 106.1009 106.3237 115.4862 116.0698 116.3885 116.9561 117.2943 117.6375 118.4479 118.5335 115.7719 118.0948 120.1090 119.9985 119.2059 126.2652 115.0713 118.5906 121.3520 121.8632 122.0632 122.3380 122.6065 122.8625 123.1156 123.3604 123.5992 123.8416 124.0695 124.0398 124.2607 124.5997 125.0480 125.8529 129.4469 108.2388 108.2033 107.5400
118.6700 119.1932 112.2214 113.6752 117.1877 117.1363 116.6240 116.2568 115.8551 115.4938 115.0971 115.1306 111.9283 114.0636 113.8487 113.5959 113.4605 113.3621 113.3651 113.3933 112.9539 114.4475 108.9886 114.3642 114.4768 116.5365 103.4884 105.1573 115.4408 116.5035 116.8698 117.1575 117.9365 117.7863 118.4676 118.9329 119.0381 119.6627 119.8171 120.1925 120.2242 123.7959 128.8280 105.9684 123.3357 121.6173 122.1683 122.4468 122.6978 122.9485 123.2012 123.4420 123.6729 123.9143 124.2302 123.6575 129.3054 124.6445 124.9820 125.1750 125.0939 121.9223 111.9244 110.2200
119.0300 118.7490 118.2775 118.6762 117.5583 117.4216 117.0262 116.6662 116.3117 115.9639 115.4883 115.2927 114.9962 114.5857 114.3913 114.2159 114.2621 114.1019 114.1457 114.1717 114.3693 109.6816 95.2226 112.7038 115.1356 116.1008 118.0749 103.8110 109.4645 117.6161 117.1762 117.5295 117.7070 113.4157 110.8707 115.1648 119.2086 120.1313 119.6460 120.5113 120.4043 121.5318 115.7947 111.8246 119.8544 121.9984 122.3191 122.5498 122.8005 123.0505 123.2954 123.5259 123.7559 123.9754 124.2718 124.3380 119.1864 121.0890 124.7334 125.3624 125.4994 125.4228 130.1324 134.8400
119.1300 118.9733 118.6667 118.4081 118.0978 117.7353 117.4074 117.0812 116.7551 116.4433 116.1381 115.9423 115.5073 113.6237 114.2824 114.2273 114.8209 115.6587 114.6544 114.8718 115.0064 114.7787 114.2899 114.6144 115.6544 115.7879 116.9762 114.1725 118.7815 116.8410 117.6606 117.8937 118.3181 119.3368 104.3988 108.0133 120.9170 125.0244 124.5160 122.1786 121.1740 121.5296 121.9462 122.2978 122.1809 122.1100 122.4092 122.6636 122.9093 123.1463 123.3908 123.6202 123.8405 124.0629 124.2804 124.4746 125.4807 125.6853 124.9017 125.2965 125.5292 123.9034 137.8161 115.2100
119.5000 119.5325 119.0396 118.7055 118.3987 118.0816 117.7873 117.4800 117.1846 116.9047 116.6295 116.4743 116.1994 112.0786 116.5356 116.7347 115.5057 122.4896 114.5761 115.5322 115.5902 115.7141 115.6909 116.1215 116.0965 116.6277 116.3712 116.6558 117.4888 117.6663 117.9274 118.2534 118.5534 119.2598 120.4347 119.7522 120.0147 115.7169 108.3495 120.4913 114.4969 120.2956 121.1753 121.5299 121.9065 122.2717 122.5380 122.7794 123.0208 123.2563 123.4859 123.7164 123.9379 124.1515 124.3690 124.5907 124.5556 124.8037 125.0866 125.1269 127.8630 124.2842 129.4929 117.7500
112.1000 119.3191 119.2600 119.0258 118.7237 118.4368 118.1575 117.8746 117.6075 117.3463 117.1254 116.8232 116.3691 102.0192 97.2136 116.0371 118.7784 106.6487 117.0846 116.0795 116.1657 116.2796 116.4567 116.5734 116.8036 116.9721 117.2921 117.3148 117.7910 117.9953 118.3007 118.5844 118.8725 119.0571 119.2258 119.3036 121.5642 106.3490 111.9134 119.6104 124.8507 123.1340 121.5121 121.9903 122.1971 122.4299 122.6674 122.9066 123.1366 123.3700 123.5952 123.8115 124.0296 124.2482 124.4538 124.6557 124.9059 125.1207 125.4066 122.3366 132.7366 110.0830 131.0091 111.1400
112.1000 119.6800 119.4300 119.2100 118.9400 118.6800 118.4300 118.1500 117.5300 117.6500 117.2800 117.3900 117.0900 95.1000 116.8100 116.3600 100.6400 102.1100 116.4600 116.4400 116.4100 116.8300 116.7700 117.1200 117.0300 117.3200 117.6000 117.9200 117.8700 118.4600 118.4100 118.9300 119.1800 119.4200 119.6600 119.9000 120.1300 120.3600 106.4600 102.3500 107.8100 121.4300 121.8300 122.0200 122.2000 122.5800 122.7600 122.9300 123.2800 123.4500 123.6100 123.9300 124.0900 124.2400 124.5400 124.6900 124.8300 125.1200 125.2500 115.1500 132.1200 111.7000 119.0300 111.1400
