123.2800 123.2600 119.0900 122.0500 121.5900 117.1200 116.1500 116.1500 123.5300 123.5500 123.4100 114.6200 114.6200 114.4100 114.4100 111.8600 115.2500 115.8300 117.6800 100.6600 113.4200 113.4200 106.6500 122.4900 122.4900 108.9600 110.0700 110.9200 110.2400 110.2400 107.6000 107.3700 110.3500 104.4500 101.1400 122.9500 123.1200 123.0900 123.2700 123.4200 123.5600 102.7000 122.4200 123.8200 124.0000 124.1100 124.2300 124.3900 124.3700 124.6500 124.8100 124.9000 125.0500 125.1500 125.2800 125.4300 125.5300 117.3700 111.8500 116.1700 104.1300 126.2500 126.3700 126.4700
120.1800 122.1445 120.7510 119.4484 118.1815 116.3370 116.6640 115.4767 123.5573 123.8029 122.0105 113.7292 114.2738 118.6957 116.0742 111.2265 116.4356 115.3779 116.4084 100.9148 107.1994 108.7534 104.7714 113.1123 119.8674 107.6287 112.7737 100.8446 101.7139 106.1102 107.5364 107.0131 108.1499 103.5977 98.9616 123.3639 122.2478 121.0051 112.5155 123.4990 117.8929 124.3613 123.8111 123.7438 123.8114 123.9477 124.0823 124.2167 124.3503 124.4938 124.5492 125.0074 125.0279 124.7879 124.2731 115.7806 117.6861 114.0503 113.0920 110.3007 109.1240 126.9151 126.2364 126.4700
120.1800 123.8023 121.3255 117.2069 117.2044 116.3939 116.3005 114.8832 115.6986 123.8727 119.5983 116.0744 113.7658 113.5192 112.9258 115.0788 115.9318 115.3745 111.1146 100.5929 106.5391 112.3944 103.6931 117.5559 120.5106 107.8801 113.3598 109.3795 107.5928 111.0039 106.2829 103.4754 102.7551 119.0760 115.7404 117.4789 111.8094 123.0781 123.0659 124.2231 122.6107 122.9753 122.5683 123.2580 123.6384 123.7443 123.8894 124.0302 124.1753 124.3166 124.5705 123.2341 124.7438 127.7120 114.9496 106.5128 110.3744 111.2257 109.4121 114.7076 117.2822 127.2563 126.2400 126.2700
121.7200 118.3979 117.3741 117.4017 116.7220 116.5505 116.0778 115.0675 116.2465 124.0382 120.3455 121.2333 113.8815 113.7708 112.7793 107.3547 116.3664 116.3071 112.7805 108.8465 99.7988 105.3063 101.1057 117.0244 107.7610 115.3776 109.1306 113.9594 112.4657 108.3912 106.4788 106.6734 104.9731 113.5400 116.9593 123.5159 116.9828 118.0679 120.7696 121.7326 120.1573 123.0851 124.0601 123.4857 123.3966 123.5610 123.6942 123.8377 123.9518 124.1251 124.3758 123.4073 124.5429 112.8551 112.0521 110.9954 109.8533 109.3588 112.3480 106.6402 128.1883 125.4254 125.8145 126.2700
123.9500 116.2031 117.0559 116.7650 115.7055 117.1210 115.5285 114.2614 113.4607 114.3099 122.3917 118.0232 114.3015 112.8587 110.6089 122.2564 115.7081 114.6672 114.5728 109.5492 98.4358 114.7831 109.1773 117.3380 113.6097 113.2768 105.3800 105.1131 99.1348 102.1510 105.2530 101.8649 102.3263 122.6785 122.2127 117.1982 119.3392 122.9378 121.6469 121.8189 123.2464 123.2479 112.2438 121.6361 123.2761 123.3348 123.5055 123.5306 124.4573 123.8488 124.5123 126.3590 127.5625 103.3317 108.6154 111.8437 103.9437 109.4936 106.7742 111.8896 121.2083 126.8484 127.9066 126.0600
123.7400 117.4055 115.7063 116.3130 121.8286 115.3177 115.6558 114.5421 114.3002 113.7627 119.7153 121.2300 119.7245 112.9980 111.3011 112.0800 110.6716 114.3747 108.8228 109.2961 96.7184 115.0085 108.2882 123.4997 118.9147 105.0103 109.4625 101.9019 101.1363 116.9785 115.9093 110.1782 103.3876 123.5850 121.4684 122.3052 121.8565 122.0645 122.6838 117.6913 122.7870 122.6370 122.9845 123.9818 122.9389 123.1563 123.2844 123.4497 123.2782 123.1350 121.0383 99.2248 106.8380 107.9152 108.5527 111.4792 112.2383 114.6458 110.9993 125.7619 125.4391 118.6469 104.5853 103.9000
123.4800 121.5675 116.9289 117.3338 114.7462 115.2197 115.3532 114.6912 114.0744 113.2662 114.4117 122.4581 121.2756 115.3626 112.7104 114.7903 113.5752 108.3047 107.3185 108.0564 99.9180 105.0198 100.0373 106.2689 112.6167 104.9997 101.5202 101.5054 99.0045 97.6979 99.0015 100.1030 100.1262 121.9545 121.2003 121.3227 121.6663 121.7282 117.7995 121.9297 122.1672 122.3435 122.3670 122.5526 122.8099 122.9110 123.1175 123.1474 123.6295 123.0521 112.2986 105.6926 109.4425 104.2743 123.6398 111.5896 104.5986 102.4775 128.9815 124.3966 125.4039 126.0015 117.4862 109.6400
123.4400 116.6368 117.4803 117.2896 113.3699 113.1036 113.9868 114.4624 114.0213 113.4164 115.1541 112.8339 115.4263 118.2295 114.9525 103.6954 110.8671 107.2550 107.3371 109.2247 105.2426 101.6546 96.9031 118.1508 103.6345 102.6672 106.9142 99.7329 100.7361 109.4205 119.4910 111.6906 121.2868 121.7875 121.0661 121.1559 121.3290 121.5925 121.7943 122.0491 121.8960 122.0566 122.1816 122.3767 122.5587 122.6934 122.8987 123.0272 123.7207 117.5991 104.9307 111.1351 102.4723 113.3657 116.2073 102.4722 114.2432 111.6425 122.1101 125.1858 125.3375 124.9812 125.2582 125.6900
123.2100 119.8947 116.0098 115.6794 116.7556 114.0980 113.6284 114.0314 115.4373 112.7857 111.3468 115.8132 112.4648 111.4568 114.7526 108.5540 115.9052 108.0996 108.9160 110.1444 111.3318 104.6798 95.5350 115.9760 116.4962 100.5020 100.0424 110.7903 110.2208 106.1472 100.3926 120.3918 112.4247 120.1198 120.7373 120.8910 121.1815 122.1210 121.1062 121.3823 121.7180 121.7759 121.9654 122.1411 122.3199 122.4978 122.6751 122.8666 122.4132 121.5477 109.3259 104.1761 119.5030 124.1536 119.6142 110.7246 112.2228 114.6305 125.7771 124.7319 125.7390 116.9792 103.0043 104.9800
122.9100 121.6397 115.5160 116.7136 116.3897 116.4301 112.1357 112.3003 115.3805 114.1661 112.0641 112.8995 110.7712 113.2532 109.6014 109.8591 114.1432 109.0455 110.5803 111.8916 114.0597 109.0801 103.6127 112.4493 115.8540 112.0763 103.9093 122.9392 109.8691 120.7317 120.8329 121.2424 118.7364 120.1913 120.3590 120.4435 120.5897 102.3146 122.1943 118.9960 121.4134 121.5277 121.7200 121.9105 122.0987 122.2855 122.4729 122.9189 120.8003 119.3109 118.8724 121.0263 124.3438 115.0633 104.5657 103.2172 115.5464 125.0669 124.9017 124.9341 125.0923 128.1687 111.0618 125.6000
122.9100 123.0798 118.6254 116.2347 116.5433 116.9704 116.0024 111.7004 114.3388 120.1634 114.0625 112.6962 110.6910 113.9022 112.5455 107.9405 112.5419 107.9367 109.7651 109.9094 107.2789 108.4517 97.9892 107.8441 102.6171 113.8378 120.5418 119.6528 118.9297 119.3341 119.4466 120.4344 119.4096 119.6502 120.2429 120.0834 122.4142 115.9100 104.5166 120.5818 121.4776 121.2699 121.4810 121.6679 121.8700 122.0657 122.2881 122.3332 123.1423 123.2729 122.5652 112.2418 128.6036 115.1440 116.0861 108.2271 116.1393 124.7948 124.5482 124.7805 124.9740 122.9394 125.5396 107.0200
122.6000 122.6397 119.4864 117.7254 117.1137 116.0315 115.4563 113.5192 112.0795 112.1166 111.9193 110.3269 108.8760 110.2820 110.1565 109.1331 107.7779 106.6402 108.3440 107.7192 112.2656 99.8737 115.1053 119.4441 120.4934 113.5198 118.8567 118.8701 119.0386 119.1843 119.2509 119.2680 119.4601 119.5588 119.7218 119.8705 119.7493 121.5160 120.6132 121.6782 120.8251 121.0122 121.2258 121.4319 121.6393 121.8520 122.0550 122.3180 122.4770 122.2755 124.3259 123.3823 105.9684 113.4127 111.8207 104.2792 116.9231 125.3334 124.4664 124.6666 125.1156 123.0968 125.5167 107.0200
122.6000 122.2963 122.9601 114.8723 118.1476 104.8099 109.4447 108.9677 113.7926 109.8501 106.7304 106.9691 106.8815 111.6665 110.2151 106.4865 105.8891 107.7441 108.4973 111.8034 110.2243 98.0007 111.7929 118.3618 117.9759 119.1320 118.5201 118.5699 118.6560 118.5345 118.7413 118.9237 119.0385 119.1917 119.3624 119.5366 119.7836 119.2541 120.3751 120.5000 120.5462 120.7743 120.9651 121.1914 121.4087 121.6375 121.8431 122.0375 122.0458 122.6658 122.4781 122.1277 113.7120 114.2307 108.2792 118.2318 113.9739 120.1086 124.4778 124.5742 124.7287 124.0636 112.4408 112.7100
122.3200 119.6298 122.3451 117.2397 115.0749 105.0760 104.8784 100.4683 111.7182 107.7415 107.9184 108.0348 107.0121 108.7899 105.5262 114.4814 105.7713 105.3894 110.0396 105.5136 107.8977 100.7092 114.5206 119.6918 117.6843 118.0238 118.0393 118.1620 117.3232 118.8848 118.4329 118.4982 118.6505 118.8151 118.9988 119.1823 119.3833 119.7569 125.0526 114.9011 120.7032 120.4099 120.7271 120.9516 121.1808 121.4131 121.6584 121.8726 124.3814 115.2160 124.4556 122.7985 122.6718 114.1260 123.5723 113.5901 117.6891 122.5496 124.2200 124.4481 124.7847 125.1306 148.6497 110.6100
109.0300 115.8720 122.0017 121.9342 116.7985 119.5907 113.2936 108.2224 107.3073 107.8056 107.7859 107.5802 107.3058 107.1499 109.0104 115.2578 112.4855 103.9872 104.7232 102.1167 109.7963 99.0410 95.5324 96.9437 119.0071 117.2411 117.5149 117.9418 109.2808 115.7829 117.8850 118.0705 118.2366 118.4164 118.6092 118.8200 119.0164 119.2990 116.4655 120.1879 120.4609 120.1886 120.4617 120.7125 120.9569 121.1956 121.5370 121.3143 121.7515 99.1470 117.4044 122.3477 123.3877 118.0903 124.1004 112.2747 126.1554 124.5299 124.1083 124.3444 124.5392 122.5582 122.0729 123.3300
122.0900 120.9413 121.5919 120.9991 122.6273 107.6423 105.9437 107.2553 108.5471 108.4372 108.0727 109.4889 111.9860 110.6882 107.8830 105.4762 108.4287 107.4493 100.7682 101.9493 102.6192 99.3745 106.3412 112.9405 116.9458 116.9619 117.0275 117.6596 118.1912 117.3310 117.4680 117.6143 117.7991 118.0018 118.2150 118.4459 118.6760 118.9608 119.1245 119.3169 119.6687 119.9502 120.2094 120.4624 120.7229 120.9707 121.2070 122.2846 112.4297 118.1528 122.6248 123.7827 122.8694 121.6164 123.2475 121.7959 124.2946 123.5928 124.0356 124.2490 124.0652 128.4968 124.2837 123.8200
121.7000 121.7642 121.3182 121.0696 120.8696 117.2721 119.6881 112.0265 107.9219 106.6195 109.5241 107.4430 107.3675 105.7909 108.3222 109.4675 108.2535 118.6518 97.9736 109.9738 100.5686 96.4547 117.7734 105.6399 116.5260 116.4771 116.5007 116.4080 116.4778 116.8282 116.9683 117.1496 117.3491 117.5756 117.8063 118.0531 118.3156 118.5727 118.8484 119.1439 119.3921 119.6727 119.9529 120.2223 120.4973 120.7603 121.0540 121.2636 120.8319 123.4211 118.1736 122.3053 122.0556 125.0255 105.9817 118.7536 119.1167 123.6502 123.9668 124.1088 124.2814 124.7999 124.7380 124.9000
121.6300 121.4421 121.1712 120.9315 120.5371 120.3291 120.7802 117.7009 121.6110 108.9613 108.9558 106.1733 104.7926 105.9466 109.1915 103.5899 111.9709 123.5809 99.8267 112.1312 102.7136 94.2277 111.6127 115.2064 116.4030 115.8729 115.9441 116.0622 116.1793 116.2774 116.4500 116.6597 116.8837 117.1238 117.3878 117.6619 117.9368 118.2217 118.5228 118.8145 119.1060 119.3994 119.6846 120.0005 120.2450 120.5596 120.8454 121.0228 121.4146 121.6180 122.1266 122.0700 122.4160 122.7028 124.8021 105.6821 126.0986 123.2505 123.7976 124.0309 124.2543 124.4517 124.6658 124.7200
121.3600 121.2832 120.9949 120.7110 120.4411 120.2029 119.6531 120.4811 120.6040 117.9534 106.1819 106.4381 104.5815 104.6460 108.6862 109.4747 104.8005 114.2036 100.6735 106.0780 106.0229 105.1131 110.5931 115.3934 115.3049 115.2569 115.3335 115.3873 115.4933 115.7165 115.9124 116.1389 116.3961 116.6605 116.9487 117.2604 117.5657 117.9013 118.1920 118.5059 118.8124 119.1320 119.4377 119.7713 120.7100 120.4955 120.5961 120.9423 120.8800 121.5476 121.7858 121.9765 122.9952 121.4681 122.9445 123.1769 123.0227 123.5638 123.7061 123.9313 124.1455 124.3602 124.5759 124.6900
121.2900 121.1148 120.8092 120.4891 120.2524 119.5533 119.5138 119.2631 118.7927 117.7446 115.5575 105.5705 106.0310 107.3400 108.9849 106.7768 102.6112 106.5535 102.8269 115.7446 112.7016 114.5759 111.4447 115.0480 114.7020 114.6296 114.6652 114.9379 115.1382 115.0868 115.3483 115.6053 115.8794 116.1948 116.5045 116.6965 117.1942 117.4432 117.8392 118.1842 118.5316 118.8700 119.2191 119.2394 119.1997 118.1453 120.4128 120.8888 121.3158 121.3446 121.8054 121.5025 124.1919 117.4674 122.5913 122.8448 123.1102 123.3682 123.6127 123.8376 124.0636 124.2789 124.4393 124.6600
121.2400 121.0076 120.8184 120.4289 119.6664 117.9390 119.5478 119.1173 118.5185 120.5544 116.7055 107.1334 107.6028 101.2565 103.0788 106.7206 104.6411 102.6042 103.9722 111.5946 112.2559 114.9706 112.5368 114.1852 113.9497 113.9123 114.0866 111.8213 114.0001 114.4928 114.6993 114.9256 115.3031 115.6796 116.0288 116.3280 118.5189 117.6078 117.4715 117.9054 118.1969 118.5172 119.0093 119.8928 118.0143 114.5953 120.4710 120.6146 120.8463 121.1743 121.4659 121.1903 122.2755 124.1916 123.1237 122.8241 123.0591 123.2935 123.5669 123.7761 123.9874 124.2129 124.6159 124.6300
120.9700 120.8435 119.9268 119.9518 119.9419 119.6755 119.1014 118.8928 118.1174 121.3585 115.2271 114.2067 106.4097 105.3809 102.1222 103.6629 112.7410 102.4988 101.8775 111.2890 114.4372 113.4182 113.5512 113.0416 113.0628 113.1411 113.2365 113.0811 113.5558 113.6972 114.4654 115.5163 115.3928 115.2850 114.7845 114.9840 108.7040 114.2371 117.3246 117.3909 118.0677 118.7335 118.6966 120.9170 120.6411 120.7975 119.9827 120.4122 120.7110 121.0210 121.2251 122.1623 123.6236 117.6864 122.8719 122.7206 123.1550 123.0943 123.2912 123.5586 123.8797 124.1094 125.3405 124.4200
120.8600 121.2755 124.4222 119.8389 119.7874 119.2590 118.9668 118.5925 118.2010 115.2457 117.2437 117.5187 116.8280 110.5983 118.0971 104.8257 113.4940 105.7311 98.8085 106.0181 113.3396 112.8294 112.9227 113.1369 112.9693 112.1017 112.3366 112.5538 113.3347 113.1818 113.3186 114.6047 112.4068 108.9026 117.5367 115.7711 107.6367 115.3990 116.9596 118.3755 113.3713 118.0403 118.3935 118.7227 118.8600 119.4447 119.9516 120.2584 120.6402 120.8723 121.8087 118.5992 112.6943 115.5577 118.8517 124.6310 121.6424 125.5277 123.3692 123.9056 123.7712 124.0786 124.2268 124.4000
120.8600 116.1365 116.3385 120.8681 119.4707 119.1215 118.6710 118.2809 118.0033 118.1646 118.4270 108.2996 114.2858 94.7284 94.8736 103.6498 104.0688 106.1284 101.2079 108.9985 112.5742 111.9857 111.5849 111.5967 109.6742 111.7417 111.0152 102.0398 111.6738 109.4844 112.4147 112.9689 119.1360 102.2059 104.6033 109.7134 116.4328 115.9196 116.8438 118.1460 114.1779 117.8686 118.1557 118.6406 119.1247 119.4160 119.7634 120.0917 120.1754 121.1983 116.2683 105.3454 115.6480 117.9697 110.5904 115.3260 121.1845 110.7260 119.7285 121.8933 123.7680 124.0473 124.2467 124.3700
120.5300 114.6299 117.0229 119.7179 119.3326 118.9600 118.9178 119.4001 117.7846 118.7809 114.5904 112.0143 107.0678 106.2192 95.8549 101.1005 98.2275 114.7937 106.5763 112.7572 111.4518 111.0779 110.6113 110.7103 108.2169 110.2636 110.7150 110.7525 111.7141 110.1489 111.3916 112.4086 112.8655 111.3736 109.1206 115.7382 114.9550 115.7515 115.6135 114.5975 117.2375 117.6766 118.0789 118.4506 118.8423 119.2531 119.5407 120.0027 121.5852 124.3218 105.3295 104.6626 106.5379 105.9087 106.1894 115.7997 111.6890 114.8382 121.3710 123.3132 123.6517 123.9374 124.1896 124.3500
120.4900 120.6271 120.4235 119.9652 119.2367 118.5669 118.5010 107.6190 121.8175 108.7723 107.7371 116.9668 114.9801 101.5798 93.7549 103.0342 109.1829 106.9101 109.5334 111.0716 110.4865 110.0910 109.6042 109.1898 109.2696 109.0044 109.0514 109.4765 109.8688 109.6184 111.9861 111.5984 112.4680 112.8313 113.8082 114.5145 115.4987 115.1986 115.5593 119.3359 116.6536 117.1159 117.6744 118.2949 118.7043 119.0276 119.9052 120.9883 106.6321 116.0840 99.0636 118.5307 108.5391 108.9893 121.9806 122.0452 112.3563 119.1466 123.5370 123.4865 123.7269 123.9013 124.0052 124.3300
120.4500 120.1172 119.7532 119.4409 119.0900 118.4773 118.4037 100.3859 96.8966 100.5632 114.8275 115.3090 108.4495 103.1289 92.0994 104.7435 111.5849 110.5623 111.3889 110.4015 109.7266 108.9925 108.3671 107.8756 107.5622 107.5536 107.8054 108.2470 109.0103 106.1936 108.0229 111.1658 111.7436 112.5074 113.4409 108.1583 112.6943 114.6886 115.7660 116.1172 116.5756 119.5815 117.6166 118.1932 118.5623 119.2089 115.8942 119.3898 103.8343 108.0670 98.8007 102.1670 115.2916 113.7132 122.5682 122.4650 121.8359 122.6819 123.1674 123.3235 123.5040 123.7778 124.1126 124.1600
120.4200 120.1007 119.7324 119.3384 119.0746 118.4826 112.2661 116.7750 105.8924 105.9043 104.2815 117.0484 113.5351 99.3974 105.2363 113.0632 115.4201 111.0810 110.5376 109.6159 108.7172 107.8156 106.9778 106.2972 105.8916 105.8322 106.1615 106.8062 107.5434 108.4726 109.4317 110.3022 111.1585 111.9913 113.5490 113.6907 104.1802 115.4449 115.4819 115.9679 116.5132 117.1799 117.4924 117.9758 118.4117 118.8514 119.5242 116.1438 101.8581 101.6195 110.4595 115.3172 121.5600 121.6289 119.4134 120.7501 121.6441 122.6445 123.0552 123.1887 123.3064 123.8301 124.0841 124.1400
120.1400 120.0213 119.6498 119.2472 118.9467 118.9061 109.5461 115.1471 103.1007 103.8136 99.6179 111.0250 113.9172 109.3533 100.3535 101.3880 112.5415 110.7903 109.8360 108.8116 107.6921 106.5415 105.3920 104.4173 103.7766 103.6959 104.2133 105.1288 106.2531 107.3817 108.5081 109.5943 110.5814 111.4998 112.0771 113.8439 111.9398 114.6864 115.1791 115.7853 116.3564 116.7031 117.3001 118.0987 118.3834 120.5097 111.1792 118.0085 104.7712 112.4974 120.3879 111.5154 111.3331 123.4738 121.9200 122.1674 122.2801 122.9891 128.5157 108.4890 115.3600 123.6968 124.5477 124.1300
120.1100 119.9561 119.5811 119.1804 118.8050 118.8605 107.9276 108.2033 108.6575 98.3932 101.9320 101.0404 96.8771 100.5990 106.8396 113.1234 111.3443 110.3620 109.2298 108.0226 106.6775 105.1866 103.6254 102.0730 101.0232 100.8907 101.7483 103.2054 104.7900 106.3051 107.6920 108.9415 110.0626 111.0702 112.0238 112.9196 113.6615 114.3469 115.0075 115.6151 116.2254 118.6884 117.1869 115.3265 114.7250 108.0473 109.3217 105.1544 102.3880 108.9711 110.1795 112.1536 110.5972 120.9778 118.9380 121.5857 120.8705 116.2799 114.4220 124.9223 124.7770 116.5118 122.2516 124.1200
120.0900 119.9143 119.5382 119.1279 118.6931 119.4116 109.5963 110.6181 108.5745 102.9531 101.2977 102.8519 104.3107 102.0772 116.1624 101.3471 111.3343 109.8493 108.7199 107.3407 105.7429 103.8721 101.6571 99.2134 96.9040 96.5253 98.6114 101.0452 103.3430 105.2901 106.9402 108.3773 109.6331 110.7297 111.7273 112.6148 113.4203 114.1735 114.8838 115.5310 114.7601 128.4800 114.3579 103.5935 110.1135 101.4931 119.4655 112.5199 121.6522 110.9261 109.7229 109.3876 111.4950 109.6163 118.1809 120.5900 118.4410 118.0834 120.8424 122.7123 124.0405 118.5552 116.7450 124.1100
120.0800 119.8904 119.5082 118.9713 118.8606 116.3254 114.5953 116.3075 106.0834 108.2836 92.6491 98.8784 108.7005 102.5256 113.9874 98.4928 112.6627 109.4362 108.3281 106.8223 105.0113 102.7481 99.7944 95.5919 90.4787 89.8298 94.0310 98.9272 102.0699 104.4665 106.4376 107.9874 109.3224 110.4968 111.5297 112.4627 113.2981 114.0600 114.7803 115.3957 115.5060 115.3844 116.5519 124.9052 110.2630 106.0869 118.8267 107.1831 107.2853 114.6476 112.8151 114.4040 116.1558 115.5960 113.5115 121.6107 122.0132 123.5259 123.1394 123.3205 123.0151 126.2915 124.6167 124.1000
120.0700 119.8743 119.5017 118.9215 118.7103 112.8859 109.5920 112.2879 107.2565 111.3001 106.5853 97.9706 98.3233 98.1768 114.5660 112.9785 111.7296 109.4962 108.1370 106.5543 104.6037 102.0869 98.5931 92.0476 85.9190 85.2182 89.9497 97.4092 101.3017 104.0365 105.9250 107.8859 109.1581 110.3683 111.4357 112.3805 113.2314 114.0062 114.7252 115.3672 116.0761 116.9691 116.8353 117.1179 119.1387 119.4125 119.5490 122.8886 107.6402 123.5108 122.0501 121.6984 121.9522 122.6976 122.7818 122.1784 122.3597 122.4623 122.9465 123.1991 122.9204 130.1772 122.9921 124.1000
120.0600 119.8610 119.4881 119.3130 110.2970 107.4770 112.2174 111.2430 103.7290 105.4108 101.5886 98.7004 96.7261 110.1191 113.6923 113.3415 108.7679 109.4946 108.0925 106.5704 104.6265 102.1186 98.6504 92.4033 86.3747 85.5103 90.1319 97.5287 101.3417 103.4653 109.1066 107.2250 109.1763 110.3857 111.4350 112.3865 113.2333 114.0089 114.7212 115.3735 116.0100 116.5262 117.1285 117.8739 118.0060 118.5797 119.0517 121.5132 104.8294 112.5035 119.4090 120.3129 121.1114 121.1866 121.6226 122.1138 122.3774 122.7175 122.9680 123.1967 123.4134 125.2389 123.7148 124.0900
120.0700 119.8845 119.4320 119.3646 113.8164 111.5937 107.6301 101.3950 104.6926 102.1544 99.3177 99.9503 102.4750 98.9500 114.0748 100.1617 113.8393 109.5389 108.3028 106.8809 105.0605 102.8313 99.9616 95.4216 90.9448 90.2626 94.4269 99.1574 102.1978 104.6156 111.5522 109.6012 109.3660 110.4959 111.5459 112.4674 113.3034 114.0681 114.7791 115.4289 115.9019 116.2293 117.2708 116.9373 117.6725 117.7988 119.8116 117.9895 101.8067 107.8966 118.3650 121.0214 121.1231 121.5800 121.7670 122.0235 122.4233 122.6869 122.9562 123.2300 123.4738 123.6427 123.7634 124.1000
120.0800 119.9066 119.5700 119.1944 120.0529 116.9810 116.5694 118.1384 107.5641 108.4921 108.9054 98.9945 113.7352 109.6250 115.1367 108.6767 111.5038 106.2985 108.8491 107.4243 105.8114 103.9908 101.8656 99.4436 97.3721 97.0202 98.7957 101.0927 103.2838 105.2108 108.7100 110.7201 109.7654 110.7350 111.7451 112.6336 113.4451 114.1876 114.8697 115.5115 115.8369 120.2272 111.3448 119.2245 118.9793 125.5459 122.9947 105.3313 118.8825 105.8776 116.7833 115.8500 122.1880 121.4866 122.1695 122.6889 122.4124 122.7047 122.9786 123.2380 123.4798 123.6937 123.9755 124.1000
120.1000 119.9934 119.3620 120.5647 111.3064 108.4475 106.1432 103.4877 105.8082 102.0417 99.4203 96.5718 116.4536 101.5611 93.4755 99.6011 111.5796 110.1892 109.2831 108.0971 106.7664 105.2938 103.7681 102.3035 101.2492 101.1279 102.2075 101.9416 107.5463 106.3608 107.4254 109.0910 110.1537 111.0934 112.0306 112.8731 113.6364 114.3447 115.0415 115.6624 116.2827 117.5059 111.5413 99.4003 103.5306 103.7798 108.6598 119.0400 127.4902 109.2324 108.1113 116.2913 111.8228 122.3798 122.3470 116.4446 122.8140 122.7697 122.9979 123.2624 123.4755 123.9235 124.2163 124.1000
120.3700 119.7446 121.8846 96.7474 100.5688 99.7309 111.8593 108.3476 112.0478 102.4333 100.3234 98.2428 96.4512 113.6797 107.5085 111.9047 111.8651 110.8424 109.9069 108.8702 107.7853 106.6536 105.5382 104.5856 103.9563 103.8917 104.3526 104.6446 106.4271 107.4710 108.5695 109.6573 110.6316 111.5748 112.3727 113.1666 113.8983 114.5572 115.1943 115.8569 116.3630 116.6458 119.6102 119.7139 112.6669 115.1520 104.9956 122.1341 114.5579 120.1866 118.2097 116.5135 120.8800 121.8485 121.9127 121.7730 122.5575 122.7772 123.0318 123.2996 123.4388 123.6916 121.2549 124.1100
120.3900 120.4276 113.4353 113.1235 106.6438 108.0420 108.7026 106.0348 105.2014 106.4507 97.6603 99.0317 114.1970 114.1977 114.3204 112.9018 112.2200 111.4324 110.5803 109.7096 108.8094 107.9232 107.0928 106.4352 106.0291 105.9805 106.3080 106.9045 107.7061 108.5443 109.4701 110.2808 111.4916 111.9183 112.7912 113.5050 114.1922 114.8234 115.0265 119.9528 116.1493 117.5642 116.7822 113.1900 104.9593 103.0840 109.7398 107.2457 108.1655 119.4816 120.5101 120.5434 121.2919 121.6681 122.0718 122.3106 122.5071 122.7978 123.0713 123.3294 123.5922 123.8468 123.9969 124.2800
120.4200 119.4901 115.4059 108.4689 106.0897 105.6363 104.7233 104.5823 105.7896 102.6191 97.3857 120.6079 106.5162 115.3683 113.9528 113.3788 112.9663 111.9885 111.2875 110.5379 109.7964 109.0988 108.4728 107.9863 107.6962 107.6666 107.8922 108.3245 108.9562 109.5454 110.3561 110.6834 116.0460 112.3776 113.3128 113.8723 114.5089 115.1073 115.6552 115.7807 116.0392 118.6204 101.9039 121.7857 103.1953 108.2929 105.8055 105.1201 110.2839 106.8531 110.8341 109.1064 120.7110 121.6273 120.9546 120.8371 122.9858 123.2590 123.1035 123.3490 123.6026 123.7333 124.3204 124.2900
120.4600 110.7701 113.2665 112.3711 106.5644 105.3794 109.4691 105.2006 103.8212 104.5013 107.3651 113.3522 108.1172 116.6284 114.0836 113.2914 111.9388 112.4960 111.9933 111.3320 110.7360 110.1610 109.6906 109.3447 109.1366 109.0886 109.2552 109.5687 110.0033 111.6112 110.5470 110.7740 112.5648 112.7877 113.6048 114.3317 114.8773 115.4235 115.9516 116.1692 116.6192 118.8308 121.0400 96.6565 113.3685 111.7728 106.2579 104.6371 112.3569 119.5530 109.8165 110.4440 110.0092 120.0395 113.9172 113.1636 120.7176 119.1346 123.2159 123.5749 123.7424 125.2842 123.1486 124.3100
120.7700 115.6494 108.6289 108.6959 109.3761 107.4877 107.3632 103.4490 103.1874 96.1671 94.8663 94.9490 116.1208 108.1463 115.4934 113.1585 107.4769 114.0194 112.6322 112.1793 111.6110 111.1620 110.7350 110.3824 110.2142 110.3045 110.4304 110.6745 111.0548 111.2524 101.0555 114.4394 113.1589 114.5092 114.1074 114.2604 115.1748 115.7519 116.3296 117.2755 117.8537 123.1555 113.9000 101.8485 111.4745 115.8039 99.6034 104.5072 118.1716 116.3993 118.0756 109.8838 111.7732 120.7221 114.6903 122.6896 110.6545 122.0744 123.9517 123.5048 122.8591 126.1502 116.3292 108.2400
120.7700 113.3377 106.4466 107.2133 110.0508 106.3759 106.6653 104.5400 104.2250 108.0835 99.6580 97.7284 113.1568 100.5835 116.5361 115.5237 114.6661 113.6498 113.3272 112.8295 112.4404 111.9163 111.7307 111.8814 111.4539 111.3904 111.4792 111.6714 111.9234 113.0022 114.4047 112.8176 113.7854 110.8997 113.0430 116.1698 115.5940 116.0410 116.5667 113.6867 122.6301 119.2338 106.6011 102.1597 116.4840 104.5810 105.2043 103.4866 110.7648 103.0029 111.8815 110.0824 116.8185 119.4545 123.2551 122.1287 116.9032 107.8591 123.4298 123.4542 107.2704 126.2786 116.3507 102.3400
120.8300 104.0432 108.5199 104.5341 107.4362 105.5936 104.1843 100.4124 104.7319 108.3574 98.4874 98.8496 118.7114 106.8193 116.2468 114.7811 114.6012 114.2858 113.9679 113.5698 113.2547 112.6076 109.4016 109.5702 111.9350 112.3119 112.3999 112.5792 112.8668 112.6719 113.4757 115.2198 114.1112 108.7491 99.8911 106.5996 117.7695 116.6022 116.9213 117.5218 106.8024 105.6159 107.8147 102.5181 102.1452 100.4337 112.5052 120.4735 118.9957 108.3267 110.1047 112.7206 124.2038 122.2797 122.0674 122.6569 123.9417 125.3389 123.7274 123.5900 112.7482 114.3387 117.5612 121.7200
105.6300 106.6505 108.0908 107.1727 109.5272 105.5244 104.4488 101.3724 97.4579 95.6921 100.9520 97.1825 117.2662 107.5809 119.5061 115.4034 115.5159 114.7269 114.4032 114.2326 113.4998 115.6138 108.0226 115.0185 114.6714 113.2028 113.2492 113.3585 113.4262 113.8407 115.0679 105.7876 100.5755 114.9091 112.5562 99.7559 106.8212 116.9601 117.8043 111.4867 99.4794 98.3716 104.6955 105.8016 107.7629 115.1626 122.1363 120.0421 119.2458 119.0283 122.4111 112.4049 122.0412 121.9178 122.6025 122.8991 122.7941 122.9437 123.3058 123.5996 123.0440 104.2685 119.8697 108.7600
107.2500 108.7383 105.5641 106.6318 105.3605 110.2827 107.6312 108.4374 99.7424 99.8826 100.7552 109.4241 119.0081 116.6076 99.2022 98.1275 114.2216 119.8493 115.0011 114.8501 114.2757 113.5918 105.0821 96.6161 115.3650 113.8203 114.0078 114.1136 114.8883 114.2666 114.3468 100.8955 104.4302 111.5183 111.3175 100.5264 98.3074 116.3313 116.8691 111.9218 100.3870 116.2831 106.8118 97.9119 114.4722 106.8026 121.0915 121.5377 122.6125 130.7791 129.3256 110.3932 124.2992 122.7019 122.5511 122.0565 123.0690 123.3011 123.4681 125.0576 123.0726 119.6746 123.8383 108.9800
111.7600 112.4263 107.5337 105.9198 104.9745 107.6976 103.4907 104.6708 102.1199 100.4611 101.4889 102.1136 118.6696 120.7023 108.0734 114.6339 117.5076 116.3193 115.7060 115.4492 115.0229 115.4463 116.7669 114.4990 114.7330 114.5751 114.7339 114.7697 113.8917 107.7357 115.1399 110.5360 107.1799 104.0986 115.7865 103.6159 97.8596 101.9457 116.9326 114.8554 116.0569 117.2838 98.9426 113.7874 106.8844 112.2496 122.8138 109.5564 99.3144 103.0257 111.7218 105.6606 106.6290 122.7993 120.5180 130.9658 122.8554 123.5028 123.8186 126.6847 127.9809 124.7738 124.8156 124.6000
107.9600 110.0693 111.5555 108.1731 108.4340 104.5594 105.2288 101.8513 101.5768 102.0688 105.0762 117.3777 104.6532 112.8856 105.1505 113.1941 118.1132 117.0171 116.1561 116.0118 115.8435 115.5183 115.1473 115.3104 115.3628 115.3484 115.3717 115.2775 115.9525 116.0992 116.2143 107.2739 93.7696 105.9141 101.4263 102.6366 102.4268 120.4546 117.9301 118.9317 118.7635 118.6093 118.9020 110.3647 118.8888 107.9069 108.6170 121.3110 115.1994 118.5495 102.2767 105.8875 109.8158 112.7997 111.2674 124.3121 122.9203 123.5382 123.7161 123.7815 124.8303 124.3538 124.4918 124.7800
111.3400 109.2046 109.8583 108.1883 109.3159 110.3591 98.5106 108.0773 100.4144 104.0220 103.5200 104.0343 103.4367 94.4116 114.4312 123.6791 112.6126 116.5434 116.6618 116.5502 116.3745 116.2473 116.2242 116.0662 115.9660 115.9692 116.1416 116.5946 115.8934 116.1798 116.3607 116.2376 110.7513 97.3555 99.7750 102.4660 104.2445 118.9378 118.5190 118.9636 118.9758 120.4696 111.5741 105.9189 107.3773 121.4569 120.2292 121.4245 121.7543 117.5494 114.4201 100.0430 110.1391 104.7216 108.4479 117.2279 123.6723 123.5956 123.4601 123.6480 124.2067 124.4616 124.6616 124.8100
106.3100 106.6817 106.6323 109.7661 110.1364 102.6551 107.8814 106.3897 104.6108 103.0079 105.7614 102.7188 95.9224 102.2336 118.7538 119.7636 96.7858 118.3930 117.4610 116.9931 116.7871 116.7027 116.3270 116.4214 116.4687 116.5621 116.6755 111.2617 117.4068 116.7088 117.8455 119.7339 104.7868 110.8563 102.7564 99.4127 113.0008 119.9659 117.7391 119.1605 119.3113 119.6861 115.8992 114.5264 101.9061 120.5662 120.9101 120.9787 123.7179 102.7577 123.7462 122.1387 123.7855 124.0872 123.6301 123.4397 123.4364 123.8411 121.0977 109.9278 125.4489 126.0465 124.9982 124.8400
106.9100 106.3156 107.1563 110.7647 109.9866 109.3332 110.5110 108.6961 106.0771 103.7162 104.9643 105.1454 109.1968 117.1490 118.9329 118.9020 119.3660 116.5779 116.8904 117.6997 117.3012 117.4767 118.8281 117.5473 117.7197 117.0528 117.1401 118.1529 121.8840 102.7914 114.9348 101.9522 97.8187 113.2959 113.8203 108.5548 111.8882 113.0746 106.7406 120.9885 119.7506 121.4888 121.4341 111.2677 110.5834 121.7158 121.1147 121.4664 121.5737 118.3581 123.1868 122.3287 122.3137 122.6341 123.1901 123.3750 123.5731 123.5948 124.2505 124.6603 123.2888 119.4852 121.6889 125.0200
110.9100 109.2921 110.8465 111.8462 109.7332 109.6459 110.1805 110.1646 106.8372 101.2486 100.8054 104.6577 114.5210 119.3535 118.6650 109.4512 118.6502 118.7667 112.4277 117.6979 117.7525 110.6427 108.8380 111.6735 117.1405 117.4589 118.6015 109.8312 98.5006 121.0862 132.8944 115.6042 118.4240 119.6312 120.2530 99.0923 107.4193 120.3598 120.4139 119.1269 119.3975 121.0627 116.4656 103.9797 109.2386 120.6003 121.4405 121.7118 122.0453 122.2072 122.4140 122.7499 122.9478 123.1617 123.3364 123.4895 122.9842 125.6634 125.0277 123.8221 121.5869 125.5915 104.8959 121.4900
111.9900 111.6264 112.1777 110.3347 109.6114 110.6372 109.6518 110.6142 105.6027 106.9085 106.6010 110.6902 119.9182 120.2589 120.0577 117.8784 119.5923 119.3294 114.7313 118.3392 118.1877 112.4834 115.2941 110.4686 122.0181 117.5403 116.3428 102.5033 96.4683 104.4171 119.4704 116.7777 118.7399 118.5022 117.2730 107.0515 118.7817 118.9005 113.8999 120.3937 125.6687 119.1293 110.9405 104.3934 123.5707 121.7294 121.6732 121.8918 122.0876 122.3212 122.5586 122.7662 122.9861 123.2279 123.3415 123.4867 124.9653 115.5917 120.1489 124.5851 124.8918 117.8885 116.1688 108.4200
111.9900 113.1234 112.3429 111.5531 111.6564 110.4102 110.4344 110.1108 108.9532 103.8519 106.0201 123.8379 119.1747 119.6010 119.5518 119.3531 119.2879 117.1340 95.0303 118.8567 99.1012 95.0778 105.0623 111.7677 106.0120 120.2503 119.3201 105.9143 97.3162 105.4894 118.0940 118.7244 119.1162 119.1913 120.0251 117.4308 102.4773 114.7221 104.3659 109.3854 113.2744 107.9564 113.2358 101.2382 123.0765 121.2805 121.8898 122.0827 122.3110 122.5341 122.7376 122.9534 123.1634 123.3684 123.5934 123.6666 123.3439 112.2667 117.3660 124.7107 124.6479 125.4919 120.0329 108.4200
114.0900 113.2055 112.0397 111.6048 112.1177 110.1184 110.0223 109.6812 108.4025 105.6236 106.4211 119.9048 120.4001 120.1307 119.9406 119.8607 119.1804 120.5172 107.7820 119.2518 110.1913 101.4963 97.7916 96.5640 105.6876 107.3514 116.8270 111.3338 97.5797 107.3333 97.9248 119.9456 119.3048 119.3808 120.8153 111.2554 107.0975 104.9584 101.4958 118.4878 103.6947 100.4958 108.7767 118.3799 122.4341 121.9295 122.0597 122.2909 122.4964 122.7064 122.9139 123.1119 123.3107 123.5179 123.7199 123.9202 124.2494 125.6041 125.5998 124.7291 124.9754 125.7142 119.0605 115.0600
114.0200 112.7757 112.0949 111.7264 111.4788 109.6636 108.7362 109.6289 108.3242 112.9084 113.4903 121.8395 120.4536 120.4311 120.3513 120.1432 119.9596 117.4005 108.6612 119.5090 121.1428 122.3933 95.3991 96.4152 96.5126 98.2969 117.9424 102.5707 100.1317 103.2945 97.5878 122.5125 119.6515 119.4505 122.0985 98.1407 108.1275 107.9848 109.1893 121.4253 97.7544 99.0456 107.7909 123.6942 121.3605 122.1292 122.2805 122.4853 122.6883 122.8848 123.0863 123.2830 123.4693 123.6678 123.8653 124.0581 124.1014 123.9488 124.4450 124.3368 124.5994 126.5075 113.2696 106.4600
113.7000 113.7984 113.2382 115.1799 113.9128 113.4864 108.2451 109.8733 110.6883 123.1291 120.7947 115.4425 122.8809 120.5533 120.4828 120.4800 120.7128 120.9385 119.0869 120.0637 120.3522 115.3402 121.4223 118.8194 118.2364 119.5534 106.2818 113.9760 103.4814 105.8114 99.5932 122.2255 120.0670 121.1785 115.8016 102.9313 106.2536 110.5409 115.2358 121.5298 107.9065 102.8389 103.2574 123.2523 122.0279 122.3085 122.5032 122.6822 122.8778 123.0647 123.2561 123.4469 123.6326 123.8213 124.0017 124.1813 124.3979 124.6009 125.0399 127.2667 125.6261 124.9207 124.8228 129.4900
114.3400 114.3002 113.1373 108.5220 111.0788 113.1606 109.7487 117.5988 117.1409 122.1394 123.7789 94.9601 111.3468 122.5752 121.3077 121.0460 117.1177 120.1096 120.3664 120.1010 117.7670 98.6667 116.7799 103.3175 110.7860 119.9543 101.3602 107.2064 106.1310 107.2321 109.1251 122.1102 120.4461 122.4689 103.2705 117.3740 114.2669 112.8706 116.6637 121.6935 115.3382 106.9996 119.8575 121.6867 122.4334 122.5064 122.6927 122.8793 123.0641 123.2478 123.4265 123.6139 123.7958 123.9692 124.1993 124.3808 124.4927 124.6332 121.9432 116.3458 107.8609 128.7106 125.3386 122.7100
114.2500 114.4160 112.5046 112.9576 114.9315 112.4318 110.2176 109.3428 120.0420 128.6356 117.0913 107.1292 103.1642 108.8835 121.3569 121.4227 118.7354 121.4981 120.4524 121.7196 117.4813 99.8824 114.4531 112.0244 113.2849 107.4798 101.1728 107.0604 105.3953 104.3212 109.6642 121.4029 120.8840 122.4213 106.6063 122.3081 121.3100 121.6808 115.6539 122.4044 118.1240 100.1672 108.6554 121.6485 122.5917 122.4823 122.9086 123.0840 123.2523 123.4305 123.6015 123.7768 123.9568 124.1379 124.1949 124.4250 124.9159 124.8360 125.1853 126.9133 106.7817 103.4189 108.4698 120.3800
108.6500 119.8683 114.5938 113.3706 114.0103 122.8869 122.8839 121.2218 108.1304 121.3930 105.4198 111.2997 111.0852 122.1987 119.8272 121.5354 121.4370 121.2584 121.7647 115.9296 102.6143 101.3746 98.9362 103.6396 100.4146 107.7685 103.5349 106.4521 111.1437 114.3363 122.0613 121.5163 121.1751 118.0046 123.2434 121.6967 120.5814 121.4582 110.3878 122.3210 105.5146 114.5078 100.5112 109.1938 122.9725 122.9725 123.1174 123.2686 123.4430 123.6110 123.7802 123.9516 124.1040 124.3427 124.3024 123.1782 125.3053 124.8321 126.1783 125.0904 125.5731 123.4414 107.2963 111.9200
114.4400 110.3541 125.7545 123.5603 123.1612 123.4155 122.7279 123.4171 122.6410 124.8430 122.4398 122.7725 123.4815 105.8317 114.1717 122.5387 121.9743 119.3379 122.6354 107.2543 114.9967 99.8981 102.5812 103.0838 101.3097 111.6188 104.1649 107.7388 110.4970 113.4072 121.6109 121.0228 122.3104 114.6411 121.6878 121.7527 121.9394 128.0581 117.7458 120.5627 123.9709 111.6065 97.8445 107.3100 117.5107 123.1153 123.3245 123.4754 123.6300 123.7921 123.9510 124.1217 124.2865 124.3308 125.5516 111.3759 120.7392 122.7626 125.1602 124.9036 125.8694 122.9408 122.2758 114.3500
123.8900 122.8027 125.0806 123.1118 123.3109 123.2363 123.1689 123.3317 123.2587 122.2567 122.5145 124.0830 118.4267 103.1997 103.5037 116.9450 120.4567 107.7510 110.9063 122.6639 107.1025 118.3964 106.9520 107.3824 100.9004 117.1882 105.0215 111.5014 107.7776 103.8707 119.4847 122.1282 122.1770 119.3032 122.0123 122.1570 121.7887 122.1576 110.0583 121.2464 116.4444 111.6327 99.8579 117.7840 111.8953 123.8189 123.4984 123.6625 123.8192 123.9759 124.1250 124.2865 124.4303 124.6329 124.8244 126.0353 126.1938 113.0750 123.2482 126.3215 125.8372 124.9783 110.6981 112.6200
124.1000 123.7946 124.0019 123.7873 123.6297 123.4585 123.3316 123.1551 122.9587 122.9661 122.8468 121.9350 106.4340 101.3252 102.4460 104.4949 110.5115 112.0261 116.2239 121.3478 107.8139 124.3893 108.1163 103.1572 102.3343 109.9368 106.7883 109.5118 110.3284 106.8089 112.0275 121.8096 122.1547 122.3729 122.2518 122.3328 122.4206 122.3716 120.3506 123.7372 117.5582 124.6843 115.7957 121.1271 123.1242 121.9693 123.7285 123.8865 123.9948 124.1511 124.3126 124.4513 124.6022 124.7676 124.6376 124.9616 125.1298 127.9199 127.4582 121.2433 115.6620 112.5342 114.7582 113.0000
124.1700 124.2000 124.0300 123.8900 123.7600 123.6100 123.4700 123.3500 123.1700 123.0300 122.8800 122.9000 102.3900 100.5800 100.6000 106.5400 101.2100 106.3000 108.4700 122.1200 104.1200 107.2900 108.2100 104.0700 100.3800 110.1500 106.9900 110.8800 111.6200 101.9700 117.7200 122.1000 124.8500 122.2600 122.4400 122.6100 122.5800 122.7700 122.9200 122.8800 123.0600 123.1900 107.3000 105.2400 109.4500 123.7700 123.8900 124.0300 124.1700 124.3000 124.4400 124.5700 124.7000 124.8400 124.9700 125.1000 125.3500 125.4700 125.6000 114.4300 111.2100 111.5000 113.9100 110.3200
