126.0400 126.0400 104.0400 127.0700 127.0700 126.1800 126.1800 126.1600 126.1400 126.2800 126.2700 126.2500 126.3800 126.3600 126.4800 126.4600 129.1900 126.5500 126.6900 116.4300 116.4300 117.0800 126.9700 126.9400 127.0600 127.1500 127.2400 127.2400 127.3200 127.4400 127.5200 127.6000 127.7100 127.7900 109.6800 127.9700 128.0700 128.1500 128.2400 128.3500 128.4100 128.5100 128.5800 128.6700 128.7700 128.8400 128.9200 129.0200 129.0900 129.2500 129.3500 129.4100 129.4900 129.6600 129.6600 129.8100 129.8900 117.6700 120.3800 120.2100 110.8700 130.3400 130.4900 130.4900
126.0400 122.7570 107.6579 108.1322 129.1980 125.8119 126.3991 126.2554 126.1197 126.1258 126.1319 126.1726 126.2388 126.2875 126.3131 125.3098 125.2569 126.3063 125.8087 113.6436 111.8847 113.0743 131.4661 126.4777 126.8454 127.0796 127.0756 127.2153 123.8936 110.5220 125.4370 127.8237 122.7958 115.7362 112.9311 118.7890 123.7497 115.5599 128.7748 128.0159 119.5858 128.1109 128.4649 128.6462 128.7066 128.7947 128.8920 128.9894 129.0845 129.1787 129.1396 124.6437 127.3608 129.3207 131.0276 132.1305 122.1167 119.7710 117.0461 120.3535 114.9550 130.5231 130.1982 130.4800
114.0500 116.3324 113.1697 109.7317 121.8490 121.3307 122.3452 126.2694 125.8145 125.9163 126.1486 126.1285 126.0543 126.1076 126.1387 126.3104 126.3047 126.2252 128.4120 132.6629 115.4616 112.7186 127.6070 127.1239 128.5705 126.6590 126.9942 127.7008 125.6030 109.8353 129.5752 113.7754 106.3652 111.1784 118.1280 125.1383 112.9619 114.6262 122.6966 127.9503 126.0042 128.5498 128.3074 128.4689 128.5722 128.7000 128.7985 128.8896 128.9758 129.1036 129.3268 129.7548 131.8187 129.5391 126.5330 117.3560 109.9903 116.8239 117.3433 114.5782 127.9478 131.6705 130.5443 130.3700
125.6900 126.5061 124.2818 108.0550 123.2221 115.5977 121.4413 126.7278 126.0643 125.9480 124.0151 125.8629 125.8662 125.9214 125.9728 126.0076 126.0636 126.1786 125.6024 109.7323 113.8028 118.3599 111.1210 118.2278 121.1074 127.3674 126.7836 128.3221 120.6065 122.9778 122.8924 112.4583 126.5980 109.8244 116.0899 119.3239 115.0927 115.6688 125.9607 128.2531 128.4355 128.1623 130.2148 128.7456 128.4020 128.6066 128.6908 128.7989 128.8879 128.9995 129.0323 128.8651 128.6173 130.0909 131.9333 114.0631 117.4863 119.9135 113.4964 118.6053 133.4082 130.1796 130.3934 130.3300
125.3200 126.4947 126.2535 109.5544 118.4876 116.3144 120.4148 121.0288 125.3936 125.7224 125.2457 125.8164 125.6728 125.7516 125.7893 125.8504 125.8964 125.8817 127.1231 116.8375 105.2923 132.8097 110.3318 125.5086 131.7393 126.0332 126.8929 123.3563 127.2283 126.4111 127.8191 118.7685 113.5476 120.2082 108.9615 117.4665 124.3186 129.1172 126.0353 128.1424 128.9368 127.6036 125.8922 127.9957 128.2911 128.5089 128.5925 128.7014 128.8058 128.8757 128.9353 130.0516 130.7404 129.5915 111.3641 117.3985 110.3069 108.0345 115.8283 114.5601 122.4400 129.5604 130.1296 130.2300
115.1700 118.1203 123.0068 111.5455 121.4967 120.0231 104.3897 130.3902 125.1893 126.1650 125.4073 125.4937 125.4821 125.4573 125.5894 125.6454 125.7243 125.8065 126.1755 125.9560 120.7022 125.5555 126.5555 127.3466 125.4821 126.5042 126.5609 126.9129 126.5941 127.5522 114.3561 123.5610 106.7704 129.1642 109.0720 114.0581 126.4248 127.6363 128.2722 124.8236 113.8571 129.6809 127.9868 128.1734 128.2832 128.4029 128.5016 128.5957 128.6876 129.4226 128.7668 128.1741 107.2105 114.9708 119.0512 113.4927 120.6647 116.7003 106.7335 124.3544 129.5257 131.9950 112.5818 108.2000
124.9400 122.1193 113.7359 116.7145 115.6970 102.9443 109.3673 127.5309 128.4115 133.6261 125.0538 125.4350 125.2473 125.8318 125.3687 125.4823 125.5316 125.6194 125.4528 125.8207 125.8797 127.7790 118.6386 126.2969 126.2329 126.2370 126.3339 126.5032 126.0089 128.2709 120.4558 104.4198 104.7312 106.9807 109.3509 115.1957 128.8131 128.5019 120.1100 123.0121 126.7162 128.2842 127.9644 128.0805 128.1913 128.2954 128.4023 128.4973 128.3392 127.8861 122.7895 125.0342 111.0259 113.9184 110.2876 111.3551 109.7581 107.5793 124.3319 130.4684 129.7237 129.9487 120.4038 110.9800
115.2600 117.2740 114.9774 114.7760 112.0272 116.5165 121.8510 125.4348 125.8034 120.7774 125.0378 125.1305 116.2388 126.3301 125.2749 125.2806 125.3455 125.4099 125.5363 125.5667 125.2223 133.2712 127.2498 112.4033 126.6661 126.1229 126.1954 126.1481 127.3515 122.3434 125.7331 122.3886 115.8803 107.8466 116.6910 129.6807 127.2977 127.1650 127.7133 128.2235 126.9043 128.3494 127.5474 128.0513 128.0761 128.1956 128.3063 128.5137 126.9547 122.9411 121.0879 106.8296 110.8820 123.2206 119.5049 107.1328 109.6461 118.4714 128.7109 129.5635 129.7816 129.7985 129.3209 130.0700
124.5400 113.8575 111.9788 115.0504 115.4540 120.1913 119.2154 121.3299 137.9608 124.2467 124.8986 121.4645 117.3397 119.8373 125.0381 125.0774 125.1530 125.2300 125.2968 125.4137 125.5070 125.6888 122.2127 125.2021 124.8970 125.9854 126.3727 125.9719 125.8144 104.4556 103.4329 106.8067 120.3113 109.9187 126.4456 127.2345 127.0827 127.4011 127.9996 122.3988 120.9012 120.7927 128.2636 127.8384 127.9884 128.0934 128.2202 128.2376 128.1288 127.1229 111.9350 113.8421 115.4265 131.0206 122.7773 124.0371 125.8014 116.6060 130.2974 129.3596 129.5337 128.6353 115.5776 125.7900
112.7000 112.4079 111.3092 118.3672 105.3292 123.5344 117.5678 112.1317 131.1383 119.7489 123.6353 123.9165 117.9564 125.0012 124.9174 124.9038 124.9549 125.0384 125.1268 125.1993 125.3073 125.2876 122.8902 124.1945 125.6948 121.3819 125.4304 126.0017 128.1658 125.2316 121.9627 131.4076 128.6260 129.4987 126.3070 126.7429 126.6933 126.7926 123.3626 113.0433 120.1864 128.5122 127.6583 127.7849 127.8826 127.9979 128.1406 128.2126 126.3119 119.9087 132.2627 130.9748 129.6580 125.8769 120.4128 115.9007 108.8944 126.9020 129.4198 129.6159 129.3209 130.6713 126.6467 129.9400
124.1300 120.5724 109.5409 108.9674 117.9965 117.5454 117.6922 112.7403 125.7513 117.5541 102.1476 116.8678 116.4377 126.4998 124.7303 124.6996 124.7607 124.8332 124.9532 125.0155 125.1016 125.1109 125.4395 125.2175 126.1818 122.3188 125.3139 126.2007 124.7829 119.0543 126.2981 126.1632 127.2811 108.4999 126.1547 126.5482 126.7769 127.6697 109.3608 111.0536 117.1329 127.8659 127.5867 127.6644 127.7768 127.8956 128.0402 127.8126 129.2700 130.0103 120.2426 121.3147 132.4143 113.4245 129.0122 107.2966 112.7369 130.2472 129.0255 129.4445 129.6207 128.6988 119.6133 135.0000
123.9100 125.1623 113.2547 112.5101 100.7281 105.0094 116.7519 120.6108 115.8203 121.3384 118.0499 115.9455 116.5109 114.8645 124.5497 124.4934 124.4638 125.0265 124.5760 124.8470 124.9161 125.0689 126.4737 126.6876 125.2368 125.8431 125.5911 125.5577 126.4679 125.9693 126.4599 125.7798 122.1616 117.8326 126.6700 126.7529 126.6408 126.5660 117.3546 124.3366 127.9734 127.5377 127.4178 127.5574 127.6735 127.7974 127.9004 128.0665 127.9957 129.0459 122.1342 115.2163 119.1519 114.0042 121.5175 113.3658 132.1426 130.8778 129.0946 129.3835 129.5831 129.5925 142.7561 107.7900
123.6900 120.5174 110.9908 113.3196 106.1323 103.8441 134.5118 118.4582 121.0139 119.9520 119.2202 114.8089 121.4317 123.4568 124.5496 124.2293 124.6220 122.8867 125.6486 124.6699 124.7040 124.8293 125.2139 125.0763 125.1504 125.2628 125.3440 125.5007 125.4370 125.7090 125.6653 126.3619 123.0133 127.9135 126.2712 126.3873 126.4464 127.6289 125.3283 128.0442 127.4567 127.1659 127.3589 127.4613 127.5833 127.6974 127.8161 127.9369 128.1264 128.2462 128.2101 126.9530 106.6659 115.8296 111.4369 111.5332 105.8888 127.6415 128.8667 129.4156 129.3149 128.5236 117.9649 107.7900
107.6400 109.1899 118.5216 117.1505 117.7137 108.1362 120.2331 118.9952 115.6038 115.7062 116.8035 124.3321 120.6525 123.4990 123.9850 124.0201 123.6384 110.0430 124.8501 124.1959 124.5339 124.6718 124.7170 124.8293 125.0551 125.0930 125.2320 125.3352 126.0141 125.3574 126.4765 125.7684 126.2891 121.1548 126.2505 126.3310 126.7011 123.0989 127.6174 115.5894 126.9898 127.1285 127.1922 127.3459 127.4693 127.6019 127.7248 127.8728 127.6943 129.2910 118.3071 124.7089 125.0024 116.2196 118.4825 116.8514 122.9020 129.5715 129.6726 129.2868 129.1294 131.6599 108.5742 107.6600
118.5900 122.4733 118.6421 126.1207 124.4001 114.4067 116.7538 115.3648 113.5095 122.7526 116.4231 125.5184 121.7758 123.2651 123.7848 123.7089 124.4071 124.6708 123.5240 124.0867 124.4310 124.4279 124.5830 124.9162 124.8671 124.9775 125.0441 125.2162 125.3577 119.0124 128.5417 114.5030 127.3675 125.9919 126.0912 126.2919 125.8409 127.6812 113.8402 120.6965 127.4258 126.8204 127.4996 127.5807 127.3679 127.4993 127.6173 127.6092 128.1151 120.0008 108.3731 128.0144 129.8717 125.4318 126.7440 113.9003 131.9089 129.6220 129.7493 129.4538 129.0898 129.1973 108.0095 107.6600
122.7500 124.6204 122.9940 122.5784 117.0790 112.4498 113.8752 117.0373 109.3237 124.9545 123.0018 122.0941 122.9942 123.2459 123.5504 123.6492 123.6153 125.0320 117.7235 125.3934 123.6565 124.3076 124.3986 124.2710 123.1639 125.1856 125.0942 124.5958 125.1080 124.9880 124.9264 115.1900 121.0522 126.2363 125.9299 126.0866 126.1713 124.9761 113.5786 114.5734 127.4018 127.1490 125.6315 125.2337 127.3695 127.4036 127.4889 128.3500 120.1708 126.3875 116.2800 123.7423 128.1327 129.7773 130.0374 129.3931 130.4870 129.3861 129.8679 129.7170 129.5413 130.3083 129.0734 118.0600
122.4900 122.2696 122.4765 122.8993 116.2518 116.5929 122.7378 116.6534 113.0104 124.2683 123.2689 128.7711 122.8562 123.1504 123.2867 123.3949 123.1377 123.4044 122.9878 128.6936 124.7662 124.0290 124.0856 124.6544 124.5062 122.1187 122.5732 125.4632 125.7916 127.1787 114.7175 115.0004 124.3928 125.6979 125.8520 125.9650 125.8088 127.9222 122.1298 122.3032 122.0223 125.1414 127.1104 130.2255 126.7939 127.3650 127.4474 127.6008 126.0834 127.5245 130.5920 114.0078 130.3893 130.5014 105.4883 104.4170 126.8847 129.3547 129.7449 130.0472 130.4479 130.4336 131.8174 123.5200
122.2300 122.3511 122.2355 123.1035 115.7312 122.5459 109.8455 118.5075 108.6933 124.3634 122.1310 122.6228 122.8569 122.9053 123.0289 123.0910 123.2741 123.3886 123.4659 123.3213 123.3166 124.6865 123.7565 125.5297 113.9323 109.0344 103.3676 101.6204 112.3984 114.1324 115.0453 125.2903 125.7461 125.3685 125.8017 125.7333 125.9261 119.4107 102.2826 115.0132 121.7092 122.6549 121.5033 124.5900 127.2258 127.2151 127.3579 127.4478 127.6071 127.5450 129.1767 128.7384 128.6672 129.3782 131.5306 112.0539 131.4930 129.1343 129.9330 129.5458 130.9432 125.2106 129.7526 122.4000
121.9700 121.8847 121.5705 122.9680 110.7697 114.9799 119.1943 117.0054 114.0202 123.6501 122.4181 122.4687 122.5677 122.7077 122.7043 123.1551 122.9533 123.1423 123.2749 123.4191 123.5089 123.5313 122.9320 122.8775 117.7848 113.2977 100.9500 104.5494 126.3708 123.4378 119.5428 126.1652 119.1609 123.2197 125.3326 125.2697 120.5433 110.0917 102.9033 122.6647 111.8992 123.1201 126.0535 127.0184 127.2991 126.9315 127.0960 127.3002 127.6132 128.0009 128.0025 128.3542 126.3441 128.2519 129.3499 129.6832 129.4408 130.2591 128.8160 120.1315 121.7796 130.8492 132.3418 133.0100
121.6900 121.8818 122.7807 114.7823 107.5005 106.3940 104.6611 115.0053 118.6572 121.7301 122.7198 122.2745 122.2977 121.9871 123.5071 120.6498 123.4411 122.9817 123.0005 123.1555 123.3263 123.3226 118.5599 125.1440 121.7647 108.8634 103.7393 104.4621 110.3675 109.5461 113.8460 124.6909 126.5446 127.7554 123.4701 119.9744 115.5875 106.3406 103.5262 111.8723 117.1184 125.1087 128.1176 126.6845 126.1530 122.1624 123.5505 127.1804 128.4150 127.3081 127.0622 129.1749 115.8373 124.8855 129.3850 130.7500 128.5947 123.5173 123.6871 120.4382 131.1837 132.3521 130.1371 130.7400
109.6000 109.9174 105.8827 111.1478 112.3160 120.3678 133.7325 113.0233 121.9230 123.0438 116.1271 122.0182 121.7591 122.2226 122.1879 116.3897 121.9404 123.9080 122.4052 122.9843 123.0797 123.7314 122.3530 122.3150 124.4799 120.3984 113.7220 105.5249 105.9602 119.5959 124.1854 117.1386 116.8418 119.0946 114.7726 113.4076 102.8720 111.6689 104.7844 103.2041 117.3343 116.1695 119.2551 118.5301 115.5560 123.6715 130.1863 128.5661 128.5860 129.8436 129.5613 128.3327 124.1518 123.0451 121.0525 123.5224 115.6427 104.6048 126.8391 122.6057 121.8091 130.3001 124.7547 130.4700
121.1100 120.7763 121.5811 120.1171 114.2454 124.7875 116.7544 121.8267 121.1405 121.9730 113.4701 122.5318 121.4839 114.2798 118.1754 121.8204 119.5458 126.0210 122.2195 122.7912 122.8896 122.3612 123.3862 126.0204 114.3738 113.5748 107.5273 104.7176 114.7332 128.1882 114.3499 106.5050 107.5327 110.6682 100.8320 102.9934 103.7307 101.3832 104.7616 115.1039 113.9500 103.3216 109.9201 115.5984 115.5660 129.8974 127.4954 127.6805 130.0571 116.9172 119.8935 129.5748 101.8605 103.0798 104.1199 104.7226 105.4084 106.6860 122.9100 132.1767 132.9455 131.3981 121.8367 122.8400
98.8000 94.6104 116.3205 100.7487 115.2931 120.7519 112.0896 122.0153 120.9097 121.1529 122.1032 121.4232 121.2313 122.7259 118.0782 120.4855 111.7460 120.7350 123.3425 122.2915 122.4589 124.0265 119.4765 110.1338 104.6849 105.3030 105.8021 102.1955 114.1756 112.7877 122.6714 111.2261 111.3075 103.1600 103.3277 103.2075 102.8621 103.8810 112.9958 115.6368 106.0997 110.9251 123.3099 121.4433 119.9528 124.8777 129.1179 130.0667 124.8787 114.5068 122.5532 117.7681 105.6782 106.3555 106.8571 104.6269 104.6816 115.8575 120.9208 118.8117 114.5588 131.4809 132.4054 118.0900
98.4900 100.1314 116.1599 99.9835 122.6029 121.0499 119.6233 121.1473 121.2026 120.7183 121.5807 120.9762 121.0691 115.7312 113.3656 121.0474 106.7986 108.3921 120.1235 122.3914 123.1645 108.1385 114.0373 103.7595 115.6227 104.2326 109.9200 99.6799 108.2891 99.2150 119.9978 107.0216 110.3804 102.9173 102.5523 103.0608 104.7119 104.5658 123.5531 113.7969 113.7265 118.1630 118.9998 119.0700 124.2729 126.0897 124.5278 118.0332 112.9233 117.1234 114.4231 104.1179 105.6001 105.8325 105.4975 116.4317 106.3399 115.8092 102.0542 103.4065 120.3897 124.8922 131.7586 130.4400
104.2700 102.0209 108.2312 99.3238 116.1745 113.2703 120.9432 106.8359 117.7291 121.9082 115.4502 121.2459 120.8114 117.1384 105.5773 115.5820 114.7852 125.6324 124.9974 122.0829 122.4031 118.8296 112.9021 118.7165 114.0754 116.7865 112.4939 103.3484 102.3580 120.2396 116.5292 116.5729 115.1893 105.7026 104.9283 111.3244 103.9580 115.6155 111.1077 118.5791 118.0559 118.9091 120.9822 120.4130 122.8480 128.0589 124.6835 115.7397 108.2507 114.4175 103.6058 105.9383 105.6144 105.6371 106.1624 113.6709 106.5764 104.6983 128.0794 123.7913 131.0583 127.5852 131.1099 130.6000
100.6600 95.9287 111.0788 105.4903 121.5653 119.6027 118.7960 106.9621 118.8079 114.0635 114.1962 120.7396 120.7139 118.1251 113.4061 130.9209 118.2935 121.5808 116.7718 121.8617 122.3177 119.9685 118.6967 124.7270 121.4560 110.8446 106.6465 106.5452 109.4410 120.2856 117.4398 114.9433 118.6388 118.6741 104.3500 104.4129 103.6523 117.5418 111.1563 116.7629 119.1523 118.8557 108.7569 115.5995 126.6610 125.2390 115.4065 129.4079 102.3342 107.1723 105.1798 105.3873 105.8570 105.9443 104.6150 103.4515 110.9195 127.1345 129.1625 129.2823 128.6465 127.7898 126.9769 130.8200
119.0900 112.8229 121.2670 120.4775 119.0173 119.3382 119.8560 123.4791 122.5026 120.4869 127.7151 120.8634 120.1758 122.7433 125.6864 123.0724 118.7946 119.1935 121.4260 121.5482 121.8544 121.5653 125.7723 124.6842 113.0641 122.2994 119.3749 105.2020 118.1328 119.2317 111.5321 99.8963 104.6001 110.8009 101.3045 101.2414 117.6876 116.0975 117.2144 118.1994 118.0135 116.8269 117.5287 124.2061 117.3457 127.4094 113.2443 106.3266 104.7747 104.9933 105.4057 105.5301 105.3969 103.8919 128.5507 126.4302 128.7542 129.6635 128.8176 129.0470 129.6672 130.2749 131.4805 130.8700
118.7000 119.6102 118.9996 119.7176 118.9842 118.9835 118.8209 119.0828 118.6489 119.4445 118.4917 119.7336 119.8911 119.8838 119.1350 120.5856 120.5560 121.0747 121.0723 121.2924 121.5797 121.6077 120.2983 105.5001 121.8115 124.1284 102.2465 112.2542 112.7071 110.7393 123.3116 107.7284 126.4592 112.6269 107.6017 100.7118 112.2138 117.3398 117.8497 116.7464 117.2751 117.7692 116.1325 126.2853 117.1666 119.0639 104.2757 113.3149 104.1772 104.7785 106.1313 104.0186 129.1953 127.3244 127.9235 128.5638 128.4948 127.1745 123.4803 128.7434 130.1180 119.7546 123.1192 122.1800
118.3000 118.3148 119.3441 118.4505 118.5257 118.5518 118.7034 118.8122 119.0504 119.0358 119.3553 119.3765 119.5710 119.8048 119.9640 119.9492 117.8856 120.2722 120.4671 121.0190 121.7900 119.5386 121.4156 122.4967 110.5841 122.9630 117.8232 118.8699 113.3585 124.4888 124.0632 122.6678 113.0697 119.1624 118.9102 105.4189 103.4976 105.1820 107.1387 109.0276 117.1577 116.5971 120.4801 125.4815 124.9793 109.4766 109.4063 104.1313 104.7261 104.9546 127.2987 127.6861 127.3852 125.5012 126.9749 127.4594 120.7155 115.7550 115.7483 115.6623 117.2037 119.9015 119.2492 118.8400
117.8700 117.9160 117.8252 117.9751 118.0215 118.1098 118.1745 118.9356 118.4310 118.6544 118.8158 118.9946 119.5281 119.5503 119.6424 119.9706 120.3475 119.5901 118.2710 120.6641 122.4268 110.5254 103.3597 109.7406 113.1751 121.0520 112.2956 112.2171 123.2187 119.0073 120.6319 113.3156 117.2064 117.3016 116.9702 109.9902 106.6984 108.5117 107.4656 114.8586 114.3855 117.2167 124.7640 121.3220 108.7361 104.4488 106.7663 104.7233 109.6797 132.1194 101.3265 123.8350 123.9669 104.6104 113.7516 113.4711 114.8324 114.9817 116.1683 117.7375 117.6953 118.2342 115.8954 119.3000
117.4300 117.4171 117.4344 117.4797 117.5460 117.6371 117.7509 117.9071 118.1100 118.2330 118.4454 118.6286 118.6552 116.5082 119.4688 119.5712 119.6883 120.3376 120.3461 121.0128 121.1689 121.2456 114.8171 110.0942 110.1812 102.3213 116.0600 124.5762 118.3384 99.7008 109.3050 115.3277 114.6942 108.7016 99.9726 104.7347 110.0222 115.0100 115.6871 120.8011 120.1346 117.7448 121.6736 104.7198 101.7316 111.1694 126.8022 110.7132 116.7592 116.9744 104.5693 109.0982 113.7478 112.1284 114.1340 114.7600 116.1395 116.9841 115.5337 118.5169 117.0155 112.3904 105.6146 106.7500
116.9600 116.9052 116.9183 116.9668 117.0494 117.1514 117.2900 117.4531 117.6218 117.8259 118.0364 118.2152 118.8025 118.6469 119.0022 119.2626 119.5526 119.7068 119.6952 120.1580 112.8592 114.6591 111.3583 105.9418 110.4688 107.5319 111.0876 115.2832 104.9448 112.9325 110.1924 114.4054 100.3922 100.5712 100.6581 100.7604 114.9503 112.5766 114.9824 115.9253 120.1033 122.3149 115.6538 122.9632 111.2435 111.1616 120.7848 112.2629 103.7650 103.6920 108.7755 107.2350 113.2145 103.1456 115.4731 111.1796 111.8778 111.4853 104.5379 113.5147 112.9036 112.3319 111.1782 106.7900
116.4600 116.3497 116.3803 116.4259 116.5137 116.6357 116.7849 116.9627 117.1652 117.3805 117.6148 117.8713 118.1285 118.4117 118.6761 118.9457 119.1229 119.5457 120.8826 120.4950 104.4813 107.3774 103.8105 115.8493 112.7695 108.4247 117.5896 110.3470 110.9211 109.0103 110.1876 110.8960 104.8145 100.3999 109.5965 112.6291 114.2862 111.4787 112.6097 115.7982 117.6075 121.2933 122.6750 116.7415 123.2012 111.9276 112.2255 111.0740 104.0154 104.5222 104.6432 100.2553 109.8712 104.4631 109.4556 103.1676 105.4719 110.0291 111.5971 109.8301 116.6571 121.3880 116.9526 116.1500
115.9300 115.7671 115.7372 115.8436 115.9546 116.0839 116.2624 116.4577 116.6808 116.9232 117.1875 117.4625 117.7525 118.0386 118.3172 118.6428 119.0688 116.0425 112.6657 119.7751 113.0878 104.9798 116.3463 120.4233 121.5656 102.2907 106.6299 111.9694 109.0389 109.9712 103.3146 108.4147 113.5054 111.3936 113.9651 107.9864 111.9394 113.7250 114.5723 117.3855 123.0568 112.7838 115.8010 106.8222 114.7853 107.7766 104.1680 107.0185 104.2355 104.8236 104.9698 109.2059 103.8833 104.2148 111.4103 112.2921 114.0438 116.2702 116.2457 114.7924 115.5681 110.5956 116.0043 116.4700
115.3700 115.1308 115.5431 115.3178 115.3568 115.5073 115.6961 115.9231 116.1752 116.4468 116.7363 117.0371 117.3531 117.6660 118.0061 118.1986 118.9919 109.1654 97.1371 120.6914 121.1438 117.1045 125.3942 104.2597 109.8371 101.6338 105.1860 113.2382 113.7486 107.8225 106.4854 112.4462 113.5662 112.4083 109.3704 98.4757 113.8583 105.3064 109.9369 115.8338 112.1076 114.7400 103.8922 111.6996 111.1456 109.3165 113.6359 103.2486 104.6264 104.7203 103.3980 111.0299 105.0493 110.2613 113.6009 107.7669 113.1998 114.1383 113.6704 114.6306 115.0703 117.0071 117.9211 117.0400
114.7700 114.6676 111.7357 114.7118 114.7149 114.8840 115.1091 115.3644 115.6461 115.9593 116.2739 116.6149 116.9561 117.2901 117.6654 117.6625 119.9846 97.3237 108.7567 119.0058 118.8364 118.3945 101.8328 100.7017 100.6278 102.9279 105.7234 110.0048 113.1503 114.5415 108.6790 112.3313 113.1422 111.5254 113.5872 103.2144 106.1941 104.7640 105.7330 112.9557 108.5708 110.7279 102.3639 103.7031 104.7594 106.0542 107.2182 103.9710 104.2184 104.0414 104.0941 106.3383 110.4990 111.6990 112.3767 110.0843 114.5006 115.3699 115.1358 116.8505 118.9647 110.9751 110.3706 109.6400
113.4300 113.6694 112.6532 113.8878 114.0322 114.2210 114.4817 114.7704 115.0936 115.4438 115.7999 116.1737 116.5458 116.9223 117.3006 117.5725 118.1821 115.3506 121.3634 119.2318 121.0361 122.2011 117.5516 110.8463 98.5843 103.4108 104.2424 104.7231 107.0370 107.9241 109.3912 109.8665 111.4574 101.4078 103.2962 102.0127 105.1696 108.1965 106.1096 108.3209 106.3722 121.1446 110.4755 116.4354 109.2694 103.5984 103.4930 104.1977 105.0110 109.8960 110.4967 110.4270 112.8209 112.5275 114.1865 113.6881 105.6503 119.9810 112.5567 107.8990 108.3186 106.1256 115.5192 119.4600
112.6700 113.0704 113.0298 113.0830 113.2566 113.5125 113.8075 114.1457 114.5242 114.9103 115.3096 115.7208 116.1328 116.5529 116.9527 117.3814 117.7624 118.1445 118.4623 118.7741 119.2116 113.6108 120.5131 120.5282 111.4319 105.1729 102.1141 103.2377 109.4633 111.7001 108.5489 108.8310 105.7182 102.6013 101.5557 102.0788 103.3424 104.6510 104.7404 109.1696 109.6136 108.6567 107.0273 113.7395 112.9688 103.2708 103.8688 104.1858 104.7198 111.7680 104.9161 105.2845 104.7706 105.1895 105.2096 105.1316 105.8414 114.4823 120.8809 120.5007 113.7386 114.6618 116.8070 117.3100
111.8400 112.0021 112.0670 112.2231 112.4435 112.7438 113.1018 113.4969 113.9214 114.3577 114.8141 115.2735 115.7233 116.1741 116.6159 117.0485 117.4700 117.8812 118.2789 118.6343 119.3154 119.6097 118.2496 101.8519 106.2053 101.1654 105.5927 105.2012 102.0820 122.4157 106.4057 117.0680 100.5372 100.9744 101.1768 101.5936 102.3091 105.2113 107.0989 102.9493 102.8019 117.6290 104.7468 104.0568 104.4235 105.0973 103.8568 104.0195 104.0483 104.3138 104.5910 105.0110 105.3403 105.8861 118.4049 114.1212 113.4920 113.6863 113.7090 114.8952 114.8501 115.2211 114.9157 116.8700
110.9200 111.0478 111.1024 111.2855 111.5556 111.9201 112.3411 112.8059 113.2924 113.8036 114.3134 114.8187 115.3259 115.8110 116.2895 116.7471 117.1931 117.6330 118.0331 118.3601 119.1978 119.0235 117.0139 98.9393 99.1709 105.9549 100.7894 105.7868 105.4715 122.1666 123.9507 115.1354 116.8974 101.3674 101.8805 100.7493 112.6331 101.1295 103.2734 105.3422 105.9320 107.3154 104.5705 105.8391 103.7768 103.5617 104.7802 104.7296 104.8449 104.4447 104.0509 111.1366 111.0941 111.8679 111.7169 113.1122 113.0210 113.3702 117.7935 117.8299 117.5659 118.9902 105.9247 130.0900
109.9000 109.9266 110.0111 110.2289 110.5777 111.0202 111.5281 112.0894 112.6517 113.2291 113.8090 114.3762 114.9222 115.4513 115.9661 116.4611 116.9403 117.3912 117.9106 118.2425 116.4566 108.0878 96.5005 105.0663 104.9710 120.0277 102.3420 104.1720 103.5508 116.4386 119.3841 119.5023 105.6717 115.6667 106.4613 101.1476 110.3622 104.1033 110.2579 116.6032 116.5910 116.4708 101.9145 108.5830 103.3394 109.5300 104.5010 108.2964 110.4475 103.9705 108.5761 109.6270 110.9203 113.6322 117.3018 117.8667 116.4698 127.3296 130.0856 130.0030 128.7087 127.4912 108.8624 106.5200
108.7300 108.6486 108.7583 109.0489 109.4957 110.0513 110.6794 111.3305 111.9975 112.6662 113.3076 113.9354 114.5330 115.1099 115.6655 116.1951 116.7063 117.1913 117.4527 120.0605 97.4602 99.8337 107.7320 119.1953 111.9464 120.4106 113.8334 119.8336 110.9355 115.3416 111.2005 120.8126 114.3450 109.2456 105.6464 102.0379 113.2806 110.9165 115.9867 109.6129 115.2005 104.9520 103.4477 103.0005 104.8356 103.0967 104.3169 104.1908 109.4756 104.9165 108.5062 108.3577 108.1469 127.2637 129.9900 130.8327 131.4778 130.4172 128.5409 130.7385 112.7036 133.8043 108.3681 129.2400
107.3900 107.1505 107.3011 107.6957 108.2911 109.0059 109.7764 110.5607 111.3443 112.1018 112.8246 113.5097 114.1761 114.7923 115.3814 115.9425 116.4774 116.7879 116.8642 110.5291 106.2131 111.6109 123.2098 110.4673 102.9406 124.0648 119.1070 117.2838 111.8056 122.1230 121.8886 110.3287 118.3484 118.6163 105.4896 105.8045 108.8687 101.0048 114.8135 111.7839 112.3367 100.8986 102.2176 104.1985 103.2403 104.5888 111.5377 111.2101 111.6681 110.5988 111.5519 105.5567 107.9578 121.3948 122.2459 122.9780 119.6634 119.5874 122.7382 112.2860 110.3665 110.8998 109.5366 128.7400
105.7900 105.3429 105.5578 106.1302 106.9462 107.8752 108.8344 109.7851 110.6910 111.5580 112.3635 113.1250 113.8338 114.5043 115.1277 115.7114 116.2936 117.7600 120.7529 98.9777 121.1258 118.1087 109.6032 115.5005 101.2563 111.3875 106.7593 116.3252 114.3715 117.7675 113.6607 108.7721 115.1626 118.9328 102.8723 110.7451 99.8478 99.5219 112.7913 107.9010 100.6774 115.2843 109.0049 104.5402 108.0262 110.8317 118.1262 121.1792 123.3089 112.6151 116.1332 103.3269 103.7664 106.1158 104.9688 106.6115 100.9897 109.5659 101.8199 108.0052 116.7645 118.9292 116.5657 106.4900
103.8400 103.0409 103.3974 104.2928 105.4525 106.6844 107.9004 109.0297 110.0831 111.0550 111.9498 112.7769 113.5335 114.2451 114.9022 115.6016 116.1777 110.4277 101.4535 119.3053 117.5295 115.2008 112.2536 117.4882 99.5035 113.7990 95.6542 116.3765 101.9607 104.0519 100.0107 106.7956 107.5109 110.6116 100.8715 110.5778 107.5486 106.6713 110.4691 106.7964 107.6630 115.2263 110.2571 109.7654 112.5943 112.1074 113.5505 117.3043 114.4441 113.7124 114.6307 101.5068 114.4214 114.9129 121.9825 110.5467 121.5768 120.4220 119.6863 125.0533 130.7974 131.4652 133.1100 128.4600
101.3100 99.9651 100.6219 102.0760 103.8376 105.4730 106.9954 108.3366 109.5446 110.6209 111.5950 112.4835 113.2921 114.0351 114.7169 115.4064 116.1084 109.8027 114.3551 99.7848 119.6763 119.1874 119.2233 118.9614 103.7929 121.1301 113.6649 121.4544 116.1985 111.1959 119.2925 103.1371 105.0766 107.2598 104.0345 109.9488 110.9595 110.3426 107.8245 113.4808 112.7507 111.9771 113.9538 113.9661 115.6847 118.2424 116.8131 116.6540 118.9205 117.1782 118.1161 115.7780 119.9750 124.6745 119.0466 121.6667 131.0301 129.2637 128.2141 128.6671 124.8172 116.8405 118.0707 116.5800
97.7300 94.7332 96.5466 99.5549 102.1536 104.3575 106.2014 107.7588 109.0985 110.2716 111.3152 112.2482 113.0964 113.8791 114.5907 115.2733 115.8593 117.3556 117.3542 115.9338 117.8569 118.3901 118.5697 118.5884 119.2234 120.2183 120.9784 120.9176 120.9426 122.7440 117.3576 115.5807 106.4774 109.9995 114.4572 115.4109 112.6760 111.2126 116.0187 114.0000 112.9029 112.1502 112.8399 112.5322 114.8188 113.9659 113.6998 115.1109 115.3714 116.4144 118.1331 113.8687 124.5779 123.8588 125.6046 118.1035 126.4486 125.3284 125.5158 126.5089 127.3288 127.3742 125.0984 126.4100
91.5300 88.7563 90.6435 96.8996 100.7013 103.4882 105.6254 107.3471 108.7939 110.0421 111.1326 112.1031 112.9711 113.7710 114.4995 115.1769 115.7669 116.2319 117.1365 117.5580 117.9464 118.3461 119.2975 120.1523 120.2356 119.9126 120.3264 120.7097 121.1997 118.1528 121.7443 117.0193 107.1701 105.8434 106.8634 112.4587 113.5882 110.0440 107.9294 110.9799 115.5990 117.4189 115.1017 114.4836 112.1047 114.4847 115.6693 116.1547 116.2544 119.1632 105.7365 116.3431 126.1577 124.8518 126.2119 115.2918 125.9097 125.4783 125.9139 118.9325 106.1605 106.5025 121.5454 106.3700
91.5300 85.4659 87.1561 95.0463 99.9461 103.0804 105.3616 107.1643 108.6593 109.9348 111.0493 112.0336 112.9234 113.7234 114.4587 115.1374 115.7702 116.3718 116.9285 117.4182 118.0512 118.3239 121.0906 98.9834 121.7643 119.8167 120.3656 120.6783 120.9980 123.6460 103.7642 118.9204 105.2183 103.9810 107.3400 107.9814 109.3862 109.4913 110.0439 110.9735 111.6274 111.8794 107.0239 114.4501 113.3314 101.7421 115.4999 115.2191 115.4488 118.5209 104.1273 103.7014 116.7550 108.4110 118.7600 118.3199 119.2952 120.4767 116.1652 117.6980 112.5888 120.3597 120.9794 121.7800
91.4200 86.3861 88.5816 95.8538 100.2550 103.2518 105.4616 107.2403 108.7150 109.9783 111.0792 112.0642 112.9439 113.7417 114.4748 115.1505 115.7932 116.4458 116.1803 117.3935 118.6273 112.0376 119.4104 120.3007 120.4109 119.9407 120.3532 120.7198 120.0469 122.8350 103.2381 111.3528 105.0241 103.6305 106.3437 108.1699 109.9796 109.1323 110.4862 107.4103 107.2189 112.2739 106.4753 118.7136 101.3977 102.7615 116.9765 116.4935 116.7049 115.1910 104.2824 118.9640 116.9716 118.3495 119.6652 120.1862 121.0506 122.0867 117.3996 117.3786 103.8914 105.2276 105.4051 106.3700
91.4200 91.5867 93.9411 98.4184 101.4704 103.9402 105.9173 107.5551 108.9475 110.1520 111.2205 112.1773 113.0325 113.8199 114.5444 115.2083 115.8591 116.6339 112.2657 118.0215 117.5672 118.7982 119.6799 119.6511 119.5026 120.0109 120.3103 120.7222 117.9648 108.0943 119.8468 103.2427 103.3401 105.2018 105.1644 112.3629 109.3557 113.1127 110.9119 106.9657 112.5223 112.0615 112.6436 118.5602 102.9919 102.6690 122.4637 119.1775 121.3792 115.7440 108.2325 123.4485 118.9128 122.5064 125.3957 126.6816 124.0504 122.0970 126.6719 127.5713 114.7534 107.6045 119.5505 106.3700
97.5700 98.0715 99.1074 100.9911 103.1027 104.9740 106.6283 108.0639 109.3345 110.4595 111.4617 112.3747 113.1960 113.9562 114.6563 115.3137 115.9174 116.4948 117.5600 115.8282 118.9320 118.3982 119.0739 114.3276 119.6284 120.0832 120.2904 121.0469 111.4246 105.6936 109.4526 108.2563 105.6432 106.0916 108.9119 110.8311 114.8845 116.8548 116.3697 114.9167 107.0529 100.6330 103.6904 112.4125 101.0060 105.1993 104.3346 105.7759 109.5019 110.4142 125.0219 122.9060 122.8532 116.3716 123.2373 117.6620 117.1924 117.0004 120.1646 124.8609 127.4225 119.6249 115.6637 106.4700
101.3000 101.7855 102.2307 103.3572 104.7497 106.1630 107.4927 108.7193 109.8432 110.8549 111.7819 112.6353 113.4256 114.1490 114.8208 115.4529 116.0451 116.6250 116.9746 114.8447 115.7985 114.7814 123.7740 100.6149 122.6196 120.3506 119.7530 121.5072 117.3336 113.6340 103.5209 122.9923 110.4608 105.1831 110.2588 107.0511 109.7456 118.7814 109.6048 111.9053 103.0598 106.8946 107.3909 105.7599 106.8131 107.1824 107.5959 103.4562 125.8451 123.9824 122.7405 121.8542 123.5229 111.4436 123.5514 121.8202 115.5323 114.4877 119.4438 126.5657 125.4144 127.2789 109.1972 106.4700
103.8300 104.3942 104.6654 105.3565 106.3150 107.3635 108.4229 109.4515 110.4230 111.3304 112.1762 112.9617 113.6987 114.3860 115.0291 115.6325 116.2020 116.7432 117.1798 119.0614 121.1461 106.7713 108.0514 101.8135 115.0164 118.6766 122.7026 120.3793 119.8881 114.3621 98.7006 105.7214 96.8094 114.9189 111.2843 122.7022 108.9628 109.0946 100.7337 114.2988 110.0067 114.5691 113.3262 113.9933 106.9202 112.4145 115.4513 116.4655 121.3039 124.9038 124.7981 125.1568 125.6210 126.9321 123.9596 124.3468 114.4212 107.0929 100.4381 121.9296 126.7947 128.6630 118.9544 118.5400
105.7900 106.3910 106.5650 107.0342 107.7210 108.5120 109.3727 110.2198 111.0590 111.8535 112.6152 113.3352 114.0179 114.6594 115.2610 115.8366 116.3810 116.8937 117.5066 117.3199 108.8528 120.2619 103.3510 93.7921 102.1723 105.1202 111.2165 110.0442 107.8885 112.5350 113.4700 116.4535 113.2437 122.3421 112.6417 116.2918 107.1329 102.6857 103.2953 112.3725 107.8647 109.7231 105.0204 101.8963 103.3486 108.3918 124.0231 127.4479 127.6464 126.7259 127.2053 127.0466 126.7682 126.1605 126.9253 118.7423 129.5236 117.8524 120.3043 118.9390 129.3493 120.8742 111.3817 116.6700
107.3800 108.0132 108.1362 108.4718 108.9803 109.6025 110.2868 110.9941 111.7110 112.4118 113.0902 113.7462 114.3714 114.9729 115.5426 116.1017 116.6262 117.0242 117.5602 115.9698 123.3647 117.9654 119.8918 112.7536 114.3359 115.9278 114.4493 118.1990 102.5607 108.4758 112.6656 114.1999 122.3531 122.7827 123.3762 123.8442 112.5471 103.7702 103.7514 118.9355 109.1035 108.1479 108.3744 110.6261 110.5492 109.1686 116.1412 124.2951 125.3251 125.6626 122.9448 123.1837 127.8710 129.1316 127.1799 128.0788 127.0493 128.6176 129.3566 129.7160 128.2775 131.8271 109.6696 111.2000
109.8900 109.3807 109.4692 109.7249 110.1176 110.6090 111.1595 111.7609 112.3583 112.9848 113.5919 114.1727 114.7462 115.3002 115.8381 116.3158 116.7807 117.3203 117.7901 117.0004 119.3237 121.4012 117.8575 121.0231 124.3089 122.0813 103.5355 107.4386 119.0197 108.2957 102.2493 106.3676 121.8589 124.2374 114.1784 118.4040 106.0264 101.7152 113.3951 124.2002 122.8371 127.5186 115.4537 116.9125 118.3077 118.0401 113.7688 118.9773 125.3286 126.2783 125.3798 125.6068 129.2350 106.5584 127.0835 127.2420 127.5859 127.5246 127.5325 127.8158 128.3457 117.2419 112.6237 118.8800
110.9200 110.5677 110.6331 110.8296 111.1385 111.5236 111.9934 112.4739 113.0177 113.5521 114.0860 114.6228 115.1426 115.6476 116.0940 117.0908 117.3352 117.3339 118.0474 118.4468 112.3913 98.9606 102.0094 117.1846 109.3462 109.1505 98.9872 120.6757 105.1041 111.1381 100.8848 103.7123 105.6207 116.7359 110.3431 111.7023 109.7571 100.3842 101.0610 122.6921 123.5030 111.7207 113.2614 106.8963 111.3309 116.9479 109.8126 126.6293 126.0258 126.2749 126.5871 126.8580 126.8768 125.0267 126.9573 127.2617 123.4264 127.5374 128.0212 125.8412 128.1021 129.9062 106.5607 111.9800
111.8400 111.6052 111.6588 111.8141 112.0641 112.3799 112.7698 113.1894 113.6466 114.1132 114.5945 115.0708 115.5396 116.0437 116.3333 116.2857 110.3038 118.5799 118.1730 118.2222 121.6573 96.5870 100.6595 101.7228 102.6538 98.7098 102.2266 106.6693 106.9462 103.9568 112.8507 122.1917 122.3215 122.1164 136.6976 113.3532 108.2570 108.6667 116.0616 101.2983 102.8423 105.3788 105.8715 103.0871 114.0527 124.0133 125.6108 126.2200 126.2143 126.3400 126.5380 126.7015 126.8909 126.9974 127.3813 128.0189 113.6153 128.1804 127.3168 127.9927 128.1504 128.5104 118.9186 108.4100
112.6700 112.5336 112.5760 112.7015 112.9062 113.1763 113.5012 113.8642 114.2601 114.6664 115.0995 115.5287 115.9609 116.3893 116.6072 118.6122 112.0370 118.2912 113.5842 116.8423 118.1237 100.5700 103.8613 104.3905 104.8168 104.2067 103.5335 104.4865 110.0608 111.0981 122.9425 122.2006 122.8007 121.1052 108.6217 105.7494 101.9526 100.2053 117.5205 112.7194 107.5434 107.5902 102.6873 103.7177 108.5591 107.5800 126.4857 125.7143 126.4066 125.2525 126.6980 126.6155 126.9181 127.0997 127.2472 127.3331 128.2981 128.4552 127.7272 128.0048 128.1718 128.3531 129.0359 129.0600
113.4300 113.3771 113.4056 113.5128 113.6858 113.9122 114.1909 114.4978 114.8410 115.2059 115.5863 115.9730 116.3676 116.7533 117.2020 117.2769 119.6774 101.9740 95.4444 111.8268 121.5853 113.4848 104.8226 109.5985 103.1532 106.4142 112.8244 108.0151 109.3900 119.1383 121.8936 122.5884 123.1225 118.3622 123.9284 122.9386 121.0762 106.0100 114.4877 115.7886 110.1724 113.4769 104.5830 105.6276 111.3839 110.2156 119.3227 125.8554 123.9024 125.0784 126.3978 125.7329 127.0153 127.0802 127.2504 127.4549 127.3482 127.5957 127.8622 127.9260 127.6974 128.1308 131.1153 131.4200
114.1200 114.1360 114.1701 114.2563 114.4000 114.5961 114.8268 115.1042 115.4094 115.7307 116.0700 116.4187 116.7800 117.1233 117.5759 117.7525 118.4974 105.1443 97.0526 95.9741 113.9293 108.1532 117.0443 100.3900 104.6358 104.1840 105.4543 111.0389 115.6587 123.2078 122.7862 122.7040 122.9764 123.8155 117.5883 117.3291 118.7433 122.5634 120.0809 121.1686 105.0440 110.1946 110.4911 117.2016 116.4211 116.7650 119.2324 118.7469 114.6387 125.0799 116.2925 127.1831 127.2926 127.1107 127.4169 127.4492 127.6669 127.8120 127.9372 128.2299 130.5433 126.7126 126.3345 135.3100
114.7700 114.8449 114.8618 114.9432 115.0633 115.2344 115.4413 115.6751 115.9435 116.2311 116.5293 116.9952 117.1666 117.5012 117.8035 118.2195 106.2707 120.1493 103.3847 102.7571 106.5235 115.3970 109.2454 101.0376 105.4969 105.2259 115.4605 114.3844 111.6875 119.8800 119.4097 123.1154 123.0430 123.1909 124.1321 125.5000 125.8269 98.8957 108.1496 119.3881 108.5342 102.9462 105.1988 104.0334 110.0209 110.7567 118.5447 117.8370 120.4216 119.8456 122.8460 127.0160 125.5208 127.4544 126.2688 127.6114 127.6603 127.7973 127.8267 128.6064 126.0503 126.2573 115.0805 113.2600
115.3700 115.3700 115.3700 115.3000 115.7500 115.6700 116.0400 116.0400 116.3600 116.6400 116.9400 117.2500 117.6000 117.5400 118.1200 118.4000 118.6700 118.9100 119.2000 119.7000 119.9400 101.5900 103.8000 120.8600 115.0500 104.7700 110.3400 111.4700 112.4800 110.4400 109.3500 122.8400 123.1900 123.3600 123.6900 123.8500 124.0100 102.3200 102.4700 112.9100 108.5900 110.8000 110.4700 103.4700 103.9900 110.9200 121.2500 126.2500 117.9800 116.8300 126.7300 126.8500 121.4700 127.1900 122.6300 127.5200 127.6300 127.8400 127.9500 130.1500 113.6400 115.9100 117.1500 112.4300
