118.1600 117.8800 112.8100 117.1600 116.4300 116.0400 115.2000 114.7500 114.2800 113.2500 112.6800 98.3800 110.7600 110.0100 93.8500 107.6100 107.6100 105.3600 105.3600 103.8200 103.9000 103.6000 105.3600 106.3900 107.6100 108.3400 109.2200 110.8100 111.4500 112.0900 113.2500 113.7800 114.2800 115.2100 108.3600 116.4300 116.8100 117.1700 123.5700 121.1100 118.7800 119.0700 123.1000 119.8800 120.1400 120.6300 132.3000 102.1700 121.5300 121.9500 122.1600 123.3700 127.6400 111.0400 110.6400 113.3500 113.7800 135.4000 115.0900 102.4500 118.9100 102.9000 104.4600 103.4200
118.1300 117.8642 118.5175 117.0684 116.4410 115.8894 115.2822 114.6443 113.9393 113.2171 113.4200 96.4966 105.7943 110.1467 104.0165 106.5279 106.0259 104.5026 103.2030 102.2921 102.1143 102.7764 103.9447 105.3158 106.6628 107.9473 109.1209 110.2024 111.1834 112.0794 112.8696 114.1144 107.9139 112.0782 113.2236 116.2413 116.7349 116.9294 120.1087 118.8115 116.5662 124.3586 120.1148 119.6413 119.9649 119.9350 125.0157 118.4012 115.9713 111.0992 122.7434 122.8241 118.1524 115.0432 103.8176 106.4599 106.4640 112.5868 112.6944 103.7263 109.8377 103.7556 104.2062 119.3300
118.1000 117.3679 121.1733 116.6108 116.3623 115.7477 115.1321 114.4613 113.7463 112.9806 112.3804 104.4691 108.7589 107.9966 108.6602 106.7883 104.4714 102.6398 100.6344 99.0528 98.6480 99.9013 101.8338 103.8095 105.5809 107.1418 108.5095 109.7230 110.7972 111.7667 112.5616 113.6350 109.5855 114.5682 115.8078 116.1183 116.8093 117.3366 117.3617 118.2690 115.4412 123.0211 119.0624 120.5380 121.0552 124.2180 112.6949 119.4009 106.8610 106.7500 112.4754 114.3714 105.8463 103.7953 104.8999 100.9711 100.6239 102.0561 111.8932 106.9794 106.7333 107.9686 110.2452 108.7000
118.0800 117.7646 111.1544 115.6027 115.9588 115.6954 115.0258 114.3397 113.5975 112.7879 111.8634 111.8477 111.2339 107.7687 107.1579 105.3532 103.3683 100.7359 97.5318 93.4294 92.5190 95.8995 99.5655 102.3878 104.6457 106.4818 108.0275 109.3496 110.5080 111.5260 112.4645 113.6923 115.0802 114.6761 115.3612 115.9163 115.8553 116.3317 117.8406 118.2213 119.3805 119.3897 119.5546 113.6233 115.7145 106.0747 99.0362 100.6791 101.1179 110.7335 109.4336 116.3186 98.6039 104.6158 100.8596 102.3530 101.3553 110.2938 102.4150 106.9213 108.5587 109.0275 108.1177 108.8900
118.0600 117.6874 116.9469 113.8144 116.0388 115.5268 114.9644 114.2692 113.5152 112.7015 111.7961 110.6428 109.4408 108.2640 106.8692 104.8894 102.5027 99.2330 93.7981 87.6585 86.6573 90.8837 97.6860 101.3197 104.0009 106.0574 107.7214 109.1226 110.3260 111.4111 112.2683 112.0703 113.0933 114.6176 115.2944 115.7239 123.6159 116.8581 118.1604 117.6560 113.3281 116.4146 118.2927 116.7823 100.0905 97.9671 101.1938 102.1646 101.1219 105.3969 108.2873 109.1417 106.5646 106.5184 109.1195 104.0044 106.2757 102.3300 101.4616 103.9217 108.9109 113.7325 113.9979 115.1900
118.0600 117.7696 117.2469 116.7790 116.4676 115.8770 114.8326 114.2701 113.4905 112.6230 111.7298 110.7385 109.5841 108.2338 106.6416 104.7102 102.2251 98.7367 92.3273 85.3519 84.2147 88.9107 96.9280 100.9826 103.8073 105.9286 107.6331 109.0566 110.2835 111.3840 112.2851 110.8729 113.1727 114.3847 115.0451 114.1010 127.8993 116.4283 118.1380 118.2028 108.2196 117.4009 116.7621 113.9199 115.7189 102.3039 99.7814 102.9746 102.7148 101.8946 104.3096 107.2660 108.3189 108.7404 111.7395 103.4532 113.2518 115.4446 101.1365 102.4148 103.0483 113.6913 114.0795 114.7100
118.0600 117.8009 117.4278 117.0829 107.9978 111.0448 114.8424 114.3493 113.5081 112.6708 111.8380 110.8235 109.6707 108.3746 106.8264 104.9745 102.6542 99.5367 94.8245 88.8363 87.7913 91.8869 98.0272 101.5327 104.1198 106.1285 107.7768 109.1629 110.3604 111.4150 112.3582 113.1344 114.2757 115.5811 115.3199 117.9338 120.0200 117.1016 117.5930 117.9555 106.5232 101.5838 99.7600 105.9662 106.1744 97.1609 109.6873 107.3518 112.3299 108.1900 117.5763 108.7605 98.9931 113.2362 100.9652 104.6591 118.7927 119.7581 101.6702 102.1152 108.3320 117.4148 120.9149 122.1200
118.0800 117.5149 114.4246 112.8537 116.1881 115.9844 115.0504 114.2422 113.9685 108.8590 112.2458 111.1185 110.0632 108.6832 107.2664 105.6065 103.6170 101.2602 98.1002 94.8620 94.2024 97.0535 100.1016 102.7325 104.8548 106.6318 108.1312 109.4253 110.5656 111.5936 112.5184 112.8761 114.3676 107.0269 95.8705 110.1971 109.9568 116.6352 117.9168 119.6948 116.9758 100.4718 99.9589 105.8628 115.0818 103.6839 116.6263 107.3600 109.2765 112.3538 113.8226 114.8562 116.0082 115.9669 115.9881 110.6641 120.6472 100.3068 101.2142 112.2632 121.3796 121.8517 122.2826 122.3900
118.1000 117.7410 117.6457 117.2053 116.1894 115.6829 115.1638 114.4832 114.0395 113.3261 112.0899 110.4699 108.6127 109.2943 107.7642 106.4171 104.8865 103.0478 101.3284 99.9769 99.6162 100.6730 102.3844 104.1870 105.8451 107.3356 108.6576 109.8316 110.8822 111.8374 112.7222 113.4961 112.3974 112.3026 115.6049 97.5796 98.2958 103.0154 116.5404 114.2449 123.4692 106.9698 106.5440 104.5403 107.6344 111.5993 104.5490 110.2313 111.0304 109.9699 110.8402 112.1805 109.0574 108.3946 111.1705 100.2353 101.3896 101.6761 103.2489 117.6030 120.8602 127.8155 118.4431 122.3900
118.1200 117.9044 117.3370 116.9068 116.5306 115.9469 115.3258 114.6938 113.9570 113.2483 113.2388 99.5375 100.3769 110.2952 108.4612 108.1376 106.2670 104.4885 103.7808 102.9478 102.7973 103.3794 104.4322 105.6841 106.9450 108.1594 109.2935 110.3330 111.2894 112.1752 113.0784 113.6575 108.9007 97.9110 104.3440 99.9315 93.9769 102.7523 97.8623 118.0719 102.1969 100.8580 99.3535 100.2982 114.7215 106.1550 106.0903 108.4940 108.8531 113.4334 121.7686 113.0747 99.9412 101.1727 101.2988 114.5490 106.4776 107.3489 114.9681 118.5232 119.4271 119.3861 117.8812 103.3200
118.4700 118.0949 117.6665 117.1632 116.6184 116.0866 115.5244 114.9260 114.2953 113.4785 112.7375 108.6812 112.8370 112.5918 109.2873 97.7974 108.7531 106.3691 105.7576 105.1903 105.0973 105.5047 106.1991 107.0786 108.0611 109.0378 109.9928 110.8906 111.7531 112.4545 113.2243 114.3351 113.3193 114.7353 101.3838 121.5528 101.0056 102.9724 103.2416 110.1650 101.7817 102.1101 102.2469 102.3165 104.5789 107.0507 109.1481 109.2820 113.0044 109.0444 116.1403 107.8368 101.7462 103.0848 107.1690 113.1563 105.8211 106.2360 112.0684 119.4031 130.5227 123.9754 115.0308 103.3200
118.5100 118.2361 117.7874 117.3054 116.8127 116.2979 115.7535 115.1789 114.5685 113.9426 113.5145 112.3242 111.8107 92.4754 111.2979 107.7819 111.6172 108.0152 107.5169 107.3506 107.3050 107.2220 107.7237 108.3703 109.1239 109.9230 110.7355 111.5191 112.3376 113.2451 114.4214 113.8833 112.5838 115.7899 101.6740 106.7847 100.9760 112.6506 116.2650 100.5566 101.7119 101.2404 102.5741 103.1976 105.3445 107.7437 109.0988 108.3248 113.7827 107.7863 109.5761 105.5420 104.5106 107.2612 109.4430 108.9117 109.0179 109.0203 107.4923 108.4062 119.3114 111.7876 106.7214 103.3300
118.5600 118.3065 117.8732 117.5021 117.0131 116.5251 116.0117 115.4721 114.9057 114.3282 113.6807 113.7190 119.2267 95.1424 104.3847 101.7453 106.3400 108.2376 109.1975 104.6617 106.7646 108.7556 109.0556 109.5425 110.1315 110.7882 111.4579 112.0633 112.3940 113.2226 108.3916 116.2411 114.6822 120.8323 100.3032 100.2569 96.8790 97.4963 105.3545 111.6469 100.5558 103.1746 105.0539 107.2130 106.6731 107.6681 108.5809 111.4668 108.9542 108.5050 110.4030 98.3825 100.0242 115.6077 104.6629 105.7630 108.3049 108.2377 107.7852 107.5907 105.7973 108.0784 113.9633 103.3500
118.9600 119.0720 118.3238 117.7061 117.2406 116.7745 116.2888 115.7774 115.2519 114.7353 114.0555 111.5940 97.5480 108.3732 100.0342 109.4348 125.7984 111.9395 110.3484 109.6890 109.6609 110.0628 110.2442 110.6156 111.0578 111.6191 112.1724 113.1806 113.5171 110.9447 112.2706 117.7856 114.5404 112.2761 101.4254 98.4429 98.3110 99.9917 102.1853 110.5231 104.7200 102.0546 104.4540 107.8043 109.2109 109.4364 108.8328 109.2549 109.4563 108.7626 110.4516 104.4080 99.4547 106.2014 108.7052 113.0796 105.1293 113.4773 112.8084 113.6905 114.4437 110.4201 111.2488 110.8100
119.0200 112.7784 119.0253 117.7854 117.4811 117.0428 116.5824 116.1130 115.6214 115.1645 114.9163 113.0647 109.9687 112.8926 101.9684 101.3017 101.4836 110.5297 111.0643 110.9398 111.7891 105.6840 111.9657 111.2657 111.9151 112.3450 112.7593 110.4031 95.7309 95.5013 95.3391 108.2090 105.1912 103.1162 105.6072 98.6536 101.9672 104.9869 108.8950 104.0199 106.6924 103.8013 107.5232 108.0790 108.9386 108.6470 108.0633 108.5745 109.7007 110.5977 110.6326 111.3193 109.9155 105.6863 100.6580 116.2488 103.8393 108.0755 116.0821 117.8200 117.9184 117.1094 111.6221 116.2600
119.0900 117.1206 118.6565 118.1403 117.7289 117.3207 116.8912 116.4507 116.0126 115.4915 115.1034 113.8608 114.7610 113.8636 112.6322 113.4194 113.2565 112.4943 112.0007 111.9085 113.4819 98.2146 112.3068 112.5001 113.1173 113.0510 111.6790 111.3149 110.1090 110.0678 105.2677 106.7612 102.4230 101.7045 103.7327 104.1365 108.0398 118.8371 108.2107 103.2731 101.9310 106.7181 101.6350 106.6777 108.2794 111.6388 114.8812 113.9572 110.2864 111.3949 113.2737 113.3616 113.4786 113.9596 112.7243 119.4325 101.4856 110.4211 113.5645 116.3007 118.5028 117.4076 109.2318 103.3900
119.4300 119.2154 118.7409 118.3875 117.9935 117.6095 117.2062 116.8009 116.3897 115.9571 115.6145 115.1507 114.5646 114.1287 114.0888 113.5635 113.2733 113.0880 112.9997 113.0332 106.6939 112.1133 113.9201 113.1373 111.1567 113.6878 113.9462 109.5724 115.6650 110.7852 101.4753 104.4646 101.8480 102.7813 104.5115 103.5983 109.7542 117.4318 98.9972 99.2881 101.7986 106.4237 104.8582 108.1207 106.3826 107.6827 116.2628 117.8549 108.8613 103.7289 103.6296 101.3052 108.4816 112.7388 100.8567 103.0797 103.6253 116.8666 115.1431 115.5861 125.0370 114.7172 114.7154 103.5400
119.5100 119.3257 118.9803 118.6292 118.2690 117.9084 117.5285 117.1505 116.7739 116.3824 116.0222 115.6326 115.3085 114.9336 114.5969 114.3196 114.0533 113.8917 113.8270 113.4833 105.0502 112.7380 113.0641 114.7254 112.9699 115.2593 114.0792 104.6103 93.4488 98.1713 109.8806 112.4834 98.9627 100.4613 104.4609 102.1009 110.1038 100.8290 99.3340 98.3279 103.0073 106.7690 105.0920 106.7841 112.3740 113.6999 106.8376 116.3212 115.6756 102.3489 100.7030 100.3697 111.4106 103.2373 109.2275 102.3645 107.4913 116.5696 116.1295 117.1133 117.5726 118.9322 104.1607 103.5600
119.8400 119.5436 119.2166 118.8838 118.5508 118.1893 117.9326 117.3689 117.0758 116.8316 116.4615 116.1278 115.8516 115.5711 115.2905 114.9086 115.1544 114.5781 114.5543 114.6145 111.3774 111.7604 114.4304 114.5042 108.3964 105.7206 113.5702 108.8622 102.3916 110.8865 109.9147 102.7277 104.6779 103.4453 101.5119 107.9422 104.0770 98.9210 98.6508 100.9311 101.4715 103.8845 110.2128 107.7807 107.5727 107.3416 115.7939 114.6903 108.2166 112.0274 99.2560 101.5185 100.9966 100.5110 101.8513 102.4901 102.7621 114.0235 116.9184 117.0064 117.6694 117.3514 104.9372 119.2500
119.9200 119.7703 119.4589 119.1491 118.8257 118.5027 118.2517 118.4957 117.6299 117.2240 116.9076 116.6627 116.2167 115.8175 115.7318 111.4047 115.2213 115.2503 115.1621 114.8814 115.2755 115.7236 115.1139 115.3041 117.2184 111.1063 115.6024 110.7878 100.5731 107.4212 109.4633 100.9166 106.5472 107.0985 103.4415 100.9836 102.8366 97.3272 97.5319 106.7704 101.3759 107.9086 107.3896 108.3647 110.7763 111.2660 108.2987 102.8411 116.5819 99.9101 109.7314 100.3685 100.9662 101.7645 104.6342 103.4873 113.5252 110.0993 109.4544 113.7306 118.0959 104.0344 120.1651 119.0800
120.2400 120.0027 119.7116 119.4073 119.1143 118.8102 118.4817 117.7518 117.8258 117.4798 117.3690 117.2402 116.6840 119.3431 115.1027 118.1786 116.6844 115.8701 115.7726 115.7495 115.6707 115.5904 115.7599 115.9640 117.8374 101.7349 115.0814 101.0996 104.9558 103.0662 102.4460 102.2200 104.0669 106.1543 108.4211 104.2996 100.3625 102.6463 100.0794 100.8630 102.2894 108.8726 102.5573 105.9659 116.9997 112.4030 114.3506 109.0329 109.7453 102.1556 114.7604 103.2274 106.6568 101.4363 102.0072 103.2645 105.7683 105.0300 110.8272 118.1250 114.6255 117.8289 117.5914 119.2200
120.3200 120.2397 119.9536 119.6730 119.4009 119.1069 118.9712 117.8739 117.7809 118.7305 118.7864 117.4783 118.3534 108.4410 107.3244 104.1734 117.6762 116.4451 116.3572 116.2996 116.2941 116.3487 116.3660 116.6234 116.9469 110.9894 97.7971 95.7483 100.5044 104.9132 100.7856 101.6495 103.5228 106.2863 109.4830 112.3873 102.2828 102.5345 100.6301 103.2038 105.6879 105.2616 110.0926 112.4846 111.5117 114.8371 117.9601 109.2277 108.0946 99.8332 100.4113 119.9666 119.1931 100.9448 102.1333 103.5465 109.2048 103.0348 120.9403 125.6531 119.0746 120.5012 117.2341 116.6700
120.6300 120.4783 120.2113 119.9453 119.6787 119.4218 119.0858 119.0143 118.7577 121.2417 120.1916 117.6569 116.8923 105.7995 117.8071 115.4396 113.4220 116.9860 116.9115 116.8513 116.8676 116.8910 116.9712 117.0102 118.0746 108.0013 97.1301 96.4373 97.0947 104.2535 102.8743 109.4391 105.7127 107.1768 110.1756 110.3073 102.2259 100.0568 101.4582 110.6670 108.2343 108.4119 107.6335 108.3993 111.3212 113.9948 116.5466 120.1154 109.5241 107.5284 98.6837 109.6441 106.3467 101.5622 102.0533 102.0595 101.9556 101.6076 104.8814 123.2266 126.6290 128.1137 123.3290 122.3800
121.0100 120.7100 120.4685 120.2136 119.9700 119.7200 119.4975 119.2210 118.9784 117.9489 118.1971 118.4995 105.7030 111.5915 112.4552 117.4735 117.4302 117.3210 117.4525 117.3775 117.2555 117.3758 117.4153 116.5576 115.4744 120.5114 97.7336 112.1417 101.6439 100.7338 106.4493 107.4981 103.5121 109.2055 109.1487 107.2474 104.1035 104.2505 101.0176 104.6717 107.2283 101.8656 109.2270 107.3393 104.4070 113.0675 116.4113 116.5392 120.8330 118.4667 112.6720 112.9789 112.7135 103.1382 102.9312 103.6850 104.0957 105.3504 119.0322 120.7621 124.0659 122.6703 127.2978 127.2800
121.0500 120.9495 120.6862 120.4277 120.2374 119.9939 119.7926 119.3089 119.2906 118.8337 118.8758 120.3510 114.5730 120.0174 118.2595 117.8617 117.9982 117.9775 117.8937 117.8634 117.8345 117.7981 112.4093 104.0057 116.7249 104.2266 98.8035 100.0513 98.2509 109.6003 117.7271 110.6003 110.1440 101.0383 108.3372 108.4483 106.4409 109.9075 107.6615 105.9570 104.0190 109.4128 112.4208 107.3750 111.8071 107.5105 105.8431 121.1334 119.4958 118.6016 122.5279 121.7917 123.0256 119.6889 99.7035 109.7205 102.6912 101.8745 109.3458 124.6262 125.9875 123.3763 125.9194 118.9300
121.3900 121.1984 120.9637 121.0521 120.7739 120.2774 120.1145 121.5028 122.8726 120.2193 119.5003 118.7855 119.3815 118.4077 118.7934 118.1441 118.6890 118.4138 118.3487 118.3310 118.5881 111.9472 94.5414 94.8852 107.6664 100.6199 99.7693 113.9898 117.7096 105.5451 117.6673 102.5738 111.0601 95.1427 107.6939 108.8550 109.2646 107.9818 110.1181 113.3047 108.5257 101.9197 107.2950 113.3265 108.5897 117.0791 116.7683 113.0819 121.5623 121.3579 122.1968 123.4196 124.5199 122.3622 117.7832 119.9629 106.8564 118.4902 110.8734 114.4831 115.8060 127.1235 126.6864 125.8200
121.6600 121.4196 121.2271 120.4322 117.2964 121.0596 120.3573 120.7343 121.5703 106.9333 118.9293 119.5265 119.3739 119.1391 119.7962 116.4000 119.1373 118.8399 118.7968 118.7682 118.5357 117.9111 104.9976 115.4336 103.9616 95.9782 99.4898 109.8638 118.7215 120.2601 121.6599 107.7523 108.8699 100.1759 109.8926 109.6033 102.7901 112.2981 113.6608 114.1214 103.5088 111.4925 108.2453 111.7578 109.6330 105.6973 115.6039 109.6321 108.5754 118.7950 109.1995 107.5259 125.9142 125.1782 124.6848 124.0013 118.6672 117.6416 112.0105 113.8993 112.2819 121.6894 120.3051 127.3000
121.7500 121.6761 121.3755 121.6406 120.2672 120.8371 120.4097 114.5241 111.4283 109.3405 120.1515 119.8203 119.7236 119.5841 120.5258 120.9914 119.1569 119.2759 119.2379 119.2103 118.6141 120.5476 95.5790 103.1774 101.5204 110.6709 116.5059 109.1802 120.8401 112.7741 109.6413 121.5386 110.4593 110.4213 110.0721 114.0496 109.1229 110.5590 109.3991 104.3472 111.9557 112.1234 114.9785 101.6110 105.4932 120.0948 101.6801 116.8385 119.5617 106.3324 109.3793 121.1433 123.1298 124.8817 124.5576 124.8802 124.1880 124.0264 125.9994 114.2548 118.0098 118.9929 119.5330 120.1200
122.0300 121.8860 121.7420 121.3622 124.6213 121.4312 121.4229 117.1107 123.0987 120.2203 120.2477 120.1467 120.0577 120.0022 119.5979 119.6052 119.7367 119.6159 119.2769 119.9113 119.2720 121.3997 104.4006 117.8572 97.4238 105.6202 103.2216 121.5941 119.9383 121.5859 113.5778 121.8965 109.5965 109.9201 113.4556 113.6746 110.4134 106.9514 109.8742 111.9135 112.9311 112.7023 114.3917 111.4238 103.2177 117.7038 116.0873 116.8214 118.0287 111.8539 102.3048 112.3863 124.8823 124.1005 125.3020 126.0727 125.9482 127.1665 125.6897 125.7782 127.0439 117.1482 118.6566 117.5000
122.3300 122.1251 121.9432 121.7773 121.4066 119.5124 121.8705 121.2908 120.7278 120.7784 120.6673 120.5071 120.5480 120.1531 120.2921 120.1641 120.0547 120.1299 119.2832 114.7906 119.4735 117.1716 101.6667 108.1753 100.9983 115.3554 100.2641 122.5435 120.7027 120.2607 121.6099 121.3470 122.1898 110.1056 110.8283 112.7599 114.3166 110.5792 108.5162 113.1272 109.8956 113.6170 114.4685 114.8125 112.3041 107.8894 102.1326 99.7332 111.6632 115.2051 124.9260 106.6586 122.4405 120.3794 124.7435 125.9312 122.9701 126.1910 127.3175 126.5340 126.9599 127.9034 121.0570 120.6300
122.3600 122.3497 122.1914 122.0202 121.8844 121.6654 121.5817 121.3539 121.3093 120.9624 120.9476 121.3015 120.1536 122.1884 120.3808 120.4768 120.5445 120.3971 115.6212 97.7432 101.4442 117.4969 95.0901 107.0091 106.6848 124.8089 107.6940 122.2106 120.1660 121.9740 120.9973 121.1658 121.5696 116.2867 113.9194 110.2763 113.2683 111.5595 111.8977 112.2209 113.5041 114.4183 113.9499 117.3226 107.6693 99.0494 104.6118 103.4999 100.7382 110.4508 112.3374 105.8542 126.7701 105.8795 122.9264 125.3581 126.9580 121.9158 124.4404 129.6342 129.4742 127.6519 125.1132 127.5800
122.6100 122.5752 122.4266 122.0646 122.1168 121.9788 121.8238 121.6907 121.3744 121.7495 122.0669 117.2169 121.7473 123.8023 120.5745 120.8230 120.8050 120.8988 116.0145 100.7335 97.1990 119.6084 110.4900 105.4986 106.0607 110.5673 122.0129 123.1086 110.4476 116.7545 121.7450 121.7563 122.3334 114.7695 100.8068 102.8453 112.4531 112.5372 112.5342 112.4578 112.1892 113.5762 111.3255 108.1484 107.0650 100.9290 102.4893 101.3364 102.7813 102.3014 102.0251 112.8435 123.2067 122.0480 120.1700 121.8257 124.6348 126.6212 127.1633 128.1175 129.1788 132.0498 126.7762 127.8800
122.8900 122.8063 122.6717 122.8207 123.5464 122.0316 122.0902 121.7019 122.8912 121.6452 113.0698 109.3155 120.6220 121.2827 121.2046 121.2026 121.1923 121.0410 122.4661 118.9246 107.6030 120.2788 103.3868 105.8592 108.7439 108.9354 122.0190 110.1913 114.4150 116.5597 115.9171 123.3575 105.4159 103.9726 104.5696 114.2682 113.1623 113.1240 113.1872 113.5213 113.3949 113.8366 115.8201 104.4952 103.6985 109.6982 118.2721 98.8988 102.3691 102.1220 101.3555 102.3091 120.2581 126.0408 121.4334 117.7315 125.0842 126.3721 126.7287 126.8894 129.8434 128.7828 128.9995 131.7500
123.1800 123.0378 122.7820 124.4051 124.2654 122.7120 122.1881 124.3109 117.6259 120.2391 109.4546 120.5080 121.8549 121.5578 121.6684 121.4703 119.8798 121.3759 116.9515 103.9532 102.9332 111.0077 105.2235 106.7338 102.6249 102.7613 109.6341 120.6467 123.2758 117.2413 96.2756 100.8841 99.4369 104.5485 101.5011 112.9644 114.3610 113.3420 113.9723 114.3823 113.9952 111.6281 114.4714 104.3395 111.0218 113.8842 109.8999 108.5104 102.7116 102.7540 115.5782 110.7706 107.3300 117.5607 123.5480 125.3333 128.0398 128.2954 128.2284 127.7732 121.2004 108.7745 129.0596 131.7500
123.4200 123.2545 123.2869 123.6760 114.2023 115.1699 122.4617 122.7495 106.9999 114.0470 104.0963 123.5390 121.7679 121.9201 121.8908 122.6205 105.7170 123.2897 123.1378 102.6924 103.2973 101.5506 105.5107 105.1236 106.3976 118.1042 122.8936 122.3596 121.6406 125.4519 107.9498 115.7899 117.6805 102.0539 105.8075 113.7401 114.2706 115.3977 114.5259 114.8418 115.9245 106.3925 102.6676 112.5809 117.3178 104.5268 101.0999 102.1263 102.5844 102.1079 111.8814 116.8456 112.5644 127.6077 121.4006 123.6646 129.2339 128.2896 128.7686 128.8235 124.1572 119.8018 131.5163 131.1600
123.6300 123.8837 119.7787 122.0384 124.0234 122.9987 122.7074 122.8777 124.5341 123.4318 122.0629 121.9646 122.3359 122.1690 122.1677 122.6162 123.8291 121.6434 122.4532 122.3847 114.3498 105.1982 106.5346 106.6967 105.3668 120.8087 108.2286 112.8067 122.2489 114.2013 118.6811 123.0589 123.3530 110.6811 107.8526 111.5833 113.9959 116.3129 114.8025 115.1770 115.8449 103.9115 107.5591 115.7299 117.4331 116.1190 106.2377 102.9113 102.9519 103.3002 105.8411 115.6104 119.2187 120.3222 129.4750 122.7082 120.3939 128.7782 130.2393 129.3024 129.7353 129.8303 128.8470 129.3500
123.6700 118.9704 130.0323 123.1800 122.7954 123.1611 123.0960 122.8774 122.5928 122.6263 122.7115 122.6144 122.5369 122.4712 122.4343 122.2731 122.0385 122.3481 121.9496 121.6221 122.9999 123.2136 120.4852 106.6990 106.7591 119.9106 109.2933 110.7045 121.5121 121.2899 113.8860 125.3122 123.1252 123.8992 115.7827 123.2861 116.8207 115.4639 117.3405 115.8586 117.3715 118.0513 101.5844 106.8284 112.9839 117.7727 107.2823 102.7277 101.8878 102.1422 103.5501 106.2616 120.8671 120.2703 107.8551 127.8929 126.6990 120.2472 125.5467 130.0281 129.7322 130.0624 130.1236 129.3600
123.9100 109.4564 106.8010 112.3169 124.4861 123.4031 123.3655 123.0815 123.0796 123.1254 122.9507 122.8748 122.8022 122.7460 122.6840 122.6615 122.6579 122.7466 117.9439 122.8128 118.8929 122.2527 122.4820 110.3794 109.4786 108.2614 111.7829 102.9124 113.2091 117.4506 106.3889 123.7855 123.0257 123.2349 123.4424 123.5282 123.2916 114.7412 118.3288 117.3379 116.5188 117.7499 111.7847 102.9641 119.1507 117.7028 101.9445 117.8424 117.5564 119.0464 105.4991 103.4504 102.9347 120.9693 116.6689 119.3905 129.2881 120.8329 121.8805 125.2434 131.9306 123.1647 131.2591 131.1500
116.1700 120.9082 116.4520 121.7540 121.9095 123.7376 123.4042 124.4023 123.7381 122.9967 123.1996 123.1321 123.0668 122.9981 122.9550 122.9117 122.8891 122.9018 123.3906 122.8478 113.7600 120.5965 123.2411 111.8082 102.8000 110.2809 113.3714 123.3650 114.8967 109.0715 125.5842 123.5083 123.2399 123.5006 123.6037 123.6014 124.4849 120.0897 118.2889 118.2609 117.3103 117.7613 120.1834 103.7234 103.1489 102.2067 102.8185 102.6236 118.8926 116.2817 117.3618 124.6457 121.0781 122.7660 120.2314 119.8741 121.7900 130.8620 126.6109 122.7795 125.4560 131.6146 131.6706 131.0600
124.2000 123.5459 124.6832 123.9468 123.8087 123.8850 124.1005 113.9619 123.2664 122.9598 123.4455 123.3776 123.3113 123.3029 123.2330 123.1719 123.1473 123.0847 123.1426 123.1323 116.1597 121.6634 126.2110 117.5030 116.3487 112.8586 119.8734 113.8829 123.9235 119.6529 123.2690 123.5392 123.7650 123.6759 123.8288 124.0030 123.4546 125.5317 102.4610 118.2403 118.5519 116.0094 109.9755 112.6580 100.5744 105.7041 103.1444 101.9471 114.6198 120.1298 118.0303 118.2360 122.0925 121.9081 123.2782 121.8403 118.7899 121.8056 131.7540 128.9506 124.9578 123.7810 132.2467 131.4200
124.5900 124.5187 124.2253 124.2651 124.3623 124.0264 124.9996 109.8383 125.5222 123.4077 123.6962 123.6381 123.6103 123.3513 123.3982 123.4290 123.4067 123.3745 123.2521 123.2258 122.3298 122.6633 124.0847 119.5767 123.3395 113.5300 118.1620 124.4426 124.5218 123.6985 123.5875 122.4888 123.1838 123.9281 124.0576 124.1435 124.1666 123.0910 103.7467 117.1386 119.8658 118.1853 102.1282 107.0427 121.7432 113.2480 101.0974 104.0027 105.6938 115.1319 121.6414 119.2390 121.1393 122.6939 122.8526 126.3269 121.6771 122.4791 118.9583 128.7601 131.4194 126.3697 125.4904 127.4700
124.8000 124.6648 124.5977 124.4900 124.5147 116.7544 124.2643 119.0347 123.5094 124.0389 123.9262 123.9997 123.0330 124.5498 123.6368 123.6733 123.6535 123.6442 123.2662 123.9554 123.5681 123.1253 123.1823 118.6132 118.1119 119.1054 116.7715 116.8406 123.0403 123.7781 124.1071 124.0399 124.2029 124.1585 124.2616 124.3738 124.2906 124.9685 123.9381 122.0014 108.4143 119.8694 114.2119 104.3788 115.6449 108.0953 106.6437 103.5365 103.1050 103.7693 115.5938 125.6101 122.0073 122.5830 123.8604 131.4352 124.5485 125.4351 120.6578 119.9511 128.7936 135.9356 129.6548 126.7000
125.0200 124.8729 124.7687 124.6895 124.9490 124.3621 124.9482 124.6191 124.2822 124.2176 124.1597 124.4854 113.1641 125.0399 123.8082 123.9111 123.8940 123.8477 123.9619 120.9233 124.6333 123.8550 131.3496 123.7186 118.3861 119.3509 120.3238 124.7856 124.9255 117.1551 123.9278 123.7198 124.3470 124.3550 124.4586 124.4005 125.5231 124.5120 126.6411 113.4295 109.6383 119.3884 101.2278 102.3204 102.9118 115.7496 103.7718 112.8634 103.3652 106.1427 101.5711 113.0712 123.3335 119.5335 122.3181 125.1287 123.3605 132.2033 125.1899 122.1359 125.3330 112.2659 121.7446 133.3300
125.2100 125.0649 124.9679 124.8910 124.7275 124.7470 124.5839 124.5003 124.4892 124.4292 124.3772 124.9053 125.2284 124.1547 124.1821 124.1428 124.0603 124.1176 124.5414 124.5376 99.5498 123.3057 125.6171 111.4515 120.3239 120.4237 120.0713 124.5823 123.8308 122.3315 115.3903 127.3739 124.8845 124.8260 125.2329 125.1566 121.1081 126.0141 123.6704 125.7951 103.8938 107.9362 103.5379 103.5253 101.1393 115.2856 123.0750 120.8594 102.4823 102.6598 104.2449 110.0523 123.2391 122.2446 118.6191 122.3622 128.6279 131.5082 124.7465 119.5733 123.0397 119.1750 101.1376 133.5400
125.4000 125.2502 125.1550 125.0668 125.0127 124.9133 124.8344 124.7850 124.6992 124.6549 124.6180 124.4412 124.3198 124.4576 124.4695 124.4512 125.1060 125.2482 112.0149 123.5582 121.8813 124.0909 124.8791 115.5956 115.6458 121.2049 122.8621 124.9868 125.1197 126.1153 102.1404 112.2582 120.1134 125.3426 115.6571 110.8737 117.2742 132.5414 124.9229 117.4719 103.2113 103.7888 103.4490 102.4611 111.0822 102.1815 125.2148 125.6307 127.4339 104.6292 105.1096 107.0076 119.4963 123.9976 123.2798 120.3903 127.5465 129.8010 124.0537 131.7351 110.3648 104.3215 123.9299 133.5400
125.4200 125.4351 125.3449 125.2653 125.1905 125.1171 125.0457 124.9726 124.9416 124.7778 124.6953 124.7903 124.7230 124.6559 124.5255 124.9035 124.0571 123.7162 124.4862 124.5483 123.9134 125.8255 105.0467 104.3914 106.6051 115.0198 121.4933 120.0600 119.3540 116.1422 101.2611 111.8168 123.4881 124.3830 107.4884 102.2181 105.8979 107.7852 114.8379 107.9459 105.9914 104.7741 103.0545 118.6289 124.8806 108.0662 121.1508 117.0585 123.3745 120.5721 108.8692 103.0787 116.7276 125.7455 126.4067 122.8208 126.3660 132.1964 133.7177 117.3133 120.2805 121.0995 120.7844 106.0200
125.6100 125.6136 125.5310 125.4521 125.3763 125.3019 125.2336 125.2544 125.0128 125.5953 125.4242 124.8070 125.0055 124.8374 125.8242 125.6306 113.6068 114.4878 118.0139 124.3956 124.6130 124.4748 125.9414 104.8084 127.7037 120.4296 120.1436 110.7369 120.9701 117.6394 105.7410 105.9103 113.9134 117.2149 118.6060 103.5834 105.3354 102.2852 113.0668 105.6746 108.5664 107.9346 104.0871 108.3948 118.5999 121.9534 112.2906 111.9404 117.0831 113.8875 107.4885 112.1512 126.0942 121.8078 119.1053 126.5312 124.0115 122.8534 133.8308 114.6705 135.5319 133.9518 129.1047 126.4200
125.8000 125.7943 125.7100 125.6365 125.5667 125.4999 125.4191 125.4852 125.5380 118.1928 123.7685 124.7760 125.0452 125.6587 115.0928 127.2525 124.9442 124.0899 117.0194 119.9088 125.2255 126.5378 111.0388 117.4911 123.0629 121.4378 114.8313 121.4498 125.8063 112.3525 102.8871 104.4051 106.7015 108.8613 108.5006 101.5710 120.6668 121.3059 112.1481 111.3072 112.0169 109.2697 102.5128 103.1598 108.7169 122.2083 102.3410 101.5998 124.5756 102.7891 106.9989 123.4476 123.5227 126.1894 112.6232 116.9132 123.3099 119.0023 121.5606 135.2218 134.4786 133.8468 133.9342 135.3000
125.9900 125.9658 125.8978 125.8191 125.7448 125.6879 125.6514 125.5693 126.0325 113.0716 117.7198 125.0861 125.3730 128.3667 126.3714 107.5570 103.4769 122.9309 119.8913 125.5616 125.9482 125.0249 120.5214 113.3797 125.8582 113.7868 125.8931 127.4848 124.7379 127.9854 105.4273 112.3407 103.5415 104.4609 104.7648 107.3938 125.6189 126.2746 124.9847 121.6330 124.3296 118.8607 117.2085 105.1644 109.6864 123.6939 122.8608 124.5290 107.7345 105.0036 106.5191 105.8902 109.1808 123.5196 126.4528 127.4176 127.1223 121.7325 124.8357 127.8024 125.9538 136.9545 135.1952 135.7600
126.1700 126.1371 126.0583 125.9952 125.9983 125.6819 125.6872 125.8690 125.0076 117.2023 99.8995 118.4078 119.2367 121.8743 118.5117 115.2959 110.2926 110.8268 120.3002 125.2684 119.4048 125.1122 123.3582 115.6259 116.9280 116.7315 117.3507 111.4272 126.9305 126.1585 105.9266 123.0373 110.9650 104.1913 104.2699 109.2806 127.0419 125.9372 125.7588 126.5945 115.1806 114.1590 115.6820 111.8226 107.5090 122.4176 125.8543 111.1955 105.9464 107.2222 102.0540 119.4616 130.2305 116.5316 127.7978 135.6826 136.0072 125.0497 118.7778 120.5983 121.6214 135.3602 135.4364 135.8100
126.3400 126.3097 126.2392 126.1488 125.9427 127.3899 126.4685 126.3939 128.0275 113.6908 115.4627 106.3223 102.0365 120.0794 121.0259 116.2008 116.6876 119.2901 127.7214 126.5715 117.0460 124.7179 126.4835 129.5726 113.8450 117.5532 117.4316 119.2463 128.9712 116.3019 105.5721 109.6203 107.4507 104.3271 105.2833 110.6382 128.3357 126.1126 125.9506 126.5587 123.4503 106.0176 121.7856 106.8598 105.5511 120.4845 126.7354 125.5426 118.3900 104.9693 128.3612 130.7602 132.6737 125.8972 123.1672 126.9756 133.9423 139.2304 122.7829 124.8227 126.1104 124.0303 135.7386 135.8400
126.5200 126.4781 126.4017 126.3743 127.0745 108.6630 129.3832 117.4818 122.1987 100.5013 114.7002 108.8216 122.0629 128.0011 122.6111 120.1206 109.2976 115.7715 115.5839 117.1222 120.9860 126.6693 119.0568 113.3352 106.1932 116.4325 119.0215 108.1233 112.9465 115.4583 103.3463 107.1077 104.0371 126.0886 106.6385 104.9401 121.5457 126.2763 127.2313 126.4864 126.5931 117.1795 106.9261 111.3832 109.7932 120.9829 126.1034 126.3459 127.0376 123.2476 129.2654 126.9985 133.1509 133.7143 124.9307 119.6933 130.0932 131.3966 135.4230 128.4491 124.6584 124.2123 130.8597 127.4200
126.6900 126.6359 126.5669 126.5458 127.6610 127.9722 116.0906 123.9562 129.6369 125.7711 110.5407 112.8008 111.9831 126.9092 125.6832 117.9480 115.7449 114.5079 121.5832 118.4717 119.0533 117.2805 124.2157 110.3112 120.1336 110.7132 115.3129 114.3891 108.9232 105.3429 123.7990 115.1877 108.4986 114.2473 119.0527 111.2877 127.0442 123.9688 122.3192 127.4823 128.7227 109.8321 105.2550 106.1109 103.3956 106.4778 125.1350 125.8537 126.5547 126.6660 133.5508 134.1531 131.5645 134.1341 130.3918 106.6492 118.6258 135.6878 135.4962 137.9412 123.6773 124.9039 126.1123 121.4800
126.8600 126.8011 126.7361 126.7324 126.3077 127.3351 115.9539 128.4009 123.4838 115.1168 126.3483 119.2803 109.6359 125.0595 122.3323 113.0435 122.5957 117.7735 111.3446 105.9707 114.9893 109.3843 110.7477 124.8810 104.3486 118.3961 121.8058 107.2600 103.9293 110.7879 122.0935 108.5954 105.7957 112.4873 128.2929 108.2434 113.4485 117.7019 115.6014 116.3732 127.6611 116.2738 104.1604 102.3337 116.2047 118.0134 127.5076 126.5030 127.2863 127.3438 133.8230 130.9282 128.5212 133.3370 134.1226 129.7319 119.1608 119.1117 129.7682 136.1545 133.0420 125.4714 125.9437 121.4800
127.0200 126.8006 126.8208 126.9956 126.4801 126.8025 127.6127 126.4006 127.3268 127.3274 126.6203 118.9708 124.9028 125.4653 114.9044 116.9008 124.3441 117.3449 114.6083 114.0639 110.1530 114.0644 119.3979 109.0904 104.4857 102.8792 112.3913 111.6372 104.5030 112.3149 104.2644 111.3564 114.1786 126.4331 119.1012 111.8069 110.3569 117.4508 122.2368 108.5664 109.0313 115.4370 106.1289 112.1673 106.6497 125.3968 125.9222 126.8976 127.5875 131.2736 134.2968 134.0512 135.3055 135.3550 134.4179 134.8454 127.0981 123.5689 129.1622 137.2567 138.1640 138.6515 122.6245 121.9500
127.1800 127.1634 124.9491 124.8881 126.9074 126.9277 126.7350 126.8188 126.5510 127.7758 116.0278 117.1605 125.3214 126.1389 125.4523 117.9655 123.9225 125.9789 108.3091 104.6967 101.7322 125.8138 104.0561 112.8741 122.8071 105.0081 104.0148 105.0287 105.5676 109.4854 126.2443 125.8269 116.4021 114.6442 117.1542 116.0809 107.5301 104.1865 105.2828 121.6286 118.2984 121.0454 108.9708 122.6623 122.1801 128.8072 127.7824 125.9833 126.0848 127.1817 134.6866 134.8981 135.0015 134.5217 133.9564 135.1940 135.3435 127.1978 126.0011 134.8174 136.6757 136.5348 134.7656 123.0500
127.3400 127.2399 124.1011 126.3790 126.9975 127.0825 127.0768 126.9436 126.9462 128.7308 115.5928 120.3215 124.9078 126.1357 124.5577 120.2348 123.6964 126.8147 108.9729 116.6457 121.2171 127.8108 107.3423 122.9222 120.8982 111.0777 107.0584 110.3017 106.7120 112.7017 125.9479 126.6526 116.3954 113.5635 117.1885 104.3703 114.0591 105.2484 107.7729 127.3478 117.7042 106.8945 116.2145 124.4619 127.5203 126.6507 130.3370 128.4283 126.5827 127.5421 131.0497 135.2201 134.9589 135.4520 136.2276 131.3075 135.0206 136.4487 131.0267 133.8939 136.6556 136.2900 142.1719 107.0800
127.4800 127.2715 127.7531 127.3909 127.3112 126.7695 127.1680 127.0898 127.1046 128.1261 119.2962 114.7703 123.9838 124.0243 124.2692 119.4331 123.3433 125.5818 117.7701 103.6477 119.3916 126.4695 107.6157 114.2215 112.4843 104.9808 104.8853 105.5527 104.5599 113.6298 112.8039 124.9715 126.9468 125.4655 110.4674 113.6395 116.4755 106.8135 118.5838 128.7186 119.8189 119.0717 117.6323 127.8808 127.2809 131.1505 124.6303 125.2268 125.9434 127.6420 127.9034 136.9298 135.5965 135.8082 135.8512 136.0038 135.5407 134.9796 132.9505 129.9728 112.8667 143.4232 131.1207 107.2100
127.6400 127.6212 127.4527 127.4723 127.4482 127.3775 127.3591 127.3013 127.1355 129.5683 105.3722 114.9324 112.5081 118.2037 127.5607 120.6637 115.3544 127.6002 109.3942 105.3339 106.2624 110.0338 109.5792 114.6275 108.3027 109.5126 104.8701 105.3210 105.5079 108.9825 113.7806 129.1379 127.2929 112.9800 115.8416 126.4135 126.2126 114.7690 121.9205 112.2753 118.2465 105.5897 101.7946 131.5618 128.0354 127.8642 128.8575 128.3674 127.1563 131.0725 127.2084 131.7198 136.0438 135.9250 136.1383 136.4166 136.8790 135.5967 135.4740 127.5749 112.4379 128.1969 106.1144 107.3300
127.7900 127.7096 127.6734 127.6249 127.5697 127.5346 127.4727 127.4852 127.4282 122.3450 109.3517 114.3512 120.5463 121.4266 125.6799 121.1653 124.6864 126.7255 110.0815 104.2333 105.8448 105.8616 110.1050 103.3727 104.2583 104.4520 108.1655 105.0664 106.5316 116.0213 115.0235 128.2469 127.1463 123.4368 117.8558 119.3603 128.4265 118.5919 115.1361 104.8082 111.2356 106.0460 105.9133 119.6410 128.7542 128.3837 128.0412 128.0369 126.5822 118.1425 107.8430 130.0034 135.9657 136.6150 136.5800 137.2928 137.0237 136.0153 136.1440 136.2861 136.8662 131.3453 135.6710 111.9100
127.9300 127.8658 127.8173 127.7669 127.7294 127.6847 127.7240 127.6563 127.6757 124.0563 125.2487 122.8148 121.6407 113.2327 127.1737 124.8540 126.9904 127.7233 114.3977 112.4899 117.8460 104.3762 112.8497 107.4613 105.2031 107.2746 108.3205 104.7797 105.5205 110.9815 125.4392 127.8514 128.3011 119.3267 119.3664 121.2271 129.3791 117.2961 118.5501 109.4181 123.3828 105.7332 108.0264 110.3787 112.2971 128.0196 128.3350 129.2360 127.6226 129.8478 130.3596 119.6227 131.5182 134.4910 131.7300 124.7875 137.6265 136.5495 136.8387 135.8694 134.6906 116.2772 107.3933 114.1100
128.0800 128.0107 127.9610 127.9185 127.8797 127.8270 127.3062 127.4902 127.7061 122.8870 123.5551 120.6623 128.3448 114.6566 116.5904 106.0712 115.3964 121.8635 112.8705 122.1553 118.5797 107.4163 112.7756 105.9392 105.4815 107.6777 109.3119 107.0913 109.0200 115.4421 126.9777 127.4268 127.5269 126.4579 119.5776 119.6669 126.4210 121.7872 113.1221 116.0895 108.2154 106.0398 123.5025 111.3599 131.4291 128.8746 128.3532 128.8192 119.9403 128.7767 129.2311 127.6657 131.9396 131.9050 141.3647 139.0931 140.8232 138.3870 136.7258 137.5628 137.8031 123.0760 110.9449 107.6000
128.2200 128.1532 128.1003 128.0653 128.0712 127.4748 134.7357 127.8803 127.9556 121.6452 128.0646 125.6507 120.1673 113.5875 113.7938 107.3733 113.1813 107.0153 109.1832 125.1007 116.2237 104.0469 115.9240 108.7271 105.3749 105.2558 109.4589 107.2478 107.6727 105.9496 121.9327 128.3702 128.2066 124.8966 120.0899 122.4668 124.6058 127.4601 112.7123 120.2630 109.3591 104.3641 116.8964 128.8738 129.1442 128.2432 128.6646 128.2369 125.0251 128.9025 133.5669 130.1173 130.3356 131.5960 131.6384 138.1740 104.5720 136.4890 137.5279 134.6526 102.7850 107.6348 108.0143 107.7500
128.2200 128.2400 128.1500 128.1700 128.0700 128.0900 127.9900 128.0100 128.0300 127.9200 126.1800 125.3600 105.8300 119.4800 109.6800 105.8600 105.8700 105.7400 124.0100 124.0400 124.0400 105.7500 124.7300 105.8700 105.8700 105.8600 110.6600 106.8000 115.1700 115.1700 113.1800 127.9000 134.3400 127.9900 128.1000 128.0800 128.1700 128.1500 120.9600 110.7600 110.7600 106.4200 128.4000 128.4800 128.5500 128.5500 128.6300 128.7100 128.8000 128.8700 128.8700 130.2600 130.7400 130.5000 113.8200 137.3700 107.3100 137.5600 137.8100 107.5300 110.4100 107.6900 107.7500 107.7500
