128.0600 128.0800 128.1100 128.0000 128.0100 128.0300 127.9200 127.9500 127.9500 127.8400 127.8500 127.8500 127.8700 127.7300 127.7400 125.0000 127.7500 127.7500 127.7400 117.8600 115.1300 109.0900 109.0900 127.8500 127.8400 126.9500 127.9500 127.9400 106.7300 118.2800 121.1200 111.6800 120.9400 110.5400 115.8000 128.2600 128.2600 128.3300 128.3300 128.4200 128.5000 128.4800 128.5900 128.6600 128.7400 128.7400 128.8200 128.8900 128.8900 129.0600 129.0300 129.1300 129.1900 129.2900 115.3100 129.4200 129.5100 129.5800 129.6600 129.7300 129.8100 129.8900 129.9400 129.9400
128.0600 128.1120 128.0199 127.7866 127.9364 127.8779 127.8497 127.8191 127.7939 127.7734 127.7454 127.7308 127.7168 127.6859 127.8810 126.2394 127.9851 127.7528 125.6606 119.9776 118.5682 106.8461 130.4095 127.3309 130.2076 127.3998 128.2950 121.9035 106.2016 109.6428 117.7443 111.3604 122.7803 118.7004 119.4209 128.9674 128.1662 128.0698 128.0765 128.3055 130.6296 128.2896 128.4890 128.5402 128.6008 128.6646 128.7260 128.7988 128.8609 128.9280 128.9325 129.0807 129.0371 128.1065 122.1641 128.9031 129.4194 129.5906 129.6272 129.6083 134.2269 130.3228 129.9092 129.9400
127.9200 127.4978 127.6708 128.7489 127.5778 127.6853 127.6470 127.6709 127.6328 127.6173 127.5931 127.5783 127.5591 127.5486 127.5183 127.6817 127.6384 127.8319 119.3926 127.1096 124.8042 104.9674 113.9976 130.4300 108.7696 126.4010 126.0714 114.3306 119.0624 123.1155 112.6410 108.8768 118.4204 129.5865 129.2331 129.7961 127.8120 125.9168 132.1134 128.3320 127.7281 128.3671 128.3641 128.4129 128.4775 128.5434 128.6056 128.6724 128.7356 128.8573 128.8487 129.5744 126.8650 126.4961 130.8481 130.1161 130.2978 129.2319 129.4791 129.3245 129.8996 129.2188 129.7749 129.8000
127.7800 128.2016 132.0894 119.8866 129.0603 127.6692 127.8573 127.4840 127.4897 127.4533 127.4320 127.4147 127.4033 127.3881 127.3815 127.3453 127.3679 127.4936 128.0520 131.9127 123.5043 107.1511 110.4748 134.9594 118.5877 122.2356 129.6330 127.9064 119.7169 113.1784 111.6879 111.3742 112.6121 126.8429 127.3403 127.6656 128.2908 133.4700 128.8694 127.6147 125.3618 128.2212 128.2316 128.2792 128.3451 128.4141 128.4809 128.5457 128.6115 128.6238 128.6810 130.1543 117.0146 121.0908 129.5617 128.8146 129.2964 129.9922 129.2299 130.5751 129.4117 129.6938 129.5623 129.6900
127.6300 127.1178 127.3220 114.6189 128.7712 127.1593 123.7962 127.7905 127.3210 127.2929 127.2701 127.2511 127.2409 127.2286 127.2012 127.2056 127.2087 127.1723 126.9250 129.6744 124.4204 104.4917 123.3169 120.7250 115.8746 131.3863 126.6801 118.5103 123.1876 115.2426 110.4011 117.8218 114.7471 127.6621 127.6990 127.6313 127.3514 127.7494 127.9153 128.0077 128.0325 128.0025 128.0983 128.1533 128.2159 128.2861 128.3504 128.4425 128.5226 128.5321 129.0627 124.1331 127.6259 130.7938 129.0239 129.7921 122.9277 129.1646 123.3141 130.4430 116.9854 128.3721 129.7214 129.5600
127.4800 127.4832 127.3816 128.9774 132.2018 128.9588 126.1596 127.3542 127.0918 127.1354 127.1076 127.0952 127.0629 127.0607 127.0716 127.0741 127.0511 127.0663 126.8857 126.8553 123.4619 106.1589 126.7710 128.0607 128.1244 127.7436 127.7960 128.5814 118.4528 122.3021 124.8991 125.1031 114.8755 128.3078 127.4566 127.5425 127.6191 127.6394 127.7160 127.7405 127.8180 127.8901 127.9479 128.0162 128.0900 128.1531 128.2169 128.3848 128.3262 129.7366 126.6838 111.7881 129.6696 128.1969 128.6692 133.3369 120.7958 120.9412 123.0742 128.9259 133.2864 130.3970 129.3578 129.5400
127.3300 128.3363 126.7302 127.6636 127.2009 126.6501 127.1610 127.1525 127.4790 126.9221 126.9489 126.8616 126.9956 126.8732 126.9201 126.8225 126.8045 126.8636 126.8822 126.8980 128.6411 112.8730 121.8617 122.6736 119.3213 122.6739 125.4331 115.6477 107.9480 106.3644 126.4514 113.2007 125.2684 124.8068 127.7449 127.3862 127.4335 127.4979 127.5817 127.5916 127.6782 127.7479 127.8172 127.8820 127.9509 128.0256 128.0956 128.1505 124.9525 129.2415 116.4388 120.5346 131.4237 128.2831 128.9721 132.1290 114.7776 110.2344 125.6243 128.3699 129.2052 129.6761 129.2620 129.4200
127.1800 126.2051 118.9734 129.8744 127.1507 127.0580 126.8527 127.3753 122.5994 127.3391 126.7537 127.4538 126.3423 126.7908 126.7751 127.6025 127.9125 126.7523 126.5841 126.7322 131.5025 118.3824 122.2384 120.1341 118.3334 128.3409 118.2761 112.5522 115.9650 120.9219 113.2308 122.8432 134.5394 127.1998 127.2052 127.2833 127.1941 127.2668 127.3314 127.6292 127.4997 127.6107 127.6758 127.7423 127.8168 127.9138 127.9520 127.9522 129.3432 124.8495 116.7534 126.2100 128.7400 128.9109 127.2493 129.5846 129.2850 127.9938 129.5872 129.2700 129.0412 129.0387 129.3740 129.2900
117.7200 128.0976 126.6175 127.0432 126.9169 126.7556 126.7422 125.0107 121.5420 127.1850 126.5108 129.2291 131.1230 126.1587 126.5589 126.5043 126.5082 126.5419 126.4702 126.5247 127.8093 123.8593 123.6979 115.7553 127.9349 126.5837 123.1046 127.4175 125.7389 130.2850 131.6474 127.4857 129.2157 126.9142 127.4079 126.9453 127.6534 127.6956 127.5417 126.9884 127.4000 127.4650 127.5326 127.6063 127.6842 127.7679 128.1424 127.9559 127.9342 128.0086 130.7607 128.5870 128.1783 129.1496 117.3131 123.1013 124.3193 127.9535 128.8261 128.8992 129.0253 129.8216 130.4030 129.2700
122.2300 117.1762 127.4758 126.4278 126.6290 126.6244 126.8142 120.7148 117.3019 124.7265 126.6887 129.0265 134.8490 125.6609 126.4045 126.1263 126.2273 126.2879 126.2740 126.3811 126.3004 126.6615 120.2813 114.9343 122.1645 124.1113 126.5592 126.5009 124.3211 128.6933 127.4402 126.6307 126.5574 126.7699 126.8519 126.8561 127.0912 112.0736 127.5391 127.6960 127.0359 127.3267 127.3934 127.4675 127.5453 127.5514 128.1096 128.6570 127.9047 128.5167 127.8421 127.7768 128.2431 132.8707 124.3699 120.6485 128.7111 129.0738 128.7156 128.8290 128.7469 128.9580 120.1439 129.1600
116.5500 116.6098 128.7064 127.3310 126.3753 126.4769 126.5811 119.2534 126.1768 114.7973 126.7682 133.2731 135.2064 125.3813 126.8239 125.8883 126.1193 126.6293 126.4278 126.0218 123.5205 126.5498 121.4534 108.5707 124.4659 129.9037 126.1190 126.6993 126.0921 126.3935 126.3980 126.6014 126.6167 126.6277 126.7027 126.6385 128.2672 125.1030 120.6479 126.2379 126.9223 127.1823 127.2528 127.3275 127.4016 127.5224 127.4683 127.6443 127.6850 127.8471 128.0503 127.6482 127.9083 124.0874 127.1020 128.8280 129.3584 128.4698 128.6118 128.7531 128.7157 130.0920 129.7635 129.1200
126.5300 115.3779 124.0899 114.2451 126.8737 126.2814 126.2262 125.6311 116.8768 111.2421 130.1688 125.1650 123.0487 128.4862 120.4806 127.4396 116.9428 117.6742 126.9800 126.5165 122.8437 126.1365 120.9936 118.2874 132.8917 125.1575 126.0412 126.1294 126.2420 126.2728 126.3179 126.3539 126.4119 126.4716 126.5330 126.6197 126.4439 127.2290 126.0937 128.1322 126.9204 127.0344 127.1023 127.1855 127.2648 127.3434 127.4478 127.5244 127.6050 127.6968 127.9604 131.1975 131.3161 124.5113 125.9284 134.8133 128.1423 128.2923 128.5367 128.5988 128.7641 128.6605 128.2899 112.0200
126.3600 110.0872 113.7911 128.5057 124.4645 125.6152 125.8243 127.7588 115.8215 114.3741 134.0225 123.7764 147.2659 124.2301 116.3081 126.7473 111.5404 103.7609 122.6580 131.8304 125.1504 117.7632 117.8883 117.5876 119.3942 126.0312 125.9865 125.9999 126.0307 126.0483 126.1262 126.1923 126.2460 126.2978 126.3378 126.4180 126.5588 126.4731 126.7025 126.7435 126.8082 126.8707 126.9582 127.0371 127.1249 127.2107 127.2958 127.3900 127.4732 127.6428 127.4535 127.2293 130.0286 129.6596 129.7770 132.9208 126.0236 128.7450 128.4055 128.5171 128.6824 128.4166 130.2911 112.9500
117.5300 130.3563 126.9518 127.1343 124.6695 124.4706 125.6352 128.0962 111.4676 128.7664 132.0847 137.6945 125.0026 120.8280 127.4920 127.6539 108.6816 103.6640 123.8554 125.3638 119.6997 111.0475 115.2843 120.1642 123.4669 126.4712 125.7866 125.8177 125.8314 126.1042 125.9601 126.0137 126.0219 126.1490 126.2898 126.2595 126.3303 126.4301 126.4737 126.5648 126.6367 126.7251 126.8082 126.8956 126.9796 127.0659 127.1599 127.2469 127.3419 127.4387 127.5160 127.5646 129.2901 127.5459 125.3760 120.6275 123.7875 128.1761 128.2610 128.4036 128.4816 128.8734 125.6926 112.9500
120.3400 134.8860 123.9098 125.6075 125.8369 125.8584 125.3854 127.0349 112.9509 135.9094 114.5985 140.8166 137.2653 126.3093 125.5006 126.3027 108.9423 124.0541 125.1947 117.6191 112.7900 108.6677 121.0135 123.8063 115.3520 125.7350 125.6177 125.6609 123.9605 124.9281 125.7742 125.8313 125.8707 124.9007 125.9169 126.0762 126.1676 126.2390 126.3248 126.3991 126.4849 126.5675 126.6578 126.7471 126.8322 126.9228 127.0193 127.1108 127.2111 127.3097 127.4025 127.4961 127.6075 127.7567 127.5356 127.7394 128.4061 128.1956 128.2074 128.3184 128.3150 129.3667 128.0259 128.6800
113.4400 125.5304 125.4079 125.7147 125.5908 125.9034 126.2919 125.4173 125.9556 126.0690 118.0565 135.3708 125.9574 127.5438 125.5512 126.1204 108.5247 109.3825 135.5234 123.8670 114.4606 108.0514 115.7726 114.3646 124.0667 125.8810 125.3472 125.5530 125.5687 125.4743 125.5888 125.6495 125.6995 125.8083 125.8345 125.9334 125.9953 126.0721 126.1646 126.2450 126.3227 126.4081 126.5036 126.5916 126.6858 126.7868 126.8798 126.9762 127.0745 127.1747 127.2750 127.3791 127.4873 127.5595 127.7478 128.0127 127.8683 127.9404 128.1018 128.1959 128.2894 128.5014 128.6274 128.5600
125.6400 125.6605 125.4337 125.4192 124.4962 125.6272 124.9979 125.1004 125.0203 125.3472 124.7557 133.1221 124.6057 123.9998 123.1551 124.0669 124.8993 124.0483 129.4402 120.4508 116.7800 113.4218 120.1927 113.0481 126.0213 119.6330 125.0876 125.2303 125.2474 125.3404 125.3949 125.4644 125.5195 125.5684 125.6744 125.7439 125.8209 125.9060 125.9820 126.0804 126.1705 126.2648 126.3460 126.4464 126.5339 126.6376 126.7332 126.8390 126.9396 127.0407 127.1425 127.2483 127.3537 127.4567 127.5806 127.6523 127.7708 127.8826 127.9920 128.0953 128.2053 128.3014 128.3887 128.4100
125.4400 125.3149 125.2326 125.0706 125.1846 125.3056 126.8190 124.7690 124.9921 124.9863 124.8242 128.8443 121.9954 122.8771 134.2707 134.3972 111.0304 104.6658 121.6942 117.4761 118.5286 114.8618 115.0183 110.0013 125.6025 126.1512 124.6990 125.0585 125.1143 125.1124 125.1956 125.2603 125.3315 125.4084 125.5045 125.5640 125.6598 125.7274 125.9222 125.9414 125.9948 126.0983 126.1926 126.2851 126.3940 126.4804 126.5947 126.7001 126.7947 126.9188 127.0008 127.1210 127.2182 127.3348 127.4419 127.5568 127.6655 127.7750 127.8771 127.9900 128.0992 128.2028 128.3026 128.3900
125.2500 125.1861 124.8665 126.2941 123.5838 125.3465 126.1878 125.8716 124.6875 124.7730 124.6244 124.1798 120.0293 124.0315 112.6800 110.0387 107.9905 104.5976 130.0088 117.9613 120.1317 128.5766 117.6630 124.6282 125.8027 124.7213 125.0232 124.5672 124.6050 125.0231 125.0032 125.1157 125.1128 125.2202 125.1840 125.3377 125.4462 125.5300 125.6437 124.8754 125.8937 125.8807 126.0816 126.1540 126.2714 126.3777 126.4143 126.5588 126.7485 126.7996 126.9231 127.0305 127.1084 127.2245 127.3243 127.4416 127.5512 127.6603 127.7749 127.8817 128.0044 128.0900 128.2249 128.2600
125.0600 124.9680 124.7887 127.0721 113.6230 115.3908 124.1750 124.8426 124.5270 125.0682 121.2417 121.1106 119.5500 119.5977 129.4949 106.5133 107.2272 103.6284 122.6483 120.9526 116.8009 128.0371 126.1665 124.1037 124.4038 124.5729 122.9437 118.4644 126.3303 124.2909 124.7258 124.4217 125.0398 124.7678 126.0696 125.6460 125.7455 125.5938 125.2916 126.9069 112.8407 125.9273 126.0089 125.9732 125.1637 126.1460 126.6099 126.5638 126.3942 126.2007 126.5076 125.1214 126.8484 127.0167 127.2120 127.3267 127.4359 127.5493 127.6678 127.7779 127.8971 128.0359 128.1036 128.2300
124.8600 124.6292 124.2189 125.3316 110.2726 122.6835 125.5130 124.3020 124.4188 121.7888 119.2125 119.3133 118.0148 115.4127 122.8055 104.8563 106.1666 102.6229 116.3553 110.7762 117.0095 123.8738 122.5342 123.9936 124.1643 124.4536 121.8946 119.6232 129.1035 123.9644 124.8051 128.4460 124.3616 125.6293 122.8952 113.4925 119.2406 125.9239 125.0163 122.0016 118.9794 127.2927 125.7719 124.5371 125.1955 123.8132 126.7034 128.6839 129.4834 126.6010 128.3484 114.0089 126.3677 127.0052 127.0923 127.2063 127.3341 127.4424 127.5612 127.6799 127.7631 127.9215 126.6042 132.5700
124.6500 123.9264 124.6135 129.4988 125.5140 123.9596 123.9687 124.1416 124.1455 121.3595 118.1426 120.5164 124.0622 123.1388 124.8206 105.5721 104.7984 103.6502 111.9651 113.9568 121.2037 124.0923 124.0300 125.7929 123.4685 125.9702 110.9722 117.7084 123.7972 124.4418 124.0711 118.2320 128.4370 124.5632 113.9063 110.7684 113.6045 122.4661 116.2441 120.1668 120.2812 125.2634 125.7521 124.5047 126.6458 124.0105 126.6770 122.2821 109.8002 118.5011 121.4529 131.4485 126.8587 126.8455 126.9922 127.0824 127.1862 127.3073 127.4544 127.5740 127.6343 128.1529 125.3413 132.5700
124.4400 125.4422 123.8361 124.4688 123.3810 123.9657 124.1433 123.8743 123.8743 122.9357 118.6652 123.8830 122.4802 123.4494 122.9130 100.6023 100.8816 101.0035 111.2570 120.7756 119.8946 123.8750 123.4395 131.3176 117.4576 114.1880 107.5283 127.6595 123.0029 124.3022 124.7370 121.5607 124.8013 106.5872 124.5466 121.6250 123.9045 125.2525 126.3951 126.6834 120.2616 125.5767 124.9787 124.8362 118.0887 118.5773 121.4284 119.4359 112.9363 121.1597 124.5781 126.9754 126.2104 126.7300 126.7669 127.1123 127.2444 127.2172 127.3297 127.4802 127.6026 127.6978 127.7950 127.8900
109.4500 118.2563 124.8780 123.6086 124.2046 121.3509 123.5788 123.7674 123.9730 121.2880 124.1659 120.3755 118.9088 116.4543 113.0091 104.4711 115.1686 116.7631 116.3006 128.6594 128.5235 123.6458 123.2811 126.5750 136.3799 122.0166 117.9008 124.7466 116.3305 130.2335 123.7227 123.1997 121.5276 104.5507 120.3668 110.7923 118.4033 124.6592 124.2083 124.8519 123.8152 125.0335 121.6519 113.2453 113.1019 124.6218 109.0136 120.3682 124.9530 124.8116 126.4987 126.3449 126.3910 127.0903 126.8754 126.8436 125.9428 126.1603 127.3203 127.3584 127.4986 127.5944 127.7333 127.8900
112.6600 119.0254 124.1144 123.7400 126.3817 123.6385 123.8273 122.7890 120.4854 118.4995 117.2108 122.4913 129.6926 104.2527 119.4287 110.4614 125.0165 127.0668 107.0148 121.5108 122.2862 123.1786 123.1600 121.8053 121.2399 123.1579 125.7850 121.7775 124.9524 124.0595 123.7742 123.5825 122.6614 120.3138 123.9667 117.2116 127.6951 124.6300 125.6914 124.8979 126.5943 118.9549 108.2067 122.1577 124.7889 129.4027 124.4003 126.2933 126.2247 125.9865 125.8182 126.7887 126.7301 123.8892 123.4344 126.3206 134.6906 128.7954 127.1663 127.2203 127.3961 127.5130 127.6513 127.7200
108.0300 122.9021 123.5765 123.5069 123.2319 123.3418 123.3227 120.3666 123.4713 111.9490 114.0938 132.4979 119.9128 109.8597 126.8080 108.9279 111.9784 107.1814 118.6490 123.5177 122.7285 122.8776 122.9457 123.3033 123.3772 122.9879 123.0752 119.8959 123.4788 120.2635 123.0205 124.0879 124.3669 124.4793 114.9199 118.4229 123.2289 122.4660 118.2501 125.0936 118.6108 114.0580 114.0318 122.1204 127.9511 125.8718 125.5810 125.5582 125.4364 127.1889 125.9326 126.0329 121.4947 125.3234 126.4640 126.6094 127.7412 127.0472 127.0454 127.1410 127.2958 127.4225 127.5402 127.5800
123.5100 123.6120 123.3343 123.3316 123.2308 123.1169 123.2024 119.1836 121.6624 123.7176 121.1540 115.8643 116.0434 121.2378 112.4204 116.4211 105.1702 102.2760 125.2700 122.4997 122.7512 122.6436 122.6692 122.6725 122.7272 122.8362 122.9993 123.0371 122.9286 117.1559 123.0247 118.7084 123.4343 124.1743 124.2572 110.1712 122.9135 123.3560 116.4520 119.4168 123.2639 120.1618 121.2190 124.9586 124.9916 125.1291 125.1402 125.3937 125.5440 125.7382 126.5839 124.1092 124.7170 126.4714 126.3962 126.5518 126.6201 126.6382 126.9502 127.0503 127.1912 127.3235 127.4569 127.5500
123.2700 123.2144 123.1534 123.0749 122.9551 122.8676 122.8483 120.8140 115.3007 115.5349 119.8028 116.8785 115.3612 117.4175 115.2855 116.2071 103.9461 107.5345 125.2775 121.9169 120.5759 122.4638 122.3428 122.2516 122.3648 122.5670 122.6849 122.6554 122.6848 123.4254 122.8450 117.9986 123.7857 123.2164 124.3212 131.0726 123.3513 124.0644 123.1028 124.4859 125.7924 111.5184 121.2814 124.9749 124.8008 124.9747 125.3150 127.3190 125.2605 124.8753 129.9470 126.3702 126.0331 126.0704 126.2928 126.4313 126.5149 128.5622 126.6482 126.9780 127.0917 127.2113 127.3987 127.4100
123.0100 123.0658 122.9537 122.8226 122.7045 122.6243 122.6936 119.9809 116.7267 114.1900 120.3728 113.8116 114.0957 119.2709 116.6436 121.5321 107.5387 105.6734 122.8366 125.5691 119.9850 121.8077 121.7382 122.7006 121.9960 122.3453 121.9041 122.5889 122.6609 122.4836 122.7504 122.9992 122.8723 123.6884 114.7580 119.0049 134.3912 121.1017 123.9554 123.7919 123.8934 124.7366 126.0190 124.4588 124.6971 124.8548 124.7969 125.3617 123.5585 122.1889 125.2472 125.4652 125.8365 126.1624 126.1220 126.3053 126.3173 126.6044 126.7267 126.8548 127.0208 127.2497 127.3562 127.3700
122.9800 122.8302 122.6879 122.5739 122.4644 122.3707 122.2688 119.8991 114.8430 116.1232 139.7974 114.0448 116.3575 117.5372 116.3664 117.4469 119.1801 122.9600 122.7728 110.4735 123.0931 121.9403 113.6236 117.2755 122.5370 122.4102 122.3044 121.8764 121.6659 121.5128 122.7401 122.3364 122.8413 123.2287 127.4613 118.7907 118.3424 123.5291 123.9188 123.2449 120.7396 125.3066 123.8325 124.2400 124.5050 124.6844 124.4021 123.8278 109.4838 121.5581 118.4986 124.8851 125.7131 127.3789 125.8711 126.1958 126.3339 126.4821 126.6240 126.7589 126.8415 127.1501 124.5272 127.2100
122.7400 122.5862 122.4518 122.3159 122.1951 122.0284 122.3432 121.4869 118.9817 123.5623 114.6818 110.0556 116.1708 118.7150 106.8642 122.1743 113.6648 121.0900 121.9225 121.2843 116.8380 120.8891 123.2920 122.4102 115.6364 115.6783 120.8880 126.5187 125.2354 112.6315 121.1460 122.0702 122.7008 120.1535 115.7443 113.5446 122.1602 123.5017 123.2075 124.0351 122.1683 123.1063 124.0981 124.1749 124.3119 124.4067 125.9804 119.2402 121.6764 126.3193 119.7553 126.5919 125.4007 125.7034 125.9229 126.0628 126.2160 126.3641 126.5072 126.6951 126.6457 127.2083 119.0711 127.2000
122.4700 122.3431 122.1975 122.0602 121.9281 121.7729 119.6336 117.1371 133.9713 113.9016 102.6015 115.8363 123.9748 114.0532 107.2880 120.8649 120.9215 120.8203 121.8386 108.6874 107.5077 110.8163 115.3299 121.4933 118.0411 130.6157 122.1111 123.2076 130.0582 118.6382 121.0325 116.3133 116.6179 115.4749 119.8935 114.6570 121.5498 123.2176 123.2366 123.2438 123.7380 123.8509 123.8235 124.0262 125.5031 122.4906 120.8618 117.4686 115.2063 128.9066 125.1691 125.3980 125.5104 125.6615 125.7964 125.9564 126.1114 126.2675 126.4186 126.5522 126.6942 127.3608 127.8638 127.1600
122.1900 122.0925 121.9430 121.7998 121.6561 121.5460 121.6505 115.9859 111.4813 108.3752 113.9745 115.7758 114.7685 109.0694 109.5819 114.0341 106.0277 111.6715 113.7279 119.7499 104.8558 115.9764 118.0080 121.1222 125.9209 119.6667 120.4121 121.0892 120.8945 121.9101 123.7094 116.7685 119.1335 115.9682 120.4581 116.2210 122.8482 122.6294 122.9891 123.1548 123.0638 123.3857 124.1943 123.4247 123.1235 112.6504 118.0123 128.5628 115.8041 127.3235 125.0335 125.1728 125.3512 125.5240 125.6896 125.8478 126.0090 126.1610 126.3203 126.4720 126.6258 127.3136 126.8247 126.9900
121.8700 121.8393 121.6792 121.5287 121.3833 121.3198 122.2142 126.0452 114.3853 121.3175 113.9225 115.1155 110.4167 109.0997 110.7215 115.8961 106.3884 103.3023 119.7770 113.0504 121.6404 121.1668 120.7124 120.7087 120.5047 120.8371 120.7030 121.2220 121.1955 122.0971 111.8216 106.9301 115.4840 110.4408 114.6751 123.7213 124.1413 122.5982 122.8474 123.0341 123.1580 123.2834 118.4559 124.6083 124.2429 110.3006 115.1694 121.9815 122.2936 123.5249 124.7381 125.0807 125.2509 125.4106 125.5792 125.7406 125.9053 126.0607 126.2251 126.3777 126.4707 127.3957 126.8563 126.9600
121.5800 121.5858 121.4185 121.2515 121.0468 121.2602 120.3438 120.5367 112.7169 117.3348 112.8956 109.6234 108.4694 110.2463 121.1461 113.5717 111.4966 108.2772 119.2894 124.0206 120.7943 120.0156 120.1184 120.2527 120.4582 119.9247 119.5979 121.0825 120.8334 123.4570 110.5288 121.0018 112.3799 115.9967 118.8494 122.8226 120.9255 125.5398 122.2864 122.5899 123.8165 119.5048 112.6430 124.5218 124.8056 119.9961 115.4804 120.5165 124.6242 124.5534 124.8472 124.9416 125.1301 125.2992 125.4671 125.6354 125.8028 125.9654 126.1317 126.2874 126.4614 126.5616 126.7478 126.8200
121.5800 121.3207 121.1391 120.9620 120.7898 120.6544 118.1060 117.3201 117.4977 117.6914 111.0097 118.4273 109.4901 132.3581 120.5611 120.4826 119.2246 116.2044 114.2869 125.9083 120.8058 119.6679 119.8585 119.7175 118.8411 117.5063 113.3682 121.5117 120.5940 114.5784 115.3207 113.9785 106.2078 118.8893 121.8479 122.1092 121.7157 123.4157 122.3911 122.5403 123.4154 119.0537 129.5588 120.0961 111.2083 119.0868 118.7975 123.4178 124.2222 124.4764 124.6536 124.8357 125.0098 125.1873 125.3597 125.5333 125.7006 125.8668 126.0311 126.2021 126.3670 126.5318 126.6923 126.7800
121.2100 121.0613 120.8600 120.6801 120.4824 120.4967 120.4291 119.4103 122.0819 115.6411 109.9476 120.9986 107.2302 126.3545 117.0471 115.8988 114.6139 116.9467 120.2926 118.1783 119.1446 119.3660 119.6719 118.0816 107.3863 115.8988 123.6682 127.4555 120.3455 120.0452 121.3815 110.2642 115.6594 123.9676 118.9821 109.8519 118.9973 122.2445 121.8577 122.1932 122.4770 121.9772 127.5745 126.2021 120.7997 120.9222 123.4142 123.9277 124.1882 124.3478 124.5328 124.7170 124.8991 125.0832 125.2574 125.4304 125.6067 125.7953 125.9672 126.1129 126.2804 126.4374 126.5948 126.6400
120.9200 120.7863 120.5863 120.3595 120.1983 119.8633 120.1778 118.4988 115.3122 115.4232 118.4946 107.7290 103.3384 120.0275 118.4601 119.2931 108.7860 107.6395 119.8562 118.9364 118.8472 118.9543 119.3958 109.2737 116.5348 120.7178 118.5520 119.6953 119.6133 116.4134 120.0871 122.0055 119.7673 121.7643 107.3517 111.3163 121.3804 121.6992 122.1180 122.0579 122.8623 122.5726 122.6658 106.9237 113.6538 121.4071 124.8524 123.7410 124.0234 124.2110 124.3947 124.5989 124.7851 124.9700 125.1462 125.3360 125.5014 125.6953 125.8413 126.0328 126.1810 126.4020 126.5551 126.6000
120.5700 120.5194 120.2819 120.1376 119.8045 119.6182 118.5792 111.5850 108.5074 104.5611 109.0819 101.1912 116.7867 119.5646 118.2998 118.2460 118.5277 118.3650 118.2392 118.3505 118.4121 118.5244 119.1280 119.1671 119.3458 119.0640 119.4991 119.3832 119.6573 119.8153 116.4564 120.7295 120.8986 117.6889 107.8814 121.4132 121.3994 121.9649 116.2537 111.3329 122.5054 122.4666 118.0138 108.7981 122.9890 123.1921 123.4893 123.6862 123.8729 123.9858 124.1894 124.4667 124.6703 124.8427 125.0439 125.2078 125.4625 125.2554 125.8133 125.9374 126.1359 126.1850 126.4546 126.5800
120.5700 120.2350 120.0194 119.7696 119.9415 118.6221 118.8233 116.3295 116.1285 112.0846 118.5171 107.5112 116.0453 117.8581 117.8521 117.8761 117.7728 117.6836 117.8675 117.8998 117.9688 118.0802 118.1080 118.2492 118.3658 118.6983 118.7762 119.0320 119.1690 119.7201 119.5359 119.8538 120.9134 116.7793 112.8447 114.7707 120.4291 121.2836 122.7204 119.0954 123.8996 122.6589 123.0590 120.3637 123.6726 123.0682 123.3741 123.5919 123.8173 124.4519 124.7323 124.7458 124.7339 125.2253 125.1917 125.1715 122.2136 119.1371 126.0478 125.7475 126.0956 128.2534 122.3266 126.5500
120.1800 119.9500 119.7276 119.1813 122.2188 112.3641 115.8907 117.7234 113.6913 106.0546 104.0853 118.5052 103.0674 117.4527 117.4328 117.3844 117.3710 117.3968 117.3660 117.4150 117.4918 117.5895 117.7416 117.8892 118.0620 118.2062 118.4541 118.6654 118.9191 119.0797 119.3503 119.6663 119.3492 118.6851 100.3205 122.3838 120.2982 121.0936 121.1719 121.7159 121.3372 119.6342 123.9794 109.6773 122.8571 122.6222 123.2199 123.1647 123.5261 120.2328 121.1628 121.8200 123.4643 122.0356 124.8581 124.9486 125.5590 125.9361 125.6108 125.7911 126.0405 125.8259 126.1795 126.4000
119.8000 119.6762 119.4477 119.1374 119.1917 118.4009 117.5298 115.8625 111.9373 103.8906 117.4592 118.8226 122.9260 118.2280 116.9077 116.8645 116.8294 116.8104 116.8426 116.9072 116.9913 117.1121 117.2497 117.4124 117.5998 117.8467 117.7924 118.2107 118.3779 118.6431 118.9843 119.0197 119.1597 112.5363 114.4483 110.7379 120.4981 120.9196 121.0938 121.3380 119.4975 126.9948 121.6952 122.7848 122.8856 122.8845 123.0925 124.9272 124.8950 114.6532 122.0467 116.6660 119.0251 116.6306 124.9589 124.8418 124.9780 125.1540 125.5056 125.7166 125.9206 125.9551 126.1460 126.3700
119.7500 119.3963 119.1081 118.8184 118.4383 118.3734 114.1893 106.0019 128.4280 106.4164 121.8490 108.4919 116.5999 116.0363 116.3926 116.3195 116.2793 116.2699 116.2935 116.3560 116.4583 116.5881 116.7498 116.9344 117.1445 118.3252 117.6513 119.9305 117.9609 119.3253 118.6529 119.8184 119.1324 121.8862 123.5062 119.3277 120.7678 120.6665 120.8717 121.8364 117.5026 129.7626 121.6290 122.3862 122.3001 122.7626 122.8244 126.1228 127.0434 138.7004 135.4001 115.9845 120.7726 125.5953 124.7150 124.8907 125.1183 125.3098 125.4677 125.6842 125.7314 127.1342 126.6728 126.3500
119.3900 119.1116 118.8085 118.5132 118.2401 118.2710 118.1496 114.1567 116.8078 117.3072 115.5012 116.7089 116.1701 116.1625 115.8278 115.7337 115.6855 115.6764 115.7041 115.7810 115.8909 116.0413 116.2207 116.4221 116.5162 117.1567 107.3042 117.5934 101.3112 118.0454 111.4861 107.2067 120.8347 119.0392 112.9830 109.4364 120.2648 120.3441 120.7321 121.0678 120.6842 120.6859 116.5993 120.7530 122.2366 122.6117 122.6664 122.7940 123.8137 133.4194 118.6176 112.4451 124.0996 123.9316 124.5667 124.7728 124.9937 125.1887 125.3796 125.3154 126.3101 116.8823 127.1190 126.3200
118.9300 118.8283 118.5067 118.1865 117.8947 115.7516 120.9047 117.8305 116.5623 116.4035 115.4229 115.9711 115.5579 115.3602 115.2223 115.1121 115.0486 115.0327 115.0742 115.1597 115.2924 115.4612 115.6647 115.8928 116.0536 115.7856 108.9941 122.6489 125.8227 120.5753 110.6782 101.6044 116.8286 111.2162 108.4137 115.3931 119.7700 120.1782 120.5421 120.8734 121.1005 123.1413 116.2873 121.1147 122.0055 122.3036 122.5123 122.7513 123.3712 124.0119 121.2380 120.1957 124.5697 124.5619 124.3380 125.1586 124.8962 125.1284 125.2403 126.9638 126.8531 119.3306 126.4771 126.1500
118.9300 118.5478 118.2043 117.8480 117.5877 117.7698 115.5715 116.4241 115.9759 115.8236 115.5020 115.1545 114.9515 114.7358 114.5550 114.4364 114.3677 114.3495 114.3937 114.4924 114.6446 114.8366 115.0748 115.3437 115.5456 117.1924 113.4158 116.2744 116.2459 121.4694 115.0026 113.1318 118.5664 106.5861 118.7126 120.5847 120.3701 119.9863 120.3894 120.1917 121.6184 111.5352 120.6434 113.9545 122.0557 123.1937 122.9218 123.4713 116.5389 125.9610 125.5025 121.9350 123.6721 123.3831 125.1082 124.8450 124.9538 125.0902 125.4574 119.2893 126.4018 126.8541 125.7167 126.1300
118.4500 118.2684 117.9059 117.5269 117.1979 116.2886 117.4349 116.1064 115.6132 115.2642 114.9130 114.6056 114.3071 114.0539 113.8520 113.7056 113.6213 113.6109 113.6561 113.7711 113.9449 114.1764 114.4454 114.7534 115.1111 115.3706 115.8467 116.2342 116.8214 117.0037 116.0730 118.4081 107.6091 114.7171 117.5389 116.5603 117.1875 119.7967 119.9365 124.2441 121.0833 118.2983 121.1663 126.2976 120.3783 120.7821 114.9285 119.6598 122.1212 113.9243 122.3604 124.5555 124.7970 124.3932 124.7609 124.5101 124.7962 125.0011 125.2726 124.1399 120.3586 115.6045 126.9887 126.1100
118.3600 117.9962 117.6122 117.2010 116.8157 116.6435 113.1167 111.9638 115.5980 114.7053 114.3342 113.9631 113.6223 113.3310 113.0872 112.9149 112.8077 112.7930 112.8510 112.9874 113.1999 113.4705 113.7878 114.1441 114.5269 114.9183 115.3517 115.7372 116.2419 116.3859 117.9844 120.0109 102.8008 120.2224 118.1902 118.8498 119.3199 119.5920 119.9846 120.7948 120.4533 121.4129 122.3056 114.0983 114.3566 121.6824 121.6503 122.5050 123.8648 112.6576 112.3567 110.2505 121.5035 121.8942 124.0592 124.5762 124.7186 124.8702 127.6283 128.5881 115.2253 115.0744 119.8870 126.0900
117.9500 117.7404 117.3253 116.8956 116.4426 115.9671 114.2815 115.3610 114.4530 114.1658 113.8184 113.2139 112.8935 112.5402 112.2541 112.0406 111.9142 111.8913 111.9643 112.1319 112.3880 112.7071 113.0838 113.4902 113.9306 114.3890 114.8583 115.2886 115.8474 115.9745 116.3569 104.2428 105.8712 117.4811 118.2348 118.7489 119.1117 119.4767 119.8215 120.1650 121.1008 111.6265 123.2380 119.1217 107.8654 123.0021 122.1953 122.5223 122.3753 126.3187 113.2774 124.0900 123.6454 124.2572 124.2436 124.4613 124.6361 124.3971 132.0847 136.5575 122.3986 111.7461 117.0502 117.9100
117.8700 117.4921 117.0323 116.6343 116.1442 114.8107 114.9530 114.4978 114.0305 112.6932 112.8568 112.5562 112.0802 111.6854 111.3323 111.0691 110.9203 110.8935 110.9807 111.1899 111.4969 111.8863 112.3347 112.8218 113.3283 113.8406 114.3794 114.8648 115.3235 115.6229 111.4368 108.7584 118.2613 117.7424 118.1307 118.5450 118.8818 119.2433 119.6283 120.0404 120.3915 119.0573 120.5716 124.7455 108.4711 113.7871 122.7969 122.4203 122.1057 128.5934 123.3236 123.3404 123.5639 123.8237 124.1950 124.4182 125.0599 125.1448 115.2995 125.2010 109.4508 129.8684 114.3765 111.2500
117.4600 117.2039 116.7736 116.2771 116.5823 104.6647 106.2893 109.9283 113.8169 105.3819 111.2950 112.2201 111.2342 110.7566 110.3204 109.9926 109.7943 109.7522 109.8766 110.1405 110.5301 111.0049 111.5425 112.1138 112.6998 113.2867 113.8088 114.5957 113.5195 114.6970 106.4403 117.8465 116.7246 117.4987 117.9083 118.3234 119.0403 119.8856 119.5831 119.8417 119.9735 119.0552 117.8071 132.5060 112.7041 121.8113 121.7925 122.3736 122.6635 122.6983 123.1264 123.4813 124.0308 123.9902 124.1786 124.4156 129.4446 125.3213 126.2436 125.9724 126.4022 130.7266 137.9702 125.9700
117.3800 117.3468 116.5432 115.4669 115.3853 108.0179 107.9567 112.8201 105.5246 112.6023 110.0075 110.9954 110.3678 109.7402 109.1928 108.7614 108.5053 108.4482 108.6124 108.9558 109.4509 110.0485 110.7023 111.3763 112.0670 112.7521 113.2370 114.4375 108.0438 123.6615 115.9184 116.0032 116.8089 117.2624 117.7520 118.0521 116.9253 114.3584 120.0813 119.7816 120.0133 120.3975 121.3539 121.4307 123.4577 122.0308 122.0606 122.2806 122.6273 122.9206 123.1092 123.1153 127.4804 123.5692 124.1514 124.6033 126.1178 123.2744 120.8653 125.0799 124.7057 130.4850 112.7884 117.8100
117.3000 115.5484 116.9187 117.1430 115.5218 114.5472 114.8110 113.9427 110.4522 111.6121 111.2734 110.2422 109.4422 108.6456 107.9305 107.3516 106.9959 106.9122 107.1332 107.6135 108.2690 109.0332 109.8320 110.6399 111.4390 112.1779 112.6099 113.6362 114.1307 115.9988 115.1579 115.9970 116.5714 117.0740 117.4110 119.4585 107.1835 104.2850 121.7137 119.6067 120.4577 114.6499 121.5536 120.9135 114.0798 122.0191 121.8703 122.2458 122.5137 122.7814 123.0394 123.3178 123.2612 123.6973 123.5125 120.8317 125.1710 116.0931 119.8278 125.3385 125.4981 126.1080 129.5105 138.6900
101.2000 101.7084 116.1983 114.6427 123.3455 113.8419 113.5232 112.7133 112.3577 111.2745 110.3388 109.4294 108.4403 107.4397 106.4878 105.6934 105.1684 105.0511 105.3855 106.0684 106.9572 107.9387 108.9330 109.9017 110.8006 111.6969 113.0805 114.9578 107.9882 112.6058 115.4064 115.7677 116.3946 116.9494 116.9511 124.9873 120.5395 104.8261 112.1001 120.9228 117.3984 117.7645 118.2988 115.4279 111.3822 122.1818 121.8960 122.1911 122.4880 122.7607 123.0072 123.3075 123.6424 123.7228 119.9062 123.5334 124.3870 126.3238 125.6269 125.0668 125.2753 125.1119 127.5291 130.7900
116.7600 110.2956 115.4526 114.9128 119.4041 113.8999 113.3877 112.5675 111.6633 110.7483 109.7436 108.6290 107.4740 106.2820 104.9479 103.6951 102.8553 102.6632 103.2174 104.2711 105.5198 106.8087 108.0459 109.1879 110.2336 111.2173 112.9568 113.8930 108.6952 114.7390 114.9922 115.6450 116.2343 116.7737 116.4693 122.9826 118.6484 109.2077 103.2620 120.6388 118.1555 123.5422 117.7994 124.0404 122.7231 121.5015 121.8526 122.1560 122.4385 122.7109 122.9805 123.2285 123.5138 123.6319 124.4828 124.2103 124.3861 124.3421 124.7573 125.1253 125.5218 125.8314 123.7482 112.3900
116.7200 117.2624 116.6146 113.7271 114.5496 113.5398 113.0450 112.2196 111.3156 110.2983 109.1753 107.9095 106.3251 104.4677 103.0588 101.2111 99.8590 99.4323 100.4577 102.1603 104.0077 105.6959 107.2135 108.5508 109.7425 110.8195 111.5511 112.7868 114.0738 114.1477 114.8595 115.4998 116.0963 116.5691 116.9571 119.4587 107.2447 109.5362 113.6258 119.1289 119.7601 123.7626 117.2964 113.6579 121.4867 121.5165 121.8156 122.1237 122.4028 122.6834 122.9566 123.2207 123.4761 123.6533 123.8340 124.1834 124.5346 124.6217 124.8578 124.9272 124.7771 126.3930 110.5980 126.3700
116.6900 116.1506 115.2542 114.2552 114.2100 113.6964 112.8692 111.9975 111.0281 109.9485 108.7137 107.4138 105.2693 106.3892 101.6314 98.5210 94.8697 93.8371 96.6319 99.8339 102.5131 104.7028 106.5103 108.0305 109.3444 110.5048 111.5662 112.4363 113.1973 114.0434 114.7397 115.3834 116.0017 116.6173 116.8096 121.0073 115.1519 115.4964 120.0410 120.2557 120.7649 119.3538 123.3958 120.2471 121.3115 121.5000 121.7946 122.0926 122.3805 122.6628 122.9358 123.1957 123.4564 123.7202 123.9642 124.2177 123.4692 124.6506 124.9140 125.5270 125.6993 122.9882 121.2507 110.2100
116.6700 115.9384 121.6448 114.7426 114.5780 113.5609 112.7475 111.8474 110.8485 109.7207 108.4216 106.8933 105.0261 103.4499 98.8711 94.7998 88.9844 87.5417 91.2759 97.7388 101.3184 103.9677 106.0131 107.6806 109.0809 110.2877 111.3598 112.3114 113.1712 113.9420 114.6533 115.3218 115.9372 116.4241 119.4091 121.6368 118.3162 118.9320 113.7397 111.4718 116.0612 122.0837 113.4263 119.4672 120.9885 121.4702 121.7774 122.0820 122.3711 122.6457 122.9201 123.1797 123.4393 123.7081 123.9210 122.9354 134.3917 116.5012 124.9156 120.3982 120.0815 125.9293 116.0106 107.7600
116.6600 116.2079 115.7151 115.0180 114.3449 113.5201 112.7004 111.7963 110.7861 109.6300 108.3090 106.7370 104.8373 102.3560 98.9802 92.8134 85.5271 84.0262 88.4494 96.6103 100.7968 103.6785 105.8286 107.5526 108.9841 110.2167 111.2987 112.2608 113.1265 113.9068 114.6306 115.2931 115.9155 116.4962 117.1637 117.5997 117.9702 117.9547 123.0320 111.1162 120.4908 120.7592 110.8430 121.2692 120.9520 121.4663 121.7806 122.0726 122.3634 122.6448 122.9189 123.1786 123.4385 123.7069 123.9330 122.9826 132.7741 116.2539 125.2778 125.1238 125.1941 125.9386 114.5527 108.4100
116.6600 116.2370 115.6290 115.0097 114.3004 113.5576 112.7391 111.8374 110.8349 109.6968 108.3940 106.8629 105.0149 102.6693 99.5162 94.6412 88.2265 86.7827 90.6149 97.5111 101.2002 103.8971 105.9718 107.6496 109.0635 110.2729 111.3467 112.2927 113.1526 113.9382 114.6490 115.3183 115.9357 116.4385 117.0469 117.5899 118.0243 117.7941 119.1191 124.8455 119.2462 118.9038 108.6706 108.1438 115.7031 121.5215 121.8448 122.0741 122.3671 122.6497 122.9233 123.1831 123.4437 123.6891 123.9278 124.2107 124.1259 124.4447 124.9430 125.0872 125.3133 125.4301 127.0790 131.4000
116.6700 116.2557 115.6709 115.0535 114.3810 113.6517 112.8485 111.9687 111.0008 109.9084 108.6659 107.2402 105.5568 103.5387 101.0152 97.9294 93.8463 92.7474 95.9404 99.5435 102.3428 104.6136 106.4217 107.9702 109.3044 110.4619 111.4886 112.4188 113.2532 114.0197 114.7210 115.3801 116.0003 115.7797 117.6348 117.6366 118.0201 114.9560 113.9844 110.3680 119.2945 117.1212 120.8598 111.6339 118.1372 121.4214 121.8585 122.0874 122.3785 122.6606 122.9334 123.1931 123.4515 123.6973 123.9432 124.1627 124.5172 124.6343 124.8231 124.9120 124.5515 126.0988 132.1546 117.0600
116.7000 116.4630 115.7796 115.1798 114.5116 113.8031 113.0305 112.1908 111.2635 110.2497 109.1047 107.8256 106.3699 104.7221 102.8675 100.9989 99.3257 98.8788 100.0292 101.8417 103.7651 105.2836 107.1134 108.4759 109.6861 110.7625 111.7313 112.6141 113.4193 114.1558 114.8412 115.4754 116.0550 116.8942 117.2038 119.9821 118.1015 119.5006 111.3852 122.0023 112.6705 106.2155 116.4951 121.2636 116.4961 121.3582 121.9175 122.1163 122.4027 122.6845 122.9481 123.2164 123.4650 123.7110 123.9547 124.1894 124.3914 124.6380 124.8692 124.7487 129.1401 124.2747 128.4799 140.7300
116.7300 115.4852 115.9327 115.3298 114.6881 114.0081 113.2729 112.4831 111.6243 110.6847 109.6589 108.5428 107.3196 105.9920 104.6308 103.3926 102.4505 102.2215 102.8431 103.9877 105.3131 106.0931 107.9808 109.1054 110.1769 111.1568 112.0565 112.8810 113.6441 114.3467 115.0076 115.6262 116.2041 116.6997 117.1575 117.4423 118.2042 119.3339 104.9912 107.8180 116.4765 115.8116 121.0535 130.4757 121.0545 121.4039 121.9101 122.1502 122.4311 122.7046 122.9766 123.2347 123.4930 123.7391 123.9731 124.2120 124.4385 124.6715 124.8763 124.4267 133.5086 130.0655 109.7764 113.1100
109.2700 116.4000 116.0100 115.6000 114.7200 114.2500 113.2200 112.6600 112.0700 110.8200 110.0300 109.2100 108.3500 107.3900 105.4100 105.4100 103.8500 103.8900 103.7600 105.2000 106.3400 107.3500 108.3300 109.2000 110.7400 111.4200 112.0600 113.2200 113.7500 114.7200 115.1700 115.6000 116.4000 116.7700 117.4800 117.8100 118.1400 118.7400 119.0400 105.0700 119.8500 120.3600 120.6000 120.8400 121.2900 121.5100 121.9300 122.1300 122.5200 122.7100 123.0800 123.2600 123.4400 123.7800 123.9400 124.2600 124.4200 124.7300 124.8700 123.9600 127.9100 116.1600 116.5300 114.4000
