121.7 122.12 118.31 120.81 120.57 120.33 119.82 119.55 118.99 118.69 118.07 117.75 117.05 116.68 120.34 110.98 115.03 114.07 113.54 112.39 111.75 110.32 109.5 108.6 106.46 105.15 101.77 99.42 96.71 91.83 91.63 96.23 99.44 101.86 102.7 106.46 107.59 109.5 103.84 111.75 112.39 113.55 114.07 115.03 115.47 115.9 116.68 117.05 117.75 118.07 118.69 131.7 112.86 103.99 104.03 109.74 106.65 106.82 113.54 99.91 119.43 108.56 113.52 110.17
121.7 122.0348 119.9353 121.1091 120.5778 120.228 119.8537 119.4579 119.0472 118.6342 117.4336 121.0438 116.8914 116.634 118.0499 113.8436 115.0085 114.1322 113.4022 112.5687 111.6479 110.6211 109.4528 108.1115 106.5234 104.5865 102.121 98.7583 92.7761 87.3285 87.0798 91.9626 98.3308 101.8351 103.4112 106.3746 107.8338 109.2607 107.9207 111.5062 112.4231 111.6764 114.1574 114.8519 115.3742 117.1252 114.1702 113.7411 112.5927 117.6552 117.7052 123.4498 115.5838 102.5728 103.5482 104.3569 104.4209 108.8499 114.2677 107.696 110.7979 110.6922 109.2024 110.17
121.7 121.5154 121.344 121.4215 120.5032 120.223 119.8337 119.4449 119.0723 118.7002 118.3888 127.2257 117.1052 116.4422 115.9706 115.6386 114.8901 114.1362 113.3683 112.5299 111.6036 110.5656 109.3785 108.0157 106.3887 104.3844 101.8006 98.1465 91.0244 85.1316 84.7837 90.0824 97.6783 101.4589 104.2136 106.2335 107.8643 109.36 110.8298 111.4683 111.4863 111.0347 113.8789 114.7033 115.2275 117.624 115.0643 110.2867 114.4209 118.7321 121.1719 119.6207 118.0249 96.6979 101.4894 99.8654 103.0924 108.3951 115.2063 109.5447 102.7331 110.2663 105.3228 106.84
121.7 121.6 121.2032 121.8459 120.6006 120.3025 119.8759 119.4712 118.8889 118.3844 107.1859 115.4941 112.3344 117.4363 116.232 115.4719 114.8642 114.1707 113.4075 112.5762 111.662 110.6357 109.4727 108.1397 106.5599 104.6524 102.2252 98.9846 93.6764 88.184 87.6988 92.8727 98.5443 101.9334 104.3551 106.2844 107.9458 109.3247 110.4749 111.2917 112.2513 112.0894 114.4616 114.6827 115.9744 107.5227 100.4607 101.4008 95.8129 114.1735 102.7579 105.7163 106.5374 115.4349 102.146 102.751 105.4691 108.0375 111.5198 109.077 108.6385 111.8225 110.3539 112.36
121.7 121.2921 121.8931 110.5408 121.0796 120.191 119.7954 119.5172 119.0532 117.5855 114.0038 115.8054 117.8436 116.7213 116.1864 115.5851 114.9458 114.2568 113.5121 112.7052 111.8141 110.8255 109.7153 108.4613 107.0035 105.2988 103.2385 100.7934 97.7459 94.4049 94.1355 97.3746 100.435 103.0196 105.0436 107.0019 108.3799 109.5927 110.793 111.7928 114.4022 113.2909 112.481 112.4398 115.0378 96.5434 91.4481 91.3793 112.4767 119.7003 100.0336 102.0546 103.0108 106.8923 105.5207 100.2352 108.2243 103.6121 102.4644 107.977 109.3397 112.6072 114.3388 113.74
121.92 121.536 121.0306 120.5094 120.556 120.9423 120.2264 119.5621 119.1054 118.921 118.7212 118.1649 117.2407 116.7976 116.2583 115.6896 115.0645 114.3995 113.6758 112.902 112.0509 111.1241 110.0914 108.9389 107.645 106.1916 104.5552 102.7505 100.9447 99.603 99.5786 100.8063 102.5646 104.3235 106.5318 102.6597 108.9035 109.8328 111.0441 111.8315 113.0799 113.3327 113.9183 124.7913 97.09 97.5643 102.743 98.6987 118.8647 99.5176 103.2587 104.5792 102.5721 103.8374 103.3265 111.9139 116.4546 111.9212 104.4 109.1839 108.3191 114.2419 114.0358 114.67
121.93 121.626 121.368 121.0313 121.0135 109.4878 121.1333 119.5757 119.1687 118.8444 118.4017 117.8918 117.4536 116.8931 116.3955 115.8204 115.2278 114.5906 113.9025 113.1588 112.3664 111.4946 110.5578 109.5324 108.4152 107.2128 105.9342 104.6666 103.5037 102.7514 102.6759 103.4011 104.2311 106.1271 106.4833 107.7437 109.6147 110.4206 111.3942 112.6088 113.8418 115.5207 98.6406 97.7467 94.1262 95.6371 98.5775 99.4261 100.9812 102.6992 119.1416 102.9854 105.6773 103.7896 103.8513 106.6582 118.0698 102.7091 101.1894 101.1187 111.8397 112.2916 108.3661 112.91
121.95 121.6183 122.2719 113.811 121.791 120.5616 119.9436 119.6951 119.404 117.024 118.6298 118.0488 117.5977 117.4182 116.3679 115.964 115.4533 114.8147 114.164 113.4757 112.7378 111.9403 111.0905 110.1972 109.248 108.2516 107.2676 106.3216 105.5628 105.1085 105.193 105.5472 106.7191 100.3385 106.482 110.6461 110.0377 110.9956 111.7426 112.1579 89.6186 105.0432 114.2698 116.5775 96.7308 102.3115 97.6683 107.2341 101.5979 107.4022 103.7802 103.7942 104.5249 105.638 104.2753 110.264 117.7098 97.523 99.4029 111.0751 113.5136 111.6111 120.7056 112.04
121.97 121.7451 122.2592 121.498 120.7277 120.4077 120.1409 119.7668 119.3683 118.942 118.0741 117.2093 115.8936 123.7953 114.9866 116.9115 115.6773 115.0691 114.4732 113.8319 113.1464 112.4294 111.6769 110.8922 110.0896 109.2852 108.4993 107.8125 107.2624 106.9373 106.9558 107.54 107.4832 102.4863 125.1254 109.5798 110.8174 111.5305 111.7619 111.2428 90.9326 116.6212 91.4403 99.8042 101.9202 97.7972 103.0129 104.6847 105.2707 107.6221 106.2511 106.3085 104.515 106.6703 113.0926 96.5815 97.4553 97.8748 108.5475 110.3362 117.1988 122.0059 118.4581 112.07
121.99 121.8511 121.4636 121.1619 120.9354 120.5868 120.2227 119.8741 119.5672 119.6943 109.8114 108.2328 111.9653 108.4058 109.9768 118.8845 115.9912 115.369 114.8031 114.1863 113.5852 112.9425 112.2761 111.592 110.9272 110.2559 109.6592 109.0982 108.7007 108.4373 108.4455 112.9165 111.747 107.5266 110.573 110.9319 111.4923 112.443 109.1157 111.485 111.7397 115.0285 94.4611 114.4184 102.5793 109.0583 102.7403 107.4735 104.4569 113.4232 108.8819 117.2501 103.1511 110.6924 103.6215 103.6849 101.4659 102.3939 112.0497 109.5728 112.5351 109.6747 115.724 101.13
122.02 121.9148 121.6367 121.3209 120.9843 120.663 120.336 119.9504 119.4563 118.1088 116.8447 110.3903 117.0481 102.0792 112.0784 113.7153 116.1684 115.6552 115.3518 114.8932 114.048 113.4828 112.8988 112.3379 111.7396 111.1641 110.6124 110.264 109.9318 109.7885 109.7944 109.6967 109.64 110.9229 111.1057 111.6501 112.1909 113.0049 112.1653 114.5968 99.0973 98.1482 101.7334 101.1746 109.8852 115.4976 109.0624 102.5643 121.7615 120.5375 112.9607 115.3881 101.6837 101.9441 112.2092 96.1656 103.9632 114.669 112.1958 110.3307 123.7182 108.9041 117.2782 101.15
122.27 121.9907 121.6954 121.3956 121.0946 120.7798 120.4919 120.0426 118.6054 114.8571 119.6819 111.1423 110.284 111.9395 119.4079 124.5714 116.8853 116.6877 115.3605 113.331 114.6022 114.0095 113.4947 112.9235 115.0969 111.9738 111.6287 111.2861 111.0802 110.8384 110.8945 110.8913 111.1902 111.5278 111.8272 112.589 112.5066 115.2824 104.6299 107.5495 105.7643 98.2862 103.2863 107.3036 106.3223 102.2766 103.4721 101.9028 117.0799 109.6117 118.328 113.6092 114.5003 106.3199 100.8831 112.9141 107.83 107.8436 113.2719 113.2639 118.9213 103.015 106.3188 101.17
122.27 122.0818 121.7777 121.5106 121.2089 120.9055 120.5804 120.0948 120.392 117.0033 120.0276 113.5201 106.6532 116.4285 113.8695 107.3173 117.2529 114.5923 119.303 115.4908 115.0345 114.5554 114.0778 114.013 112.6447 110.465 112.5674 112.1762 111.6818 111.9673 111.4144 113.0324 112.9864 112.5121 113.4263 112.9766 113.0787 107.7206 99.9148 104.1075 98.6284 99.0523 103.024 105.4166 103.9316 111.0622 103.43 104.0582 108.5036 109.4876 108.6026 106.33 116.7938 113.8602 112.4276 118.5349 105.5402 107.7273 112.8588 113.5879 112.8489 119.6181 106.5394 101.19
122.31 122.2406 121.8835 121.6325 121.3316 121.0382 120.7251 120.4009 120.333 120.2421 120.0255 117.2828 108.1292 115.6484 106.9238 120.5659 114.7316 114.2555 111.8885 114.331 115.6022 114.9455 114.6296 114.3281 113.9547 113.8326 113.0324 113.0249 114.8374 108.7406 104.9137 110.6048 110.8621 92.5465 112.9928 113.9934 114.3381 99.9844 102.7153 102.2884 96.9236 100.4633 102.0626 112.4754 106.0259 106.8973 103.4364 106.8745 112.2345 103.4129 102.26 96.9058 104.2354 114.8101 120.4135 122.5423 108.9531 109.861 112.2939 117.8859 121.0203 113.7977 113.3301 116.0
122.57 120.2089 122.1572 121.7513 121.4584 121.1719 120.8721 120.5768 120.2609 120.0119 116.5488 117.8765 118.4079 120.4172 116.0017 117.8113 109.8872 111.7481 118.179 115.6578 116.5177 115.5552 115.3776 114.9111 114.5095 114.0068 114.8905 107.1641 104.1651 114.0551 106.5766 118.7868 100.5139 93.5148 111.8933 114.1619 115.9021 103.6375 95.585 108.8446 101.9203 102.0621 102.4607 110.1692 105.8539 104.8403 105.6329 108.8859 108.6015 108.9236 101.3736 108.2962 94.8007 98.8175 105.1437 110.5561 109.8551 116.1954 112.1768 109.4842 114.4108 113.4243 114.2014 117.64
122.61 122.0424 122.1381 121.8814 121.5963 121.3245 121.0328 120.7363 120.4373 120.2029 119.2403 122.8025 118.8665 118.6306 118.5665 118.5758 110.4774 105.0134 106.0137 115.6834 116.3833 115.2538 115.9669 115.2493 115.1179 114.8498 112.1342 107.292 100.9949 106.366 95.8741 102.5192 98.5648 104.4922 112.9709 115.5988 114.635 116.9331 106.6273 107.525 104.394 103.4157 104.8403 107.2762 105.8231 104.6871 105.6837 107.4203 107.8528 109.3362 107.73 113.0129 98.8841 110.7774 102.9956 104.2235 105.542 110.6013 107.6396 110.0516 107.2822 110.8916 106.5004 105.2
122.66 122.5725 122.2647 122.007 121.7469 121.4664 121.1934 120.9052 120.6168 120.3324 119.8737 120.1648 119.4151 119.096 118.7727 118.6875 113.334 112.2024 103.7704 120.4625 120.7306 116.8747 116.3001 115.6718 121.3488 101.304 116.4197 118.6542 114.3882 97.6542 97.8681 104.5761 99.3709 103.5849 116.6148 112.7791 98.8579 105.3799 101.8803 101.5357 102.6238 116.5554 104.6962 109.4072 117.5117 106.5018 104.8865 112.2815 110.6322 106.2362 96.6767 108.2231 109.5555 105.5329 101.1987 103.8472 109.3452 106.2012 108.4769 108.8929 107.4653 110.7145 104.149 113.67
122.88 122.6476 122.3999 122.1539 121.8901 121.6378 121.3636 121.0944 120.8202 120.514 120.2267 119.9376 119.6895 119.3406 119.0736 118.8352 117.7464 116.6031 118.0186 116.3297 114.9908 116.6546 116.76 117.0747 105.1935 98.628 111.4895 93.7869 97.8906 97.6485 102.0361 104.6691 100.5125 103.6684 118.6312 118.5695 105.8073 105.151 101.7663 98.8656 106.9579 110.7755 116.1695 109.4167 117.0878 119.5278 106.6087 110.4981 108.6522 108.3554 108.9704 110.2473 108.6944 111.3358 99.2212 100.4108 102.1276 105.3495 110.7271 113.6732 109.0653 114.5709 119.5807 103.27
122.93 122.7763 122.5385 122.298 122.0424 121.766 121.7097 121.3309 120.9981 120.7191 120.4712 120.1615 119.9845 119.7518 119.2668 119.0756 118.8106 119.0909 111.9919 113.0695 121.0774 117.5751 117.9225 117.5853 103.8205 116.1802 103.5803 112.0405 103.2096 103.47 101.687 106.2795 104.3581 106.2862 122.4466 112.4885 107.0469 103.6209 107.5349 106.6201 109.9022 107.6968 103.1515 106.0321 113.2709 116.4456 120.071 115.3262 109.7384 110.8367 102.8173 98.6732 110.2432 99.9064 111.9276 113.4341 101.351 109.6017 113.0564 113.1983 115.4214 115.0168 111.925 115.7
122.98 122.9141 122.6789 122.4411 122.2246 121.9638 120.4097 121.3887 119.7915 121.0062 120.666 120.555 118.6866 121.6133 118.7397 119.5746 119.0562 118.5637 118.9536 118.9579 118.3678 117.7595 117.6962 103.4906 97.2853 104.3748 103.6778 111.2366 113.4734 107.4748 107.8194 102.083 106.1599 114.9087 100.8309 104.1899 105.9412 104.1352 111.5763 105.2397 107.3121 116.9203 111.2864 108.97 118.26 99.0983 124.6707 115.1517 117.0359 114.0062 118.1222 99.9499 111.8318 106.195 113.2017 111.5967 120.1552 103.2652 113.212 106.9335 115.4666 106.1252 117.1259 116.78
123.2 123.0529 122.8318 122.5878 122.3668 122.4645 116.0978 121.5114 118.8782 121.6024 120.7677 121.2384 114.8089 112.8833 113.176 121.1228 119.4108 119.1199 117.0499 118.7492 118.5787 118.3244 119.0252 110.5735 101.3567 106.6267 97.9536 101.1211 101.7416 108.7627 107.3621 111.4464 108.2592 110.4031 99.3414 102.7717 102.8005 109.6086 108.6748 112.2732 106.6566 110.3699 107.6379 107.2618 108.9161 100.9417 113.9831 118.6795 97.6499 100.1895 115.7075 103.2394 98.2902 100.2707 109.0275 113.7907 120.1981 121.7904 118.0838 118.6316 116.3926 116.5465 116.4631 117.17
123.47 123.1908 122.9737 122.755 122.548 122.1878 122.9995 122.6386 121.3648 121.3606 121.175 120.8395 120.6779 120.358 112.5616 119.9263 120.0359 119.3261 119.6107 118.7852 118.9016 118.7178 118.6581 119.0432 105.0751 108.4978 95.9239 101.9266 103.3963 105.0201 104.9948 105.1245 106.41 106.2291 98.7141 104.0812 112.1788 112.8933 102.5959 110.0046 111.4356 108.2335 106.868 109.3687 111.0208 104.0307 97.6503 113.544 106.7079 98.4083 114.5701 113.8123 103.5443 100.0137 99.2189 115.1882 122.7324 120.5555 119.4148 120.171 117.4355 116.4829 117.4971 117.56
123.47 123.3371 123.1317 122.9268 122.6993 122.4762 122.1987 122.0151 121.838 121.6103 121.3682 121.1497 120.7746 120.8794 120.9729 119.6691 120.1946 119.2317 122.5265 119.5126 119.4774 118.7832 119.0379 120.3276 106.9261 108.692 106.1049 106.2845 103.8927 111.6417 105.838 107.2728 105.6297 105.2765 97.9 103.3724 113.2723 118.0439 115.7136 113.6824 119.2303 129.3306 110.402 109.8446 113.1115 113.6674 107.8488 109.4114 99.2595 105.3099 99.6989 111.0958 98.2702 98.9637 100.4615 105.8682 117.546 121.2346 120.8443 120.1019 120.1245 119.3134 119.8445 117.56
123.73 123.4882 123.2561 123.048 122.826 122.6878 122.4647 122.242 122.0221 121.8089 121.614 121.3749 121.2032 120.8527 120.6079 120.6716 120.4822 109.6339 110.8516 116.5913 119.6338 120.1245 118.7013 99.1866 106.5145 109.9272 113.3035 104.9352 104.9838 108.1282 109.0588 107.2017 109.0522 106.9671 108.8466 103.416 112.1862 109.4507 108.0299 101.4219 119.3445 110.394 111.467 112.3059 114.4481 113.6569 113.0692 123.3451 109.8158 108.7416 111.2429 96.6214 102.7191 110.6745 99.5584 115.0697 109.6821 121.7073 121.4419 120.5581 121.1884 120.5674 120.8845 120.78
123.79 123.6464 123.4164 123.4032 123.2856 122.7734 122.6269 122.4256 122.2308 122.0162 121.7314 121.6525 121.4019 121.3853 121.0366 120.9885 121.9097 109.6066 106.4415 118.635 119.0795 116.2011 114.8842 105.3444 109.1804 107.3822 110.4146 108.1239 106.3022 105.4162 104.9893 106.7476 112.8906 110.7968 108.7298 102.2996 107.3683 115.972 115.9712 115.1806 114.5373 110.2994 119.0219 112.4085 113.7854 112.736 112.5792 113.3128 117.9429 103.8486 110.1915 109.621 101.1726 108.9823 100.4075 111.0636 99.3917 103.5498 118.6441 121.7028 120.9313 121.4389 121.2787 121.11
124.0 123.7714 123.7691 120.5684 122.9442 122.9982 122.8218 122.633 122.3871 122.5636 122.0881 121.8678 121.3825 121.4311 119.3746 118.3295 117.2038 116.3945 118.8702 120.6279 119.8349 105.8265 120.7641 110.1784 108.3028 107.4038 106.9062 107.6309 107.8082 108.9 107.9183 107.723 109.3563 110.8567 113.8573 107.3089 110.7078 122.6911 117.8649 116.34 109.8074 109.7627 113.3334 115.5854 110.39 112.1435 120.6898 118.991 122.0265 111.8077 114.9724 124.2536 105.5761 97.3218 101.8302 103.9516 104.5756 116.4163 115.734 117.2857 120.7212 120.8135 121.3317 121.6
124.05 123.9531 123.7336 123.1085 123.4738 123.1453 123.1401 121.4444 121.8916 115.5198 122.0458 121.9814 121.9139 121.975 121.7107 119.6039 111.6925 105.6926 118.1781 120.95 121.1653 121.3015 120.8945 117.3136 109.9177 113.2085 113.6949 108.1093 110.1813 112.1874 111.5783 112.4031 111.9019 110.3171 113.1948 111.2597 114.1201 115.0698 109.0323 111.5606 110.5085 114.1726 113.9408 121.6532 117.9254 120.1272 121.7604 122.1704 122.0625 121.9556 102.0713 103.2392 117.9858 104.2755 109.243 108.9494 113.6284 115.9296 116.6895 116.7165 117.4098 120.9761 121.5316 121.29
124.25 124.0936 123.9096 123.7186 123.6184 123.365 123.1939 122.9355 122.5745 121.8417 122.6038 122.5107 122.5106 118.0722 123.8562 123.0372 120.8551 110.0999 121.159 120.6228 120.8412 120.9254 121.078 112.2776 109.1648 113.8423 115.723 113.403 109.9764 111.3762 111.1704 112.5233 116.1061 114.4569 111.4937 112.2408 118.004 115.2166 106.9479 109.8499 116.3641 122.6004 118.3587 120.5848 121.9624 121.9512 122.5672 113.9726 118.2158 125.3202 102.9488 119.3498 119.3723 114.6833 124.2561 122.2907 104.5132 116.7908 115.8014 117.2658 116.9921 117.1055 121.0959 121.79
124.31 124.2456 124.0785 123.8969 123.7364 123.5605 123.3793 123.2278 122.8836 123.1511 122.3718 122.8412 122.1684 122.3769 121.2741 120.0477 121.8643 122.2482 123.7237 123.241 120.7843 121.2529 107.6979 111.1041 109.0835 111.054 114.1911 112.0195 109.698 110.8174 110.8687 112.5622 113.5725 114.5178 110.6351 112.2584 117.6818 121.6205 117.8932 119.5154 122.3488 121.3473 121.6319 121.9311 121.7966 122.0246 123.1244 116.4943 121.0518 105.9725 121.675 126.9419 112.8163 112.4575 119.569 120.042 125.2797 118.7928 123.6502 118.6304 117.0175 118.1412 123.4594 117.83
124.51 124.3975 124.2355 124.0662 123.9005 123.7316 123.5911 123.4047 123.3098 123.1425 122.8495 122.73 122.6775 122.5959 122.1295 121.7317 123.5139 117.0195 104.1042 113.5452 122.7217 120.8405 109.9419 110.2503 109.5599 112.5823 112.3275 110.55 109.4599 109.6341 109.9011 111.6782 112.8358 113.6017 117.763 110.9889 117.1027 122.6123 121.3144 121.89 121.4247 121.8032 121.9316 121.7079 122.4826 121.4594 123.8673 120.1073 120.1517 101.6479 118.8614 120.7991 123.0738 121.5294 124.3679 123.8447 126.6698 124.0056 124.6336 117.1284 118.7251 119.723 121.7555 124.49
124.57 124.5563 124.3933 124.2355 124.0756 123.9165 123.7408 123.5942 123.344 122.5448 123.0833 122.9652 122.8455 122.6305 122.7459 122.291 122.0921 104.377 113.9779 110.9382 122.9955 111.4056 101.5077 110.5681 109.8658 110.9126 114.4962 110.2529 109.7805 109.7812 110.0493 111.1312 112.5163 113.5578 119.9358 109.978 124.8413 120.6931 121.6844 121.7663 121.9752 122.0483 122.2022 122.1454 116.6425 122.2449 129.0929 100.4266 120.6213 121.2376 120.3872 120.3325 123.6882 123.7108 120.0216 124.0787 124.0497 119.0726 123.8383 123.8741 121.777 119.3434 113.6226 123.32
124.76 124.7066 124.5534 124.4014 124.3034 124.1421 123.9401 124.47 123.5629 126.507 126.3071 123.7759 121.0413 119.424 122.3936 122.6491 123.8343 121.2531 123.8365 121.7427 122.3421 123.6869 100.2936 111.2211 112.4553 118.7609 121.8791 110.6155 110.6101 110.7952 110.4871 111.2288 113.135 114.142 119.2769 119.5134 122.4135 122.5925 121.9066 122.1472 122.1863 122.3258 122.58 126.0799 107.5999 114.0468 123.4007 105.2466 119.3063 123.1674 103.5541 122.0963 124.1237 122.5775 124.8901 123.9426 137.5995 126.2245 124.9803 125.2515 124.2014 126.3082 117.4787 125.77
124.95 124.8675 124.7042 124.6915 124.1971 124.1319 123.9693 123.6029 117.0088 128.5303 120.7731 113.5234 124.704 123.2371 122.8189 122.361 123.325 122.5024 122.3605 122.5246 123.0385 121.9357 119.9271 112.2739 112.4742 119.9413 120.9785 113.421 111.0524 111.3326 111.1575 111.8586 114.0415 114.5357 119.8844 120.4576 122.1819 121.9678 122.3494 122.2996 122.632 122.5447 125.5821 112.4099 111.6298 119.0542 124.2234 114.4049 111.0745 123.7138 124.8274 125.2795 121.1805 122.5131 124.34 123.0899 123.7655 124.6316 124.7893 124.8489 125.1341 125.204 124.8444 124.86
125.19 125.0128 124.8638 124.7648 123.444 124.4911 124.3906 125.5556 107.9334 117.2464 125.4922 118.7502 123.3164 123.3829 122.9972 120.5195 115.4174 123.8832 122.7336 123.2406 119.5126 113.0818 122.1312 113.8313 111.9967 119.4215 121.9637 113.9416 113.2866 115.2082 111.5628 112.39 114.0848 114.4047 115.7404 122.7345 122.4523 124.3578 122.3936 122.6754 124.0238 122.7664 126.8964 124.1077 115.4021 122.0208 126.195 124.2497 112.1692 114.7639 123.5805 122.9236 123.8285 124.4951 124.4154 124.7857 124.7631 125.008 125.0184 125.1484 125.2832 125.5407 125.132 125.66
125.21 125.181 125.0613 124.9167 124.9 124.6187 124.3542 124.7864 117.7259 121.1346 123.8354 123.7747 123.7815 123.5562 123.4393 121.3063 106.0525 115.7894 123.0825 122.3 115.7712 124.3372 122.3054 121.0712 119.7784 122.7395 121.9386 117.9792 123.3214 118.3351 112.3171 112.4435 113.7101 114.5345 114.7654 123.288 122.4482 123.1349 122.7502 122.8097 118.6967 123.2917 124.6178 123.4043 123.5852 113.6405 109.9465 124.9625 114.3277 123.874 124.364 123.0936 124.2702 124.4323 124.5883 124.7435 124.8605 124.9947 125.1646 125.2994 125.4365 125.5743 125.7265 125.85
125.43 125.4395 124.911 124.9349 124.9435 124.7859 124.6717 124.7154 124.394 125.2988 124.1097 125.1032 120.9652 124.6039 123.3475 123.8011 113.612 122.0257 123.8019 123.7449 123.2499 122.6177 118.9015 123.6491 123.0862 122.7152 122.2609 121.0887 121.4564 118.3163 112.5114 116.1364 117.9505 113.5392 115.0819 123.4861 122.8349 122.9839 123.1524 123.1877 118.1652 107.8629 118.2899 123.7976 124.3273 123.5524 103.545 114.8234 117.3035 123.5577 124.8111 125.0506 124.5329 124.6525 124.7864 124.9178 125.0515 125.1786 125.316 125.4471 125.5853 125.7205 125.8556 126.01
125.61 125.6409 129.2366 125.2351 125.1116 124.9577 124.8666 124.7049 124.59 124.4526 123.8895 124.7122 118.8892 124.2256 125.5143 123.6405 124.0645 123.9435 123.2938 123.4102 123.3462 123.8809 123.3389 123.1491 123.2212 122.9984 121.6355 114.9619 118.7125 115.7722 114.2423 119.7915 124.1876 121.1279 116.5056 123.8145 123.0624 123.2939 123.3374 123.4318 122.4631 111.0961 112.5533 122.7528 124.6612 125.5839 115.49 111.5189 124.0559 119.2082 115.7049 124.3406 124.7108 124.8301 124.9612 125.0877 125.2107 125.3385 125.4664 125.594 125.7317 125.8629 125.9896 126.06
125.63 119.6195 126.0229 128.8937 125.1971 125.171 124.9415 124.857 124.504 124.6735 124.5542 124.4604 124.6256 117.5226 118.4183 123.9979 123.9911 123.8907 123.8118 123.7403 123.6741 123.4382 123.5853 123.6722 123.6041 122.0321 128.6971 97.2438 118.7524 121.7436 121.6858 119.2216 122.4734 123.486 123.604 123.8257 123.3979 123.5365 123.6814 123.6741 123.5797 123.3538 112.2579 114.0102 127.0231 115.4066 120.3652 114.42 125.3335 124.5549 123.4173 125.2872 124.8794 125.0192 125.1292 125.2474 125.3716 125.496 125.6237 125.7432 125.873 126.0051 126.1283 126.23
125.84 125.908 125.4958 125.4818 125.5063 125.2663 125.7967 124.508 126.6247 126.4448 124.7759 124.6961 124.2134 124.76 124.9138 124.0359 124.1976 124.112 124.0238 123.9621 123.9027 123.8794 122.0713 122.6455 123.7629 123.0994 122.7077 117.5718 119.5526 124.1968 123.9618 121.9046 122.8607 123.4968 123.6411 123.614 123.708 123.7716 123.4056 123.7692 123.6872 123.8767 125.977 116.4713 111.1343 119.0369 113.6263 130.4749 124.9023 124.4567 125.0016 124.8954 125.0863 125.1771 125.3035 125.4193 125.5316 125.6529 125.7727 125.8968 126.0216 126.1409 126.2609 126.26
126.02 125.9535 125.8656 125.6947 125.6079 125.4156 126.1719 116.7308 117.2786 125.7486 124.8733 124.6147 124.8618 124.6199 124.4077 124.4708 124.4166 124.3251 124.2546 124.1891 124.1305 124.0368 124.022 124.0248 123.9321 123.799 123.5424 122.2763 122.7062 123.8815 123.5938 119.8378 123.1695 123.7593 123.9279 123.9406 124.0607 124.0809 124.6537 127.703 125.0354 125.1138 122.5029 113.1407 117.6225 120.659 117.2209 124.6595 124.478 125.1116 125.0215 125.1724 125.2569 125.3585 125.4645 125.5802 125.6924 125.8095 125.9259 126.0349 126.1584 126.2792 126.4016 126.44
126.21 126.0757 125.9754 125.8622 125.7047 125.6955 125.1599 120.6815 120.6547 125.3383 125.2633 125.7315 120.7674 125.6998 124.6168 124.6655 124.6195 124.5373 124.4729 124.415 124.3322 124.3577 124.2639 124.1941 124.1976 124.1205 124.1501 124.0833 124.1855 123.9913 124.1774 120.9166 123.5416 123.9549 124.1623 124.143 124.3169 124.859 117.7473 124.274 125.2038 109.0265 127.402 116.1901 124.3289 115.0925 126.6491 124.337 125.2114 124.0519 126.3158 125.168 125.3736 125.5281 125.6278 125.7443 125.8536 125.9589 126.0733 126.2074 126.3062 126.458 126.5404 126.6
126.23 126.2336 126.1266 126.0176 125.9178 127.0532 126.4914 125.7768 125.7718 125.3255 125.0924 126.3923 109.2123 126.377 124.5996 124.8764 124.8177 124.7467 124.6944 124.5927 124.6236 123.8389 124.2363 124.4072 124.3203 124.3645 124.2934 124.3203 124.2583 124.528 124.2793 124.4011 124.2453 124.2836 124.3344 124.3991 124.6341 124.5611 127.0042 124.6369 124.4089 120.3731 113.8272 112.2794 127.5604 110.9488 124.3483 127.3177 126.5143 118.5231 128.729 121.062 125.7705 125.7014 125.8048 125.9011 126.0032 126.12 126.1944 126.357 125.9073 126.6652 126.7011 126.81
126.4 126.3799 126.2742 126.1772 126.0218 126.009 132.1897 127.9042 124.2018 126.1775 126.7256 127.8774 104.4673 126.77 125.0487 125.0818 125.0253 124.9501 124.8912 124.8591 123.8053 131.2548 124.4417 124.5704 124.5804 124.6143 124.5938 124.3488 125.1382 118.3966 124.3708 124.417 124.522 124.3468 124.9841 124.5992 124.6243 124.6581 120.9621 125.1259 126.4489 124.6815 113.7368 101.2568 119.068 116.5563 120.0877 123.9867 118.5645 112.0066 126.6414 125.5495 125.8784 125.8142 125.9659 126.0545 126.1802 126.2152 126.438 126.5622 129.6072 127.4895 127.4656 126.96
126.58 126.525 126.4284 126.3226 126.2575 125.9197 122.549 116.8028 113.0381 123.6265 123.1636 108.3716 117.9583 124.8296 125.4349 125.2972 125.1724 125.1633 125.1171 125.0211 124.5796 126.9931 123.7644 123.8418 124.7702 124.8122 124.7891 124.6798 124.7789 125.0796 124.761 124.7849 124.9509 124.3155 126.0059 125.0133 124.05 125.2416 129.8074 128.2244 130.3111 114.1715 116.4751 109.6464 122.8874 123.7624 125.4188 125.6816 125.9864 127.0085 124.8724 126.7424 125.8757 126.0616 126.1272 126.2302 126.3075 126.6273 125.223 126.2494 124.8475 117.1 125.7871 126.96
126.77 126.6719 126.5762 126.4764 126.3793 126.2018 126.0813 126.9801 125.7991 128.5113 122.9192 126.6282 127.0171 124.9196 125.6281 125.6429 125.031 125.0897 125.2343 125.2591 124.9072 126.1848 116.5397 125.2883 125.0857 125.0119 124.9939 124.9583 125.215 122.5339 124.9301 124.6345 123.5529 125.1782 128.069 133.6102 115.7279 125.6679 127.1545 108.0012 120.6418 123.339 115.5273 119.7484 122.2327 125.7908 125.5944 125.6594 125.8296 125.7871 119.3582 126.1878 126.1225 126.1142 126.2543 126.3554 126.4381 126.5394 125.019 126.9668 133.2373 113.0526 129.0867 127.16
126.93 126.8204 126.7197 126.6276 126.5421 126.461 126.3889 126.218 126.2126 126.6119 113.397 126.0459 125.6062 125.9778 125.7391 125.6553 124.5495 126.5881 125.5147 125.435 125.2088 125.0704 121.9311 125.4592 125.3229 125.2112 125.236 124.9591 123.0612 119.0878 125.5704 126.7323 127.8351 128.4031 115.8244 113.5879 123.1844 128.6243 127.6378 110.8985 111.6238 109.231 116.1397 112.5352 127.3683 124.3498 125.6107 124.0498 124.5913 127.7451 126.0354 126.3301 126.117 126.5407 126.6047 126.5147 126.8571 126.6865 127.2634 127.3701 127.1177 122.2836 126.0298 115.91
127.08 126.9604 126.8655 126.7814 126.6445 126.6146 126.5849 126.3852 126.0643 130.7225 124.4588 127.2007 125.8163 125.8669 125.9976 126.1931 110.3432 125.7727 125.6113 125.6371 125.4476 125.6971 125.7268 125.4974 125.4485 125.4087 125.384 125.8446 113.1581 123.7234 125.1608 120.2893 125.0902 136.3414 113.7352 113.0535 118.1412 107.0955 119.0879 114.6314 106.3281 124.8758 125.7931 113.1859 127.5345 127.0193 123.3649 128.2988 129.9665 124.5901 127.3641 126.3012 126.7917 124.6755 127.8948 124.8154 126.7735 126.8523 127.325 117.397 126.7846 127.2877 127.1084 116.25
127.1 127.1028 127.0081 126.9328 126.8192 126.901 126.439 126.4426 126.7645 122.5045 112.2143 123.7501 127.0011 126.1377 126.0369 126.5855 126.1863 125.8386 125.914 125.8202 125.8116 125.7278 125.6775 125.6627 125.6522 125.6135 125.4854 126.3824 114.1113 124.6493 127.4916 118.5011 108.5189 117.2702 126.2137 115.6093 128.449 122.132 115.0521 116.9323 121.9791 113.3707 128.493 117.3606 120.8943 124.9206 112.564 123.2397 125.2978 120.0488 125.977 126.4917 126.5598 126.4402 132.5714 126.5304 126.9529 127.0034 127.2783 125.6657 127.975 127.2784 127.9361 127.49
127.28 127.2436 127.1474 127.1415 126.7305 126.9717 128.1766 118.2603 127.5544 113.0189 104.1055 115.4953 121.4411 125.8085 127.3158 126.6257 126.5472 126.0897 126.0563 126.0001 125.9563 125.924 125.9015 125.8672 125.844 125.8123 125.7395 126.6552 127.3812 123.1488 113.7081 115.6512 114.4738 109.831 127.5646 110.5079 127.4203 126.1951 126.3476 127.4678 126.7417 127.0524 124.613 119.3683 121.1342 127.6063 125.9419 128.827 108.9369 120.0566 125.1829 126.3516 126.7188 127.2698 126.9415 126.7474 127.1788 127.1199 127.2706 127.2946 127.3387 127.5168 127.5563 127.64
127.43 127.3808 127.2839 127.216 127.0424 121.5537 126.7913 124.7701 118.6132 104.9037 116.3791 118.243 128.4844 127.0747 122.8828 115.6778 126.3851 126.29 126.2214 126.186 126.1444 126.1105 126.0621 126.0388 126.0232 125.9954 125.9937 125.5472 125.8924 120.5277 119.9378 111.6994 109.4379 124.6302 126.034 127.0023 126.7875 126.0757 126.0307 125.8523 126.0811 126.0154 123.3658 123.1994 123.6466 126.5372 126.4418 125.8758 120.1994 106.5696 127.5211 126.7622 126.9025 126.9164 127.0095 127.1783 127.1898 127.2978 127.361 127.4639 127.5427 127.6207 127.7253 127.78
127.57 127.5201 127.4363 127.3253 128.0115 125.0336 128.1336 125.6041 119.0638 103.0883 127.483 106.7738 121.4591 127.9174 110.3528 128.4466 126.4181 126.4386 126.4017 126.385 126.3823 126.2553 126.307 126.2701 126.2053 126.1867 126.2026 127.2031 125.5618 127.7064 111.7524 110.5783 117.7614 126.7885 126.1073 126.0712 126.1002 126.2599 126.2958 126.3824 126.2607 126.9255 123.457 112.5488 139.9569 126.8837 126.6291 126.627 124.9619 122.0273 127.1292 127.0378 127.0409 127.119 127.176 127.2499 127.3561 127.4352 127.5032 127.5929 127.6778 127.767 127.8457 127.81
127.74 127.6403 127.5679 127.5578 127.5368 117.4626 110.6008 108.2238 110.187 105.654 106.0819 112.773 128.5793 127.1477 118.3242 127.4935 126.5817 126.6433 126.3999 126.5189 126.2338 126.7345 126.3793 126.4252 126.3434 126.2537 123.3535 104.1097 138.9201 115.3451 102.2469 105.4983 124.6135 126.0888 126.3876 126.3752 126.3732 126.4503 126.4726 126.4821 126.1939 127.5322 106.4522 121.318 129.0303 125.6091 126.8062 126.8149 127.2754 125.9554 127.0741 127.2217 127.1853 127.245 127.5716 127.018 127.371 127.5446 127.6374 127.7225 127.8048 127.8888 127.9682 127.97
127.74 127.7848 127.7063 127.5751 128.7097 118.4608 105.8675 119.5638 114.5729 115.6108 103.8299 120.2377 127.2532 127.1989 127.7641 126.8489 126.8642 126.87 124.101 126.6872 126.9938 125.1969 130.904 125.5655 127.6185 125.6765 107.6531 111.0394 119.4572 110.6356 125.6755 125.4605 126.4888 126.3674 126.5982 126.8109 126.8679 126.5707 126.5223 126.7652 126.7942 124.575 111.8881 120.8786 127.3179 126.787 126.9828 127.0198 127.0021 127.2829 127.1726 127.2954 127.3381 127.4155 127.2496 126.3651 127.9733 127.6707 127.8011 127.8513 127.9325 128.0133 128.1013 128.12
128.03 127.9167 127.8381 127.8555 127.3046 130.3727 126.0876 116.0486 126.6418 126.3143 126.3793 128.9118 127.1025 127.183 127.0829 127.0353 127.0806 127.0658 116.4264 127.7002 124.3656 106.0079 122.9989 132.032 130.4931 109.1951332672065 126.6522 104.1956 116.5792 119.6497 126.7717 126.6517 126.6096 126.7374 126.786 126.6936 122.0783 129.5181 127.8126 126.3068 126.9198 122.8769 110.3342 128.9966 127.3646 127.0447 127.1308 127.207 127.2622 127.279 127.3798 127.4205 127.4898 127.5621 127.7908 127.216 118.7665 127.7771 127.9257 127.9885 128.0589 128.1403 128.2254 128.24
128.17 128.05 127.9761 127.8911 127.9254 127.4158 125.6203 124.9517 122.1458 119.0356 128.4866 128.3901 127.3328 127.2885 127.2631 127.192 127.2464 127.4716 125.0975 126.2428 124.5127 113.6616 108.3946 112.496 155.5511 120.1007 114.1031 109.2612 112.1013 120.6955 126.9015 126.9876 126.925 126.7381 126.3528 127.7396 129.8573 131.8745 126.8473 130.2431 124.1377 120.9349 110.8288 128.5519 127.2975 127.234 127.2921 127.3472 127.3966 127.4586 127.5138 127.5771 127.6336 127.6971 127.6761 128.0339 127.6241 128.059 128.0777 128.1128 128.1879 128.259 128.3238 128.42
128.19 128.1801 128.1136 128.0562 127.9599 127.7595 128.0255 128.144 116.0822 121.2441 110.0433 127.4343 127.4302 127.3195 127.3183 127.3555 127.4671 127.7853 113.0532 127.2365 127.0728 131.0635 123.923 124.16 126.7114 118.6397 111.6328 109.7681 123.1751 123.1109 127.2514 127.1334 127.0256 127.3731 129.5745 126.0814 114.7319 117.6141 118.0459 127.8715 122.603 112.545 116.985 128.2652 127.493 127.366 127.4543 127.504 127.556 127.6082 127.6626 127.7207 127.7769 127.8381 128.0601 127.9847 127.9501 127.9565 128.1901 128.2484 128.311 128.4221 128.4212 128.56
128.34 128.3059 128.239 128.1826 128.2447 127.6767 128.1922 129.1613 125.4701 131.5096 125.6421 128.8844 128.8132 128.1741 128.0088 127.4539 127.5715 127.5001 121.6387 127.9122 128.1396 115.0956 121.2554 126.5182 127.6808 117.2623 113.2595 120.8695 108.0415 125.913 126.9902 127.2147 127.2141 127.7256 118.4233 114.0354 118.4781 113.411 125.3215 127.2481 128.876 125.0234 117.3848 128.3505 127.5217 127.5439 127.5974 127.65 127.6939 127.7524 127.8057 127.8627 127.9218 127.9835 128.0133 128.1133 128.182 128.2047 128.4809 128.6028 128.3393 128.4887 128.7745 128.68
128.48 128.4387 128.3687 128.3025 128.3258 125.4692 127.9199 127.3832 115.6543 127.8476 127.9635 125.1471 112.8744 119.9108 122.0313 127.5646 127.7247 127.573 128.1588 127.455 129.838 115.8631 112.1755 125.7693 124.6124 109.1223 107.4845 116.8146 117.5546 125.6166 127.57 127.4026 127.3952 127.3836 126.4694 126.1991 125.3252 114.7828 119.9217 127.5151 127.4711 116.7936 128.7969 127.8704 127.7048 127.6963 127.7487 127.8012 127.8452 127.8935 127.9447 128.001 128.0629 128.1219 128.1774 128.2405 128.3105 128.4802 126.0909 128.0018 128.527 128.6345 128.3777 128.7
128.61 128.5621 128.5014 128.4327 128.3974 128.4095 128.3615 128.824 128.6677 127.6256 125.133 115.4726 113.663 127.9498 128.0964 127.5892 127.7481 127.7688 127.7347 127.1504 113.7387 114.1328 117.4883 123.2654 127.9165 113.3553 106.8101 114.6637 127.4836 127.3013 127.4583 127.5349 127.526 127.5574 127.6503 127.7877 127.0831 127.7069 117.3119 127.6193 129.0431 127.6573 127.8938 127.2256 127.7947 127.8944 127.8912 127.9399 127.9938 128.0383 128.0905 128.1415 128.2002 128.255 128.3139 128.371 128.4417 128.5952 126.6214 129.0466 128.5711 129.0075 132.5925 110.63
128.74 128.6897 128.6222 128.5755 128.4979 128.4272 128.3828 128.2604 128.227 128.4778 127.2583 115.9497 127.7692 127.9729 124.7273 127.9354 128.0126 127.8078 127.5035 129.1983 120.8545 125.5054 101.7738 121.1499 113.798 112.4768 106.2042 113.664 128.2995 127.3031 127.7127 127.6972 127.693 127.6949 127.7101 127.7885 127.4603 126.9828 114.8161 127.7112 128.4827 111.9026 121.4411 130.7698 127.9486 128.023 128.1061 128.0807 128.1344 128.1786 128.2268 128.2782 128.3353 128.3888 128.4422 128.4995 128.5654 128.6102 128.1477 128.7463 128.7195 128.9051 124.9404 122.74
128.89 128.7974 128.7661 128.6851 128.637 128.5859 128.5166 128.496 128.4342 128.0506 128.3014 127.493 127.6673 127.0887 119.8943 129.3189 126.9337 128.8257 127.9257 126.2936 110.0327 127.2571 109.8277 111.2164 113.1544 119.1277 117.1584 114.5576 127.4621 127.5102 127.8383 127.8407 127.8473 127.8508 127.866 127.8878 127.7187 126.6512 111.4172 128.5572 128.1852 126.7924 129.6326 128.7708 110.8982 129.1063 128.2305 128.2179 128.2721 128.3183 128.3668 128.4172 128.4719 128.5146 128.5735 128.6283 128.6911 128.7442 128.807 128.8745 129.0148 125.6462 124.7368 122.81
129.02 128.9744 128.8285 128.8261 128.7553 128.7055 128.6537 128.5991 128.55 128.3959 128.6305 128.8156 128.4101 119.5181 119.8446 123.6925 133.1867 121.2206 117.8743 130.12 125.1224 128.8098 112.2981 120.9675 109.3758 112.8174 118.5233 121.8199 128.8037 128.028 127.9954 127.9926 128.0016 128.0036 128.0173 128.0371 127.9675 128.2434 125.8382 127.7856 125.0306 128.3492 127.8292 128.3406 128.7382 129.2855 128.359 128.3596 128.4153 128.4531 128.5002 128.553 128.6008 128.6495 128.7027 128.7632 128.8146 128.8744 128.9281 128.9406 130.267 116.2989 122.3504 127.67
121.65 128.7844 129.0386 128.9383 128.8903 128.8318 128.7851 128.7358 128.6886 128.6546 128.5498 129.1235 125.8389 123.1277 109.3602 109.299 120.5267 114.0717 130.0136 127.095 117.8609 129.0387 109.8942 106.9357 115.8966 127.0242 114.6759 115.9223 125.101 128.4264 128.1402 128.1475 128.145 128.1552 128.1655 128.1817 128.222 128.1992 127.6856 128.1481 115.9722 128.7125 128.5183 128.3699 128.2792 128.2294 128.495 128.5024 128.5461 128.5915 128.6374 128.6818 128.7286 128.7825 128.8278 128.8873 128.9402 128.9933 129.038 129.2312 129.2082 125.5038 114.5154 109.08
121.65 121.65 129.08 129.01 128.93 128.93 128.86 128.78 128.81 128.72 128.72 128.66 128.66 106.57 106.48 128.5 110.47 114.23 128.43 128.32 128.35 128.36 108.13 111.62 116.01 114.77 115.36 119.13 119.13 128.16 128.16 128.29 128.29 128.28 128.27 128.27 128.26 128.24 128.36 128.35 111.45 128.44 128.42 128.41 128.51 128.49 128.58 128.57 128.65 128.63 128.72 128.8 128.8 128.88 128.96 129.03 129.01 129.1 129.17 129.17 126.47 115.78 116.52 109.08
