123.6700 123.6700 123.3500 123.1800 123.0300 122.8600 122.7200 122.5200 122.1600 121.9800 121.7900 104.4800 121.4200 121.2100 113.0500 113.4900 120.6500 117.5900 117.5900 107.7300 108.8400 108.8400 111.5000 105.9700 105.0200 108.4000 108.3300 103.3300 103.3300 105.6000 102.2100 108.4100 97.4200 119.4000 98.6500 119.6100 119.6100 119.8100 119.8100 120.0400 120.2400 120.2100 117.4200 120.6200 120.8700 121.0300 121.2600 121.4200 121.6300 121.8500 121.9900 122.3900 122.3900 122.5200 122.8800 123.0700 123.2000 123.3600 112.1300 112.6500 115.1900 110.0400 114.4800 114.4800
123.6100 123.9754 123.7259 123.1484 122.9556 122.7383 122.5444 122.3396 122.1329 122.0066 123.3139 114.4609 114.0322 120.7853 122.5379 116.3170 121.0010 120.4848 106.0661 107.3580 108.0289 105.0975 111.8861 109.5783 106.2497 101.9282 105.0741 99.0012 103.0305 106.0113 102.9916 108.3352 99.0655 106.8207 96.5853 119.8636 119.8491 117.3611 110.3880 120.0958 120.2800 119.5304 119.8221 120.5543 120.7020 121.0183 121.2780 114.3617 121.8823 121.5904 121.9625 121.6681 122.1378 104.2289 122.8715 123.4237 125.6347 107.5631 111.4225 112.6047 112.6075 112.4881 122.3020 124.3800
123.5600 123.4451 123.0898 123.0220 122.8020 122.6121 122.3683 122.1332 121.9237 121.5972 121.4862 116.1700 113.8525 118.7925 117.8199 120.9270 120.2255 119.6253 112.2792 108.9478 107.4960 100.7464 105.0924 109.4172 108.0206 105.8073 98.4130 103.9407 104.0924 110.9577 104.9638 106.0163 101.5036 122.0885 109.3449 105.5879 116.3999 98.3182 118.7437 119.4444 119.4390 119.5733 119.9553 120.1955 120.3841 120.4522 120.1819 117.0044 121.6404 121.4160 121.6681 121.7837 123.4813 125.3943 122.4544 115.3711 119.1531 104.1974 105.5290 96.9545 110.0190 115.3894 124.2208 124.3300
123.3400 123.2677 123.0551 122.8318 122.5396 122.2483 122.0562 121.9463 121.7029 121.5437 121.1959 121.5017 120.9918 108.9872 122.1413 119.8150 119.8192 117.7716 112.7610 108.4151 107.3782 112.8158 110.6785 109.4285 106.2244 105.2586 111.8261 113.0635 102.2136 104.5039 102.9266 104.7904 94.3195 118.4556 115.6149 119.3519 113.1345 119.8155 120.0639 119.0536 108.9799 119.0111 119.6884 119.8705 120.1292 119.9800 122.0871 122.0188 120.9359 121.2589 121.5067 121.7394 121.9719 123.1428 126.0091 102.1498 112.1779 107.5608 112.8604 120.2829 120.4975 122.2287 124.1413 124.1400
123.2900 123.1228 122.9444 122.5315 122.8052 123.1534 122.1889 121.7939 121.2651 121.3868 121.4773 117.6799 118.4272 115.7214 117.6429 119.6783 119.6462 120.1677 117.7305 105.3789 107.1770 104.8743 107.2190 103.7245 102.8605 101.2745 101.6025 100.9204 104.3730 104.3224 112.4444 107.4626 100.6714 119.4959 117.2114 117.5284 118.8509 118.1997 120.0369 107.5845 120.4636 119.5392 119.3262 119.5761 119.8037 120.1134 118.4610 118.2580 120.2542 121.0791 121.1990 120.0127 122.2121 117.8165 102.7154 101.0144 117.5689 106.2928 106.4823 106.0836 112.7620 125.3193 123.9341 124.0900
123.0600 123.0541 122.7014 122.5760 119.2802 111.8794 124.2915 121.1403 123.0292 118.4103 120.8021 118.8972 112.1233 122.3668 119.5579 119.5669 119.2539 118.8676 118.8231 111.8228 111.6619 106.7456 103.9371 102.1372 103.6362 104.2557 94.8215 94.1846 103.9872 94.9573 97.2718 106.1831 116.5913 117.0034 117.4427 117.6049 117.5699 117.8713 119.9022 103.4910 119.4438 118.3604 119.0380 119.1955 119.5488 119.6284 120.3102 120.7421 120.3541 120.8740 120.9555 122.4069 105.5353 101.7336 101.4624 106.0724 105.4044 111.8727 103.0654 111.2715 121.1756 122.9893 124.6767 123.8900
123.0100 122.8917 123.1272 123.1394 121.9877 121.3719 122.1252 121.1793 121.3163 120.5372 120.5872 120.4997 119.4784 119.7772 119.2093 119.7861 118.8987 118.6377 118.7927 115.8232 106.7172 105.3176 103.1809 105.2518 102.0897 98.0596 94.5160 95.4381 93.4005 104.5976 114.1539 112.1582 116.6701 116.5680 116.9415 117.0454 117.2620 117.3674 113.3331 118.6919 118.1522 118.4582 118.4431 119.2905 118.7364 119.6774 119.7282 119.9793 120.2739 120.6414 122.7745 102.8050 99.3472 98.9829 108.3951 109.3497 98.8500 101.5885 98.8555 124.1055 123.1065 123.7341 114.5329 117.8800
122.7800 122.0403 128.2624 122.1391 122.1218 121.9764 121.4626 121.2257 120.8859 120.6241 120.3582 120.2353 119.5935 120.3122 105.1186 118.8277 118.5675 118.2852 118.2299 117.6387 105.6642 105.7429 103.8022 104.3726 102.0609 114.5530 95.0974 96.7050 93.0780 95.7058 96.5730 121.1912 112.8159 116.2300 116.3685 116.5766 116.6751 117.1238 117.2839 117.5892 117.5720 120.4288 118.4987 119.0774 113.6968 119.2903 119.3869 119.8329 119.5916 121.5138 98.9166 98.2488 101.4574 104.8336 102.0433 108.6850 101.5395 124.6274 122.6649 122.8748 123.1102 124.1316 123.9016 123.8100
122.7200 122.6524 122.0107 121.7093 121.8935 121.5815 121.2956 121.0027 120.7196 120.3856 120.3804 119.2258 120.5860 108.8023 109.0662 106.6521 115.1320 118.1676 117.9495 110.5533 118.7052 103.2814 108.7286 99.3374 103.5914 121.0362 94.0520 105.1988 105.0837 111.1674 110.4029 113.7559 115.6101 115.2817 115.8631 115.8893 116.6872 117.4743 116.6461 117.0331 117.4085 117.5068 117.7285 118.2901 118.6892 119.1956 119.1702 119.5119 119.9423 119.0354 107.5770 104.1762 106.5280 126.1761 103.4829 100.5929 108.0329 120.9650 122.2647 122.8917 123.0523 123.3213 127.6546 120.6900
122.6900 122.4561 122.2619 121.9690 121.6654 121.3948 121.1097 120.8312 120.5458 120.2402 119.4467 114.1084 120.7390 116.6540 124.0854 116.5938 119.3665 117.7196 117.8972 118.3719 117.9029 113.4599 100.1566 97.0385 99.8328 112.4687 96.1597 107.1631 114.9203 114.5598 114.7390 114.9654 114.7826 115.0784 115.2089 115.3211 116.0181 100.4977 117.8057 111.6851 117.2484 117.1942 117.6400 117.8971 118.2168 118.5640 118.9333 119.2586 119.2254 118.9132 103.8569 109.4067 120.9277 116.8452 108.9971 103.9432 114.8455 122.8329 122.5110 122.6535 123.0812 121.9451 106.5786 102.6900
122.4600 122.3532 122.0619 121.7915 121.5271 121.2540 120.9608 120.6681 120.3159 119.3434 118.8905 127.5084 108.7623 112.8826 116.6186 118.5700 117.8476 116.1790 116.0480 115.0289 117.2688 108.9552 101.8235 100.2414 102.0983 111.8481 115.6702 114.6520 114.1450 113.8377 114.0330 114.0716 114.2046 114.3610 114.5807 114.7934 116.3770 101.6107 103.2324 116.3087 116.3392 116.8447 117.2176 117.5980 117.9710 118.3094 118.6840 118.9811 119.1536 115.3036 111.1129 106.7287 123.1591 101.2756 103.6057 107.9315 117.6057 121.9141 122.2702 122.6001 122.9271 121.2480 128.8424 123.5300
122.3700 122.1732 121.9814 121.6877 121.4020 121.1169 120.7411 120.4555 120.5697 119.4724 119.2626 117.1973 109.0349 112.0742 110.7451 112.4247 116.7587 118.6798 119.2153 115.7182 115.3838 104.9743 116.9820 107.1047 95.9010 109.3376 114.0072 113.3071 113.2641 113.1736 113.2384 113.3110 113.4533 113.6532 113.9098 114.2410 113.9893 117.3869 111.9041 116.0171 116.1678 116.4866 116.8678 117.2610 117.6489 118.0301 118.3990 118.7496 119.4129 120.2085 120.7015 110.5970 117.5411 106.2532 105.1772 112.0708 105.3837 124.3334 122.2357 122.5186 122.6639 122.3463 133.1891 108.6300
122.3300 122.4457 121.8487 121.5577 121.2604 120.9928 120.6676 120.1728 119.6106 116.3779 119.9258 117.5531 111.9938 114.1487 112.0634 109.1237 122.2184 112.6103 104.3721 110.7923 118.0258 114.9243 110.1207 114.0541 111.2291 112.5749 112.5969 112.5958 112.6296 112.4188 112.4023 112.4781 112.6513 112.8893 113.1789 113.5421 113.9799 114.0509 115.2745 115.3010 115.5917 116.0734 116.5094 116.9364 117.3522 117.7546 118.1487 118.5519 118.8381 118.8880 119.9684 124.3525 114.3433 107.9863 118.0748 104.8898 104.4907 113.2877 122.7861 122.3614 122.5573 123.0646 121.6561 125.1700
122.3300 120.9535 121.7611 121.4938 121.1835 120.8299 121.3397 113.4682 121.3525 113.4140 118.5596 117.2872 115.6277 118.6577 112.4399 111.7657 112.3831 106.4765 107.2353 101.6665 113.6719 113.0654 112.8586 113.5145 112.7596 112.5953 112.1076 112.2531 110.2049 111.5637 111.4162 111.5526 111.7576 112.0552 112.4167 112.8223 113.2971 113.7415 114.1871 114.6986 115.2103 115.6860 116.1592 116.6140 117.0581 117.4904 117.9086 118.3116 118.8420 119.1322 118.7735 118.8202 117.9787 121.4533 119.7176 124.4131 106.8981 116.6129 121.9098 122.3173 122.5008 122.7057 125.0592 125.2400
122.0700 120.6168 121.6508 121.2431 120.8628 120.6788 120.4365 116.9159 114.8081 111.4592 114.4704 118.2844 110.5212 119.1773 116.6980 102.8808 102.5221 100.7478 104.0268 101.9840 111.6496 114.6383 113.3559 112.5923 112.1557 111.6035 111.1863 110.4436 104.5140 110.7166 110.3888 110.5169 110.7791 111.1426 111.5753 112.0759 112.5960 113.1593 113.7014 114.2457 114.7731 115.3069 115.8082 116.3037 116.7816 117.2412 117.6725 118.1830 117.8635 118.7578 121.3800 119.5067 124.2202 123.1983 112.3506 102.2822 111.8384 122.7414 121.8694 122.1677 122.5174 123.7038 115.4503 108.0100
122.0300 121.9775 121.6330 121.5196 121.3307 120.7917 119.9695 120.4688 119.2958 117.8409 116.2495 119.5925 105.8768 110.3700 109.5629 126.0940 107.0755 112.9722 108.4777 101.1668 101.8072 113.7567 112.6081 111.9702 111.3409 110.7507 110.2000 109.6922 110.1232 109.6291 109.1880 109.3611 109.6933 110.1441 110.6889 111.2828 111.9018 112.5318 113.1607 113.7682 114.3612 114.9305 115.4842 116.0135 116.5143 117.0139 117.4812 117.4222 124.9576 117.8873 101.0122 112.2056 114.5042 117.8443 117.0365 118.4540 121.6256 121.2480 121.8502 122.1378 122.3191 122.5519 123.6670 111.1700
122.0100 121.7590 122.1032 116.6595 114.2777 119.3892 120.9995 110.2076 120.4707 115.5100 117.4433 108.9904 108.1153 108.5271 107.1910 106.1686 108.0230 100.9159 106.1479 118.3150 113.3669 111.0632 111.9375 111.2284 110.5381 109.8013 109.1199 108.5230 107.9386 107.7018 107.7952 108.0250 108.4648 109.0441 109.7329 110.4515 111.1898 111.9171 112.6240 113.3050 113.9604 114.5831 115.1673 115.7340 116.2669 116.7717 117.3219 118.2508 107.6850 102.6356 103.9514 117.0374 118.5248 121.2771 113.7359 113.0710 119.8798 120.9979 121.8046 122.0601 122.3218 122.5191 123.7642 122.9700
121.9800 121.6535 122.0023 114.9780 115.8178 109.3830 109.3038 111.0684 112.6639 119.3363 118.1639 107.5815 108.0857 105.8146 115.1722 102.7903 107.6561 109.7753 104.1425 117.3781 107.8001 112.7133 111.2760 110.5645 109.6933 108.7992 107.9347 107.1398 106.5337 106.1616 106.1329 106.4600 107.0703 107.8505 108.7053 109.6004 110.4674 111.3070 112.1112 112.8689 113.5826 114.2533 114.8847 115.4867 116.0507 116.5753 117.2792 117.5498 117.7818 118.5478 118.7937 121.4898 119.2768 115.3806 120.4876 120.4610 121.3164 121.4163 121.6952 121.9901 122.2675 122.5790 122.8534 122.9500
121.9600 121.5650 121.8801 114.0133 115.1386 115.4006 108.1938 107.7986 105.3639 107.3457 105.2614 107.7028 107.9734 107.2902 110.8570 100.5745 93.1632 102.1390 112.9832 107.6123 112.6311 112.5456 110.7689 109.8699 108.8483 107.7639 106.6530 105.5793 104.6561 104.1019 104.0767 104.5895 105.4646 106.5359 107.6431 108.7355 109.7715 110.7314 111.6343 112.4683 113.2365 113.9622 114.6310 115.2648 115.8559 116.4155 116.9428 117.3091 118.0639 118.0461 118.6894 118.8729 119.6203 118.8249 120.2999 120.5778 120.9099 121.3277 121.6465 121.9412 122.2339 122.5160 122.8180 122.9300
121.7300 121.5211 121.6602 115.1015 117.6508 107.7573 108.7341 109.8655 110.4033 109.1975 105.6641 110.3152 106.7540 107.2322 106.0351 100.4262 110.2002 107.2053 107.7204 103.1948 113.6020 116.8756 109.7397 109.3015 108.0382 106.7212 105.2814 103.7943 102.3735 101.4300 101.3829 102.2407 103.6261 105.1274 106.5724 107.9079 109.1209 110.2142 111.2084 112.1138 112.9473 113.7095 114.4206 115.0763 115.6903 116.2803 116.8760 116.2843 120.4369 118.0014 118.8266 121.3575 110.7518 109.4813 120.8486 120.7139 120.9726 121.2832 121.6019 121.8994 122.2007 122.4844 122.5320 122.9200
121.7200 121.6068 121.2368 121.2238 121.4851 112.3307 112.8926 112.1915 108.3264 106.9223 108.7868 108.7272 108.6693 103.8319 101.8796 97.1147 104.3447 102.1288 110.6542 113.3759 111.9304 110.6225 109.6790 108.6891 107.3258 105.7433 103.9210 101.7885 99.5676 97.6196 97.4835 99.3148 101.5585 103.7106 105.5629 107.1637 108.5553 109.7806 110.8589 111.8312 112.7069 113.5113 114.2495 114.9336 115.5663 116.1605 116.7009 117.1299 117.4455 118.2114 118.6665 122.2833 121.8774 121.0754 120.1730 120.5528 120.9172 121.2523 121.5675 121.8749 122.1607 122.4181 124.6568 122.9000
121.7100 121.5662 121.2639 120.8881 120.3731 121.1590 121.5379 109.2273 108.7617 109.8191 110.1862 109.8364 102.4764 91.8701 100.4758 98.4139 99.9769 114.4927 112.5561 110.9220 111.6788 110.8367 109.6167 108.2748 106.7686 104.9509 102.7083 99.7991 95.7435 91.2121 90.9270 95.1734 99.4630 102.4399 104.7395 106.5885 108.1359 109.4573 110.6114 111.6310 112.5433 113.3754 114.1367 114.8287 115.4730 116.0876 116.6393 117.1988 117.7339 118.1478 118.4742 118.5088 118.9953 119.5664 120.1836 120.5584 120.8992 121.2212 121.5396 121.8557 122.1763 122.4819 126.7712 134.2400
121.7000 121.6027 121.2395 121.0025 120.6516 115.9618 120.0982 110.3098 107.3217 108.4444 106.4281 112.9651 101.9811 101.4405 105.3702 103.5743 97.4022 111.1342 109.2422 111.2313 111.5973 110.5997 109.3944 108.0422 106.4432 104.4701 101.9295 98.4062 91.8267 86.2501 85.9566 90.9810 97.9367 101.6183 104.2372 106.2546 107.8961 109.2801 110.4724 111.5194 112.4532 113.2957 114.0710 114.7741 115.4291 116.0391 116.6097 117.1314 117.6284 118.1562 118.7363 119.2610 119.5745 119.9045 120.2002 120.5343 120.8811 121.2101 121.5304 121.8391 122.1309 122.3418 122.2023 128.1800
121.6900 121.4132 121.3568 120.9853 120.4987 114.3955 117.9547 108.2288 109.2774 108.7694 111.1472 106.3765 109.0793 107.8565 115.0596 106.4593 89.2046 106.3339 106.6582 111.4447 111.5598 110.5920 109.3988 108.0310 106.4131 104.4255 101.8548 98.2621 91.3810 85.5932 85.2246 90.4462 97.7622 101.5354 104.1827 106.2203 107.8741 109.2613 110.4560 111.5053 112.4410 113.2889 114.0643 114.7660 115.4272 116.0327 116.6050 117.1780 117.7330 118.0544 118.1037 118.5023 119.2272 119.5676 120.0297 120.5386 120.8777 121.2124 121.5301 121.8335 122.1403 122.4492 122.7744 122.8800
125.0100 122.9586 119.6968 122.1334 120.4083 116.8790 120.8508 108.1963 108.0390 107.2309 110.9678 107.0847 106.9253 107.4717 103.4397 109.8027 107.1084 114.6884 112.9004 112.5168 111.6872 110.6781 109.5320 108.2227 106.6778 104.8195 102.4891 99.4423 94.2877 89.8848 89.6647 94.1560 99.0835 102.2225 104.5970 106.5002 108.0674 109.4070 110.5641 111.5986 112.5188 113.3545 114.1138 114.8129 115.4602 116.0673 116.6386 117.2620 117.0348 118.0005 119.8294 120.8466 119.7401 120.3116 120.8658 120.5144 120.8947 121.2214 121.5434 121.8535 122.1431 122.4302 122.7012 122.8800
121.7000 123.2299 105.8285 124.9791 120.8181 120.5167 119.8220 117.8840 116.6966 114.2371 108.4965 104.5014 110.0331 103.3616 114.5505 101.8741 108.0999 104.5411 110.1469 112.9554 111.8675 110.9019 109.8204 108.5902 107.1889 105.5642 103.6426 101.4391 98.7738 96.3818 96.1936 98.5285 101.0890 103.4183 105.3737 107.0319 108.4563 109.6975 110.7964 111.7842 112.6731 113.4771 114.2219 114.9066 115.5456 116.1147 116.6866 117.4613 117.5143 117.7944 110.9556 103.5792 113.4287 118.4397 111.3206 120.7412 120.8289 121.2491 121.5569 121.8575 122.1711 122.4596 122.7274 122.8900
121.9200 121.8872 119.2628 121.3814 120.6592 120.2124 120.9622 116.3459 121.3156 113.0211 112.8164 116.3608 107.9923 98.2289 104.3194 96.6016 114.9723 109.6256 112.3061 112.8905 112.1584 111.2261 110.2231 109.1161 107.8753 106.5033 104.9917 103.3617 101.7777 100.7395 100.6697 101.6558 103.2003 104.8300 106.3547 107.7468 108.9902 110.1091 111.1320 112.0526 112.8928 113.6648 114.3782 115.0397 115.6594 116.2011 116.7432 117.6150 118.1101 110.9130 105.2549 112.4555 118.2643 119.9151 118.9763 120.5049 120.9223 121.2665 121.6048 121.9278 122.2025 122.3235 122.7646 122.9000
121.9300 121.7325 121.5237 121.0374 120.4426 120.1623 108.8662 109.9208 100.2073 108.0219 105.1048 105.6159 104.0027 108.8461 95.0740 99.6191 100.1304 119.5654 114.2382 113.2567 112.4906 111.6214 110.7249 109.7307 108.6734 107.5430 106.3569 105.2066 104.2079 103.5738 103.5333 104.1101 105.0882 106.2431 107.4212 108.5574 109.6305 110.6235 111.5425 112.3819 113.1767 113.9069 114.5836 115.2288 115.8349 116.3939 115.8617 120.8927 110.7269 119.3457 119.2940 110.4516 119.2159 119.5927 120.3497 120.6359 120.9986 121.3057 121.6027 121.9352 122.2168 122.5174 122.8038 122.9100
121.9500 121.7235 121.4137 121.0881 120.4444 121.3454 107.3656 110.3316 104.0848 106.6550 107.2307 105.2094 105.0753 103.9748 107.6944 100.2527 109.8414 116.2666 113.7513 113.9601 112.8166 112.0828 111.2762 110.4139 109.5145 108.5872 107.6604 106.8248 106.1419 105.7339 105.7066 106.0784 106.7375 107.5792 108.4911 109.4179 110.3220 111.1828 112.0095 112.7801 113.5092 114.1943 114.8298 115.4568 116.0295 116.8907 117.3262 120.0052 108.2810 103.4540 107.7796 104.7571 120.6639 119.6227 120.4080 120.7554 121.0666 121.6458 122.2718 121.1490 122.1989 122.6650 122.7826 122.9200
121.9700 121.7759 121.4691 121.1431 120.9813 120.5486 108.4492 109.0584 109.1657 108.3405 106.6051 104.5878 104.3976 105.9986 103.4061 105.5248 97.2331 115.3537 114.7825 117.3752 112.9670 112.6274 111.8683 111.1178 110.3507 109.5943 108.8637 108.2038 107.6957 107.4530 107.4441 107.6954 108.1699 108.7921 109.5152 110.2711 111.0381 111.7899 112.5138 113.2130 113.8744 114.5067 115.1502 115.7302 116.2722 117.1609 108.3840 101.7768 118.4020 118.6222 117.0033 128.3879 111.6221 120.6131 120.5369 120.7778 121.1285 122.7293 128.6803 106.0113 120.5258 120.3391 122.7950 123.1200
122.0000 121.8518 121.5865 121.0140 117.8740 109.5212 109.4886 108.2203 109.4561 105.5927 107.8357 105.8689 106.0621 109.5477 100.8778 98.6386 100.3130 97.4936 116.1126 114.0526 113.7551 113.1023 112.4661 111.8279 111.1648 110.5894 110.0763 109.6110 109.3148 108.9204 108.8974 109.0733 109.4299 109.9167 110.4921 111.1113 111.7523 112.4004 113.0429 113.6710 114.2766 114.8445 115.3974 116.0470 117.9959 114.7244 125.1626 105.6062 103.7778 103.6498 102.2551 118.6292 118.9267 120.6788 121.4470 120.8613 121.2009 121.3741 120.8658 119.2269 121.8009 119.3869 119.2081 123.1300
122.2500 121.9178 121.6079 122.0511 113.2276 112.4696 115.7320 110.6722 106.8260 112.3356 103.2032 101.7230 95.3932 109.1590 108.3360 102.2994 118.9398 117.1397 115.2829 114.8551 114.1873 113.6418 113.0786 112.5127 111.9854 111.2593 110.5396 110.4495 109.8239 110.1498 110.1382 110.2761 110.5555 110.9349 111.3897 111.9102 112.4567 113.0181 113.5827 114.1425 114.6894 115.2465 115.2878 121.3660 109.1911 119.0052 117.8791 111.5888 109.3860 111.6308 112.9997 111.4188 116.1574 116.9151 120.4300 120.9439 121.3004 121.6467 122.0534 122.6157 122.8371 124.0492 124.6597 123.1500
122.2500 122.0177 121.7658 121.3527 122.4481 112.4837 111.4522 116.8751 110.6182 111.7056 98.9569 106.6082 95.9240 99.8773 123.0867 118.1334 117.0108 116.2230 115.4929 115.1625 114.6780 114.1736 113.6748 113.1835 112.8853 112.3668 114.1226 122.8903 111.7887 111.2538 111.2261 111.3357 111.5520 111.8558 112.2375 112.6715 113.1317 113.6242 114.1193 114.6070 115.2018 115.5972 116.5688 115.5384 107.1809 114.8948 117.8433 119.0096 125.5306 117.2722 120.7504 115.2518 118.2479 110.4561 120.6824 120.9838 121.4127 121.6837 121.9751 122.1869 122.2338 122.2131 117.7052 123.1800
122.2800 122.0994 121.8684 121.7558 115.1875 114.6746 109.6051 111.1869 110.9441 102.3597 97.2053 106.5419 101.1841 114.8317 119.2408 107.6293 110.7821 116.4006 115.9879 115.6076 115.1559 114.6980 114.2573 113.8472 113.4178 113.2415 112.1107 112.5103 112.0802 112.2371 112.1837 112.2794 112.4599 112.7081 113.0291 113.3910 113.7965 114.2147 114.6624 115.0975 115.7290 116.3480 115.2520 107.4378 118.9591 118.5146 119.3804 118.9489 123.6243 114.8789 119.6897 120.4676 121.1660 117.2350 121.5976 121.0534 121.5109 121.8052 122.0862 122.3718 122.5195 123.1879 115.1163 123.4000
122.3500 122.2362 121.7575 122.3856 114.9625 115.1014 113.0033 109.3342 107.0096 107.9069 103.8108 104.0656 101.1614 109.1670 118.4467 108.5503 99.2348 117.5982 116.2849 116.0523 115.6131 115.2212 114.8312 114.4582 114.0988 113.7665 113.6397 113.3590 113.1507 113.0467 113.0628 113.1356 113.2789 113.4949 113.7522 114.0687 114.4149 114.7898 115.1766 115.5739 115.9525 116.3863 113.2247 111.0538 118.7464 121.6121 104.2838 117.4926 118.6623 119.7368 119.7784 120.0603 120.2348 121.1519 121.1657 121.3510 121.6262 121.9140 122.1897 122.4531 122.7383 122.9451 123.7121 123.4300
122.5800 122.2824 123.1613 115.4641 119.8435 115.1120 115.7981 113.6928 108.7552 109.9607 106.5398 102.3888 98.8485 104.6067 118.7586 118.2616 114.2436 118.3079 117.3062 116.3469 116.1196 115.7197 115.3774 115.0414 114.7412 114.4770 114.2465 114.0645 114.0121 113.9411 113.8568 113.9142 114.0372 114.2147 114.4400 114.7120 115.0119 115.3398 115.6867 116.0438 116.3978 116.9868 117.5787 117.6249 116.9861 103.6959 103.5466 109.8197 120.3458 119.4347 119.7940 120.1944 120.6276 120.8668 121.1825 121.4871 121.7506 122.0296 122.2989 122.5573 122.8070 123.0456 123.1528 123.4600
122.6300 122.3215 121.3364 112.9805 116.9384 115.6000 110.7068 111.5398 111.1822 119.0289 108.7183 104.0786 108.6039 104.4806 117.7462 118.3762 118.0359 114.4598 112.2552 117.4970 116.3992 116.2259 115.8972 115.6132 115.3578 115.0776 114.5273 114.5765 114.3019 114.5258 114.5774 114.6304 114.7312 114.8906 115.0813 115.3133 115.5843 115.8647 116.1762 116.4909 116.8275 117.1756 117.5897 115.3450 98.5778 105.3050 105.1611 112.7288 112.4141 119.7680 120.1885 120.7636 120.7403 121.0539 121.3461 121.6142 121.8870 122.1514 122.4122 122.6709 122.9144 123.1700 123.4166 123.5000
122.6700 123.2501 114.9764 116.7430 112.9472 111.2134 111.2474 117.4380 107.3209 120.2192 105.1719 106.5337 117.2401 108.1657 120.2352 117.9911 118.0238 118.4168 114.5699 117.4071 116.9607 116.7380 116.4005 116.1469 115.9662 115.0066 118.3024 112.3335 115.5863 115.1618 115.2481 115.2920 115.3845 115.5134 115.6881 115.8947 116.1096 116.3900 116.6734 116.9553 117.2585 117.6023 118.5644 113.6979 107.7999 101.5337 106.4599 124.6392 112.7001 121.9783 112.6164 120.8649 120.7743 121.2405 121.4899 121.7658 122.0248 122.2824 122.5366 122.7820 123.0275 123.2736 123.5022 123.7000
122.9000 123.0614 117.7471 117.3657 121.1155 122.2864 121.3958 109.6192 115.3804 118.7846 108.0416 120.4705 120.6629 118.6369 119.4511 118.7821 118.5495 118.2737 117.9744 117.5747 117.3464 117.1403 116.8907 116.6644 116.4932 115.8748 115.2969 101.4215 116.5231 115.5404 115.8687 115.9174 115.9862 116.1019 116.2505 116.4317 116.6409 116.7967 117.0723 117.2251 117.6214 118.0335 118.3453 109.3844 104.8004 115.9804 99.6443 106.7328 119.6341 120.2274 120.3602 121.2695 121.0312 121.3822 121.6508 121.9123 122.1650 122.4188 122.6658 122.9061 123.1582 123.3528 123.6802 123.7300
122.9400 123.3725 114.7199 116.9109 122.5143 122.8871 109.5855 104.2945 115.4856 115.7751 114.8450 109.5157 118.0021 119.7016 119.4045 119.1560 118.8782 117.3792 117.7543 119.1221 119.2055 117.5997 117.3599 117.1521 116.9994 116.8420 117.2251 117.6076 116.4102 116.4529 116.4508 116.4887 116.5509 116.6571 116.7899 116.9498 117.1275 117.3291 119.8171 118.7610 117.8560 118.7115 118.9485 121.1765 119.1409 120.3513 117.8863 121.3029 120.3094 120.4900 121.0231 121.0261 121.3143 121.5727 121.8243 122.0731 122.3196 122.5608 122.7980 123.0287 123.2753 123.6784 121.2656 123.7700
122.9900 123.1477 123.3193 123.1478 121.7193 120.0455 111.5326 116.5422 109.7845 101.0041 100.4193 97.0489 116.6389 120.0681 119.6338 119.2793 119.5638 119.5578 112.6755 111.4197 118.7547 117.9610 117.8085 117.6202 117.4516 117.3510 117.0493 116.8977 117.0414 116.8901 116.9984 117.0215 117.0818 117.1785 117.2902 117.4282 117.5957 117.8012 117.8159 117.9114 118.7043 118.8530 117.3722 103.2357 121.3364 119.4032 119.8257 120.2845 120.1280 118.9029 121.0076 118.5440 121.5779 121.7180 121.9881 122.2331 122.4677 122.7017 122.9316 123.1605 123.3650 124.6292 112.0031 123.9700
123.2300 123.0615 122.7722 120.4622 110.9635 101.5111 112.2405 106.8661 109.9089 101.8252 104.4641 103.8492 115.7938 120.9431 119.9119 117.8075 113.9438 119.3091 118.7363 116.1240 118.6371 118.4006 118.2346 118.0589 117.9141 117.7742 117.7016 117.6393 117.6647 118.4432 117.5024 117.5288 117.5810 117.6646 117.7985 117.9213 117.9649 118.2565 118.2713 118.7158 117.2072 118.7746 119.7109 108.8210 119.5611 118.5795 120.3062 120.1466 116.8893 100.7294 119.3984 117.4254 122.3156 121.8588 122.1687 122.3949 122.6213 122.8490 123.0854 123.2222 123.5002 123.3343 125.1428 124.0100
123.4800 123.2763 122.9685 120.5546 111.3732 113.1023 102.9450 107.6049 108.5477 108.9117 103.7317 113.7742 118.0759 120.3364 120.0743 120.6467 123.9363 119.2490 119.0486 119.5952 119.0037 118.8491 118.6360 118.5235 118.3457 118.2411 118.1412 118.0689 118.9978 119.2776 117.8720 117.9796 118.0459 118.1356 118.1189 118.3331 119.1028 118.4561 118.3841 119.4304 117.9411 118.7069 121.4670 107.1756 107.1988 110.5426 119.9829 121.2468 121.7149 108.3301 115.0800 118.5607 121.7604 122.0797 122.3341 122.5584 122.7887 122.9990 123.2312 123.4052 123.4743 127.4431 117.5508 124.2500
123.4800 123.3993 123.4713 120.0108 116.9873 109.0578 103.6990 109.5063 106.1403 114.2644 110.0182 105.4595 122.2574 120.7274 120.0528 120.2314 119.9342 119.9013 119.6297 119.5540 119.3751 119.0927 119.0596 118.7843 118.8255 118.6740 118.5837 118.5439 118.0605 120.1506 118.5596 118.4977 118.5086 118.5044 119.7488 118.5726 113.8753 120.2920 118.8585 118.0887 118.6460 118.6365 104.6642 99.7316 110.8905 119.8372 118.3375 120.6392 121.1317 123.4130 113.5967 111.4479 122.5026 122.3019 122.5204 122.7264 122.9473 123.1593 123.3224 124.0434 117.0524 128.4855 113.4415 124.2800
123.7500 123.5269 122.9977 122.2181 124.0551 116.5310 116.0289 111.7776 108.6562 103.2918 100.2296 113.8784 124.0018 120.5684 120.7133 123.5907 115.9263 120.1518 120.0677 119.8968 119.8150 119.3625 118.7749 120.1037 119.2046 119.0876 119.0372 118.5804 119.4141 106.5108 118.6616 118.7638 119.0039 118.6701 122.9409 120.9291 109.0529 118.9012 121.8190 117.9848 103.8817 106.1819 104.0232 113.3909 110.8578 114.3975 121.6359 121.5256 121.3480 122.7226 122.9576 117.9633 121.8802 122.4386 122.6920 122.9267 123.1101 123.2961 123.4917 123.6760 116.9514 109.7539 120.9520 108.6500
123.8000 123.5818 123.6543 125.0472 113.7301 109.3304 111.6618 110.6964 113.8144 106.8357 117.7128 101.7434 121.5784 122.2346 119.4753 104.0635 105.8374 120.3018 120.3621 120.2270 119.9235 118.9208 105.6039 119.5929 119.5893 119.4853 119.4345 119.1458 119.3332 119.6304 119.7921 120.3622 118.2879 120.0390 112.6856 108.0777 115.0434 126.7405 113.5144 104.5281 112.1408 103.2861 106.0249 122.3853 120.6431 121.5334 123.0129 118.2856 121.8611 114.1436 126.2355 122.4078 122.4998 122.6950 122.9324 123.0112 123.2731 123.4609 123.6831 123.9908 123.4656 118.9241 122.0534 109.7900
124.0100 125.1532 123.1163 109.0753 115.3873 110.0917 111.3674 108.9117 106.6662 102.0129 108.7504 111.8696 123.7547 123.1708 111.4569 113.0329 121.9283 120.8566 120.6225 120.5436 120.1453 121.7630 120.6450 119.9849 119.9301 119.8618 119.6538 121.5032 101.6225 108.1485 119.2365 109.0945 118.5230 112.9331 107.8865 109.4878 124.3896 99.6588 102.1377 105.0691 116.6263 102.4525 111.2827 122.6317 121.1981 120.4750 122.8140 102.0512 133.7262 123.1561 109.2824 117.4967 122.8685 122.9861 120.5879 123.3188 123.4223 123.6298 123.8128 124.0690 124.2620 124.8435 120.7494 124.7300
124.0400 119.0110 114.0678 112.6826 112.5742 113.6557 108.4774 108.7537 108.7326 112.1561 110.6312 96.3301 122.9918 106.2763 101.4176 116.8908 121.6615 121.5788 120.9030 120.8639 120.7467 120.3580 120.4739 120.3803 120.3022 120.2214 120.1496 120.4704 116.1383 119.0692 120.8142 112.1041 114.5844 113.1770 116.9886 119.3330 121.2968 117.0055 109.4198 104.4588 120.8936 121.8126 109.5571 116.1097 122.6889 121.5352 124.4899 122.3110 119.8477 111.9576 110.1330 124.7354 122.8461 123.3574 123.1010 123.4003 123.6031 123.7852 123.9712 124.1381 124.3061 124.6695 124.6145 124.7700
124.2700 117.5513 112.3601 110.7198 112.3436 111.9127 110.2839 106.8811 105.3401 104.6739 121.5825 111.4480 121.7503 99.8040 102.3513 122.6511 115.4784 121.2334 121.1186 121.1714 121.0362 121.0076 120.8416 120.7748 120.6461 120.5840 120.4267 120.3928 120.7646 120.5946 119.2000 108.8342 104.9499 105.7765 115.5858 120.4369 120.4179 121.1611 121.8799 121.1793 121.8812 120.9578 111.1477 121.3882 122.2487 122.2460 121.7922 122.1181 123.3910 115.8892 112.0392 109.4914 123.4284 123.1698 123.4482 123.5607 123.7773 123.9443 124.1250 124.2889 124.4837 124.6203 124.8282 124.9600
112.4500 113.1323 114.6887 111.4258 114.5137 111.0233 115.2751 106.3866 106.2501 101.1669 107.5410 117.9080 104.1266 98.6982 113.4578 125.2443 102.2679 124.3503 121.7606 121.3121 121.3319 120.9748 121.1168 120.9144 121.0243 120.7955 121.1274 119.4376 120.8164 121.5194 120.7539 127.4087 102.3354 95.5923 116.2116 120.5108 121.2334 121.0871 121.1475 121.3833 121.5279 121.0621 111.9412 111.3989 110.3802 121.1452 122.5463 122.2736 123.5124 115.9975 107.3339 117.0806 124.3314 123.3379 123.6088 123.7705 123.9335 124.1129 124.2755 124.4500 124.6136 124.7790 124.9599 125.0000
116.1400 115.7432 113.0050 113.2700 114.4026 107.9616 108.0023 109.9663 110.2406 106.1243 103.3172 109.0644 117.7115 116.0157 123.0291 122.8789 122.9499 120.7300 120.9227 122.4452 121.1277 123.5028 121.5446 121.1398 121.1646 121.1679 119.1757 119.4992 120.7390 122.6699 101.3487 106.8335 107.1929 104.2522 118.0586 121.1752 121.4487 121.4552 121.5439 121.6277 121.8299 122.1721 119.8898 101.5725 115.5424 123.4579 122.4070 122.5896 124.3157 121.3463 124.4294 125.8813 123.0872 123.7160 123.7480 123.9181 124.4144 124.2648 124.4332 124.5930 124.7584 124.9198 125.0717 125.1900
124.7200 121.1065 120.9211 111.0959 111.1244 103.9874 108.5664 108.0605 110.6089 109.1248 102.9350 104.4539 118.8860 124.3994 122.0988 114.2002 122.5247 123.5295 115.6862 120.7553 123.0040 114.9706 106.3826 114.3135 121.6666 121.4438 123.6022 103.1009 119.1925 101.6022 101.2785 110.0744 111.9603 112.7187 122.8359 121.5791 121.5602 121.7009 121.8625 121.9197 121.7368 122.4771 109.1659 110.8958 118.9359 122.9780 122.8261 122.8371 122.7136 122.8885 123.3574 123.3623 123.7118 123.7256 124.1983 121.7167 124.8923 124.3110 124.3430 124.7650 124.8906 125.0681 125.0438 125.4200
124.9700 126.3474 115.0339 113.7994 111.4127 112.0420 112.6740 110.9997 108.9201 105.8836 102.0448 116.2194 120.9055 123.0380 123.7683 121.6928 123.7827 122.5888 119.2618 125.0630 120.1516 107.0731 111.6085 117.3177 114.9655 114.8174 106.4082 100.4168 110.3674 113.3483 124.2032 123.4827 122.9787 123.5588 121.9960 121.7722 122.5614 122.0707 122.1657 122.1743 122.9555 117.2161 106.6145 114.0595 124.8134 122.7750 123.0048 123.1964 123.2802 123.4280 123.5449 123.6963 123.8407 123.9853 124.2292 120.2638 120.6898 125.6066 124.8369 124.8961 125.0404 125.1973 126.1618 125.4200
124.9900 122.3903 116.2437 111.9696 111.6286 112.9246 111.9657 111.5357 109.8378 115.7570 108.4162 121.7464 123.3858 123.2585 123.0482 122.8684 122.6511 123.1472 109.3205 118.3789 109.5873 97.1525 99.4646 118.8460 118.0107 122.2416 118.5008 102.3957 104.9250 115.7202 121.5184 121.6070 121.7517 121.7791 122.0431 122.3304 127.4642 111.2517 124.0720 122.5063 123.0843 113.6609 105.6616 104.5838 122.6949 123.0324 123.2171 123.3402 123.4865 123.6094 123.7469 123.8904 124.0268 124.1371 124.5559 124.7667 113.4125 116.0411 124.7666 125.0501 125.2045 125.2539 124.7729 112.1700
114.6700 116.0532 115.7222 114.0506 112.2027 111.5896 106.3746 111.3045 107.6545 114.5136 109.7835 118.3675 123.7622 123.4501 123.3288 123.3621 122.2473 121.5145 114.7048 125.7936 106.4920 113.7253 97.4539 119.1383 97.6973 112.4958 100.7086 105.6008 103.4327 122.0796 122.6748 122.5638 122.4524 122.5002 122.3094 119.7665 122.5262 120.2663 111.7221 121.8967 117.6368 123.7618 116.5504 121.7480 124.1549 123.2414 123.4489 123.5712 123.6953 123.8169 123.9481 124.0773 124.2168 124.3594 124.4894 125.4192 127.6673 123.4071 125.2650 125.2001 125.2780 127.3389 127.1278 125.8100
115.7400 115.8223 113.2483 114.6987 112.4478 108.0507 117.8435 117.3488 110.8435 118.8166 110.8697 121.0199 123.5895 123.6801 123.6271 123.5100 123.9826 119.5445 116.4844 122.5055 112.1853 124.4200 106.5918 124.6871 109.2564 121.3381 100.9431 106.8935 103.7286 124.8484 122.4214 122.5865 122.6433 122.4704 123.1222 120.9870 111.6295 106.4911 97.9008 122.4571 114.0665 112.3663 113.5303 123.6305 123.3385 123.5637 123.6750 123.7820 123.8976 124.0233 124.1492 124.2711 124.4061 124.5306 124.6713 124.6451 124.7854 125.8343 125.0091 125.3326 125.3673 125.1615 111.5408 125.8600
115.7700 115.5700 114.9501 113.9878 112.3440 110.6108 123.4753 121.0331 108.1161 110.6752 117.8706 124.4756 125.7252 123.6716 123.6933 123.7290 123.3309 123.3001 114.2738 124.5054 126.4153 110.7695 106.1077 125.1201 120.1165 103.9470 120.4756 108.5030 106.3836 125.4742 122.8811 122.8830 122.9569 123.0539 120.1165 109.2580 109.8048 102.4602 113.9981 123.7771 122.8901 109.5283 121.8456 124.0978 123.7475 123.7743 123.8832 123.9970 124.1078 124.2246 124.3389 124.4592 124.5864 124.7151 124.8581 124.9708 125.1032 125.1506 125.6596 125.5851 125.7220 125.8648 125.7255 111.1300
115.2100 115.2815 115.6872 112.7564 124.1084 111.7137 110.8554 113.8093 109.9342 115.9733 124.4981 98.3292 116.7081 123.8894 124.2237 124.2237 120.9140 123.9430 126.4777 103.0550 125.5208 103.4650 115.7159 122.0300 114.1406 101.8135 104.6814 108.6557 102.7190 124.8481 123.1006 123.1211 123.2245 124.0892 112.2130 112.0236 124.7144 110.4011 117.7325 123.6518 123.9720 120.8255 125.4650 123.4928 123.9244 123.9916 124.1012 124.1972 124.3102 124.4167 124.5356 124.6502 124.7675 124.8916 125.0095 125.1352 125.2469 125.4444 123.3769 118.9607 125.9059 126.3102 126.6410 110.6400
114.4000 124.6187 114.9795 125.3579 124.7289 124.5007 117.8011 111.4092 112.6106 123.7920 122.0305 107.2087 106.0485 110.6153 124.2319 124.4007 119.7293 124.2926 125.9482 121.7417 118.8151 111.1619 118.5228 108.9018 105.6608 104.3203 104.6685 110.3765 122.2405 123.0585 123.3609 123.4229 123.4385 123.4248 124.5300 126.2075 123.3401 122.8293 114.2321 120.7613 125.4331 116.2541 125.0002 123.9681 124.0957 124.2076 124.3071 124.4088 124.5082 124.6112 124.7234 124.8332 124.9460 125.0604 125.1804 125.3040 125.4296 125.5508 125.6922 126.0536 126.1012 123.3203 109.4724 124.2000
117.3300 126.8264 125.2117 126.0476 125.6333 125.4458 125.2304 119.9740 117.1137 124.8657 104.7434 103.2153 112.6329 124.9167 124.3861 124.2400 124.6159 124.1334 113.3653 102.8392 103.3837 110.7922 103.7878 102.7039 101.3750 110.8124 103.0488 109.3882 123.8783 123.3886 123.6937 123.6736 123.6854 123.7054 123.5903 123.3198 123.8575 122.2771 112.8586 104.5527 117.6670 120.3194 115.3150 124.0103 124.3516 124.4206 124.5115 124.6052 124.7009 124.8103 124.9072 125.0142 125.1228 125.2434 125.3249 125.4763 125.5989 125.6895 125.7629 126.0417 125.7223 127.5585 107.5050 114.6700
126.0200 126.1087 125.9125 125.7381 125.6381 125.4844 126.2204 123.5245 122.4555 126.1727 125.2840 125.6782 126.1830 112.0707 121.7197 125.1830 125.0744 124.5979 127.0309 120.4714 113.7910 110.1228 99.8338 101.2281 108.9101 108.6746 106.2540 120.4158 123.8460 123.9448 123.9196 123.9340 123.9204 123.9518 123.9944 124.1142 123.6291 123.4377 109.0502 107.7852 123.3364 116.7354 121.4592 125.1887 124.5647 124.6191 124.7145 124.8006 124.8958 124.9952 125.0937 125.1996 125.3084 125.3877 125.5718 125.5377 125.7872 125.7886 125.9949 125.8788 126.2612 124.1524 117.9701 110.4800
126.1900 126.1443 126.0149 125.9105 125.7897 125.7248 125.4855 125.6192 126.0336 124.6621 125.1560 126.9751 120.7034 112.5003 122.7320 119.4435 119.9406 113.9296 122.9646 125.7602 108.9253 121.4998 114.2664 101.9420 109.9241 108.6994 112.3590 119.8698 124.0326 124.6822 123.4166 124.1231 124.1598 124.1760 124.2091 124.2351 124.1666 124.8235 111.2295 118.9249 105.8964 125.7533 124.7491 124.4278 124.7848 124.8235 124.9095 124.9998 125.0869 125.1771 125.2715 125.3719 125.4710 125.6033 125.6070 126.8230 121.4653 125.6866 126.0445 127.6786 126.5895 124.8460 116.4601 108.8300
125.0800 126.2128 126.1754 126.0607 125.9590 125.8578 125.7328 125.6204 125.5543 125.5188 125.4242 124.7350 107.1413 107.8243 101.6202 107.6124 106.2276 112.7434 123.6549 124.4734 104.9678 124.5724 108.7211 106.5486 109.2593 108.9889 111.9385 120.6040 124.5466 122.8834 114.3897 125.5087 124.3384 124.3936 124.4255 124.4467 124.5923 124.3400 124.3703 124.5770 101.5323 124.5802 124.2557 125.0330 124.9384 125.0226 125.0995 125.1877 125.2721 125.3597 125.4508 125.5485 125.6489 125.7569 125.7423 125.7883 105.9289 127.1855 126.0910 125.2170 115.0909 117.3223 117.9736 111.9600
125.0800 125.0800 126.3200 126.2000 126.1000 125.9800 125.7400 125.7900 125.6500 125.5400 125.4300 125.4500 103.3400 103.2300 103.2300 105.9700 102.9900 120.2700 124.8900 124.8900 109.2300 109.2300 102.6400 102.6600 110.1900 108.7600 111.4200 128.1000 124.6800 104.2800 119.2900 124.5400 124.7300 124.5200 124.5000 124.6700 124.6500 124.6300 124.7900 124.7600 103.4300 124.8800 125.0100 124.9900 125.1000 125.1000 125.2100 125.3300 125.4400 125.4400 125.5500 125.6800 125.7700 125.8700 126.0000 126.0900 126.2100 126.3000 126.4200 122.0100 122.4700 107.4600 107.5900 110.5800
