120.4500 120.2000 115.3200 119.4300 119.1500 118.5700 118.2700 117.6300 117.2900 116.9500 116.2000 102.7900 114.9700 114.5100 118.8400 110.6100 112.4600 111.8500 111.2400 110.7500 109.8600 109.2900 108.4700 108.4700 107.3700 107.3900 108.5200 108.5200 108.3200 110.0000 109.8600 111.2700 111.9600 112.4700 113.0200 113.5500 114.5200 114.9700 115.8300 116.2100 116.5900 114.2300 117.6400 117.9600 118.5800 118.8700 119.4300 119.7000 119.9600 120.4500 120.6900 121.2900 124.6800 116.8700 103.5800 103.5600 104.7400 108.6900 120.1100 105.3100 119.5200 101.8400 121.0400 121.0400
120.4500 120.2266 120.4154 118.9200 118.9339 118.5732 118.1498 117.6952 117.2106 116.7615 116.8613 105.2357 105.6617 112.0089 115.6668 112.5324 112.1893 111.5855 110.7943 109.9478 109.1048 108.2850 107.5373 106.9390 106.5689 106.5321 106.8267 107.3688 108.0877 108.8859 109.7339 110.6837 111.4611 112.3177 113.2000 113.5605 113.9217 114.0119 114.9222 115.9153 116.2030 111.4100 117.8284 117.9966 118.4941 119.7610 120.1224 122.9509 111.1009 109.8125 121.0140 117.9418 119.7542 120.8382 103.4760 105.1482 111.5160 109.8816 113.8944 103.3083 108.0769 106.8986 113.4100 114.4300
120.4200 119.8996 120.6254 120.2468 118.9456 118.4770 118.0216 117.5540 117.0607 116.5858 115.9065 114.4814 107.3832 119.0186 113.1379 112.7560 112.0107 111.0184 110.1054 109.1230 108.0906 107.0463 106.0318 105.1942 104.6651 104.5933 105.0283 105.8027 106.7841 107.8247 108.8668 109.6432 110.7166 111.5824 109.9567 113.0675 115.7352 117.2857 116.5335 115.5967 116.3275 115.7820 117.3960 118.1826 118.1977 121.9536 107.8533 111.0691 97.5798 107.9194 115.4259 110.8846 111.8931 110.3712 106.8749 102.7835 110.6889 104.3762 111.3304 103.5739 100.2877 111.3821 110.1016 111.4100
120.1100 119.6824 118.8860 114.6556 118.5542 118.3193 117.9087 117.4359 116.9364 116.3976 115.8593 115.5830 116.1547 113.8959 113.1143 112.3417 111.4597 110.5159 109.4638 108.3154 107.0704 105.7147 104.3383 103.0552 102.1678 102.0634 102.7781 103.9956 105.3705 106.7874 107.6473 113.7303 109.7257 111.2303 111.2772 114.2967 98.5916 97.1135 110.1262 115.5821 114.7459 116.7123 117.2613 116.3581 120.6492 107.4029 103.5958 101.1560 103.7275 111.6524 113.4447 104.1974 97.8836 105.1424 103.5942 100.3595 101.7344 105.2447 101.9267 109.0494 109.4038 117.2867 117.9102 120.2600
120.0900 119.8337 119.6006 115.1441 119.6614 118.7543 117.8489 117.3339 116.7970 116.2493 115.7150 114.9432 114.0792 113.7035 112.9556 112.0419 111.1101 110.0716 108.9078 107.5847 106.0903 104.3697 102.4388 100.4243 98.8417 98.5787 99.9766 101.9100 103.9104 105.6835 107.1057 110.0574 109.6817 111.0517 111.7018 111.8559 102.3510 108.7013 114.4819 115.4904 114.4264 118.1597 115.1929 123.4891 106.7603 102.9864 103.4720 106.8530 103.8018 105.3395 113.7041 101.5217 112.8601 99.0515 102.7650 109.9183 115.5649 100.8625 102.5937 104.4442 107.1935 115.2651 116.8527 116.2600
120.0800 119.7963 119.6465 119.8843 114.6268 114.0326 117.7538 117.2950 116.8458 116.3238 115.6567 115.1492 114.7342 113.5179 112.7740 111.8482 110.8496 109.7293 108.4682 107.0033 105.2579 103.1539 100.4703 97.1105 92.8986 92.4044 96.0411 99.7080 102.5422 104.7563 106.5596 107.9865 109.4270 110.5079 112.4378 106.6300 114.3938 114.7971 114.8907 115.4579 117.8861 101.0153 103.9968 106.1709 102.1423 105.4145 102.6080 109.9356 109.9784 110.0205 111.8161 99.6093 108.3023 99.7710 102.3691 115.1895 121.5407 104.6638 100.7126 108.1607 110.2878 115.1483 115.7416 116.3400
120.0700 119.5865 117.4980 115.7854 118.2992 117.6926 117.7659 117.1734 116.9161 114.0755 115.6750 115.5898 104.1424 114.4370 112.2612 111.6836 110.6805 109.5331 108.1985 106.6235 104.7139 102.2809 98.9362 93.1372 87.2957 86.6081 91.1451 97.9210 101.5283 104.1449 106.1802 107.8219 109.2743 110.6524 106.3673 112.5622 112.8111 113.9322 113.3193 116.5855 96.3467 96.2365 94.8531 97.0775 99.4647 102.7152 107.2903 102.3558 103.5640 106.5418 108.5607 108.2315 109.9887 109.9775 110.6523 116.8582 111.1388 100.6834 106.1408 106.0095 115.3980 114.9401 115.9040 116.3300
120.0600 119.4270 122.5425 118.6893 118.5591 118.2268 117.7167 117.1626 116.8668 113.6105 115.7131 114.6706 114.3239 113.5910 112.6480 111.6101 110.6760 109.4784 108.1214 106.5216 104.5560 102.0205 98.4562 91.6546 85.2450 84.3299 89.4806 97.3054 101.2336 103.9848 106.0711 107.7725 109.1167 111.3022 105.9236 112.1451 112.2754 113.9477 113.3259 116.7470 95.9144 96.6697 95.1059 96.8268 99.6254 102.5590 107.1638 102.1603 103.5967 106.2656 108.3594 108.6502 109.8681 110.1897 109.4790 116.0099 110.0696 100.6237 106.2234 114.9118 115.1269 115.1853 116.0540 116.2400
120.0700 119.3280 122.0926 118.8250 118.6718 118.2427 117.7474 117.2276 116.8149 116.0376 116.7854 102.7691 101.2497 98.7915 108.3419 112.8170 110.7763 109.5888 108.2619 106.7148 104.8429 102.4884 99.3135 94.4170 88.8073 87.9739 92.5861 98.3967 101.7782 104.3034 106.2819 107.9216 108.8943 114.8371 105.7557 97.7811 99.2801 113.7989 114.5271 110.8911 117.9096 94.5937 101.0734 97.4190 101.8541 107.5656 101.5799 105.7651 108.2692 107.5203 108.5370 107.3815 108.4648 102.4961 106.9610 99.2246 100.6979 101.3204 115.2859 112.7176 121.1135 116.6372 115.0274 118.3100
120.0700 119.7625 119.3349 119.1423 118.6868 118.2487 117.7907 117.2950 116.7186 116.0226 117.4081 99.8474 102.5831 105.7671 111.1424 117.1440 110.5454 109.8537 108.5558 107.1115 105.4929 103.5094 101.0712 97.8875 94.9827 94.5255 97.4181 100.3720 102.9384 105.0327 106.7789 108.0440 108.9308 104.7172 91.7584 93.7359 108.3440 114.5177 109.5506 119.1771 99.0151 101.8355 99.4848 101.5315 112.3329 107.6488 101.7980 111.9380 105.6908 105.5822 112.0450 114.6532 98.5477 100.0330 110.7967 112.0612 109.3799 109.3580 111.4349 113.9442 114.3260 114.6815 112.9070 102.1000
120.0800 119.9731 119.6025 119.1626 118.7553 118.3179 117.8596 117.3799 116.8336 116.2269 117.9573 98.6180 101.3977 115.9608 106.6324 110.1295 111.2621 110.2239 109.1544 108.0553 106.3125 104.7803 103.0471 101.2739 99.9614 99.7614 100.8612 102.5778 104.3569 105.9354 107.4820 108.8187 105.7492 98.8099 110.3967 115.8337 115.3046 111.4167 104.8196 103.1520 103.7392 97.9376 100.5708 101.8345 105.0460 107.2952 110.1437 110.3219 109.6534 118.5107 114.7690 113.9147 102.6932 105.5779 109.1569 87.8885 107.9987 108.6012 106.8048 111.2069 111.8046 112.4103 115.0677 102.1000
120.3700 119.9920 119.6216 119.2376 118.8220 118.3944 117.9473 117.4707 116.9461 116.5223 116.5351 113.2978 103.2287 114.1830 114.7552 110.9332 111.3954 110.7371 109.3694 106.2732 107.5274 106.1292 104.9032 103.7520 102.9864 102.8936 103.5096 104.5881 105.8052 107.0850 108.4314 107.9687 102.1546 106.5279 96.4398 95.6673 103.6005 106.8008 118.2899 99.5366 96.8311 96.4499 96.6459 102.3138 103.5451 106.6440 104.5886 108.5004 106.6546 114.4033 116.6067 105.8123 103.7845 104.6081 113.7337 113.6907 113.9259 111.0490 108.5314 107.3363 106.9234 112.2490 110.2207 115.5200
120.3700 120.0869 119.7073 119.3163 118.9193 118.4949 118.0583 117.5953 117.1001 116.6701 115.9108 109.4348 101.9654 110.1599 106.1202 114.0978 112.6386 110.5055 108.7248 107.5905 108.3769 107.2955 106.5284 105.7442 105.2767 105.2090 105.6018 106.2463 107.2728 108.0067 103.0547 114.7586 109.4137 108.2319 97.7425 90.6194 90.4237 102.1083 114.2276 105.0029 104.6747 102.8496 101.3778 104.8476 103.8304 103.3839 103.0184 104.9388 104.9339 110.4887 110.3642 97.4959 98.1776 108.1897 103.2417 106.9722 109.1913 114.2444 106.1781 114.6556 111.8274 116.1013 111.4631 102.2800
120.4300 120.1274 119.7977 119.4155 119.0307 118.6165 118.1958 117.7417 117.2748 116.8494 116.4009 114.9437 112.2604 115.2444 112.4907 112.0587 109.2391 109.2101 98.4987 107.6153 109.6008 108.5757 107.9677 107.4141 107.0891 107.0962 107.3004 107.5748 108.7318 112.8459 111.5713 106.4579 115.2123 107.1501 104.9693 90.4232 91.7937 91.6137 96.8001 101.3219 98.6925 101.9762 107.2717 109.4560 108.9468 107.0396 107.7509 106.8599 104.1280 108.8847 106.5686 99.1661 99.0648 103.9521 103.6028 112.5357 104.2923 103.9720 113.2340 123.0859 117.9251 119.6782 109.4527 111.3800
121.2400 120.3704 119.9077 119.5323 119.1500 118.7523 118.3389 117.9054 117.4739 116.9278 115.8762 114.9135 116.5171 114.9973 114.4401 113.6838 112.5072 109.9527 112.1162 109.5500 110.8543 109.8638 109.2354 108.8232 108.5890 108.4824 109.0022 108.7485 109.6785 101.1527 95.0571 111.9581 92.0246 105.9682 96.0439 99.5441 98.7976 107.7884 107.2680 104.3060 111.2906 102.8683 104.3736 106.3638 107.3897 109.8884 109.9883 110.3516 109.7671 110.0766 111.0616 105.1308 108.8395 97.2963 105.9421 103.1224 105.8484 109.3707 116.6515 116.5798 122.1402 121.8603 113.6684 115.8000
120.5000 120.3645 120.0206 119.6672 119.2943 118.9078 118.5059 118.0891 117.6702 117.1862 116.6196 116.0263 115.6443 115.2079 114.6272 114.5724 111.5794 100.1460 103.5837 110.7007 112.3798 110.7003 110.3687 110.0491 109.8833 109.7636 108.7579 104.1834 121.1819 99.8175 105.4333 118.7289 100.5626 95.5561 104.6926 98.1957 95.6084 114.9947 103.3024 103.5886 101.3973 103.2344 103.7895 103.9735 103.2064 109.8217 108.2127 109.6261 110.5911 112.4006 113.0417 113.2347 112.1437 113.1407 112.1085 112.9211 112.1807 112.7242 114.8298 117.1859 119.0052 114.9869 103.0901 102.3300
120.7800 120.4893 120.1499 119.8047 119.4468 119.0773 118.6901 118.2967 117.8823 117.4491 117.0746 116.6201 116.0932 115.6117 115.0381 115.1884 105.1695 108.3042 113.1410 113.9143 112.1637 111.7401 111.3654 111.1326 111.0305 110.6529 111.3668 100.2405 112.8967 91.0988 105.0137 107.3211 105.2633 96.7889 94.5890 107.0766 107.8762 105.4635 99.5163 103.1141 102.6330 101.7290 105.2349 108.5851 108.2607 110.6661 108.9974 109.6357 110.4649 99.3565 108.3802 100.0970 100.5544 108.4651 100.6559 101.7811 100.1463 112.8729 113.3080 117.9053 119.6932 105.6399 106.6749 102.3400
120.8300 120.6144 120.2957 119.9610 119.6096 119.2640 118.8689 118.5108 118.1287 117.7033 117.2925 116.8691 116.4274 115.9969 115.5054 115.2011 114.0272 112.3417 104.1194 113.5401 112.7763 112.5676 112.2873 112.1110 112.0144 112.2351 109.8185 98.6217 109.5696 112.7331 104.7995 102.7029 106.6776 101.3980 102.8192 94.4817 109.8974 100.9250 100.7659 95.4271 104.2342 104.6385 105.2684 107.7771 109.7896 107.9924 109.3200 111.3982 107.8617 105.3217 98.9270 99.6223 104.8265 103.1004 115.1111 98.9988 101.9057 117.7842 116.3956 117.7318 115.7679 120.8263 110.6803 102.3600
120.8700 120.7604 120.4395 120.1263 119.7834 119.4387 119.2194 118.7555 118.0035 117.9606 117.6020 117.1795 116.7831 116.2686 115.3836 115.8559 114.8101 114.5808 108.2821 113.6315 113.5782 113.3647 113.1495 112.8287 112.7254 108.0224 114.5501 106.2118 93.1001 115.6903 106.1776 98.4921 102.3355 106.7891 107.9304 104.1571 100.5560 102.2118 99.1975 99.7852 105.7691 112.0072 107.4618 107.7041 108.2772 107.6295 111.6380 112.2196 113.3451 107.1946 98.4177 99.6091 99.1731 99.8204 102.4370 101.2919 102.7109 109.2920 117.9505 117.6018 117.6603 118.0953 107.9321 119.4400
121.1500 120.9090 120.6005 120.2896 119.9834 119.5978 118.4190 119.8052 114.8359 118.6577 117.8499 117.5434 117.0883 116.9817 114.4930 115.9753 115.2443 115.3603 115.0688 114.8975 114.2476 114.0778 113.9552 113.5430 109.6173 90.1679 112.9429 115.4472 95.0000 118.6443 104.5972 101.1464 104.7519 109.0410 110.9315 111.4837 105.6238 97.3809 104.7738 105.1342 101.2420 106.0243 111.8282 108.6455 111.3333 111.5614 110.6320 108.3361 106.4570 101.4286 103.4683 98.6117 99.8325 100.1943 103.0407 101.2114 117.9180 103.2627 114.5781 115.6293 116.7921 108.4390 120.7145 119.4200
121.2000 121.0678 120.7762 120.4578 120.2115 120.0173 116.4495 121.0840 115.9023 118.9609 118.0916 117.8745 117.3650 116.8931 111.0542 119.3939 116.0744 115.6439 115.4821 114.5656 114.9465 114.8109 114.6793 114.1530 110.4692 92.9283 102.0666 103.8024 99.1857 106.3983 101.8750 102.7237 102.2896 106.8032 108.9627 107.1264 116.1536 99.9029 99.4410 110.9619 110.8079 112.7633 111.2715 112.9330 113.2937 114.5922 113.7969 101.6392 115.5173 97.7656 113.7515 106.1711 101.0992 100.3750 100.4630 102.0400 108.3941 103.3308 108.9319 116.9754 118.7875 119.8192 118.5917 118.9000
121.5300 121.2244 120.9451 120.6553 120.3669 119.9279 120.0368 119.0437 118.7842 118.7897 118.4837 118.3944 118.4237 115.8514 112.8077 118.0967 116.1221 116.3776 115.7003 121.7368 115.0899 115.3711 115.3752 114.6085 110.8465 92.4098 101.5836 103.6245 104.3436 100.7788 101.3806 104.2979 103.4165 106.6987 106.7699 100.2322 112.6600 106.2969 100.6256 98.8759 109.5117 113.2583 111.0347 112.7186 111.6393 114.1034 114.8072 103.1852 111.0047 104.3044 96.5120 118.9825 104.3251 100.6067 100.8076 101.9009 114.1196 101.9024 121.2292 119.9950 119.5811 119.9257 117.8991 118.0800
121.5300 121.3944 121.1123 120.8512 120.5637 120.2928 119.9904 119.7210 119.4401 119.1196 118.8035 118.5920 115.9083 118.4873 118.4240 117.4350 117.3318 116.9173 115.6764 120.8287 115.1961 116.0070 115.7794 116.0491 113.2811 104.8510 102.5796 105.6480 99.4463 103.4639 102.4337 106.1211 108.9583 109.9222 113.5221 108.8131 103.5181 101.3781 106.9104 100.4151 110.3541 114.2369 109.7760 116.2823 115.1190 111.5875 111.8697 113.5288 115.4730 104.8890 99.0587 106.5901 99.1122 101.1371 101.3187 102.1212 101.0901 103.5934 116.4046 118.8644 120.7365 120.0117 119.1531 118.0800
121.8500 121.5802 121.3693 121.0295 120.7579 120.5239 120.2190 119.9430 119.6727 119.3836 119.1264 118.7929 119.1019 118.0345 117.8912 117.8761 117.1649 117.6000 108.2110 119.7811 116.3040 117.0676 118.3917 110.9183 112.8965 103.5847 103.1890 102.8071 102.0914 101.4300 102.5606 107.7014 108.6451 112.7625 109.5407 101.4659 100.4447 105.1875 106.1203 102.5694 110.0816 113.1220 110.0790 115.5085 118.2709 114.0753 112.1168 113.0254 108.4817 111.0430 110.5991 100.7670 98.8433 99.3370 100.9667 102.1998 102.5989 109.0181 118.5880 122.0251 111.6722 120.1714 121.0539 121.3400
121.9200 121.7682 120.8153 121.5103 121.2421 120.6476 120.4545 120.1995 119.8983 119.6453 119.3178 119.1741 118.8720 118.7311 118.7508 118.8096 119.3812 117.3741 97.3964 117.6634 118.1554 108.9383 113.0509 113.8274 116.7305 102.6700 111.0378 106.5186 103.9915 103.8850 103.6223 107.7145 109.8149 99.7239 112.6981 111.0916 111.2676 113.2103 105.7307 107.5811 110.2196 113.0314 113.7594 114.1822 116.3322 117.0590 118.6961 114.0075 112.8720 110.6464 114.2879 118.0546 113.7853 111.6837 100.8348 111.5255 101.9296 102.3124 105.9777 116.2003 118.2946 121.4483 121.7809 121.9100
122.1700 121.9337 121.5218 118.4923 120.8394 120.9180 120.7128 120.4506 120.2148 120.3188 119.7596 119.4304 119.2460 118.8844 116.1741 114.2636 108.5952 116.5657 118.4064 118.2236 121.0051 95.8243 102.8070 101.4374 115.2756 114.3548 101.9273 103.0217 102.7660 101.9875 106.1663 107.5287 110.3647 101.3085 110.4682 110.7429 110.3006 108.0347 106.9867 109.0613 112.3226 111.7221 114.0273 113.6422 112.9463 119.0784 112.3860 115.5885 115.6459 114.3889 116.2361 116.4731 111.7698 118.1062 116.7206 109.0391 100.7727 116.0736 118.5911 118.3696 121.3707 120.9602 120.4211 122.1500
122.2400 122.1229 121.8538 121.1430 119.9672 121.2639 121.0833 118.8427 118.3542 113.1853 119.6644 119.7749 119.5438 119.3235 120.9765 125.1507 109.0494 110.1090 123.1469 118.0693 121.0279 98.3448 123.8162 103.0057 113.7391 118.6868 107.0110 104.6224 105.3173 103.1020 104.0150 106.9671 110.1556 110.0036 109.4214 109.7769 109.5460 110.3719 112.4320 112.3915 100.9424 110.9949 109.3809 114.4012 112.6877 114.0590 116.5807 114.6405 117.2636 121.7528 105.7416 115.2968 115.1503 118.8993 118.6486 118.2170 111.5422 114.7491 118.9522 120.2147 120.0142 121.2748 118.3755 122.0200
122.4800 122.2949 122.0458 121.9115 121.5691 121.4175 121.1587 120.8578 120.2655 119.5310 120.6549 120.0281 119.8620 119.4241 119.5488 118.4500 120.6155 118.3424 119.0994 118.2760 121.0265 96.4610 120.6031 118.4245 118.4795 117.9242 117.4678 105.7561 107.5415 104.3136 105.1383 106.9138 108.3146 110.2221 109.5260 111.0859 109.1469 109.0076 109.6572 118.7519 114.0200 113.2761 112.9659 113.5174 111.9446 111.4642 115.6206 117.3855 121.5610 102.6905 117.5044 117.4846 116.9086 117.9227 112.7253 121.6727 119.8836 120.6617 120.0918 120.3866 121.1103 122.4183 121.1228 122.5700
122.5500 122.4750 122.2787 122.0438 121.8334 121.6366 121.4092 121.1794 121.0843 120.9458 120.4034 120.3751 120.2189 120.0006 119.8286 119.9003 119.0393 119.4112 116.8696 120.9824 118.7159 97.8430 125.2191 109.1046 119.7940 118.2613 117.4388 105.2697 106.6231 104.1786 105.7163 107.5156 107.6070 111.2444 110.0791 110.1755 110.0906 110.4577 112.1260 115.4210 112.3012 116.8524 116.9031 117.0084 114.6871 113.1753 115.8898 116.0715 120.7287 104.5487 97.3379 116.7563 116.5044 117.8296 117.0469 119.6694 118.3300 120.8364 120.8442 120.7580 121.2720 121.5959 121.7598 122.4200
122.7900 122.6671 122.4601 122.2551 122.0595 121.8525 121.6516 121.4474 121.2795 121.0336 120.8735 120.6210 120.2735 120.3750 120.1451 119.8193 119.8128 119.2097 97.9838 107.9870 113.6278 101.7299 122.3620 120.4586 118.8555 118.9864 117.8694 104.0775 103.7653 104.5941 105.3502 106.6098 107.0531 108.3543 111.3813 110.8246 111.6486 110.8784 110.0388 114.3770 113.1967 113.8298 113.7738 117.3740 112.3832 116.6267 106.5768 108.1189 114.6382 124.9791 123.3213 123.6383 113.0075 121.1566 118.3041 118.5430 117.0230 120.0818 125.9204 121.1160 121.5982 122.3802 122.9092 122.4700
122.8600 122.8488 122.6557 122.4610 122.2706 122.0744 121.8988 121.7073 121.6183 120.3090 121.3281 120.6822 123.0126 120.0899 120.5363 120.2917 120.0253 100.9770 107.0073 101.0005 122.0719 104.5706 116.2950 116.4381 119.9592 119.4933 117.8108 103.9000 119.5765 115.3112 104.6196 106.5361 107.7583 109.4655 112.0227 111.7453 111.2327 110.5564 111.8849 111.7897 115.5864 114.9675 113.0578 118.6979 99.1717 99.8672 101.9962 101.3286 105.3587 113.1093 115.8429 127.8496 129.7204 125.9702 121.3548 118.8352 120.4014 113.5525 119.5124 121.8765 124.2101 121.5954 120.3636 122.8400
123.1000 123.0360 122.8534 122.6653 122.4669 122.3358 122.1183 121.3051 121.7685 119.3119 117.6687 125.4137 120.5705 121.1470 120.7711 120.6310 122.2881 117.5557 108.3864 114.4790 120.6619 120.8985 95.6917 115.1535 117.1474 119.8426 120.4864 107.8005 107.3230 105.2580 109.4582 110.0524 108.2788 110.1417 112.0110 112.1444 110.5264 110.9346 112.0013 113.7268 115.9068 115.9047 106.6077 118.4484 120.0365 102.6372 112.6378 104.7925 99.9065 100.4313 115.3102 125.1633 129.3264 129.3852 129.9629 123.1565 118.2914 121.4791 122.5456 119.4499 118.6700 126.7463 124.1463 123.7500
123.3300 123.2274 123.0569 122.8839 122.6940 122.7306 122.8700 122.7949 124.6719 116.6034 109.4239 112.9282 122.4747 121.3294 121.1027 121.0895 120.6689 121.5625 116.0249 122.3299 120.8579 120.5184 116.8841 119.6156 137.8301 120.5988 120.6104 112.0054 110.9936 108.4049 114.4600 111.2364 109.9475 111.5565 100.2823 112.8925 110.5069 112.3724 115.4565 116.4443 114.6017 117.8666 115.7106 122.6542 102.7422 108.3067 119.4052 104.5226 99.2832 100.7691 97.2744 118.3530 124.2439 130.7133 129.9130 131.1100 125.4653 123.6539 124.5494 124.4202 111.4379 105.2098 127.0698 123.7500
123.6300 123.3521 123.2345 123.0240 122.8827 122.7318 121.1625 124.3222 106.6022 117.7435 119.1767 109.3385 121.8459 121.2910 121.1892 121.0079 120.7197 119.0442 103.2859 120.5464 100.8814 119.1048 121.4576 110.8773 111.5862 119.6982 120.6417 121.7865 108.6057 114.6527 100.2839 111.3443 109.5895 112.2589 100.3831 114.5380 110.9945 113.3158 113.6733 117.4340 116.2823 118.7683 115.6863 121.0433 113.2195 104.4300 104.4837 100.5468 107.8592 110.5882 101.7203 107.3770 113.0313 125.8846 130.2898 129.2042 130.5699 130.0540 128.9991 129.5934 130.0343 125.4317 123.9860 125.5000
123.6300 123.6784 123.5386 123.5375 123.0075 123.0768 122.8300 123.8165 112.0080 118.4921 123.5106 122.0971 122.1144 121.9291 122.1195 118.9764 114.7776 107.3296 123.4350 120.9145 111.2920 121.0922 121.0988 118.3496 119.4754 121.5579 121.0875 120.9771 121.9991 117.8491 113.8952 116.6280 115.8182 111.8438 111.8378 116.4859 112.3704 114.6599 120.0419 119.5177 112.4537 105.5785 101.1571 112.8963 119.7205 115.9720 105.1819 98.7989 100.2625 122.7873 120.7092 113.7976 106.0604 119.1924 126.0066 131.7507 130.1846 131.4405 131.0622 130.0022 128.6568 129.9816 126.6881 130.7500
123.9000 123.9757 121.3201 122.6285 123.4929 123.1477 123.0391 122.7759 122.5625 122.4769 122.2531 122.3420 122.2051 122.1102 121.9009 120.6158 119.5523 104.9639 122.0835 121.6231 122.3857 121.3639 121.3062 121.6165 121.4833 121.3685 121.3567 121.5864 120.7378 113.1788 116.5232 114.7256 114.9755 111.3181 113.1653 114.2111 111.8529 112.7453 118.4610 117.8375 115.9281 101.6002 103.0631 118.8119 121.2967 121.7121 118.4999 98.7009 101.5883 108.3356 126.5367 119.5255 122.0036 120.8166 120.3822 123.2217 130.8921 130.1801 132.4934 133.0689 131.8551 128.8554 131.3121 130.6300
124.1300 124.1401 126.3136 122.8794 123.5215 123.3562 123.2375 123.1459 122.9818 122.9050 122.6954 122.5812 122.4674 122.3960 121.9004 122.1949 123.4908 121.2741 122.2756 121.8428 121.6297 121.7863 121.7642 121.7113 121.6760 121.7913 121.8153 119.8845 122.8533 118.5542 116.6328 114.0411 115.5293 116.6585 117.5600 112.9191 115.3348 113.4185 118.9329 117.7659 122.6205 107.6449 104.9609 116.1167 101.7724 116.0741 122.3320 121.3289 101.5329 100.3272 123.1060 123.6087 120.1797 120.7583 121.4024 121.6739 123.3235 131.0088 132.5819 132.6686 131.5432 132.6250 130.5968 130.2300
124.1300 111.6602 125.3890 126.0999 123.6733 123.6131 123.4528 123.2765 123.1990 123.0691 122.9509 122.8329 122.7183 122.5860 122.6031 122.3882 122.1168 122.2914 122.1714 122.1273 122.1095 122.0245 122.0243 122.0711 122.0655 122.1627 123.2294 108.1820 112.9203 123.4067 116.6084 114.0277 114.6347 115.3811 114.1315 115.3362 118.6188 117.2992 118.4091 119.1422 117.9346 119.4235 103.4066 115.2154 117.8734 113.5290 111.6940 118.3899 123.1982 122.5008 104.3414 122.3919 121.4716 121.2627 121.1029 121.7334 121.6822 121.6569 131.8665 132.5248 135.5112 121.6177 132.7102 130.9500
124.3900 122.7094 124.7857 123.9097 124.0045 123.7630 123.7541 123.5182 123.4211 123.2929 123.1779 123.0652 122.9291 123.0001 122.7094 122.7023 122.6457 122.5323 122.4843 122.4222 122.3602 122.4060 122.3180 120.6463 122.1607 122.5249 122.8239 121.5588 111.0158 122.3641 122.5026 113.6908 114.9334 116.7243 118.7641 120.8217 120.2367 117.6643 118.9626 114.2165 119.3397 119.9010 126.8912 112.6772 101.8418 102.4641 100.0817 110.6826 124.8573 123.5459 121.6094 124.7088 123.6141 122.5156 121.3861 122.0138 122.1251 122.4337 121.7279 130.8759 134.3791 134.4853 136.8677 133.4400
124.6000 124.5053 124.3186 124.2755 124.0260 123.4061 124.0517 123.6896 123.6366 123.5285 123.4152 123.2162 123.5349 121.9292 123.3679 122.9623 122.8581 122.8057 122.7764 122.7322 122.6245 122.6065 123.9818 107.6143 124.3469 122.1348 122.6556 122.5186 124.8718 122.7308 122.8903 113.8776 116.7558 116.4655 119.6691 120.5474 120.3238 119.5274 117.3757 117.9480 120.9154 115.1985 115.9887 99.5114 103.2982 101.5869 104.0627 124.2990 128.8082 123.2805 123.6057 123.6145 125.4890 125.7378 121.3573 122.3011 122.7698 123.2969 123.5292 125.5937 131.7404 135.1596 135.7813 134.6500
124.7800 124.7057 124.5766 124.3788 124.2013 110.1588 123.9894 123.7706 123.8390 123.7868 123.6759 123.1756 127.0134 113.6086 124.5920 123.2471 123.1197 123.1096 122.5510 122.8266 122.9053 122.8773 123.5639 124.6873 122.7054 122.8744 122.8087 122.9500 122.5116 122.6232 123.0749 115.5580 116.7702 116.8713 117.1889 120.7629 120.2745 121.9299 111.1679 118.1156 122.6189 116.8091 101.7839 116.5570 121.9675 103.0735 101.6035 118.1661 131.0497 126.0426 120.3528 124.6592 126.7842 126.8775 126.9476 122.2094 123.1962 123.6737 123.9621 123.9237 124.5086 133.2019 136.8489 135.4000
125.0400 124.8696 124.7046 124.7964 121.0132 114.0235 124.6943 124.0166 124.1161 123.8825 123.7392 123.5349 105.8245 110.5989 124.0445 123.5074 123.3676 123.3227 122.5399 123.3367 123.2999 123.4417 123.3362 122.6181 123.0094 123.0848 123.1030 123.1406 123.1201 122.7152 123.7639 116.6229 115.8490 117.3866 118.4286 120.4025 119.4162 120.7990 120.7623 123.8342 113.1864 124.9260 116.2813 100.3253 118.1966 110.4169 102.4871 116.8803 127.3907 132.5022 120.2342 122.5085 126.1431 126.7375 124.8784 124.4405 123.5538 123.4338 123.7944 123.7145 123.8793 123.9487 134.2203 136.4200
125.0400 125.0473 124.9194 124.7295 120.6157 122.9448 125.3464 123.7932 125.5470 125.9328 124.2233 126.6469 104.7377 122.7948 123.6409 123.7373 123.6669 123.6338 123.5275 123.3907 120.9286 118.5353 124.1403 123.9009 123.3759 123.3725 123.3597 123.4754 123.7034 118.7484 122.0119 124.6556 117.4236 117.7304 117.9235 120.3705 120.7556 121.6061 121.1946 120.2300 113.4857 120.7608 99.9695 100.5655 108.1879 104.3118 97.9884 102.7100 111.2429 125.9540 133.9678 128.8763 125.1079 125.1568 125.1032 127.2878 126.5905 123.8864 123.8619 124.9172 125.9674 114.0092 123.8558 126.0100
125.2400 125.2189 125.0617 125.4488 124.9610 125.1304 124.8892 116.6299 121.6227 114.4586 123.4669 116.1535 97.4486 126.0558 123.8525 123.8508 123.6938 123.3209 124.5149 123.8499 113.4938 123.7871 120.6461 119.8374 122.9718 123.6024 123.6160 123.6388 123.5852 125.0149 125.4711 120.4966 117.3129 117.4131 119.8756 118.4718 121.4825 123.5603 121.6955 109.0344 112.8935 110.5868 102.4301 102.6306 101.6526 118.1397 110.4269 112.8692 112.0293 109.6115 130.7949 135.2445 127.7331 125.3422 125.7845 127.0023 128.8373 125.5407 123.4127 123.8080 123.8265 106.3801 126.3607 126.0500
125.4500 125.3888 125.2811 125.2200 125.0550 124.9667 124.9029 124.6334 125.5812 124.6864 124.4559 114.1011 114.5381 125.7120 123.6738 124.3142 127.9267 125.5644 112.5707 123.1074 124.6932 123.2316 122.8232 124.7746 124.8091 123.8926 123.8576 123.9024 123.9055 119.0643 113.3513 122.4723 121.4556 119.0818 115.6042 111.5373 109.4093 111.5454 123.4421 121.1041 102.2098 102.2968 103.2493 102.5032 99.2231 121.6469 126.5791 126.4113 126.7931 109.5650 120.2433 135.6566 129.5470 125.8720 125.9634 126.6676 127.6657 128.5797 128.0583 120.1314 123.2189 104.1379 126.2971 105.1100
125.6600 125.5552 125.4505 125.3555 125.2405 125.1803 125.0593 124.9970 124.8174 124.6825 124.6086 125.9825 125.4699 123.7088 125.5754 117.3920 109.9567 110.3038 112.5600 124.7575 125.5664 103.3671 103.0461 101.1319 125.2308 123.9906 124.0724 124.1981 124.1004 121.9310 98.7752 128.0032 109.1590 108.8824 124.6291 100.7461 103.2491 102.1235 104.4984 104.0380 103.5653 101.6024 101.5015 120.3179 102.9793 118.0278 124.7691 124.0681 125.7005 107.6112 104.2065 130.0529 135.7083 129.5111 126.8041 127.4760 129.8248 128.9486 130.7417 131.7853 133.1347 126.8757 132.1496 105.2500
125.8400 125.7262 125.6278 125.5273 125.4312 125.3290 125.2458 125.1318 125.1562 124.8108 125.5917 118.3697 124.4841 124.8274 124.3095 104.6944 109.6878 115.5691 125.6240 124.2167 125.6667 127.2477 116.7228 118.7263 123.6097 124.3781 124.3310 124.2743 124.5981 113.8826 101.9937 124.5591 113.4615 111.8490 104.8373 106.0368 111.6037 100.1340 102.3636 104.9828 115.9473 103.4523 116.7394 122.9636 128.9527 118.1149 125.8485 116.6217 120.5547 116.5807 122.0577 126.7716 127.2820 132.8151 118.7042 128.1921 127.6436 128.4477 130.6063 117.0615 134.1138 131.9621 134.7204 133.5900
126.0000 125.8900 125.8000 125.7021 125.6067 125.5244 125.4333 125.3228 125.2044 126.8101 121.0060 112.3357 125.5180 124.5157 125.5416 127.8943 113.7252 122.8247 116.0022 124.7702 124.4177 123.6017 114.9297 121.0266 124.0798 124.6211 124.5502 124.6371 124.3799 123.8055 119.6679 117.5414 101.1732 104.5733 103.1590 105.0658 127.5111 117.3454 116.9050 100.0017 112.9806 102.7701 106.8317 105.6652 122.3517 111.1681 106.7050 123.5976 122.4146 99.9443 131.5928 129.4215 124.8945 134.4161 113.7038 119.7335 127.4112 127.2380 128.8265 133.5159 136.7919 132.9900 133.7799 132.5800
126.0300 126.0525 125.9645 125.8701 125.7826 125.6653 125.6636 125.5287 125.2323 123.6325 103.0566 110.3568 127.5625 126.3917 127.3953 120.9121 109.0397 125.3467 122.0968 124.8455 125.0060 124.7198 125.4208 124.8721 124.8132 124.7595 124.7876 124.7889 124.8314 127.2736 108.8794 110.9865 102.5819 102.7703 103.2471 115.8814 121.5786 124.3809 125.8194 122.6871 127.3655 113.2294 111.2580 101.6308 109.4629 127.2500 124.1893 126.1294 133.2911 105.8523 99.5989 124.6483 126.5910 128.5894 133.7284 132.1563 125.9001 127.3470 128.9358 133.3064 126.7711 132.0844 131.6639 132.3300
126.2100 126.2145 126.1264 126.0421 125.9295 125.9789 125.2801 125.4316 126.1604 115.9003 112.5514 102.0216 109.9845 118.7636 115.5093 102.0539 101.5586 122.2648 119.9388 125.0804 126.1547 124.7998 124.6579 124.8089 124.8782 125.0036 124.8970 124.8377 124.6813 126.8603 106.8168 115.5384 105.3227 103.5272 100.8652 124.7677 121.1487 122.1600 124.6947 125.4885 124.3930 123.7002 106.6064 106.5871 110.2116 126.3546 125.8475 126.5305 123.5147 98.5606 112.5782 130.7961 125.8867 125.1840 127.0942 129.9971 127.4851 127.9304 128.0732 129.3977 126.5284 131.3524 131.8483 132.4000
126.3900 126.3745 126.2873 126.2199 126.9210 124.4958 128.9718 125.1140 125.5826 106.3123 106.2546 103.6324 119.8388 115.6258 112.9245 113.3551 126.0337 116.1985 125.6000 125.1880 125.3122 125.2982 126.1398 125.6066 126.1141 125.1119 125.2318 127.6186 126.8803 126.7935 114.3797 106.1672 102.4019 102.3836 106.6970 122.2937 121.7572 121.5327 125.7466 124.8794 124.2546 128.2840 107.3444 108.6204 109.5384 128.7740 125.5004 126.5202 128.3961 125.0715 129.5176 126.5141 128.3017 127.0321 127.5297 125.7747 125.2980 129.1455 128.5464 127.6570 124.1619 127.5708 132.7678 132.2500
126.5600 126.5325 126.4384 126.3929 126.5437 113.6883 110.6778 118.5399 118.7939 101.2544 105.9853 103.8498 122.8834 127.9194 111.8718 110.1406 127.2002 121.5879 123.5238 125.6295 124.9968 126.0100 118.0711 111.0581 125.2006 125.1997 126.6921 115.0858 117.0016 119.7069 112.4518 104.4221 120.9339 119.9006 123.7550 122.9737 122.4367 124.5193 125.0401 125.3798 125.0175 127.7483 104.4545 102.3471 109.9439 127.8165 126.2230 126.5030 126.5108 126.5052 127.2826 127.4318 128.2197 127.7487 128.5617 135.6076 133.6958 130.5208 127.2868 129.4630 127.5976 125.1275 133.1046 132.7400
126.7400 126.6912 126.6027 126.5019 126.2908 128.7642 111.8580 118.3446 119.2660 111.4598 105.7718 116.8294 126.8883 126.6202 113.2182 106.7780 125.5924 126.2140 124.4012 125.0635 124.9962 127.0042 116.0556 115.6394 129.4973 124.9734 123.3526 109.5865 108.4606 107.1363 123.5129 125.2197 123.2346 105.2042 116.8315 122.8824 117.9413 126.1190 124.0331 124.7313 126.8526 129.1817 104.6906 104.8531 128.2126 127.6790 127.2420 127.1196 127.0057 127.6552 127.8955 128.0291 128.0329 129.3458 125.7601 119.9191 133.1444 132.5992 128.7878 129.9258 129.8088 128.8225 128.0195 130.0400
126.9100 126.8406 126.7572 126.7155 126.4722 128.7017 117.1062 126.8058 114.4345 121.1903 107.8064 112.3190 126.6377 127.2637 115.5451 120.6411 126.8601 126.1355 113.3434 125.4794 110.0321 111.0440 116.1940 117.8123 111.6654 126.0771 126.6579 106.0852 107.5496 112.2497 113.2219 112.2972 126.2765 120.0234 121.5606 125.1472 111.5998 107.9623 115.5606 127.7417 125.5471 107.1101 107.3210 103.6051 130.7572 123.0851 127.7469 127.2212 127.6365 127.6723 128.1549 128.2814 128.5710 128.9332 129.3080 129.0267 98.8190 129.8081 132.3926 129.5282 129.9785 129.8840 127.8879 130.0400
127.0800 126.9962 126.9224 126.8210 126.6992 126.6344 127.9315 121.5559 125.1735 126.7025 126.4251 124.5153 126.8207 122.9075 114.0071 127.8463 126.1386 126.5236 114.2760 119.3460 128.8685 106.1041 112.1133 107.6539 103.1796 104.8984 122.0376 112.6926 108.2019 104.7839 116.0926 120.4149 124.9342 125.1259 123.9932 106.3381 109.1358 104.5637 105.3183 110.9426 114.0572 116.6413 102.9898 109.8393 109.1691 127.0401 129.9987 127.2485 127.9777 128.2146 128.5267 128.7225 129.0873 129.2740 128.6233 128.9617 116.9311 131.3912 131.9020 130.0770 130.9445 130.8162 130.4073 129.7900
127.2400 127.1426 127.0703 126.9961 126.9365 126.8967 127.2345 123.3133 114.9637 116.5447 108.8490 127.0380 126.1598 123.5654 113.5448 126.1430 126.0061 125.5886 100.4389 111.2516 129.2347 106.4706 112.4063 110.7434 106.2756 102.4573 121.7112 103.5876 110.2221 112.8332 128.5594 127.2386 126.5088 126.2452 127.1350 104.3616 104.2173 104.9459 102.2300 124.0402 127.6328 116.6138 111.4432 131.3386 125.5279 126.4884 129.4926 130.4060 128.2834 128.5697 128.7794 129.0594 129.3287 129.6039 130.1053 130.0574 130.7981 129.7970 130.2460 130.6205 131.7969 120.1110 131.3978 131.2100
127.3900 127.2889 127.2196 127.1509 127.1387 127.1253 127.0331 128.0094 127.1935 120.5246 126.0815 128.0930 126.2806 123.5610 123.8569 126.9334 126.4244 126.6486 112.5506 128.0064 128.9902 108.5306 128.6831 126.1218 125.4320 127.0943 108.7821 114.5424 111.9694 109.4487 123.9457 126.1353 126.4787 126.7310 112.3524 108.5360 122.7108 104.3960 109.9885 126.1141 128.6293 106.8501 120.0084 128.3386 126.3205 125.5471 127.6611 127.3171 128.2455 128.8148 129.0990 129.3494 129.5970 129.7849 130.1277 130.3953 130.4219 129.8856 131.4057 133.6922 134.3354 130.9173 132.8093 131.2000
127.4000 127.4369 127.3665 127.3067 127.3167 123.1943 126.9648 126.6674 127.6948 117.5349 108.9766 126.7316 127.7566 116.7643 114.9958 126.5711 125.9165 126.9152 114.1406 126.9538 122.9578 106.1970 114.8293 108.8031 128.7404 128.1314 104.2567 109.4442 112.6496 111.5643 128.1946 126.3717 126.6866 127.5700 123.8420 106.5971 128.4968 121.0347 116.8446 126.0940 130.4765 113.8275 133.2469 128.0307 128.0580 127.0243 127.9100 131.5477 128.9334 129.1594 129.3899 129.6284 129.8795 130.1419 130.3185 130.5805 130.8511 132.0367 114.7640 107.0318 131.7096 133.9077 118.0130 106.5400
127.5600 127.5828 127.5155 127.4512 127.5712 127.2844 127.6041 127.7959 125.7043 115.3493 126.6202 128.4643 105.8413 117.3379 126.6420 126.9495 123.4750 128.0754 113.2643 124.7672 125.9266 111.2541 121.9530 113.8796 116.2281 106.9438 103.9322 110.7756 111.7693 116.4808 124.9395 126.7674 126.7187 119.4807 123.9501 124.8515 125.3806 125.7243 118.7731 106.5312 130.9810 104.3924 125.0065 129.3214 128.4194 127.1463 129.3996 130.8780 130.0060 129.5045 129.6901 129.9226 130.1468 130.4090 130.5030 130.8880 131.1982 131.4942 126.5451 121.4538 131.6200 134.2383 121.0044 106.6800
127.7100 127.7206 127.6576 127.6124 127.4935 127.4638 127.3079 127.9944 116.6366 114.2140 118.4614 111.4022 117.5161 121.3797 127.9524 127.0201 126.8418 124.4589 115.2323 128.1958 106.3222 109.3958 103.2005 106.4496 108.4879 114.2005 106.3974 110.4439 111.1989 119.5389 127.6244 127.1134 126.5203 126.5096 121.0732 127.0442 126.8690 123.8326 103.9863 105.3591 120.2490 108.1608 112.2417 131.0755 129.0218 127.6973 128.7859 133.1401 132.9495 130.2188 129.9959 130.1088 130.4233 130.6722 130.8294 131.1586 131.5475 131.4064 132.0495 130.7192 132.8956 126.5924 105.1367 106.8100
127.8600 127.8583 127.8012 127.7330 127.6868 127.6172 127.5143 127.6751 119.0113 116.3781 127.2402 116.7346 120.8891 120.3289 117.9202 127.9498 127.9600 126.0905 117.4973 126.3072 118.0740 110.1796 107.2999 105.8946 105.8018 115.4236 106.6764 110.0004 111.0829 122.8999 127.1960 127.1346 127.2053 127.0399 127.5807 127.1642 126.0124 126.6884 113.6042 104.7949 117.6396 131.7206 113.0930 130.0745 130.4448 128.1726 127.8068 131.9035 133.5329 131.4153 130.2731 130.4721 130.7212 130.9178 131.2048 131.3838 131.4848 131.6883 131.7047 131.4615 131.6006 109.7873 107.9825 106.9500
128.0100 128.0010 127.9396 127.8838 127.8234 127.7648 127.7084 127.9897 128.3781 122.8344 127.2808 123.6036 119.1542 115.7063 108.3617 107.5873 117.4480 124.0992 116.6309 127.7081 103.1121 110.3975 108.1942 108.8879 104.9567 119.9532 108.7678 113.4875 114.5928 129.1807 127.2766 127.2770 127.2738 127.3426 127.3260 127.4505 127.1421 126.9839 100.5023 126.6684 116.2164 128.7204 118.3720 130.0651 130.0650 129.7565 128.0136 130.2358 132.5686 133.1964 130.7126 130.7714 130.9798 131.0600 131.2603 131.4096 131.5322 131.7407 131.6445 132.5162 129.4403 108.7238 117.3855 117.8900
128.1400 128.1361 128.0791 128.0249 127.9665 127.9182 127.8809 127.6920 127.5857 128.3684 127.6027 124.7626 119.3565 105.9237 106.6535 111.3640 118.6367 115.9650 119.9767 127.3112 102.2773 108.9176 108.2868 104.9687 107.0338 111.4008 108.8833 113.9087 113.1507 124.2497 127.5286 127.4874 127.4619 127.4770 127.5102 127.5233 127.6152 126.3683 126.6720 127.4097 100.1553 127.0622 131.2680 130.0179 129.5888 129.9245 127.5895 127.8078 132.4479 134.1280 130.9675 130.8895 131.2283 131.2712 131.4703 131.5552 131.6798 131.6999 131.6044 130.9412 111.9396 107.4380 113.1191 107.1100
128.2900 128.2900 128.2100 128.1300 128.0300 128.0400 127.9500 127.9800 127.8800 127.7900 127.8100 119.8200 120.0100 108.9000 106.7400 127.6400 108.4100 112.9600 127.5600 131.5400 105.5400 109.7400 110.1200 107.0800 105.4600 112.0000 109.2000 113.8700 111.3900 113.4100 122.3200 127.5600 127.5400 127.5300 127.6500 127.6300 127.6200 127.7300 126.8600 127.7800 106.3200 129.6600 129.6500 130.2900 130.5700 129.8700 128.1400 128.1200 134.3800 134.6300 131.0700 131.1000 131.2600 131.2300 131.5700 131.4900 131.7700 131.7900 131.8400 132.0400 114.9800 112.3200 107.1500 107.2200
