115.9300 115.9200 115.9000 115.8100 116.2900 116.2200 116.5800 116.9000 116.8300 117.1900 117.4400 117.8000 118.0300 118.3500 118.5800 115.1100 125.3400 119.6200 119.8600 124.9300 128.4800 120.7800 121.0000 121.2100 121.4200 121.8300 122.0400 122.2100 122.5800 122.7700 122.9400 123.2900 123.4600 123.6200 116.6800 124.1000 124.4200 124.5600 127.7300 125.0000 125.1400 125.3500 125.5500 125.6800 125.9400 126.0700 132.6800 126.4400 126.5600 126.8000 126.9100 127.0700 130.7700 133.0300 109.4700 115.2100 124.7300 109.8600 108.7700 106.3100 119.2500 112.3000 128.6900 128.7900
115.3700 115.2100 112.8993 111.7299 115.8048 115.9906 116.1928 116.4256 116.6826 116.9583 117.2522 117.5446 117.8628 118.1019 118.8964 118.0484 119.2282 119.0901 119.4479 120.5083 109.7945 109.0765 122.6617 121.3271 121.2321 121.5463 121.9742 122.2171 122.4675 122.7163 122.9572 123.1926 123.0668 124.3007 121.0065 124.4846 123.9980 123.5229 127.4063 126.2916 119.9674 122.2040 125.6560 125.6306 125.5300 125.8119 124.7735 124.6413 114.1180 128.0354 126.7409 126.1621 129.3256 128.3929 108.4346 119.6497 120.8944 112.8752 116.4643 108.0975 110.8421 113.4069 130.1293 128.7700
116.3900 114.8374 110.1649 110.5174 115.2084 115.4207 115.6282 115.9114 116.2058 116.5035 116.8213 117.1483 117.4816 117.8031 118.2126 118.5583 116.5314 119.3823 118.9895 124.9637 119.6902 112.2685 110.1296 122.8156 121.4102 121.3861 121.8748 122.0712 122.3296 122.5967 122.8412 123.1038 123.4689 123.5210 123.9273 123.9742 126.3274 127.7774 111.6217 125.8505 121.1328 123.9168 125.4887 125.6630 127.3190 127.3050 134.5331 122.2297 118.0578 126.3315 126.9277 127.0446 121.0019 120.8829 103.4657 113.5832 106.6308 108.8564 112.0684 108.5414 106.8958 122.4279 124.9376 122.5200
114.1300 114.0836 119.4407 112.9935 114.4452 114.7553 115.2016 115.3429 115.6981 116.0326 116.3933 116.7476 117.1030 117.4765 117.8130 118.1843 118.6881 118.9726 119.2544 123.1541 123.6677 107.1250 107.6889 121.0907 109.7105 123.0499 121.6491 121.9277 122.2266 122.4796 122.7364 122.9697 123.2824 123.5611 123.6531 124.0488 110.9358 106.7590 108.1382 125.8377 122.2104 125.6992 125.5089 125.6090 109.6342 115.3580 108.3412 110.4120 124.1621 126.3678 123.4082 110.9222 116.7047 114.8269 116.5896 102.5994 104.7802 108.3292 106.1522 107.6817 110.2228 120.5923 118.9434 120.0700
113.4300 113.3205 114.2637 113.5850 113.8204 114.3057 113.6537 114.8931 115.1728 115.5529 115.9438 116.3413 116.7358 117.1289 117.5127 117.8942 118.2416 118.5881 118.9432 118.9504 121.6280 127.0893 107.2436 122.7772 117.3965 121.2236 121.5550 121.8239 122.1017 122.3706 122.6260 122.9250 122.8106 122.9315 124.5606 113.1703 119.3224 118.8673 124.5757 124.5516 124.3085 125.1560 118.7551 125.8350 107.9038 107.3697 105.5354 107.1763 112.1853 127.3957 117.2659 104.7928 119.0345 117.7247 118.6365 114.6892 115.6974 114.3882 105.5572 105.9176 105.6872 118.6351 124.6595 127.6000
112.6800 112.6290 112.7303 112.7822 113.0776 119.3455 114.4038 114.2405 114.6315 115.0607 115.4931 115.9312 116.3598 116.7808 117.1934 117.6063 118.0093 118.3965 118.7446 119.1798 119.8759 128.3333 106.4185 122.1232 120.8463 121.1124 121.4197 121.7114 121.9891 122.2691 122.5285 122.7367 124.3180 124.1347 124.0515 122.4283 125.6051 125.0181 124.4552 124.2890 125.9850 128.2276 107.0027 107.8448 106.2754 107.8855 108.4124 109.0624 116.5134 110.0625 123.9950 107.9123 106.2203 114.2987 115.2941 116.0419 120.1825 118.4621 105.8740 106.1054 111.9761 120.4936 123.5178 123.2600
111.8500 111.5777 111.7546 112.0250 112.1562 112.7875 113.0349 113.6307 114.0776 114.5637 115.0443 115.5140 115.9762 116.4445 116.9018 117.3298 117.7534 118.1560 118.5555 119.2081 118.2331 129.3313 113.8574 120.1331 120.6643 121.0002 121.3005 121.6048 121.8885 122.1557 122.5834 122.8450 111.1076 122.0604 102.0136 104.7451 124.8774 123.5918 124.5698 124.6570 107.1905 107.2719 106.2270 108.0387 110.5141 108.6441 108.0784 110.8289 111.8129 105.5981 112.9263 110.8851 121.4761 123.7276 106.3883 119.7497 123.9915 104.4868 105.4264 108.6565 114.8520 122.3665 123.1051 123.5500
110.9300 110.5695 110.7708 111.0520 111.5077 111.9599 112.5085 112.9782 113.5115 114.0608 114.5790 115.1886 115.2943 116.1330 116.6183 117.0644 117.5089 117.9432 118.3514 118.7122 120.0851 114.7626 105.2109 121.8945 120.5424 120.8533 121.1997 121.5058 121.7921 122.0872 122.4127 122.4612 122.8257 123.2085 121.9204 112.4270 123.9639 124.0262 125.4045 116.2439 123.9726 110.4456 104.7059 103.9194 106.1995 107.6573 109.3903 110.4002 105.8613 121.8931 116.4792 117.5628 116.4690 115.4087 110.7204 104.4228 105.4167 109.3078 113.9695 119.2477 125.0141 125.1246 115.1826 120.0800
108.7500 109.3974 109.6566 110.0522 110.5389 111.1008 111.7082 112.3304 112.9464 113.5593 114.0965 114.6229 115.2622 116.5151 116.3394 116.8128 117.2869 117.7367 118.3102 117.8366 126.1257 119.6802 120.2342 122.0131 120.3716 120.7725 121.1017 121.4116 121.7107 122.0058 122.3129 122.4420 122.6682 122.6522 106.0422 123.7709 124.8798 124.3223 122.4348 118.9093 112.0804 104.4317 101.6885 116.6833 112.6026 105.6036 112.9550 110.4109 115.7313 116.0908 113.6875 112.3447 103.5948 103.4346 115.3944 111.9263 111.9417 112.2047 110.3367 108.1658 108.8106 110.7785 119.7752 119.6800
107.4000 108.0538 108.3924 108.9007 109.5350 110.2277 110.9414 111.6656 112.3720 113.0567 113.7500 114.0511 118.5806 115.0732 116.1171 116.5824 117.0742 117.5567 118.0031 118.0657 118.2132 119.1425 119.6809 118.5569 120.3746 120.6877 121.0104 121.3226 121.6312 121.9258 122.1264 122.1935 122.4835 107.2235 121.5226 102.6774 119.4077 121.6643 110.4554 112.0161 105.5567 102.5959 107.3629 112.9540 113.6221 114.2115 109.2251 111.3594 119.4156 119.4491 121.9358 106.3083 107.0068 108.7058 117.7683 117.4067 117.7571 114.3378 116.0684 119.2862 119.7432 118.5558 119.1451 106.6000
105.8200 106.4514 106.9450 107.6379 108.4659 109.3258 110.1648 111.0100 111.8194 112.5891 113.3139 113.9674 114.5034 115.3002 115.8197 116.3779 116.8883 117.3867 117.8420 118.3421 118.8245 119.3438 117.3723 121.0932 120.2499 120.6139 120.9414 121.2547 121.5954 121.9135 122.6192 123.8566 121.3042 123.7239 104.2012 103.4111 102.8358 113.2188 115.8941 107.2082 107.2468 107.9839 113.9166 110.3089 113.9270 114.0374 114.2751 115.6683 123.8841 119.4586 119.9207 109.7024 108.9579 112.6449 110.0851 111.2910 111.6564 105.4504 123.2775 126.5153 128.4856 117.4279 118.1972 106.6000
103.8700 104.5427 105.1072 106.2128 107.2722 108.3214 109.3876 110.3818 111.2921 112.1477 112.9389 113.7236 114.4186 115.0219 115.6202 116.1893 116.7258 117.2207 117.6995 118.1537 118.4380 119.2367 115.7134 121.3187 120.0822 120.5336 120.8646 121.1931 121.4155 121.6452 119.3078 117.3610 117.2773 111.6219 102.2640 101.3529 99.4520 101.5558 115.6235 104.1371 108.7977 109.6363 113.7123 108.0861 113.2840 111.8234 113.1309 116.7996 114.8014 111.8864 106.3075 102.6502 103.4839 109.4244 104.1677 104.8979 106.7523 107.5275 121.9068 122.6722 126.3486 123.7097 119.1071 114.1600
101.3600 102.0640 103.4266 106.0617 109.7182 107.5246 108.7709 109.7963 110.8240 111.7626 112.6195 113.4001 114.1212 114.8103 115.4450 116.0353 116.5847 117.1807 117.6690 118.0736 118.4538 119.3267 118.2283 119.5402 120.1219 120.4693 120.8419 121.0939 121.9587 122.6965 117.5606 122.1690 102.9600 113.2505 103.2681 112.0334 116.6332 111.2344 116.8391 103.0277 102.1460 106.6999 107.6281 105.7198 111.4989 109.2970 107.5776 110.4398 110.0206 110.9343 112.3970 112.3850 103.0944 112.4701 105.7132 106.5394 105.5209 114.0424 120.6357 124.5751 127.7607 129.2463 112.0131 129.1400
97.8100 98.8373 100.8370 101.1658 107.1465 106.5033 108.0220 109.3015 110.4326 111.4413 112.3587 113.1868 113.9504 114.6513 115.2988 115.9135 116.4910 116.5337 117.5465 117.9824 118.4412 118.9608 119.4850 119.7254 120.0689 120.4378 120.5434 120.6346 116.2444 116.3631 107.7223 108.7298 108.0076 117.2782 106.4285 110.0398 105.8359 114.8043 107.2689 107.8234 102.0927 103.6622 105.7043 106.5663 108.3620 110.2290 121.0225 120.8429 116.2611 114.4025 115.6414 121.2011 102.4582 104.5457 108.9052 107.2515 105.0796 116.7416 126.6570 128.0787 128.1836 129.2676 126.7222 112.3900
91.7400 93.6083 98.1558 101.5799 103.9265 105.8776 107.5211 108.9216 110.1405 111.2048 112.1656 113.0233 113.8137 114.5407 115.2009 115.8267 116.4345 116.6671 117.4630 117.9427 118.4033 118.8219 119.2201 119.6482 120.0304 120.4088 120.6674 119.0094 120.9979 118.5308 111.1288 99.0818 101.4973 105.5461 110.5381 116.3508 120.3618 131.0289 112.2196 109.2976 110.2565 105.0506 106.1451 111.9584 107.9373 114.1917 128.4748 128.2255 119.1866 104.8570 109.2089 120.4218 102.6605 104.3034 106.3639 112.0016 104.5291 107.8593 128.8789 128.1555 128.5129 126.9580 112.5476 106.5800
91.7400 88.3798 95.6778 100.1711 103.1968 105.4615 107.2371 108.7017 109.9681 111.0702 112.0569 112.9360 113.7365 114.4695 115.1507 115.7819 116.3743 116.9834 117.4831 117.9152 118.3799 118.8185 119.2342 119.6358 120.0502 120.4444 120.7600 121.2580 121.5917 122.4029 119.5959 120.9589 105.3083 103.5939 112.0689 127.8241 103.1891 115.9040 106.4027 108.3469 105.1748 104.3627 107.0376 111.8817 117.1313 116.3022 116.9173 116.6408 116.9301 114.0206 104.4410 117.3798 113.9916 118.3167 104.4732 107.0227 107.8051 121.0624 122.4002 122.6563 122.8227 119.3265 106.6224 106.5700
89.5900 87.3342 95.1128 100.0680 103.0137 105.2251 107.1712 108.6610 109.9426 111.0490 112.0369 112.9257 113.7374 114.4680 115.1345 115.7701 116.3754 116.7193 117.2290 117.9365 118.3697 118.8100 119.2297 119.6381 119.9653 120.2973 120.5554 120.9422 121.4200 121.6824 118.5883 123.4122 105.1230 102.2946 125.5552 106.8475 119.3370 110.9556 105.1885 104.3491 103.6616 109.6319 106.8318 106.8374 115.1902 116.7564 114.6492 115.3392 108.9694 115.1605 103.2239 105.1437 105.3036 105.2561 104.9693 105.5658 108.2146 112.9195 107.9382 122.9066 121.6352 115.8581 107.7292 106.5700
91.7100 90.9647 97.0590 101.1588 100.6481 108.5301 107.2066 108.7847 110.0564 111.1410 112.1041 112.9823 113.7959 114.5366 115.1883 115.8039 116.4336 116.4373 121.5369 117.5098 118.3877 118.8349 119.2421 119.6439 119.9884 119.9327 120.3279 121.1152 121.3087 121.7574 119.0475 124.5852 103.2404 107.4509 119.4128 104.9551 113.7000 118.2819 102.2940 106.7805 111.7702 112.9723 113.2089 113.9501 123.4238 125.5239 125.9910 126.5482 121.3746 103.9110 104.4588 104.8075 104.9689 104.7397 114.7300 107.5943 106.2293 106.0920 107.1707 115.7761 123.8231 125.9966 110.2642 112.9900
97.8000 96.9048 99.7209 102.2618 105.2049 106.2684 107.8194 109.1127 110.2901 111.3299 112.2611 113.0795 113.9698 113.8413 115.2225 115.8822 116.4382 117.0168 117.3800 117.8676 118.4232 118.8670 119.2786 119.7003 119.7376 120.3386 105.0829 106.4581 123.0374 122.2131 122.1927 122.2553 123.1138 123.7617 123.8308 124.1441 122.3161 127.8224 110.9483 107.0459 105.1532 113.9355 124.3763 126.0251 125.4441 125.4026 124.9833 126.3071 113.6769 106.4053 104.2432 111.2048 104.8809 107.3825 107.7372 108.3853 110.2822 109.8074 124.4010 108.4541 108.9711 111.7571 110.8564 128.5700
101.3600 100.7271 102.5568 105.0559 105.4792 107.0765 108.4497 109.5728 110.6481 111.6124 112.4857 113.1889 115.0077 105.7183 116.2885 115.9228 116.5403 117.0582 117.5999 118.0554 118.4864 118.9185 119.3207 119.5736 120.3083 127.6320 120.0796 107.3329 112.7905 116.8418 121.6790 122.1920 122.3829 122.4230 123.2820 122.8348 116.0300 121.2403 110.4599 111.9680 112.1954 113.1629 111.5100 126.1850 125.6020 125.6787 125.9674 126.3450 128.0096 127.2679 119.0699 124.8172 107.6175 114.7455 113.9612 114.4344 129.9949 134.5629 120.1500 119.4373 120.5417 125.4925 121.7204 118.5600
103.8700 103.4986 100.3862 106.5037 103.9177 108.2141 109.0711 110.0935 111.0613 111.9965 112.7988 113.5821 114.1688 115.3797 115.6093 117.2939 116.6617 117.2096 117.6551 118.1199 118.5684 118.9861 119.4084 119.8425 120.2149 117.6324 113.4442 109.8038 109.9310 107.5840 119.5262 122.8259 122.8578 123.0645 124.0766 119.7734 106.0446 119.7044 107.4435 109.3123 123.2599 126.2565 127.0769 125.8189 124.9871 124.6680 125.7557 126.3898 129.8631 113.2339 128.7703 126.5412 117.7409 106.6560 111.7860 120.8747 121.1712 131.0259 120.3844 115.9977 127.1024 128.1971 128.7736 128.5800
105.8100 105.5879 106.2384 107.2354 107.8889 108.8641 109.8553 110.7255 111.7889 112.3279 113.1653 113.8460 114.5160 115.0216 115.6466 117.3504 117.1978 117.3784 117.7856 118.2455 118.6754 119.0828 119.3769 119.6838 119.9010 123.1576 139.1775 106.0205 123.4030 107.0100 116.0828 117.2837 121.5950 123.2845 118.4500 109.2112 114.3275 108.6834 112.8558 110.4665 108.5120 117.8659 125.5424 126.8404 123.3989 118.1989 126.1100 126.5049 122.2071 128.7499 126.3193 129.4278 121.8942 117.5990 116.8136 127.4602 129.2190 130.2674 122.0761 124.7054 121.0185 128.8216 130.8754 128.5800
107.4000 107.4138 107.7214 108.3570 109.0627 109.8420 110.5886 111.6215 109.2289 115.2452 113.3102 114.2006 114.8173 115.4331 115.9879 116.2104 116.6902 117.5049 117.9324 118.3691 118.7886 119.2139 119.5117 120.2589 124.9230 117.7906 110.3351 106.6895 102.8284 106.5445 101.7670 106.1912 109.6888 113.6391 116.5855 113.4672 97.6587 108.5628 112.7813 110.6229 114.0881 120.7117 126.2341 128.9671 119.8126 126.9854 125.6132 125.9635 121.4772 121.5574 122.3782 128.1598 118.3309 127.0621 128.9960 128.2329 127.1476 127.2050 128.5974 128.5876 129.8500 128.3930 132.5381 135.0600
108.7400 108.8156 109.1398 109.5684 110.1170 110.7404 111.3597 112.4022 110.5247 114.4420 113.8498 114.6378 115.1236 115.6780 116.1971 116.7608 117.2153 117.6759 118.1035 118.5190 118.9238 119.3346 119.7752 114.7306 117.0375 109.2886 100.3991 105.9493 105.5801 107.5097 108.8559 107.5518 107.0420 105.2801 115.7434 113.6577 108.7607 114.2717 110.3328 115.2739 107.9752 124.1891 119.9283 119.6881 119.5548 123.2347 126.9727 127.1070 127.3540 122.1738 123.6511 105.4362 121.4938 123.5831 124.4536 127.1868 127.3053 128.1383 127.9104 127.9847 127.9722 128.3657 128.1882 128.5900
109.9100 110.2338 110.2871 110.6415 111.0793 111.6258 112.0741 112.4655 113.1635 113.8645 114.2050 114.7803 115.4999 115.9652 116.5274 117.0245 117.3794 117.7756 118.2759 118.6760 119.0810 119.4338 119.4969 123.1459 105.6079 102.2356 101.4641 107.9732 110.1871 106.8056 110.3846 115.9296 109.5383 101.7297 106.0629 103.6510 114.7207 115.3966 112.2473 115.1967 110.4435 109.6053 117.0988 117.2560 117.1486 118.3632 119.8553 120.2008 122.9827 129.7434 121.6084 125.1129 113.0384 131.1284 125.8111 127.7420 129.8091 125.1863 127.6274 128.0983 128.3034 128.4121 128.5957 128.6000
110.9300 111.7609 111.3332 111.6178 111.9885 112.2012 113.8199 113.1429 114.3370 114.1881 115.7013 119.7688 115.4323 116.5070 116.5393 116.7650 117.7710 119.4125 118.3655 118.8785 119.2498 119.5839 119.9179 121.3013 115.7836 115.6282 102.9254 101.6797 108.9021 108.9878 108.1169 109.4932 111.3619 116.0964 106.4291 111.1622 113.9790 113.3373 112.1098 112.9387 114.5783 113.8903 104.6528 117.3517 116.3016 116.9507 121.9008 124.2854 123.2504 113.8785 106.8608 105.1800 105.7093 109.7289 108.3931 109.2114 108.0213 118.6663 126.8502 127.9242 128.3150 128.4228 128.5472 128.7000
111.8500 112.0671 112.2304 112.5014 112.7907 113.4849 111.7383 111.1751 115.9678 117.7495 113.1405 114.9046 116.0939 116.4694 121.1553 121.0751 117.8732 118.3732 118.6131 119.0515 119.3628 120.0159 120.2480 121.8887 102.9652 123.6790 112.2800 103.3788 109.2378 121.3574 106.5931 106.1498 122.0401 101.7152 112.4038 111.1070 110.2497 115.7423 117.3725 114.2273 115.8293 114.6007 114.8100 119.1881 121.6827 122.0947 123.0483 123.9498 114.3162 110.7929 103.6960 104.7545 105.1223 104.1360 103.7005 105.8482 107.6114 131.7776 127.8653 128.2152 128.3245 128.6298 128.7375 128.7100
112.6800 113.0211 113.1336 113.3092 113.4894 114.3348 115.6360 113.7648 113.9601 105.0113 106.1588 116.5918 116.4903 117.0330 117.3469 117.7527 118.2060 118.5120 118.8911 119.2738 119.4643 119.9435 116.8847 105.3469 117.3647 113.2324 105.0928 120.9122 96.6519 122.3004 104.2737 109.0774 101.2381 115.9672 111.6874 101.2379 100.6854 114.1442 115.5227 115.8171 114.8270 115.5897 121.9769 121.5774 120.1175 121.6243 109.5545 107.1628 121.9890 102.7122 104.9330 104.9389 105.3063 104.6095 120.5130 125.4684 103.2138 104.4397 129.7938 127.8730 128.9969 129.5541 129.6892 129.8700
113.4300 113.8014 113.8967 114.0526 114.2702 113.9437 110.4768 104.6928 109.5562 99.5266 116.6639 116.5600 116.9695 117.2773 117.7482 117.9852 118.4274 118.7809 119.1235 119.4555 119.7764 120.8539 114.8213 119.6006 102.0989 100.2722 100.4704 100.5881 108.0979 120.6289 115.7790 107.3654 126.3718 118.9274 102.3003 104.6925 103.7608 115.0570 116.4652 116.1470 119.1847 115.9213 118.7499 125.7436 123.0117 120.9447 119.6176 107.8673 103.9941 103.7301 106.2554 105.2677 103.2449 125.2474 131.7203 104.9264 132.0606 129.5274 127.0405 128.7503 128.6151 129.1425 129.2795 129.6200
114.7700 114.5245 114.6112 114.7394 114.9147 115.1169 115.4672 117.5817 103.1008 109.1408 118.0654 116.6274 117.2258 117.7758 118.1817 118.4713 118.7006 119.0267 119.3523 119.6852 120.0162 120.1888 121.2537 118.3987 107.1249 100.7616 101.9037 111.1527 110.6267 122.7597 111.0918 108.7268 118.8650 120.4083 108.4152 104.1882 111.4094 104.6341 114.9036 112.3935 123.5399 125.7975 125.3298 125.8259 120.2215 109.2883 102.7624 104.0404 104.7996 102.8218 122.7214 102.9924 105.3922 104.1478 94.8444 104.5615 124.2972 111.4775 108.5510 119.8828 126.1595 129.1844 129.5608 129.6100
115.3700 115.2039 115.2677 115.3857 115.5435 115.7313 115.8908 121.2255 95.2785 105.3946 116.7176 117.1025 119.5414 119.4639 113.4261 118.6019 118.9154 119.2860 119.5901 119.9048 120.1824 120.1550 122.7437 104.2428 123.5098 106.7733 104.6134 109.3330 112.6581 108.4353 122.0316 115.4606 112.4331 110.6271 125.3889 114.1668 113.3785 128.3305 115.5578 119.2339 112.3927 121.0762 121.9122 126.1661 105.7866 102.4834 103.5809 104.5471 104.5803 104.8805 103.7670 104.5877 105.1661 105.6314 108.5371 107.1527 104.7901 111.5807 112.1546 107.7669 107.9882 126.5821 104.1506 106.7500
115.9300 115.8148 115.8842 115.9702 116.1210 116.1855 116.0509 122.2270 109.5837 115.5275 109.6350 118.1764 121.5837 122.3102 111.3332 120.0079 119.1927 119.5488 119.8449 120.0041 120.7274 121.1522 120.7854 112.0908 117.4705 104.2258 110.7369 120.0501 106.0014 106.4925 112.2748 109.1741 111.5270 115.9711 108.3149 104.7872 109.9669 121.1178 117.8264 125.4300 117.9550 124.2861 122.9102 115.3044 102.4268 117.3134 111.7429 106.9556 104.5463 104.8257 105.1294 105.2421 105.2294 105.3267 104.8973 105.4899 105.8314 121.5622 121.6497 129.2307 113.8004 128.0776 107.1187 107.4900
116.4600 116.4245 116.4159 116.5746 116.6940 116.7186 116.5633 119.4363 113.7814 111.9743 106.0674 111.7860 118.5041 118.4054 119.8747 119.1305 119.5400 119.7992 120.0936 120.4519 119.4333 120.8364 107.5636 124.3681 122.4218 116.1819 118.8477 121.5241 116.8356 106.4039 114.2149 113.2372 110.6190 111.3485 100.2938 102.0445 112.1041 108.8336 115.7371 124.1534 120.7453 127.0645 128.2175 113.9938 106.7730 110.2833 122.5066 105.5800 105.7338 105.1504 104.9496 105.0381 105.2910 105.5089 105.7058 106.1577 104.5488 116.5401 102.2042 118.3850 120.5915 117.0516 121.6835 107.4900
116.9600 116.9254 117.4759 116.9511 116.9751 121.9453 114.9587 102.8348 99.7315 107.9299 118.6261 111.5106 118.9485 119.0077 119.3097 119.5393 119.8015 120.0585 120.3438 120.6601 118.5355 108.3616 121.0222 122.3410 120.7217 118.2373 123.6872 122.5257 122.9289 117.3596 112.2432 110.1305 114.8465 112.8645 110.9738 105.7965 105.9009 103.7230 112.2119 120.3043 116.9700 124.1935 119.5536 118.2152 105.3838 106.1689 109.5887 113.6344 103.3733 103.3115 104.3693 105.5324 105.4856 105.4689 105.4988 104.9206 98.7793 130.2585 116.3790 107.0673 105.4464 106.5697 118.7194 110.4200
117.4300 117.3901 113.2814 117.7770 116.7864 117.0465 114.7421 113.1863 120.2885 100.9257 117.9219 115.8631 119.4540 119.3432 119.5877 119.8470 120.0769 120.3310 120.6016 120.6448 121.1942 114.6696 119.4887 121.7403 122.1809 122.4660 122.3333 122.5007 123.1426 124.1982 120.0894 117.3056 114.7959 114.4959 111.8389 113.1500 110.4109 114.2566 116.2520 122.5990 125.2191 124.6163 122.8879 120.4643 117.5506 108.5499 119.8260 107.7745 111.1239 113.3433 108.7730 103.2943 104.7982 105.8111 106.1013 103.3476 129.0785 110.2707 108.3909 108.7042 120.5529 105.0265 109.8538 109.1900
117.8700 118.0144 112.6788 106.8286 119.7803 107.5172 124.5389 117.8162 131.3495 117.2488 119.7370 119.3979 119.3336 119.7202 119.8967 120.1252 120.3574 120.5849 120.8186 121.0548 122.0026 123.1153 122.3106 121.9421 122.1874 122.2368 123.7792 124.8058 123.4122 121.8863 118.9097 122.4141 118.6899 108.5597 110.8420 111.3650 114.3106 114.6502 120.7791 119.2902 121.7396 116.4556 112.9859 129.3653 125.1961 125.2100 115.9781 112.3162 120.8975 123.1647 117.0231 117.8074 108.4126 106.6162 104.9933 104.5397 128.7646 123.5510 106.2875 106.1502 106.6382 127.8432 126.7538 129.3400
118.3000 113.8661 119.6774 114.0407 105.3862 102.1110 114.7992 118.0285 118.4604 119.0814 119.2123 119.6533 119.7978 119.9865 120.2028 120.4090 120.6288 120.8453 121.0684 121.3143 121.4904 121.7494 121.9065 121.9432 123.0690 115.5163 128.0447 103.4448 115.0848 123.6023 122.0418 117.6119 101.6561 122.9307 118.3624 110.0357 112.7374 119.4545 120.1937 119.1431 119.9894 121.8666 102.4238 106.4793 109.2423 114.2037 109.2809 104.1659 106.8508 103.8166 126.2448 120.8055 118.6565 116.6456 117.7607 106.5085 120.3688 131.7010 110.2096 127.4397 126.8773 120.5377 128.7106 130.9900
118.7000 96.8010 112.2243 104.1882 103.9223 105.1839 105.3847 113.3992 119.4461 119.6388 119.7781 119.9339 120.1150 120.3009 120.5003 120.6973 120.8933 121.1001 121.3129 121.5502 121.8278 121.9287 122.0324 122.2531 122.8644 124.8425 112.3660 105.5826 102.4928 125.6272 124.0064 122.2916 123.9205 116.8429 104.6347 107.6282 119.0322 121.6961 120.6471 119.7075 118.4779 126.3749 109.6528 115.1336 103.1541 104.7485 104.8210 104.8993 105.5673 105.6453 120.8019 103.3120 121.7129 117.1163 117.4369 118.3298 121.2613 116.7974 109.5160 128.7828 123.4071 108.9804 111.6147 129.6400
119.0900 109.0837 111.0709 96.4540 99.7326 97.5753 120.8571 119.7694 119.8544 119.3268 120.1317 120.2658 120.4266 120.6016 120.7869 120.9710 121.1607 121.3543 121.5617 121.7113 121.2227 121.9849 122.6700 118.3499 105.1842 122.5891 106.3245 125.3599 123.2314 123.8986 123.9213 123.8612 125.8355 105.7751 109.7199 111.0912 112.9795 111.3043 124.8180 121.5929 120.4913 119.9644 111.2879 114.5333 102.9561 104.7224 104.8137 104.8789 105.0110 106.3070 104.6065 127.0317 126.3839 127.8466 126.7222 120.2732 120.3640 120.6966 120.2293 118.9457 112.2563 110.4101 131.3000 129.5700
119.8200 120.4534 116.2750 97.5262 99.8029 96.4717 112.9298 119.3288 129.2953 120.2131 120.4484 120.5827 120.7368 120.8992 121.0668 121.2491 121.4236 121.6050 121.8595 121.7502 124.9817 116.4650 122.3606 103.3673 125.4699 124.3482 121.0594 123.6261 123.3169 123.7070 123.9642 123.9301 122.1078 115.8762 114.2076 112.0619 108.3799 108.2287 124.6169 103.5542 120.0465 124.1292 105.5328 112.7580 104.8826 104.5399 104.5906 104.9702 104.0832 119.3789 126.4243 102.5239 104.4397 106.5047 125.1619 128.9058 130.1604 126.1222 122.3570 121.3766 121.8605 123.1185 112.2986 114.3100
120.1600 119.6025 114.0668 106.3735 108.0379 104.4098 109.3531 119.9662 121.2815 120.1102 120.7822 120.8929 121.0357 121.1882 121.3513 121.5150 121.6875 121.8572 122.0132 121.9611 121.9449 123.6162 120.1431 124.6407 122.9465 123.1716 123.8159 124.2052 123.8859 124.2511 122.7995 118.7902 120.6796 125.0069 101.7082 120.7065 113.7737 116.1764 111.7819 119.5441 125.3660 119.1501 123.1887 110.5071 104.5672 104.5118 106.2146 104.9796 105.2846 105.7257 110.5958 109.3067 106.8990 105.3642 108.0511 128.0958 127.8041 126.0082 129.7813 124.2799 124.4484 123.4462 110.9966 132.4100
120.4900 120.1932 113.7516 104.3086 110.0577 103.0426 103.3402 116.8152 120.8684 120.9863 121.0332 121.1972 121.3300 121.4739 121.6224 121.7821 121.9245 122.1140 122.1620 122.2406 124.6908 115.1272 104.0495 123.7672 125.1356 124.3373 123.6473 123.8565 123.9848 124.7796 116.0804 124.8788 119.5027 122.9264 103.6667 126.2830 126.9968 121.7096 114.8813 122.9357 117.7331 114.4625 113.3034 106.9131 106.5221 106.9820 111.5813 105.2203 105.3270 109.2733 106.1423 104.5450 106.4534 105.7743 131.5237 129.8571 125.8907 112.5672 128.9937 129.5284 130.6232 125.4521 120.2204 133.0500
120.8000 120.6274 115.6838 106.8780 110.0947 115.1139 113.5169 118.6345 121.0577 121.2823 121.3674 121.4850 121.6113 121.7486 121.8901 122.0234 122.2242 122.2901 122.9938 122.7654 120.4756 96.1301 107.1111 123.1073 112.9762 123.0999 123.1563 123.6616 123.9642 123.9987 118.3283 126.5201 112.1300 106.0161 112.3938 121.1799 119.7943 127.1407 120.5302 118.7871 114.0464 118.9973 107.7696 106.4563 103.4730 105.1823 104.5096 104.1281 104.6095 105.4879 105.1532 106.5637 106.5377 114.9405 128.7941 114.5809 125.4720 123.8232 128.2869 130.8827 119.0149 126.9805 126.3009 130.1000
121.1100 120.9764 121.3320 117.1162 116.0895 111.3140 119.6408 120.8683 121.4753 121.5875 121.6575 121.7720 121.8946 122.0203 122.1508 122.3046 122.3722 122.4845 122.2639 126.3056 124.5255 104.9842 123.4985 107.5678 107.1680 126.4311 124.6733 125.0977 126.9009 125.8757 125.6620 124.4708 126.0617 125.4039 105.1475 109.1680 108.2682 128.2427 130.0998 123.2661 113.5606 104.0112 103.9267 106.2303 118.0527 105.6996 116.6664 114.5910 113.2006 103.5821 104.1314 105.4858 107.3686 112.1607 117.1932 118.3921 130.6323 129.9983 129.9470 121.6503 110.8788 115.6012 120.4337 130.1000
121.4000 120.8673 119.0075 116.4361 110.1579 109.7574 111.5810 117.6833 121.7432 121.8633 121.9485 122.0579 122.1645 122.2788 122.4221 122.5495 122.5349 123.9052 124.5815 116.3503 124.1766 111.5947 106.5345 99.5323 120.9560 109.0401 109.0121 123.3737 109.6103 124.7897 111.5433 128.4430 126.3579 122.2033 114.6092 107.4922 104.0692 113.6834 109.8287 114.9189 106.0408 106.7084 107.2445 104.4536 110.4199 117.5074 128.4911 130.4282 130.8844 114.9673 113.8102 107.4772 105.1730 106.1870 106.5144 113.2554 115.3271 115.3368 116.3527 115.3939 123.0436 103.4917 106.8008 110.0500
99.6900 104.4121 113.7706 110.5892 108.9240 120.5433 110.8421 123.6472 121.9434 122.1344 122.2246 122.3280 122.4102 122.5638 122.6270 122.8596 122.7037 120.6015 105.9512 110.7402 122.6865 112.5373 106.4272 107.0165 109.3855 103.6878 104.2108 107.1599 106.6401 112.4334 107.6684 113.8174 111.5427 107.6277 117.0279 108.8465 108.2967 106.9085 111.9649 105.4167 102.3116 104.5636 106.1403 109.9976 101.8279 124.7729 107.1830 108.2581 107.1090 107.2904 119.1387 106.4155 112.1982 123.3080 106.0767 106.2914 108.9580 109.5318 109.6097 111.8286 133.1167 113.4616 124.2069 107.4700
106.4300 100.8782 104.0888 113.5488 116.8099 118.6442 113.6437 122.6702 122.4016 122.4111 122.4934 122.5895 122.6887 122.5353 123.1712 122.8802 123.1681 124.5660 101.8917 105.2847 126.9688 125.9578 125.0852 111.5818 112.5772 114.4231 113.9486 121.0968 105.5333 107.2169 106.1774 107.0790 102.2088 104.3665 110.3657 109.4434 104.1203 108.1691 109.8471 115.4372 109.6826 108.9054 104.8848 107.1685 124.8337 111.0682 120.8363 105.7267 105.2599 105.4322 107.2701 105.2813 109.7341 114.1151 112.5723 115.0557 124.8298 117.2309 109.7665 110.3238 121.1327 129.4569 130.5540 128.9700
104.0000 103.4692 103.7649 109.7355 116.2437 122.2588 123.2271 122.8972 122.5984 122.6636 122.7598 122.8431 122.9703 123.0739 123.2697 121.7453 123.1720 123.0122 114.7011 102.3557 125.3039 123.8976 123.9060 119.0356 126.4296 119.1502 117.1819 125.8439 125.0062 120.7614 124.6746 125.6418 103.1016 103.2763 106.5612 113.5046 106.9208 105.6113 106.8778 111.0223 115.1235 118.7773 113.2082 103.9751 106.2282 105.4081 115.7318 120.1464 108.0185 108.0103 105.8611 105.5981 105.2783 109.6516 106.0276 129.9253 126.9921 126.9406 127.4848 119.0689 112.2031 112.8696 123.5458 129.1000
102.8800 102.4290 102.5392 109.0968 122.1833 122.7040 122.5424 122.7662 122.8892 122.9310 123.0106 123.0921 123.1907 123.9056 120.8062 119.3157 124.5720 123.9055 123.3368 124.9070 124.2934 123.7058 125.1033 124.1032 124.6735 127.5422 124.9344 125.0566 122.9449 112.7869 106.3918 108.9453 112.1777 105.9835 104.0099 106.6906 120.0846 116.6141 108.3842 112.0358 114.0696 117.3854 111.0697 107.7210 106.8333 122.2366 127.6537 127.5422 112.7411 112.7886 110.2409 110.7732 112.5929 106.0042 104.9422 120.2393 128.1114 130.4112 114.8200 127.0955 128.9303 119.1462 114.5194 114.8700
100.7500 115.3837 109.8195 120.6442 123.2650 122.7862 123.0212 123.0677 123.0885 123.1994 123.2592 123.3303 123.4714 123.9356 109.6071 109.8493 115.1158 122.0445 125.9547 123.7351 109.4723 102.0726 114.0784 120.9202 125.5991 124.8265 125.0474 125.4608 121.7890 126.1867 106.8768 117.4012 101.8662 112.1731 110.5356 105.1740 106.4191 126.7443 108.6265 113.4398 112.1767 117.0160 108.3787 112.4075 105.3566 117.8196 126.1268 128.4170 119.0601 106.5551 120.2194 113.0942 110.9120 124.8279 131.5658 129.5804 128.4997 131.1974 110.0405 120.9409 129.1136 129.0018 129.8952 114.9000
106.2500 113.1857 115.1145 124.1975 123.2265 123.2059 123.3534 123.1957 123.5948 123.3370 123.5114 123.5697 123.6563 124.5963 125.8780 94.9234 118.0249 122.7720 114.5668 124.7745 124.3490 124.2658 126.4493 120.9489 125.5021 124.6047 125.5460 126.0359 121.7074 109.3717 110.3736 110.6703 105.2603 118.6197 114.2263 116.1077 119.6964 128.0148 115.6385 119.0032 115.1217 112.3789 110.2942 104.2637 104.3659 117.8912 126.0995 127.6488 126.3880 121.8187 128.6531 123.2646 125.2614 128.0998 127.7937 128.1493 129.5565 125.8691 130.1269 129.4608 126.5348 129.7165 125.4876 129.5500
107.9500 119.4587 120.5102 123.5680 123.5321 123.4863 123.6954 119.9273 123.2584 123.6448 123.7442 123.7979 123.9491 124.0502 122.8597 111.9837 118.5328 125.0303 122.6752 125.1090 125.4715 101.5903 107.3106 109.7917 124.5436 125.4828 117.2889 121.9327 119.4454 110.7169 110.7629 103.9530 103.7032 123.6745 115.0734 115.5898 112.9553 129.3029 127.1749 127.9968 111.1127 117.7625 105.2338 105.5928 114.6669 118.2231 122.9182 127.0558 128.1875 128.3471 128.8714 128.5518 128.5198 126.8951 128.9934 131.2395 133.0131 120.6209 130.0885 129.7182 123.7464 127.9543 104.7262 107.7600
123.6900 123.2664 123.9963 123.6832 123.7000 123.7313 123.7390 124.0330 124.1960 123.8957 123.9744 124.0360 124.1089 124.3471 123.7338 119.5735 104.5353 124.3594 125.4318 118.1890 114.9550 104.7168 110.9277 109.6240 107.3461 122.8226 123.4991 104.2509 113.6449 109.9033 102.5619 105.7320 104.2412 109.6135 114.3933 114.5089 123.6622 122.1473 124.9762 124.3856 106.0109 118.9418 106.6164 104.0652 111.3840 120.1371 120.7522 121.8077 128.2424 128.2341 128.3739 128.5195 128.7595 125.5696 128.8212 127.8427 131.1500 122.8800 127.1825 129.2359 131.4584 130.2025 116.0250 110.4500
123.9100 124.0121 123.8744 123.9400 123.9527 123.9621 124.0124 124.0042 124.0042 124.1394 124.2034 124.2627 124.3279 124.4407 124.3437 124.6789 125.5129 125.1529 125.1523 118.3347 128.5380 113.1609 112.1901 108.4658 117.9618 121.5488 134.7727 111.8104 106.8621 105.8718 104.1084 105.5765 105.5833 106.6594 111.3541 113.9137 115.5552 106.2606 107.6218 112.6506 107.2757 114.0306 107.1298 106.2776 119.2530 118.1094 118.3555 118.9340 129.0594 128.2431 128.5264 128.6202 128.6827 129.1535 129.0976 129.3081 123.9873 117.8039 118.4532 130.5166 129.3584 130.1492 134.1386 110.4500
110.1300 123.4430 123.9198 124.1595 124.1613 124.1989 124.2309 124.2781 124.3286 124.3663 124.4168 124.4793 124.5505 124.6267 124.6759 124.6717 124.7021 124.4168 122.6625 118.3185 128.8812 106.6595 101.1980 109.1770 109.9499 107.8616 114.2899 121.0975 109.7785 104.3023 122.8975 103.7540 108.5771 108.7512 106.5873 107.6309 105.1646 104.3907 103.4213 120.9968 101.7551 109.1744 110.1447 104.4188 119.7408 118.3881 117.5489 118.2174 122.6358 131.5029 128.3703 128.6845 128.8039 128.8620 129.0131 129.1672 128.8428 131.9386 125.5039 130.2010 129.7994 129.4071 135.3427 113.7500
109.4100 123.4487 124.0375 124.4217 124.4019 124.4209 124.4584 124.4929 124.5305 124.5858 124.6189 124.6739 124.7170 124.8736 124.8795 124.9596 125.1362 127.0068 115.3166 120.5259 125.2509 126.7580 101.1623 122.7327 121.8299 118.6432 110.8854 113.4662 119.9303 106.8067 114.7538 102.5962 105.8714 108.4271 112.8857 107.4566 110.3401 104.5993 109.1457 122.4683 113.5004 105.6364 112.0471 106.9352 129.7219 119.3412 117.7144 118.0913 119.6839 124.3726 128.8618 129.3474 128.9064 129.0122 129.1287 129.1277 129.2601 129.1576 129.6443 129.3734 129.2175 130.4758 114.8412 112.9900
111.8200 123.7569 124.2642 124.6357 124.6202 124.6461 124.6732 124.7058 124.7483 124.7957 124.8707 124.7517 126.4539 125.1916 125.0438 125.0646 125.5835 125.9805 117.0418 119.3633 128.1811 124.5927 119.2763 111.9895 118.9088 114.1973 105.6396 106.6084 108.5163 108.6167 108.6667 115.9355 123.4538 110.8178 109.7592 104.0833 110.7848 108.6127 107.6993 122.8683 118.5182 112.7138 108.4501 117.5758 122.5951 111.0286 122.4147 118.2677 128.3837 128.8744 126.9411 126.5631 129.0562 129.1215 129.0875 129.9321 130.0092 129.4288 129.8535 131.4272 131.3294 129.7931 126.7553 108.1400
112.1400 123.9404 124.5288 124.8568 124.8407 124.8628 124.8883 124.9204 124.9607 125.0017 125.0442 125.0794 127.7057 131.8963 124.5529 125.2766 125.9516 119.3508 117.5176 102.1253 115.7333 116.5512 111.2665 107.6000 112.0443 118.3726 115.9311 103.1202 106.1187 105.9740 109.1049 111.0104 114.0616 106.4273 110.3927 112.4887 110.7200 111.8719 111.1709 128.0698 116.3457 115.1099 104.4160 114.9151 120.3082 118.9890 120.8443 124.9459 122.6685 129.3645 125.1104 121.9507 129.5700 129.1069 129.2270 128.1581 123.5108 129.8415 129.7082 117.6603 114.3500 128.1801 130.1571 131.5300
102.9400 123.4852 124.7165 125.0811 125.0510 125.0675 125.1021 125.1292 125.1644 125.2035 125.2965 124.7276 111.0914 108.2446 123.6607 125.5097 125.6731 122.7161 117.2537 104.0613 106.3992 121.7021 112.4595 109.1314 113.7353 101.9693 107.9777 104.4757 110.5078 110.4924 125.7050 126.8736 126.0895 126.5991 109.9791 110.5320 110.9353 110.1338 113.0587 115.1049 116.9058 106.9153 106.1690 108.8504 115.8605 116.7968 126.7275 128.7657 129.0485 128.1482 127.0477 126.7384 128.9885 129.2481 129.2003 129.7914 129.3858 129.6650 128.5362 130.6914 110.6513 108.0162 108.8210 110.5400
111.8100 124.5772 125.0284 125.2785 125.2539 125.2746 125.3088 125.3322 125.3667 125.4090 125.4057 126.6359 120.3706 127.3958 126.2431 125.5243 125.8417 126.5510 113.0890 116.1689 104.4816 109.5088 102.2134 109.0232 107.4604 112.4975 104.8798 103.8858 109.4176 117.0179 127.0600 119.9028 114.9707 110.9530 110.6853 110.2930 109.8270 111.6644 109.6409 115.0675 116.1461 104.2370 106.6665 105.2952 109.4191 122.3375 128.4544 128.8850 128.6573 129.5745 121.7392 129.8129 129.3263 127.8724 129.4906 124.7655 128.3888 129.6744 129.9504 129.7927 132.1297 118.5036 109.9410 113.2200
125.5000 125.5786 125.3177 125.4619 125.4610 125.4767 125.4788 125.5293 125.5674 125.6031 125.6781 125.5912 126.3297 125.3781 126.9019 124.9405 126.2935 128.4168 118.9847 125.9630 122.9667 111.1097 106.2939 104.2497 106.8206 112.2202 109.0530 104.7234 108.1608 121.4294 121.5313 127.7394 126.7768 124.3898 123.9092 122.6616 114.6833 104.8127 106.4002 111.9963 114.1361 120.6130 107.0615 105.2997 106.9781 106.6826 124.7758 127.2178 127.7222 128.8538 129.2151 127.3479 129.3934 129.3760 130.3747 113.6550 129.8920 124.0919 129.6985 130.4740 129.9019 130.3968 118.4171 115.4900
125.6800 125.6072 125.6226 125.6467 125.6580 125.6674 125.8139 125.7425 125.7625 125.7979 125.8350 125.8935 125.8268 125.9000 128.1684 108.3329 112.2765 117.8835 118.7506 126.4062 114.1677 102.7720 108.9587 104.4467 106.4041 110.1589 111.1070 105.5506 108.2122 123.4831 126.6542 127.8006 128.2874 125.5224 118.7152 130.6603 125.2876 119.4749 109.0965 111.6870 113.3457 124.3681 126.4782 109.4914 108.3633 123.2838 125.5622 121.2284 123.5346 130.3997 129.2656 129.3612 129.4252 129.5386 129.6888 131.4942 132.0871 119.2490 130.8334 124.7797 126.8448 127.5559 115.8181 114.9500
125.8600 125.8158 125.8245 125.8295 125.8550 125.8678 125.1420 125.1494 125.9413 125.9950 126.0192 126.0702 126.1346 125.9403 127.0810 106.4467 109.5655 104.6994 108.4927 125.9892 120.0418 108.1977 111.0913 105.6129 103.3703 108.9946 113.9842 108.2543 105.3906 114.6203 116.4374 122.3991 124.8379 128.3548 119.4487 122.1023 122.7794 113.7655 112.4403 115.9883 111.7359 114.2857 110.5561 121.4799 115.6172 120.7302 129.4656 129.7029 124.0336 125.0195 129.2480 129.3730 129.4206 129.4905 128.7393 133.3186 129.7621 129.8376 132.4131 109.8423 112.9821 116.7574 115.3175 112.3500
125.8600 125.8600 125.8500 126.0200 126.0100 125.9900 125.9800 121.7500 126.1100 126.0900 126.2000 126.2000 126.1800 126.3000 126.2800 126.3900 111.5000 104.4800 104.8000 104.8000 126.6700 107.8900 116.5100 116.5100 105.0600 109.8600 111.4600 113.9700 108.6500 107.5600 121.6900 122.9400 105.7000 127.7700 119.0300 119.4300 128.0400 113.6300 114.8600 115.2800 115.7500 115.7200 116.1400 127.8500 120.6400 127.7700 128.9800 129.0600 129.1500 129.2300 129.3100 129.3900 129.5500 129.6300 129.7100 107.7800 129.9400 130.0100 130.0900 108.1700 121.9400 108.7800 116.7400 112.3500
