121.2000 121.2000 118.5300 120.5500 120.3100 120.0900 119.6700 119.6700 119.1000 118.8400 118.6400 118.3000 117.7400 117.7800 117.4200 115.5600 116.8900 116.5700 116.5700 116.2100 116.2800 115.8500 115.8900 115.9300 115.9400 115.9000 115.8700 116.3100 116.2400 116.6100 116.5100 116.9300 102.9500 103.5000 103.5000 103.1900 108.2500 108.1900 112.3100 111.8800 109.5400 108.1200 108.9300 111.2900 111.4000 111.7800 99.0000 112.7000 121.6500 121.8200 122.0200 122.4000 122.5800 135.3100 123.1200 104.6900 103.3400 114.3200 112.9300 106.9500 114.1700 109.7100 124.8500 124.9900
121.1300 119.4005 119.0179 120.4502 120.1784 119.8955 119.5920 119.2825 118.9703 118.6656 118.3531 118.0611 117.7032 118.4432 115.1689 116.0767 116.6962 116.3317 116.1033 115.9063 115.7340 115.7178 116.1071 116.6609 115.9979 115.7112 116.0850 105.4309 101.4257 86.2750 116.1213 108.1662 101.0562 106.3120 103.7093 106.9291 101.0780 109.9593 110.9903 107.7795 112.2414 109.3743 109.4256 111.5452 110.1854 111.1980 103.6271 118.6274 115.7775 122.0175 122.0230 121.0339 123.1756 107.1695 122.4814 113.2411 103.6183 110.7921 115.4947 102.5484 108.4327 110.0324 125.8662 124.9900
121.0700 120.7952 121.0138 120.3123 119.9970 119.6518 119.3361 119.0207 118.6924 118.3613 118.0327 117.6770 116.7282 109.4806 118.3195 116.8431 116.0406 115.8152 115.5507 115.3239 115.1120 115.0150 115.1376 105.4210 106.3202 115.5042 114.9772 121.4340 101.7143 107.0875 114.4844 100.2851 101.6979 108.2819 111.2542 104.7223 98.9816 108.8450 107.0610 104.7179 107.7219 108.7658 109.5031 110.7324 112.9036 118.2320 110.7349 108.8671 117.2951 121.5047 121.8811 120.0412 114.1560 100.1444 115.8233 104.5979 100.7463 104.7625 108.9670 101.8977 109.0198 116.5659 124.7192 124.7900
121.0700 120.7167 120.3645 120.0493 119.7083 119.3967 119.2043 118.7434 118.4087 118.0535 117.7039 117.2744 118.1039 110.8083 109.2785 116.0198 115.4060 115.2515 114.9611 114.7002 114.4556 114.2877 118.3663 122.1691 120.1930 113.5157 114.3444 119.3864 112.3294 106.0277 88.2305 101.2702 101.5737 101.3298 113.1809 113.9385 110.7715 107.9074 111.0588 105.1629 112.6775 104.1020 110.7931 104.2304 105.1311 106.9826 103.9588 107.5236 123.4306 121.3584 121.5351 121.3607 120.3038 113.6947 122.6964 115.0289 99.1627 99.8700 100.6355 106.1242 113.2097 126.2708 123.9857 124.7700
120.7200 120.5297 120.2603 119.7868 120.3443 119.8368 118.6302 118.4910 118.1383 117.7545 117.3726 116.9900 116.6165 111.7682 116.1360 115.3392 115.0940 114.6753 114.3451 114.0386 113.7384 113.6640 113.6064 109.2238 108.8428 113.6460 112.2345 107.0091 114.1183 113.8591 99.9474 100.7594 100.7529 100.5700 101.8422 116.5535 106.0503 101.8572 104.0121 104.5615 104.8594 110.2418 110.1306 103.7650 101.4041 102.4431 106.6853 109.5719 112.9214 122.0816 121.6303 123.7048 123.4372 119.3131 109.2017 113.1861 116.0985 106.2365 107.1464 104.3298 110.4220 118.1979 125.8634 124.7400
120.6600 120.4094 119.7694 119.3394 114.6001 121.8335 118.6016 118.4645 117.8307 117.4599 117.0459 116.6341 116.2049 116.0525 115.6035 114.7525 114.4852 114.0667 113.6820 113.3266 113.0301 112.7735 112.6125 112.9848 113.3848 112.5657 113.0210 113.3423 112.8632 113.5158 117.1168 104.2018 98.9087 99.9631 95.8888 98.6737 104.1163 98.3666 101.9458 102.8007 108.3961 102.2314 96.3981 104.0526 110.9040 104.3917 117.4130 116.1881 121.8316 118.1726 122.3631 99.3059 114.2886 121.4728 121.3583 112.9414 114.1391 109.1063 107.8376 108.5693 111.4453 109.9201 115.0236 116.1900
120.3700 120.4201 119.8951 124.4108 118.8863 119.0244 118.1746 118.0672 117.6025 117.1725 116.7557 116.2394 115.7644 115.3193 114.6282 114.4871 113.8755 113.4523 112.9875 112.5709 112.2103 111.9067 111.6874 111.4756 111.1768 110.9813 111.8014 111.8597 114.4895 105.2870 92.1695 91.5256 111.4397 93.6989 98.6176 106.9207 100.7043 97.6161 99.1353 107.0336 121.7253 97.9436 119.3908 119.8713 103.1543 116.9305 102.2398 99.5779 98.8954 100.0159 114.0283 120.8650 121.8056 125.2332 103.8069 113.8830 115.0321 104.4774 110.0467 112.2476 108.4482 108.9636 114.8786 113.7100
120.3200 120.0933 119.6753 119.4843 119.0020 118.5708 118.1861 117.7801 117.3594 116.8981 116.4150 116.1113 116.0783 114.5166 113.8423 114.1309 113.1923 112.7929 112.2478 111.7602 111.3166 110.9463 110.6952 110.4556 109.1946 110.0232 111.0211 95.8331 105.1912 103.8393 89.4167 93.1986 90.3772 102.3225 104.0148 94.3031 97.1941 103.0151 115.9845 108.6158 93.5174 116.3879 100.4293 98.7955 118.1267 120.7218 104.6651 99.8504 114.5288 122.1869 120.7514 123.1191 98.0104 100.5370 104.4369 110.6796 111.8926 110.4989 108.9726 113.7520 111.3723 111.8222 115.3544 120.0200
120.2700 119.9756 119.6617 119.3000 118.8920 118.4410 118.0125 117.5729 117.1232 116.6519 115.8474 116.6015 100.1147 105.1057 99.9408 112.3509 112.6595 112.1181 111.4732 110.8856 110.3560 109.8869 109.5454 109.3316 109.5158 109.5295 110.1574 111.5937 107.6909 92.3341 100.5978 99.4836 109.5676 116.0191 105.1082 99.1743 97.8710 105.1194 118.1972 117.7894 120.2653 106.6332 114.3866 115.6865 112.6989 120.0255 109.9544 117.8894 119.9137 121.8470 107.1913 109.2349 101.1336 103.4576 109.0841 110.6277 112.8979 112.9183 114.7623 113.2785 118.3096 111.7663 118.9061 108.3300
120.2300 119.8584 119.4744 119.0760 118.6851 118.2734 117.8364 117.3839 116.8972 116.3903 115.8813 115.6822 115.8344 115.2145 114.6122 112.1393 112.1216 111.4076 110.7509 109.9870 109.2274 108.7120 108.2366 107.9795 107.8897 108.2060 108.4656 108.5954 109.9494 105.4366 115.2149 96.7685 93.7895 103.1546 98.1291 96.9152 118.8233 115.8116 115.1826 116.0813 114.2730 111.1364 97.5512 117.8846 116.3949 115.4666 115.2416 107.4055 121.7913 118.9645 116.9611 104.6013 104.7730 105.5836 117.4462 112.2108 107.8522 106.3156 125.4093 124.7025 124.8356 118.4751 121.8895 102.4800
119.9400 119.7566 119.3788 118.9896 118.5737 118.1336 117.6782 117.2091 116.6999 116.1844 115.6176 114.8936 113.9634 113.3329 113.0529 112.3333 111.5488 110.6408 110.0139 106.9788 108.2880 107.3287 106.7662 106.3558 106.3077 106.5721 107.2176 108.3886 101.0201 115.5511 110.1642 114.3502 102.2334 110.2201 105.6424 115.2941 114.2512 111.9574 116.5854 109.9649 105.8526 96.5368 106.4859 112.9860 100.2025 100.3957 101.1392 108.3878 117.8566 113.3425 120.6140 104.6547 107.4994 99.5023 108.2776 112.7136 113.7760 107.6808 123.7805 123.3093 123.6773 122.0561 124.6876 102.4700
119.9000 119.6872 119.2849 118.8859 118.4559 118.0110 117.5401 117.0543 116.5309 115.9751 115.3819 114.8403 114.2102 113.5218 112.7053 111.8369 110.9771 110.0431 108.8054 105.0628 107.0691 105.7886 104.8939 104.3611 104.2870 104.7468 105.4861 106.8169 107.5758 108.8293 109.5287 109.7855 113.3942 111.5680 110.0307 113.4817 114.5224 117.4227 108.0563 92.9386 105.2770 94.7566 92.1344 99.3326 101.7443 103.7715 105.4638 113.5653 109.1813 121.3179 113.6222 102.2160 102.2170 105.9597 102.6744 106.3793 105.5995 121.9952 123.8182 123.8837 123.6356 123.6742 121.9486 123.1800
119.8500 119.5122 119.2132 118.7941 118.3622 117.9120 117.4270 116.9286 116.3894 115.7834 115.4722 114.5149 113.8639 113.0917 112.3022 111.4286 110.4643 109.4019 108.4962 107.2202 105.5129 103.7244 98.8434 101.8003 101.6619 102.3924 103.6414 105.3762 107.0918 107.8134 109.0682 110.0622 108.0897 111.7906 111.5647 113.6474 114.1730 111.5048 103.0079 94.4254 96.2341 98.9632 110.5374 100.9264 105.4442 105.5234 115.6049 122.2150 122.7830 121.6443 115.7476 112.7123 110.3422 100.9571 99.7634 106.3379 101.3937 112.0724 119.8108 124.5720 123.7855 122.8677 112.4600 112.0200
119.8300 120.1736 119.1205 118.7314 118.2888 117.8305 117.3417 116.8264 116.2912 115.6193 114.7041 113.7984 113.6786 112.9181 112.0353 111.0840 110.0352 108.8651 107.4728 105.9473 104.1851 102.5568 100.1334 98.3431 97.9322 99.4574 102.5105 99.8212 104.2497 106.9701 108.5145 109.8115 107.6275 100.2517 113.2599 112.9381 114.0602 115.4327 116.9927 113.9011 101.5246 100.6882 111.5633 101.1008 106.2672 109.1733 110.9760 112.6730 113.3731 116.2061 116.8466 109.2627 114.5187 103.7062 100.9028 113.3406 100.6074 107.5090 117.2213 118.7169 123.0257 119.3099 110.0421 109.8000
119.8100 119.8566 119.0805 118.6827 118.2406 117.7771 117.2795 116.7515 116.2012 115.5925 114.9833 112.7583 113.5560 112.7333 111.8291 110.8317 109.7183 108.4448 106.9597 105.2047 103.0543 100.2381 96.6392 92.0718 91.4147 95.2195 99.4367 99.3373 104.3055 106.4429 108.1031 109.4745 112.5240 107.1172 113.5306 113.6866 114.9038 117.2166 108.4978 102.5476 100.3863 98.8531 102.3673 104.0070 106.0794 109.9032 107.0414 108.7071 109.9794 102.3896 109.0834 107.9636 102.0293 105.1378 100.5224 109.4711 101.1972 116.5541 114.0135 116.1576 118.9853 118.5132 109.5873 102.4200
119.8100 119.4439 119.0624 118.6571 118.2147 117.7401 117.2460 116.7238 116.1597 115.5521 114.9025 114.3834 113.4664 112.6387 111.7178 110.6917 109.5318 108.1984 106.6250 104.6941 102.2510 98.8620 92.8233 86.8516 85.8517 90.6182 97.6556 101.7619 104.1428 105.8462 106.5443 107.0173 94.8102 92.4242 112.4142 103.1583 111.2986 113.3157 100.7937 100.9988 101.2015 100.5996 103.8868 99.7806 108.5090 109.6371 108.3018 109.1244 109.0306 108.5042 98.1255 110.4310 98.3267 99.8079 116.2460 108.4160 101.6733 116.9726 116.7723 117.9220 116.8568 117.8959 106.1086 102.4100
119.8000 119.4937 119.0809 118.6565 118.2076 117.7371 117.2355 116.6946 116.1392 115.5447 114.8965 114.1875 113.4408 112.6111 111.6968 110.6654 109.4975 108.1540 106.5564 104.6116 102.0889 98.5677 91.9918 85.2942 84.6431 89.4931 97.2710 101.1746 104.0037 105.7716 105.1660 107.3742 91.5163 87.3021 112.5921 99.7158 110.9379 111.7899 101.0084 101.1220 101.4650 100.1227 104.1267 99.2859 108.6410 110.1689 108.5413 109.0534 107.8695 111.7193 97.3799 99.7799 99.6297 99.4860 100.1259 101.5598 102.5718 114.4873 103.2971 118.8413 116.6505 116.3141 103.1026 102.4100
119.8100 119.5013 119.0964 118.6692 118.2260 117.7636 117.2721 116.7417 116.1916 115.5850 114.9369 114.2485 113.5004 112.6756 111.7688 110.7591 109.6264 108.3231 106.7877 104.9465 102.6292 99.5916 94.1737 89.5763 88.8749 93.1261 98.5532 101.8651 104.3714 106.2311 105.9287 108.3432 88.7966 104.4070 112.1999 104.9086 113.5681 108.5738 96.2780 102.3115 102.5784 105.0854 102.1579 105.0172 105.8827 108.0715 108.8063 110.3522 111.6780 100.6190 99.2068 99.7554 99.7521 98.7830 112.5594 107.6786 103.7583 109.0395 119.4871 119.0160 118.4948 119.2574 121.0432 114.6900
119.8100 119.5332 119.1307 118.7052 118.2714 117.8057 117.2996 117.2673 116.2154 115.6659 115.0227 114.3450 113.6083 112.8141 111.9409 110.9825 109.8837 108.6783 107.1041 105.5837 103.6856 101.3982 98.7762 95.8568 95.4703 97.9474 100.6232 103.0985 105.1064 106.8178 108.5075 109.5525 108.4642 91.5496 94.5115 107.9487 97.2077 107.0186 97.5526 101.2383 100.8969 108.3597 106.1256 119.4991 118.9109 119.7255 122.8005 120.3812 114.6502 101.1972 107.0779 114.8466 106.6538 107.0907 105.9961 106.6906 105.9914 105.7313 115.2629 116.9300 119.4062 119.4980 121.0489 119.8400
119.8300 119.5760 119.1867 118.7646 118.3167 117.9650 118.1457 121.2149 115.6254 115.9007 115.1455 114.4934 113.7850 113.0252 112.1932 111.2275 110.3152 107.0942 108.5443 106.9901 105.0608 103.2679 101.6328 100.4765 100.2516 101.2452 102.8475 104.5262 106.1162 107.5504 108.7573 109.8908 111.0872 113.7011 114.6500 115.0766 100.0725 98.4274 95.7435 106.5741 97.1446 105.3591 107.0887 108.6271 119.9684 118.2958 119.0619 119.4467 122.2373 118.9112 123.4077 106.2487 102.9895 108.0221 111.2060 121.2121 111.8264 112.9673 113.4846 113.4506 118.6552 119.5303 122.3585 124.4200
119.8500 119.6393 119.2493 118.8412 118.4152 118.0112 117.2388 116.6431 116.5404 115.9007 115.3193 114.6936 114.0126 113.2927 112.5108 111.3117 110.3852 103.0202 104.6155 105.0205 106.2074 105.1097 104.0718 103.3490 103.2824 103.8058 104.7992 105.9883 107.1980 108.3627 109.4683 110.5193 111.4479 111.5908 112.9457 113.2869 115.9877 104.0854 100.9405 108.7288 109.4240 113.4746 117.7704 118.6930 113.8480 112.6664 120.3610 117.6158 120.4213 107.0207 122.9720 114.8339 114.0352 109.8485 108.6982 106.3300 124.9177 113.5908 124.8511 124.6176 124.5576 124.4002 124.6206 115.6500
119.8700 119.7217 119.3555 118.9542 118.5185 118.0978 117.7402 117.2554 116.6342 116.0996 115.5242 114.9243 114.2859 113.6087 113.0341 111.7847 112.3699 111.9291 113.6394 110.6527 107.3359 106.7404 105.9646 105.4933 105.3552 105.8468 106.5019 107.3610 108.2904 109.2385 110.1736 111.0289 111.9449 112.4087 111.8844 114.8836 117.7131 110.8144 116.8455 118.6395 117.5800 118.0566 117.6812 113.7804 108.9709 114.1890 116.4479 110.3538 110.1702 118.6863 122.9227 113.6175 114.9692 125.8532 108.2957 115.2059 120.3258 111.8409 123.7620 123.0180 123.4916 123.8865 124.8135 124.4300
120.1900 119.8168 119.3781 118.9988 118.6426 118.2123 117.7443 117.2726 116.8130 116.3024 115.7619 115.1945 114.5938 113.9425 113.5281 110.3673 107.9567 112.7634 98.6202 112.5596 107.7965 108.1812 107.9717 107.5145 107.7678 107.4530 107.9762 108.6136 109.3436 110.1182 110.8397 111.6286 112.4765 113.3935 114.7493 101.3759 108.6015 95.5325 105.0839 107.5799 116.5834 117.3501 118.2042 119.1426 119.8280 119.8581 114.3146 119.8036 117.2286 112.7025 115.6463 115.8191 115.5787 114.8330 112.7919 123.1932 116.9739 117.3953 124.3736 123.5032 123.9244 124.1234 125.1680 130.2900
120.2300 119.8659 119.8392 119.2282 118.8079 118.3727 117.9424 117.4955 117.0229 116.5400 116.0247 115.4813 114.9624 114.3728 113.5461 113.4431 99.0932 97.5989 101.7833 117.8101 110.1199 109.6987 107.0619 104.1172 104.5069 109.3128 109.2659 109.7520 110.3380 110.9221 111.8839 112.2210 112.8704 112.7045 114.9852 106.6963 108.1912 114.9124 109.6297 109.8304 118.2810 117.6961 118.1883 118.4709 118.9080 119.3356 120.3629 120.5771 121.2965 120.4473 117.5486 123.6348 118.7415 120.7349 118.6852 123.6801 122.9075 123.9926 123.8446 123.6327 123.8621 124.1302 124.3078 124.4700
120.2700 120.5337 115.1831 119.7182 118.8952 118.5114 118.1267 117.6909 117.2519 116.7906 116.2813 115.8254 115.1253 115.0643 114.4991 112.9382 99.9954 93.4632 97.8093 92.5389 96.5333 111.7719 109.9344 110.1804 110.0708 110.1326 110.4605 110.7868 111.2570 111.7673 112.3129 108.6583 114.4275 108.2169 115.0471 116.0443 117.3064 115.8643 117.9090 118.5082 118.7979 117.9743 118.3164 118.8397 119.2254 119.6005 119.8934 120.1951 120.5594 120.9667 123.1562 124.0569 123.7824 122.8292 119.9259 122.4101 124.0096 124.1028 123.3920 123.6995 123.9297 124.1557 124.3779 124.4900
120.3200 120.2790 118.4764 119.5120 119.1640 118.7127 118.3333 117.9477 117.3405 117.1235 116.7173 116.1706 115.7680 114.2592 109.5767 115.1320 93.8612 96.0573 109.7706 115.0378 110.6625 93.1148 113.4984 97.4781 98.8546 112.1224 111.4776 111.6930 112.1160 112.5865 113.1978 112.7545 114.5127 97.6047 104.8350 115.9509 115.8420 116.3930 115.3458 123.2299 117.7160 118.7017 118.9138 118.9123 119.4014 119.7235 120.0875 120.5028 120.4672 121.1521 125.8259 119.6455 109.1210 122.0462 122.7461 122.6354 120.3275 116.7425 123.4804 123.8680 123.9794 124.2442 124.4621 124.6500
120.6100 120.4161 120.0526 119.7130 117.4015 119.1313 118.5261 118.0858 118.7388 112.9584 117.1877 116.3717 116.3206 110.3129 103.7847 104.5959 99.7205 109.8840 113.6257 112.6710 102.7571 88.4891 116.1370 103.7101 104.0533 113.3922 112.3542 112.5815 112.8828 113.0401 113.2455 114.0803 115.1949 113.2856 114.5873 116.1106 116.7559 116.8262 117.0483 119.9870 117.5157 119.6755 108.1477 120.2644 119.4321 119.8640 120.1204 120.5719 121.9580 122.4523 113.5707 123.1872 120.5651 121.9249 122.5820 122.8057 123.1616 121.6289 123.4932 123.8529 124.0567 123.7261 124.4244 124.6700
120.6600 120.4664 120.1336 119.8830 119.3951 119.1177 118.8085 118.2527 117.9664 109.4295 118.1749 116.7374 116.4332 115.6159 115.0418 110.2404 105.1585 111.6626 117.4045 113.4483 117.5035 90.7380 113.9873 114.0817 113.7729 113.2357 113.1955 113.3672 113.6296 118.0503 115.3582 114.7064 115.3820 116.2270 118.8317 110.8754 116.2386 117.0985 117.4449 118.2622 118.2374 118.7339 118.7661 119.4996 119.7316 120.1654 120.2071 120.4145 120.7584 125.5121 113.6484 110.4779 107.0374 124.3059 122.5584 122.9291 123.0293 123.4205 123.6243 123.8981 124.1304 124.3600 124.5699 124.6900
120.7200 120.6286 120.3277 120.0041 119.6747 119.3411 118.9989 118.6033 118.6586 117.8768 117.6362 117.2255 116.7230 116.5833 112.0930 95.3993 100.1947 102.6420 118.8170 115.0011 115.7543 113.5233 117.8964 114.0871 113.6551 113.7610 113.9464 114.1132 114.2921 114.6401 114.5418 115.3911 115.5895 115.9532 116.0342 116.9975 117.5277 117.3690 117.8759 118.1936 118.5914 118.7886 119.2458 119.6721 119.6984 120.7630 121.8315 115.2944 119.0005 118.9523 121.3307 109.6247 118.4956 118.6039 122.4976 123.1157 123.3103 124.1219 123.6169 124.1587 124.1913 124.4071 124.6077 124.7200
121.0000 120.7972 120.4965 120.2009 119.8898 119.5666 119.2303 118.9225 118.5356 117.6860 117.8436 117.5146 117.2085 116.9123 118.0197 116.4384 120.9024 96.4948 102.6452 114.5632 113.7470 114.5078 116.5783 114.9498 114.5662 114.5594 114.6533 114.7570 114.9982 115.2421 115.5847 115.7624 116.0850 116.4102 116.6095 116.2574 116.5245 117.5887 118.1509 118.4698 118.8048 119.1668 119.3632 119.8474 120.6467 124.1710 116.8512 119.5795 105.2545 101.8711 102.6338 118.5025 118.3314 123.8863 123.1289 123.0607 123.4133 125.8100 124.8710 120.8906 124.3444 124.5967 124.9701 124.8900
121.0600 120.9753 120.6844 120.3685 120.0841 119.7978 119.4801 119.2471 118.9246 116.7489 118.0949 118.0374 117.6606 115.8827 116.9972 104.0328 112.6436 106.5597 90.7289 120.3931 114.5999 116.3200 98.1767 116.8939 115.4242 115.2021 115.3146 115.5866 115.6625 115.8579 115.9052 116.3640 116.6210 116.5576 119.1171 121.7571 118.7930 118.2355 118.4573 118.7576 119.0961 119.4318 119.8242 121.1082 123.4107 106.6154 105.9118 105.7752 113.7612 108.5477 105.7049 108.8679 112.5271 114.9686 116.9603 123.2809 124.6429 114.3119 131.7924 109.1849 124.3602 125.0310 122.4690 124.9100
121.3400 121.1523 120.8758 120.5981 120.3507 119.9962 119.8018 119.3768 119.0082 117.1903 118.5877 117.5504 116.3039 109.2717 114.2437 104.9195 114.3647 108.1116 111.4106 116.2523 114.8447 117.4854 98.2426 116.7344 115.2410 115.7851 115.9372 115.0231 115.7998 115.6960 117.3950 116.1920 117.1431 118.2849 109.0851 102.9529 118.0404 118.2654 118.8181 119.0588 119.3117 119.5259 119.8362 113.0929 109.3641 108.9784 120.4402 109.3579 108.2929 107.9396 105.2962 110.8938 109.6087 112.8390 114.5795 123.6440 123.3298 124.4689 123.9693 127.2343 124.9630 125.9888 112.2797 124.9400
121.6700 121.3315 121.0542 121.0010 118.4971 120.4639 119.7009 120.9292 118.9671 114.6720 108.1308 119.8790 115.4314 107.4749 120.3544 117.9260 120.3979 104.5248 113.0289 116.2267 116.4153 117.3495 116.8804 117.2475 118.2191 116.3834 116.4975 116.1648 128.9165 116.2332 114.3196 123.8646 117.1301 115.6479 115.3040 112.2448 119.7453 118.3738 119.0408 119.3555 119.5036 120.1759 120.3077 113.4005 105.9543 116.2669 121.4258 106.4495 109.5196 112.8128 110.5009 112.3212 111.9856 110.5397 113.7440 124.8701 123.9966 124.6143 124.1031 124.0704 124.3325 120.3964 115.6537 125.1400
121.6700 121.5474 121.2417 121.1660 118.2822 120.5954 120.1638 119.6509 102.8019 121.9079 120.7417 118.6702 119.6338 120.1449 117.4771 101.2477 118.8335 110.9196 99.8263 117.0771 100.0893 117.4168 118.1086 101.5465 97.3297 111.1699 116.9806 116.9942 117.3221 116.9190 104.6897 115.5392 117.6746 118.2455 110.9452 119.8074 118.6819 118.7482 119.4190 119.5322 120.8695 110.2807 118.3654 116.0897 111.0684 110.8571 113.3041 122.6643 98.1759 109.7963 111.3051 113.9240 111.2984 118.9028 116.5952 123.1966 123.3763 119.7148 124.5240 124.8175 124.0069 128.6910 124.2843 125.1400
122.0000 121.6760 121.4548 121.2640 120.9587 120.8123 120.4672 121.9574 113.6772 118.8289 119.8824 118.9073 119.2161 117.7785 122.0329 115.1876 104.3537 101.5131 119.8426 118.6279 117.1664 117.5120 118.1052 118.0139 117.8978 117.9875 117.3667 117.6091 117.7194 116.6781 118.9579 119.3328 118.1509 118.4516 119.4984 118.9424 119.1800 119.4326 119.6992 119.8881 120.4630 105.7709 110.1719 105.4126 103.4519 114.1962 107.8761 112.5761 107.5248 109.6257 110.9138 115.1311 121.7537 120.2652 119.2604 123.4156 124.3127 120.9383 124.1994 119.8693 125.4416 127.8612 125.5630 125.1900
122.0700 122.3669 118.3150 122.2804 121.1632 120.9837 120.7100 120.3473 120.2289 120.8787 119.8137 119.3997 118.8668 119.4315 118.7412 100.4263 112.5208 109.3938 119.4912 118.2033 117.8540 118.0875 117.7763 117.6119 117.7695 117.7462 118.1590 117.7748 117.9672 123.8025 130.0373 116.6027 118.9687 118.9098 119.1243 119.3173 119.5479 119.7537 119.9761 120.1953 121.2954 122.1234 119.7827 120.0061 105.9463 110.0287 112.2112 102.7114 112.8570 111.2234 110.8302 119.6745 120.6103 114.4432 113.6743 116.7170 122.0859 124.1822 125.0647 115.5302 116.9978 125.2702 124.8251 125.3700
122.3300 122.3346 120.7559 121.6343 121.3982 121.2220 120.9909 120.7669 120.5161 120.3240 120.0074 119.9440 101.4145 101.6543 114.5598 119.0404 119.6527 119.6935 114.8672 117.9017 118.4154 118.4917 118.4941 118.4508 118.3120 118.5208 119.7144 102.5835 119.1602 118.4140 137.8803 119.0218 119.1839 119.3060 119.4780 119.6716 119.8604 120.0676 120.2759 120.5219 120.4896 121.7069 123.1881 117.4685 102.0975 100.7037 109.6457 107.7904 111.2240 113.6651 111.3458 121.7720 124.2247 119.6274 120.3401 115.0268 117.2598 124.9731 124.5482 123.9531 125.3722 125.0874 125.1890 125.4000
118.8500 120.8707 122.2672 121.9303 121.6634 121.4498 121.2446 121.0273 120.8541 120.6178 120.5288 121.2116 119.0573 116.5243 108.4144 118.9693 119.2928 119.2638 116.0726 119.6345 118.7110 118.8992 118.8839 119.4127 119.8547 118.9921 118.5953 115.7456 114.1888 115.1360 118.6662 118.3711 119.5610 119.6665 119.8186 119.9945 120.1835 120.3700 120.5714 120.7673 120.9124 121.6025 121.1627 114.8943 120.0250 99.7624 100.0495 112.3656 109.9327 113.9764 113.5189 125.2255 123.8271 118.9923 124.0245 123.1805 121.3254 124.5199 124.6049 125.1550 125.1458 125.6804 126.4800 125.4400
122.6400 122.4077 122.2833 122.0862 121.8885 121.6717 121.4286 121.3453 121.0546 120.9598 120.6538 119.6455 120.2805 120.3082 120.3228 120.5459 119.6207 119.5817 119.9145 119.3079 119.3820 119.3941 119.3960 113.2907 111.4716 119.2654 119.4859 118.6323 120.6493 111.4382 119.8434 119.9462 119.8399 120.0108 120.1622 120.3135 120.5108 120.6566 120.8617 121.0357 121.2001 121.2554 121.3681 114.9627 114.3003 116.4659 102.1913 99.9930 115.0938 114.6748 123.9037 123.5670 123.6631 123.9338 124.1296 123.8572 124.0863 124.5221 124.7695 124.6802 118.0847 124.5198 125.4344 125.6100
122.7200 122.7053 122.4940 122.2892 122.1704 121.9536 121.7036 121.6462 121.3940 120.5426 120.9995 120.7128 122.7873 120.3456 120.3814 120.1719 120.1612 120.0345 119.9249 119.9027 119.7537 119.7180 120.5675 107.1216 110.4415 120.7574 119.6831 119.7877 119.4809 120.9042 119.8060 120.0769 120.2178 120.3439 120.4828 120.6798 120.5994 121.1488 121.2645 121.4518 121.5026 121.9496 110.1317 120.1970 107.2936 120.3329 110.3117 113.5007 119.8531 118.9562 122.6332 121.9782 124.2405 124.0456 124.1088 124.3882 124.6067 124.6750 124.5164 123.2790 126.1257 120.0995 122.7410 125.6400
122.9500 122.8695 122.7101 122.4967 122.1601 121.7671 121.5884 107.5270 121.7166 121.5004 121.2375 121.2695 111.7551 115.6909 121.0788 120.6113 120.4558 120.3924 119.6401 120.1018 119.9740 120.0574 120.5578 122.7457 121.2656 120.4698 120.0893 120.0957 120.1889 120.0789 120.4214 120.4619 120.5382 120.6685 120.7975 120.9351 121.2486 120.6600 112.0501 121.4384 121.5090 121.9320 117.7584 107.0089 108.2351 109.3959 123.6263 121.5024 112.1639 109.9240 112.7038 114.6445 114.9065 124.9067 124.2151 124.4623 124.6191 124.8003 125.3110 125.3239 125.3607 116.5815 99.5425 125.8100
123.1900 123.0746 122.8995 122.7410 122.2005 119.6214 122.4968 122.6295 121.8584 121.4548 121.8780 122.5419 101.8042 106.9665 121.2319 120.9049 120.8133 120.7107 120.5676 120.5072 121.6513 120.5947 120.6349 119.7880 120.1335 120.2942 120.4384 120.4642 120.7129 120.8188 120.6100 120.7441 120.8965 120.9867 121.1609 121.2796 121.2791 122.3819 119.9184 124.3747 118.3055 122.2904 125.6379 106.1624 105.0939 103.8334 112.9315 115.2291 112.8474 105.0427 110.2416 114.8462 112.7047 119.1157 124.4199 124.6496 124.7869 124.9698 125.0592 125.3020 125.2678 126.0189 112.0454 120.9700
123.2600 123.2690 123.1123 122.9141 122.8214 122.6934 122.2541 119.3200 124.3568 122.1165 121.8840 114.6219 97.3743 123.3438 121.6765 121.2330 121.0907 121.0506 120.3034 121.6265 114.4769 113.7142 121.9227 121.0025 120.8514 120.7885 120.7869 120.8091 120.5573 118.1723 121.4602 121.1521 121.1077 121.3870 121.0373 121.5350 121.7981 121.7048 122.6674 115.8342 118.9005 120.0810 100.3306 106.2164 112.4343 109.2740 111.6512 116.2618 122.3072 113.6460 115.8557 113.8024 115.7736 122.4060 125.5488 124.7757 124.9258 125.0009 125.5135 125.5866 126.5569 119.8088 121.2905 126.0100
123.7100 123.4627 123.3006 123.1578 122.9546 122.8164 121.8591 110.6626 121.3132 117.8163 114.5750 103.6690 113.4557 121.6079 121.4236 121.5625 121.4235 121.3111 121.6461 120.8042 115.8202 121.8727 118.1175 118.5399 120.4568 121.1060 121.1257 121.0937 121.1387 123.0757 117.6284 122.0839 122.0285 121.5640 122.0414 121.9124 121.9500 122.8188 122.0993 123.0693 111.5948 111.2085 108.1688 99.5690 107.4182 114.9668 114.6243 115.3553 123.3204 117.4629 119.8792 112.4700 120.4876 121.5957 124.0994 125.0822 125.0869 125.3403 123.6699 125.4499 126.7691 117.3275 116.7752 126.0500
123.7500 123.6568 123.5068 123.3492 123.2042 122.7895 123.2222 126.4646 123.1775 122.2380 102.6448 98.4748 117.8706 121.9885 121.9671 122.0698 121.4619 121.2256 104.6384 120.8340 121.8022 118.1107 117.6737 120.3539 121.0958 121.4864 121.4055 121.5130 121.4421 122.4313 105.4212 132.7038 117.4344 124.0768 110.2992 120.7272 121.5542 112.5138 116.9388 117.3487 105.4411 108.0330 112.6921 109.7572 101.8461 120.9269 112.0523 126.0062 123.6443 128.7494 123.0773 115.6477 113.5745 117.3147 120.4395 123.8239 125.2587 125.4087 124.2713 126.7111 118.5474 114.8793 126.6772 108.2500
123.9900 123.8435 123.6984 123.5519 123.3995 123.3837 122.7887 122.9874 122.8460 122.2982 105.0182 110.9988 123.0493 122.0885 124.0608 107.1083 122.7239 107.2099 115.6596 122.1675 122.8851 103.3324 102.1502 99.0587 101.9222 116.9548 121.8010 121.8318 122.3223 111.0190 104.4993 112.4395 119.5264 126.2519 111.1852 99.8258 106.4569 106.2674 113.7200 106.8620 104.2243 104.4537 110.3219 114.6392 126.5413 123.5689 123.6823 115.5869 120.2304 122.7813 105.7020 125.3968 122.5731 123.5279 119.6506 120.5302 121.9045 125.6535 126.5490 117.3721 126.4297 116.1879 122.1573 108.2500
124.2000 124.0378 123.8993 123.7544 123.6167 123.5268 122.9204 123.5329 126.0784 112.6576 103.3234 123.3236 122.7500 122.5556 123.4914 115.3734 104.3561 116.3012 118.8893 122.0445 123.2337 125.3620 114.3061 117.0529 122.7349 120.4031 121.9597 122.0873 121.9131 120.0759 106.7285 109.7482 117.4070 112.8393 120.4517 108.7232 115.3656 100.8149 100.0279 100.7062 101.9087 109.3262 105.8525 104.7019 109.2698 123.7104 123.8185 111.1565 125.8362 115.7713 124.2000 125.3744 125.1552 124.8021 112.5764 115.5057 124.1515 125.5737 126.4905 115.7064 122.0144 126.3279 126.2057 126.4500
124.2300 124.2233 124.0933 123.9515 123.8254 123.5896 123.7267 109.2740 116.7520 105.2896 114.7956 116.7805 123.7958 122.0576 124.6291 109.8014 122.7969 121.4725 118.5979 122.4712 122.2609 121.4687 115.0167 102.1395 123.3721 122.0423 122.4649 122.2828 122.6114 116.0831 99.6073 104.1538 104.1538 107.6948 113.7908 100.7232 120.8480 115.1178 117.0772 100.1166 121.1430 121.8008 106.2043 110.2409 110.2712 119.7791 124.3371 125.2053 118.0073 109.0517 116.4683 123.0796 125.2947 124.8894 111.6336 117.5722 126.1610 125.6546 126.0212 126.5054 115.8862 127.4968 126.5173 126.4900
124.4800 124.4082 124.2769 124.1600 124.1100 124.9329 123.5118 123.6901 109.3876 105.7848 106.9468 101.2091 121.0268 122.5829 124.2475 102.6831 122.2586 123.4473 116.6599 122.7194 122.7367 122.6443 124.4469 125.1025 122.8018 122.5542 122.7170 122.9587 122.6055 125.2023 105.9469 110.2241 103.2671 103.4334 105.0114 112.2267 122.4066 123.8704 125.9790 123.1832 124.9212 123.9538 106.3655 106.3985 115.4568 124.8255 124.2734 125.3544 118.2777 101.8048 108.4713 115.0928 124.5711 125.5965 126.6908 125.5507 125.6722 126.1993 122.6116 124.1935 126.0503 126.4622 126.6260 126.6400
124.6900 124.5971 124.4709 124.3344 123.5953 120.2551 122.6745 107.3081 106.1264 105.8483 101.6367 100.9242 120.0382 99.5297 102.7343 106.5679 105.1505 105.6184 122.5861 122.8624 124.3690 122.6341 122.1265 121.6200 121.6651 122.9433 123.0890 117.9297 123.1466 124.0720 104.8098 116.8580 102.7419 119.1915 100.2958 125.0094 124.1780 123.4362 123.2889 123.9034 123.7741 124.3228 119.1751 124.0549 123.2259 123.9650 124.5053 124.6804 124.7705 104.7038 116.9416 121.3484 110.3377 126.9922 125.4136 125.6998 125.7440 125.9555 126.3160 126.6827 126.1709 126.5347 126.6688 126.7900
124.9100 124.7735 124.6635 124.1429 125.7510 109.4377 113.4207 113.7039 109.5409 105.4624 102.7926 101.2027 122.3033 117.1205 103.9925 102.3479 125.9419 106.4537 124.4769 123.3779 123.0807 123.6651 124.5370 128.1968 129.3456 123.0784 123.0170 123.3197 123.4858 124.4706 108.1284 105.8513 102.9863 106.8197 114.4554 107.6093 124.4285 123.7615 123.9005 123.9028 124.3372 120.8075 122.5934 102.8442 116.5075 122.3183 124.8600 124.8935 124.9631 126.1369 125.4351 127.5139 126.6422 125.4237 125.8386 125.8820 126.0295 126.0906 126.2155 126.3753 126.5636 126.6823 126.8125 126.8400
124.9100 124.9577 124.8602 123.5390 125.6957 111.9652 105.9516 102.0177 110.3719 103.1829 104.0886 100.5096 121.7191 103.3160 108.6826 108.5511 126.8465 122.8852 122.5915 122.8097 124.1477 117.9612 113.0077 111.6687 110.2799 123.5533 124.5564 112.3076 106.7223 113.6436 101.8261 109.7869 105.8310 124.8038 128.0123 103.8140 120.5295 123.9156 124.0659 124.2916 123.7221 124.6714 107.8697 102.7875 112.1115 121.4621 124.5801 125.0840 125.1767 125.2558 125.2986 125.2605 125.6159 125.6260 125.9122 126.0597 126.3419 126.4710 126.4073 126.5225 126.6476 126.7501 126.8768 126.9900
125.1300 125.1360 125.0618 124.9400 125.3255 109.6426 114.9442 110.3333 104.7699 106.3201 104.5879 108.8932 125.5081 108.2400 114.0537 106.9216 118.8352 123.8680 122.6806 123.3251 120.7977 122.3581 122.3782 119.9108 122.4276 123.7260 121.8207 102.3554 107.6971 114.0158 122.1581 108.6666 110.3705 125.0041 123.5691 110.0322 120.5048 123.2983 125.4718 123.9001 124.6021 123.3174 106.6426 107.7540 119.8220 114.4041 124.8227 125.2003 125.3251 125.4361 125.5671 125.6770 125.8437 125.9634 125.8264 125.7464 119.9979 126.0154 126.2551 126.6759 126.7935 126.8993 127.7671 127.1700
125.4900 125.3125 125.1902 125.1260 124.7552 125.8933 118.0366 111.5055 108.1372 110.6137 105.6611 126.7722 125.7510 120.2076 109.9408 121.9973 122.7027 122.4834 105.6812 123.7671 112.5629 110.9082 112.6970 111.0256 105.6027 120.2563 124.3907 111.8308 101.8593 106.6858 123.4065 108.5465 109.6797 125.5667 125.9807 122.0888 115.3761 118.9747 115.2248 126.6023 125.2380 117.3191 108.8092 106.7490 120.2891 126.2555 125.8640 125.2893 125.4940 125.6021 125.7079 125.8264 125.9294 126.0581 126.2776 125.4492 109.5183 126.6740 126.5815 126.7758 126.9019 126.7096 125.5614 127.1700
125.5300 125.4895 125.3676 125.1531 124.9808 127.7169 109.3063 111.2324 125.4980 117.9805 105.9781 113.3639 124.5640 121.6303 107.0458 125.9365 123.8375 125.1889 112.8133 114.6473 126.7839 107.8122 110.6410 110.9830 107.6310 102.5777 116.3304 112.1887 104.4467 103.6813 123.7358 106.6031 122.3482 124.3265 124.2692 107.6503 110.1358 121.3113 119.0394 124.7595 119.6282 106.0168 107.8116 108.0436 115.8575 125.9146 125.4340 125.5574 125.6506 125.7659 125.8693 125.9804 126.1050 126.2061 126.2932 126.2275 131.2061 127.2470 126.4577 126.9406 127.0648 127.1631 129.9407 127.3600
125.7200 125.6438 125.5578 125.5685 124.7510 114.5065 117.7170 116.6418 110.5999 107.7265 109.6106 126.8020 124.9874 110.9646 114.6012 124.8819 124.0334 122.3236 97.9300 116.3287 126.1425 105.6530 114.9515 108.8453 106.5522 104.4244 122.3508 104.0576 106.7098 103.9682 123.9740 113.4110 111.8583 126.4727 127.6300 117.4256 107.5792 106.0845 102.0935 123.0595 124.2427 119.1607 109.7921 128.7424 126.2655 125.6376 125.6802 125.7123 125.8224 125.9237 126.0298 126.1404 126.2418 126.3492 126.4548 126.1513 126.2625 126.8613 126.7918 126.9434 126.9745 128.8149 132.3038 127.5000
125.7200 125.8176 125.7668 125.6282 122.7417 110.3653 126.7162 127.0158 108.9211 111.0636 113.8454 121.0102 122.4202 112.0768 121.5902 124.8730 125.2026 125.9187 112.4113 125.0825 126.8495 105.7860 123.7170 125.1116 122.8496 128.9821 103.3438 115.4554 107.5597 107.1881 124.0810 125.3156 124.5465 120.4876 107.6924 103.5396 113.1250 102.7814 114.8411 126.0413 126.0986 118.9980 120.2612 125.8445 125.7282 125.6671 125.8019 125.8833 125.9777 126.1054 126.1724 126.2688 126.3809 126.4991 126.6046 126.7704 126.8819 126.9043 127.4217 127.3214 127.3434 127.9082 109.0886 106.6900
126.0800 125.9858 125.9328 125.5824 122.3537 120.2032 125.8018 125.9652 119.6714 110.5325 121.5871 116.7263 111.7780 113.7908 115.3219 124.7219 119.7474 124.9328 111.0963 125.9694 121.3712 107.9429 119.3678 108.0382 110.1284 118.8459 103.5530 108.1540 109.2957 108.5482 124.0254 124.4211 124.6157 124.3035 118.9491 113.5637 124.1105 116.8925 124.1818 124.9855 121.3263 117.8786 123.9424 125.4111 125.8238 125.8827 125.9523 126.0346 126.2056 126.2060 126.3306 126.4117 126.6536 126.6283 126.7466 126.8417 126.9122 127.5819 118.9069 119.9853 122.9878 125.2320 127.6742 127.6900
126.2800 126.1535 126.0703 125.8915 126.2749 125.2777 126.2797 125.5356 114.3780 112.9123 114.6616 111.7096 105.5192 121.6561 126.6271 125.1065 122.9522 126.1777 111.9189 108.9027 124.1061 108.6857 114.9386 118.9840 112.1782 113.3996 103.0646 109.1949 109.3067 108.1005 124.6065 124.8580 125.1683 118.4451 124.1921 125.3034 126.0102 125.7003 110.5801 127.2606 109.9391 115.7284 108.8110 125.8075 125.7721 126.0330 126.1236 126.2500 126.1356 127.5151 130.6879 125.4422 126.8309 126.8360 126.7909 127.0251 126.9000 128.2831 122.5100 122.2764 126.3357 109.3352 108.8852 132.9600
126.2800 126.3105 126.2217 126.1793 126.0067 126.1012 125.9098 120.3632 111.1615 121.9952 110.2170 112.5298 116.4488 115.5137 121.7762 125.1528 125.2089 123.3747 104.3236 107.7153 102.3498 107.8150 101.4698 103.8328 103.9386 105.6637 105.5297 109.2025 109.2154 107.3971 124.8871 125.0207 125.0741 124.7027 121.6184 125.3466 125.3875 125.3728 108.2600 123.2766 101.9622 103.6066 104.0348 124.0034 126.2002 126.2321 126.2870 126.3515 127.4559 120.1176 110.6600 128.0803 126.7252 126.8529 127.1210 126.5046 127.1433 127.1755 127.3146 127.9212 127.8736 129.2602 122.3253 121.2000
126.4600 126.4702 126.3873 126.2975 126.2458 126.1389 126.0673 127.8497 113.7021 123.2032 118.4678 116.8025 115.7682 114.2904 116.6834 126.9941 124.9762 123.7607 111.6164 125.8768 116.0938 108.1777 106.5993 103.6784 104.8033 120.1369 105.4324 110.8969 109.1921 114.6326 124.1849 125.4475 125.6445 125.4914 126.0273 125.4110 125.6978 124.7947 114.6101 127.4221 116.9832 123.8314 105.9672 127.9861 125.9760 126.3637 126.4465 126.5306 126.4307 130.1378 127.6999 112.8758 126.7139 126.8158 129.7909 97.6515 128.3733 127.4266 127.7052 127.5796 127.7886 118.4038 120.0340 114.1900
126.6300 126.6166 126.5481 126.4717 126.3930 126.3443 126.2466 126.4787 124.2867 127.7260 122.1149 122.8895 117.0402 113.5812 121.7336 114.2052 120.3871 124.3530 116.9189 125.1186 103.9939 108.5555 106.7761 103.4390 105.8179 110.8909 108.2951 110.2645 115.4121 118.1697 127.3500 125.4233 125.7185 125.8529 125.8086 125.9804 125.9451 125.9563 120.1148 125.6709 115.1655 108.8532 126.8915 127.0647 126.2599 126.5740 126.6007 126.6990 126.8333 126.9592 127.0799 124.2341 127.9442 126.7163 127.3330 126.9228 128.4240 126.4755 127.3567 128.2562 125.7481 124.3184 111.3736 110.9100
126.7900 126.8155 126.6997 126.6299 126.5660 126.4753 126.4251 126.3160 126.5559 126.0199 127.0776 122.6922 116.3070 105.0257 107.6170 110.2091 114.6882 107.9175 119.4903 125.9750 103.0654 108.2277 107.3975 103.5743 105.8157 111.0191 106.8832 112.3147 110.8605 116.3953 118.3023 126.9103 126.5279 125.7059 126.1028 126.0485 126.1663 126.1737 126.6567 126.4385 120.1673 103.9039 120.4772 122.9077 126.5139 126.7335 126.7671 126.8450 126.9162 126.7456 127.3728 127.0898 127.0350 127.5006 128.2278 128.9246 115.5638 127.2821 128.9079 122.4768 118.6329 121.5899 113.9770 110.9100
125.5800 126.8400 126.7500 126.7500 126.6600 126.5600 126.6000 126.4900 126.3800 126.3900 126.2700 118.5400 119.3400 126.2000 104.0700 121.9000 108.7700 106.6100 125.9900 126.5100 104.0100 106.7800 108.8900 104.7100 106.1700 111.2700 111.1700 112.9700 118.8500 119.6300 113.4700 126.1100 131.6600 126.0800 126.2100 126.1900 126.3100 126.2800 126.4000 126.3800 126.4800 126.4800 106.2400 126.6800 126.7800 126.7800 126.8600 126.9500 127.0500 127.1500 127.1500 127.2300 127.3200 127.4200 119.3600 127.6100 127.6900 127.7800 127.8600 116.5200 114.6600 125.6800 125.0100 108.8100
