121.3300 121.3300 114.9000 114.9000 120.7800 120.7800 120.5900 120.3900 120.1600 120.1600 119.9200 119.9700 119.7000 119.7300 116.4300 116.0500 119.4600 119.4600 119.4600 102.7500 102.1800 119.7100 102.0100 101.7200 104.1200 104.1200 120.4100 120.3500 120.5500 120.8100 112.4500 101.3300 107.5800 99.5400 99.7600 99.7100 120.0300 114.7800 103.4900 105.2400 100.7700 100.9400 103.2600 103.2600 120.2800 114.9700 115.8900 116.7200 117.0600 125.7800 126.8200 126.3600 105.6000 121.4000 121.9900 123.4100 123.8200 103.8300 104.0800 104.2100 107.1900 127.8400 127.8800 128.0800
121.2700 121.3184 121.0576 121.2383 120.5917 120.4938 120.3379 120.0452 120.2421 119.8565 119.6212 119.7301 119.5889 119.3158 120.4187 103.6012 110.3558 119.9655 102.5819 98.8095 97.1196 106.6470 97.7216 102.7637 100.3219 124.7481 121.5057 105.2984 103.8526 109.3806 113.2327 109.0693 99.7224 97.5232 98.5522 102.1063 104.0745 118.5976 102.7865 102.9749 106.3722 101.4034 108.0870 111.9930 115.2318 114.4540 119.1640 110.4032 111.3655 124.7260 127.3163 134.6076 110.4871 123.0712 124.3568 123.9192 110.0682 103.7215 104.2171 103.9143 107.9497 114.5701 131.2016 128.2000
121.2300 120.6735 120.6404 120.2961 120.3530 120.1116 120.0179 119.8082 119.0980 116.4270 119.8498 119.1351 119.1854 119.1201 118.9855 119.7535 119.8374 116.7854 94.8149 102.7556 96.3740 97.1272 101.2341 102.7918 99.9927 98.5927 121.1770 97.2461 110.4723 104.1472 113.6847 104.7325 98.8484 98.9495 98.4854 104.8104 106.0955 95.9527 99.8184 99.3097 105.3736 100.2829 118.5969 121.0595 116.7587 116.2994 111.5628 100.6130 99.2737 127.9976 130.5054 123.8892 118.3688 112.5603 112.5064 105.9329 105.0965 107.1318 103.8844 103.2666 106.8409 108.0993 115.2353 128.2000
120.9300 122.4250 121.6481 120.1046 120.9609 119.8160 119.4736 119.4950 119.5596 111.6358 118.1891 118.8326 118.7885 118.6783 118.6474 118.4187 117.9053 117.2497 104.3580 99.2800 112.3398 97.4254 100.5610 102.4476 114.8502 121.4215 117.6804 108.3660 104.4452 103.1786 105.6950 98.2557 98.0782 101.1612 108.1726 108.1389 103.7111 99.3557 102.1369 99.2892 103.7644 102.0127 108.1628 105.1957 102.5780 111.5616 109.4506 113.8148 114.2990 127.7077 119.6864 119.5680 120.8888 119.3032 119.5521 120.2042 107.1949 104.2920 103.6370 106.9992 106.8991 105.8893 108.1054 105.3300
120.5300 121.1885 103.9951 104.0982 120.5930 120.2026 119.8580 119.0593 118.8614 119.0676 118.8903 118.4639 118.3480 118.2566 118.1750 118.1533 118.1550 118.7774 121.1755 114.4500 108.7953 94.4738 100.1498 97.1155 112.0505 118.6447 119.2381 115.4706 107.0982 119.5929 102.8264 98.8035 99.5191 101.8252 126.8378 106.8092 99.9131 99.4081 100.3530 103.9377 111.1647 109.8268 110.6882 100.7020 99.4729 103.0442 109.6892 108.6953 117.8750 118.3540 123.0895 106.9398 125.7097 126.4568 131.1896 106.8388 104.6407 106.0745 106.6530 107.0408 110.0340 107.7519 105.5735 106.4300
120.2000 119.2297 121.8069 109.0700 118.6972 108.8045 118.1338 118.7372 118.5483 118.3385 118.0508 117.9758 117.9187 117.8107 117.7054 117.6481 117.5918 117.2812 117.5704 117.8706 119.4757 100.6489 95.2667 115.5194 117.6802 118.5862 118.7431 118.1143 118.9296 106.0219 97.1938 105.8037 106.9364 106.5735 101.0155 99.5634 99.6934 97.2490 108.6651 109.6836 102.0310 113.9981 110.0772 107.0526 108.0025 107.3186 117.8553 122.6847 117.9767 107.9575 103.7835 122.7640 124.6342 122.5036 103.7718 101.8151 108.5966 102.3339 109.4516 109.5889 109.1884 103.4041 106.6475 114.5600
119.8800 120.1322 119.7297 120.6785 118.1382 114.4124 119.9851 118.0707 118.1338 117.8269 118.1827 117.9895 117.6243 117.2365 117.2335 117.1389 117.1166 117.1715 117.1507 117.0274 117.6920 114.1638 102.2087 113.0997 114.9635 117.5922 120.8253 112.9313 120.4786 107.2050 96.5469 100.3108 103.5315 103.4142 97.5550 98.5313 98.3867 113.0024 114.4424 105.8211 98.3209 105.4230 106.2096 106.6598 106.5839 120.4864 121.7424 107.9455 101.5208 107.3312 122.7564 124.3367 100.9820 103.5000 102.7421 104.4857 109.6827 109.0467 109.8288 103.7951 107.8342 118.7852 117.8759 117.6500
119.7700 119.9586 97.2697 120.7228 118.3614 118.6117 118.1106 117.9672 117.7248 117.1321 117.2875 108.6644 112.8855 117.7199 116.6163 116.6502 116.5684 116.5494 116.5832 116.7058 117.4351 111.3335 108.6125 111.5572 106.7087 118.4002 101.4563 98.6204 102.1473 105.2832 96.3555 106.6342 103.9190 97.5549 98.0822 98.0477 98.3275 106.3918 113.3925 99.8781 103.9967 98.8965 105.5635 106.5333 119.5589 119.9524 102.3837 106.5158 120.8723 123.3308 106.8842 103.8278 102.6518 102.4482 104.9949 108.6286 108.4881 103.8643 109.7902 117.5226 121.2101 123.9041 115.7563 110.2800
119.3900 119.5270 108.0953 116.6748 118.5031 118.2211 117.8240 117.5898 117.2717 116.8998 116.6698 100.2235 102.5682 103.9115 116.6502 116.1407 115.9882 115.9973 116.0090 116.0912 117.1164 115.4974 102.7102 111.4824 115.9860 118.8102 106.2838 119.9192 105.0450 95.1546 107.0341 95.6899 105.2657 103.6295 104.5748 106.7469 116.6691 114.5809 112.4420 100.1965 103.6521 104.6326 116.0481 103.7501 101.6580 106.3360 105.6563 117.6862 116.6222 116.2196 114.9138 100.8692 102.4287 103.2741 105.5108 102.7596 103.0813 102.1337 125.3582 120.9389 118.2955 113.8520 108.6843 104.3400
119.3200 119.1310 118.5900 119.9523 115.1211 117.8688 117.2567 117.0633 116.8468 116.5634 116.6448 110.6489 105.8883 103.9722 117.5145 115.3329 115.3873 115.3730 115.4193 115.3918 115.7033 115.8821 114.1745 117.1475 115.5345 103.8411 118.4774 117.5943 106.4381 119.2089 122.1407 98.6971 97.1124 97.1174 109.6428 110.5284 109.7481 108.8567 101.9404 99.1943 102.1964 97.9774 98.1102 101.3778 114.6695 113.9072 102.4643 112.9729 115.5775 114.8659 115.1065 102.4735 101.3136 101.0032 103.3553 103.1897 103.1814 109.5313 122.6534 120.0010 119.2372 117.4706 110.8791 111.2600
118.9400 118.7239 118.1833 113.5024 109.1837 113.4579 117.8340 116.6350 116.3540 116.0856 115.5496 111.0398 104.3163 104.9967 107.5634 115.9884 114.4279 114.6844 114.5987 115.2292 111.8967 115.1393 116.7856 106.4204 112.5934 88.1441 120.7090 116.5961 117.0183 117.2801 112.0336 109.9890 104.3294 109.4231 96.1590 99.5953 97.2666 108.7233 103.3757 99.9361 98.7294 99.4960 100.0702 98.9549 97.6577 99.3159 116.3807 108.4096 115.5701 112.1018 113.5967 102.4371 108.9151 109.5093 103.6829 102.5061 103.2967 110.4544 123.3003 116.0141 120.6754 110.8962 111.1030 111.3800
118.8600 118.1763 119.4054 119.2078 110.1437 97.8956 116.6269 116.1270 115.9861 115.5369 115.1398 116.5062 100.3694 101.2777 97.0623 116.3226 114.4382 114.4971 114.0973 113.8333 112.9649 114.5963 112.4903 99.5297 110.9119 100.5489 117.3569 114.6781 116.9044 115.2606 108.6123 109.9085 102.9316 102.1034 96.3018 99.3330 111.7611 114.3301 102.9991 97.9678 99.0847 99.5161 98.6860 99.1064 103.2861 108.4564 115.3084 118.2994 118.0059 102.1813 120.7058 98.7941 117.5269 114.4768 101.6845 101.5769 101.0305 122.8594 123.4970 123.5064 124.7310 128.2187 108.4260 104.1500
118.3800 118.3602 113.6609 95.3586 96.0534 96.5942 104.8319 110.2409 115.6657 114.6871 114.6361 116.0235 108.9801 98.0753 99.8220 115.9534 107.8536 108.4843 113.4691 113.5091 113.7214 113.8097 109.1828 116.8882 116.6521 104.2143 103.3107 117.4607 116.7424 106.1441 110.5938 112.0690 101.5747 96.6042 94.9127 122.7132 126.8702 108.0332 110.5073 97.4717 97.5561 96.9132 100.8544 109.2090 115.0372 118.1417 117.9326 117.3729 117.7295 117.7157 123.9676 100.9217 103.9448 104.7213 102.4778 108.5182 102.2556 111.2455 116.3879 126.1208 128.0889 125.1057 112.0349 111.4400
118.3800 116.7800 115.7658 110.7063 113.7485 94.8040 92.3171 98.9127 115.3979 114.5906 114.0250 112.2162 116.7427 95.7716 95.0300 115.0783 104.2135 95.9600 113.3878 112.5578 112.8216 113.2540 112.4407 115.2435 109.7413 112.0982 114.0796 106.8469 105.6829 106.9072 107.2077 98.4875 95.6895 95.5946 96.5803 119.8225 113.9174 111.3754 102.7766 98.0956 102.1153 109.1077 113.4237 116.5040 116.7886 116.6550 117.2870 117.8592 120.2459 106.1504 107.6007 112.9595 101.5976 102.1215 102.8360 106.2393 102.3086 101.9767 113.9797 129.1662 127.1795 128.7451 119.2106 111.4400
120.6900 117.3419 117.9425 100.6627 91.8593 95.8875 100.8548 109.0762 113.5752 113.6925 113.4642 113.0111 113.4694 112.6817 98.7323 113.4191 110.9135 113.7597 111.5264 111.7000 112.0651 111.4240 113.5900 116.2790 96.5846 106.4600 110.5977 107.8827 98.6107 105.5915 108.6104 96.8584 94.8788 99.3226 104.3242 111.2095 107.8535 96.8923 96.4250 96.9215 112.5735 114.3843 115.3328 115.8756 116.2659 116.3633 116.6178 118.1523 119.5139 114.7321 106.9876 111.0177 101.2489 102.3566 101.9205 108.5566 105.3614 104.8256 102.6026 126.1354 127.7854 116.9550 106.0379 103.9400
117.4800 117.3214 117.1464 120.2305 104.0821 94.1246 93.7670 98.9115 115.5690 112.8981 112.7768 112.2251 111.6113 111.1721 108.6672 111.3043 109.7527 108.8826 110.5003 110.7084 111.0792 111.8828 97.8852 112.4511 99.4967 93.2058 102.9908 100.1859 104.9942 104.5515 105.3498 109.5989 104.9036 110.3128 120.0975 108.2323 107.6649 108.7219 105.7383 99.1078 112.3952 112.8568 115.3951 106.1808 117.0760 117.5447 118.0497 112.2732 110.2563 108.5225 102.8830 102.6806 101.7333 101.8140 101.3288 103.2006 102.3059 100.1433 123.4876 126.8188 128.3816 108.9246 106.2207 103.9300
117.3900 117.1027 116.6711 115.8074 115.1454 110.9013 102.1693 101.5011 114.2856 112.5436 112.1290 111.4497 110.8476 110.2782 109.9653 109.1891 109.1729 109.4045 109.3029 109.5990 110.0248 111.4816 107.9636 107.8195 95.8070 89.3011 96.1053 98.4377 98.6170 103.9838 104.8570 106.2662 106.3101 106.6680 107.6688 108.5468 109.2923 112.8562 98.9442 110.7395 106.3137 114.5066 115.2064 115.9432 105.2496 107.1476 107.2497 107.9703 101.0879 101.1517 100.8397 101.4446 101.6159 102.2590 115.3889 102.6833 110.6397 124.2574 125.1422 126.2179 127.1064 125.4456 127.3215 109.9600
117.3200 116.9294 116.3984 115.9153 115.3832 115.0006 114.1373 104.2031 109.4063 112.3251 111.3947 110.6637 109.9235 109.2402 108.5781 108.1734 107.8423 107.7160 107.9370 108.3405 109.2220 106.5205 110.4100 99.6441 88.7030 97.2686 98.2662 104.7947 102.2371 102.3943 103.6603 105.2423 106.4285 107.2769 108.3306 109.1302 109.7135 109.3078 94.1702 112.1228 107.8560 100.5258 100.8612 104.5221 106.5794 120.3639 104.1089 122.0159 102.2682 122.7294 106.0849 109.5135 100.6218 101.7369 101.9221 102.2194 102.0659 119.3840 125.6498 124.7065 126.1838 129.1365 104.4873 128.2300
117.2500 116.7417 116.2198 115.6626 115.0550 114.3568 113.9086 112.0798 112.3230 111.4875 110.7195 109.8437 108.9570 108.0805 107.2727 106.5783 106.1541 106.0796 106.3436 106.9137 107.5996 108.8868 109.5617 96.3859 99.9488 107.1592 98.1702 97.2527 99.1684 103.7008 104.5329 106.0436 107.0107 107.8390 107.9229 107.5865 109.4557 99.2913 97.2582 96.9659 98.0023 110.4035 115.0471 115.7810 116.2858 116.6825 117.9630 118.3702 116.7029 116.8567 109.6833 101.8337 102.5766 101.8413 102.6474 102.9107 127.9379 107.6054 124.6220 113.4634 126.2224 127.3802 128.3276 127.8600
116.8300 116.5672 116.0189 115.4350 114.8209 114.1762 113.4275 112.6708 111.6165 110.6670 110.0720 109.0450 107.9615 106.8497 105.7464 104.7876 104.1425 103.9988 104.4076 105.2467 106.2850 107.2020 106.6636 104.9611 97.3622 102.1701 109.8716 97.6867 99.8685 101.9594 100.4388 104.4194 104.5273 106.6322 102.2854 98.6586 97.2563 95.8508 96.2316 107.6204 113.8529 113.4208 113.5745 114.5372 115.5836 115.4313 117.1741 116.5200 103.7880 102.3923 123.4046 111.5370 110.4779 100.5503 104.3723 124.9726 123.0796 124.5125 125.6550 126.4804 126.1098 126.6099 127.2421 127.6700
116.7800 116.4432 115.8839 115.2643 114.6210 113.9170 113.1827 112.4303 111.5623 112.1748 109.4414 108.2625 106.9791 105.5482 104.0408 102.5868 101.5143 101.2708 101.9748 103.3132 104.8058 106.3429 108.9904 115.1328 117.2280 106.7214 117.7809 99.8397 96.0999 97.6464 105.4072 96.1501 97.0371 105.2168 106.8611 109.7174 101.2314 102.5973 97.7570 104.1746 113.0392 113.0431 113.9921 114.8557 116.0788 112.9945 116.9985 118.7676 120.9493 120.8477 120.3413 114.3002 114.4070 107.6970 109.2007 123.4554 124.0111 124.0404 124.5660 125.2659 126.0269 126.9286 125.8792 127.5100
116.7300 116.3078 115.6506 115.1162 114.4564 113.7376 112.9541 112.1812 110.9107 114.6787 108.6123 107.5657 106.0609 104.2692 102.1987 99.9280 97.8081 97.2236 98.8534 101.0610 103.2996 105.1315 107.3348 107.9768 107.8995 106.6059 109.9449 97.1468 93.4936 94.7210 102.5402 105.6634 105.2134 105.4773 107.9781 108.6336 94.7989 105.7663 96.5741 102.2433 110.6511 114.0948 113.8918 114.5333 115.5906 117.3361 116.8379 116.9890 117.6552 119.3351 120.6348 121.6125 122.7601 124.7084 124.6996 122.9392 122.0652 123.2228 124.0062 125.3203 125.2360 126.2381 117.4823 115.7500
116.7000 116.2370 116.2521 115.0536 114.3639 113.6147 112.7948 111.9005 110.9550 108.9572 108.4965 107.0222 105.3252 103.1797 100.3919 96.7000 91.6805 90.5331 93.9294 98.8233 101.9146 104.3330 104.1009 109.0097 109.7993 105.9109 96.1010 97.7270 99.2208 100.8519 101.5147 103.4304 103.9410 101.6692 100.7447 101.3202 101.8916 102.6761 99.3916 97.6568 108.4704 108.1746 114.8888 115.6668 115.7163 112.1765 119.3834 118.9335 120.4213 115.9053 118.7176 119.7829 116.7455 118.2692 117.6902 121.9797 120.9836 116.6165 123.0644 123.5907 124.7078 125.1799 127.6064 122.9500
100.7600 117.6126 112.4069 114.8954 114.1790 113.4969 112.7152 111.8061 110.8432 109.8355 108.5079 106.7461 104.8809 102.4845 99.1265 93.3849 86.7052 85.4458 89.4250 96.9546 100.9282 103.9667 103.8295 94.6232 100.6092 98.0437 98.0685 97.5580 100.3697 100.3380 102.1101 103.0423 105.5753 102.9159 94.2633 103.1821 101.6189 112.7645 107.0654 107.8218 102.7629 103.1982 111.6239 105.5314 102.7108 99.9360 105.4182 107.5219 107.8591 116.6061 117.2312 111.6377 104.1695 111.1158 105.6916 112.3415 112.0289 123.1106 116.2523 125.1909 113.4289 123.7721 124.9717 125.9400
100.7600 121.6742 113.7992 115.8936 114.2373 113.5710 112.7063 111.8382 110.5189 109.4689 108.3244 106.7451 104.8481 102.4192 99.0207 93.1482 86.1968 84.8224 88.9127 96.7661 100.7764 102.8292 106.2892 82.8420 96.5550 98.9141 96.2631 98.6234 101.9096 101.2529 103.0667 104.3288 107.8892 103.3491 96.3668 104.2644 95.0665 111.6287 111.2358 112.9563 110.2235 96.4454 101.7298 96.3667 107.1397 112.3278 102.7749 97.7394 105.5501 105.2621 108.8968 118.0365 100.3252 106.0444 101.1064 105.1814 107.4592 113.0285 107.3436 114.6872 123.0732 123.7942 121.5098 125.2000
94.6800 97.2909 95.0879 114.3366 111.4632 113.6531 112.7884 111.6724 112.1004 110.3769 108.4984 106.9643 105.2213 103.0103 100.1363 95.6072 90.5822 89.4349 93.0265 98.4846 101.8571 104.3784 107.3928 103.8155 100.4478 110.1876 103.4408 95.4653 97.3392 97.6553 99.8123 100.8099 103.2623 109.9404 94.2223 97.9397 95.4659 107.1303 112.9240 105.2351 106.7170 104.1300 104.3979 105.4981 112.6136 107.8959 118.8145 114.8534 116.9467 108.5780 100.5209 103.5755 101.8920 102.8380 102.1915 102.4446 103.3388 101.0051 119.9597 121.7944 126.0677 103.8089 117.5027 124.2500
94.7000 113.1760 112.5096 114.9546 118.6625 113.3619 112.8319 113.9575 93.5800 112.4566 108.7026 107.4400 105.9128 104.0585 101.8799 99.6009 96.8382 96.0627 98.1352 100.5595 103.7928 101.3304 112.7933 103.4729 94.2116 102.7727 104.9660 96.4253 97.8520 100.9014 97.9579 100.2720 102.5938 101.6516 109.3712 100.6052 96.9158 110.5596 97.8576 98.2183 99.7908 105.4112 106.2384 106.5714 113.2763 115.5562 117.6128 119.2986 111.5276 105.9983 100.4182 101.0993 101.2929 101.5913 101.8332 102.1069 102.3263 100.4682 121.9575 124.1419 125.1715 118.9821 119.0757 125.2100
116.7300 116.7267 116.2226 112.2528 114.8070 113.8437 113.1202 110.4723 108.8990 110.8795 107.7800 108.2295 106.8052 105.3176 103.7072 102.1356 100.9254 100.6364 101.4335 102.8926 116.5548 101.7913 104.6688 99.6844 109.7315 91.6779 96.2709 97.5499 95.8934 98.0867 101.9114 103.3475 104.7188 106.4866 94.0736 108.5818 100.7762 104.1335 103.6947 104.9061 104.4972 109.9752 111.9175 113.3782 114.4104 115.6229 108.7521 110.5412 99.7274 100.6474 100.8870 101.2319 101.4984 101.6655 101.4852 112.0027 101.9340 101.9249 116.6421 124.8476 119.0047 118.3794 118.5419 119.1500
116.7700 116.4864 116.0420 115.4022 114.8157 114.2157 112.7560 111.9896 97.4791 111.8675 110.0264 108.8578 107.7937 106.6179 105.4633 104.4037 103.6863 103.5303 104.0114 105.1210 105.3046 124.3756 110.2153 111.8419 101.7212 92.4402 97.3608 95.9156 101.4012 101.9057 103.8885 112.3013 105.5216 107.3775 108.1074 96.2568 111.6312 110.6498 110.7915 107.7893 111.5000 112.7531 112.9660 114.3179 114.7735 116.3066 103.4152 102.5013 99.9710 100.7409 100.9997 101.2746 101.5438 101.8010 102.1070 101.6715 103.6634 103.5613 103.1539 103.0266 104.2724 105.1654 105.7436 107.0000
117.1900 116.7152 116.1298 115.5725 114.9875 114.3291 113.6414 111.3627 113.7493 111.3363 111.1064 110.1889 108.7552 107.9274 107.0093 106.2460 105.8059 105.7160 106.0055 106.2428 109.7269 101.7680 107.1013 95.2844 95.2868 90.9086 104.0011 109.6702 99.8483 105.1464 103.7003 105.0427 106.4960 107.4691 95.3957 110.6127 98.4547 109.5430 111.5393 112.2228 113.0502 114.3212 114.6449 113.8658 112.4555 111.3771 101.8304 100.7469 100.3890 100.7349 101.0554 101.2930 102.0145 102.2902 102.8382 102.1905 122.3039 112.3357 109.3401 103.0994 105.5925 106.1047 106.0489 106.9600
117.2400 116.8920 116.3990 115.8600 115.3278 114.2341 114.2815 97.3155 115.2360 111.4132 110.8692 108.2093 109.4594 108.8721 108.3258 107.9613 107.5264 107.4539 107.7060 108.3328 98.1244 83.8210 108.7298 98.3322 95.2727 95.0226 92.6965 105.3163 104.1964 116.5323 104.0294 106.8904 106.2203 108.3620 99.9401 106.4229 98.2376 112.1791 110.6577 111.2437 112.8326 110.6935 115.5856 117.7030 99.1742 101.6446 98.2717 100.0918 100.6996 100.7719 101.0659 101.3301 101.6802 102.4564 102.8963 103.6104 103.1958 103.8897 104.0389 106.2104 107.0369 108.0535 106.3643 124.4900
117.3100 117.1016 116.6142 116.1089 115.6286 114.6745 116.0342 114.2059 109.7450 106.8352 98.7468 96.6517 111.9628 110.3366 109.8927 108.9619 108.8413 108.8108 109.0074 109.2132 110.3130 97.3323 90.2051 93.6445 96.6112 98.9235 98.3171 92.7264 108.1731 108.0632 111.3432 110.9758 105.8084 110.0338 107.3486 99.1346 112.7091 111.4095 111.1944 112.3708 113.8028 106.3588 111.5653 109.9328 109.4632 99.7453 108.0055 100.7871 104.9418 101.6499 101.2052 101.3771 101.7787 102.1690 102.4825 102.8537 102.1876 103.3939 113.2829 105.7076 107.1039 104.4404 114.2033 108.4000
117.8000 117.3128 116.8659 116.4624 115.1457 115.7640 111.2046 116.4016 97.9237 90.8486 90.2450 110.8541 101.6702 93.5653 111.4185 111.9279 110.1529 110.9360 110.2781 111.0118 103.4191 107.0518 89.9807 109.9907 95.7760 101.6188 100.1688 100.7753 103.4637 106.2071 103.7725 109.4284 104.5582 103.6370 95.2698 95.0325 110.0399 106.0818 112.3443 112.6108 112.9451 114.9700 106.1007 100.1565 100.6103 99.8364 111.4261 101.6294 107.9796 104.2119 101.2124 101.3934 101.6578 101.9275 102.0755 100.1527 114.5295 115.7340 107.6134 106.3154 106.9236 106.5763 108.7571 108.4200
117.8000 117.6500 117.0466 116.4402 120.3707 106.4499 99.8691 107.5824 91.8887 91.2838 92.7439 107.2714 112.2036 111.8509 95.0591 110.9860 110.2670 106.8044 110.4335 107.7930 116.6218 113.7218 92.2735 99.5140 101.3168 99.3078 102.3562 101.7168 101.7538 110.7660 96.9877 104.2792 109.3308 103.7899 102.6694 97.8482 103.2617 98.9003 111.7053 112.5500 113.4677 114.8006 112.1069 111.8982 108.4102 98.8103 98.6153 99.8621 100.1906 100.3930 101.3735 101.5075 101.7575 101.9982 102.3041 99.6564 126.4229 125.5047 108.7839 118.0798 128.3351 105.0463 122.8324 129.0600
118.2800 117.7126 117.9519 117.2322 114.8487 106.7206 99.5990 84.8728 98.1718 105.8055 114.7333 113.9309 113.7908 114.2013 110.5515 112.9811 108.7024 111.4092 103.8601 111.1161 108.9347 95.4689 92.3565 96.4796 108.1139 100.0495 100.1935 103.4841 102.7369 112.7715 97.9653 104.5956 108.1664 106.8628 111.2737 107.5599 102.4190 110.3438 113.4927 112.4270 114.2367 113.5687 110.7941 114.8495 117.2134 105.2542 106.3689 100.1287 100.9915 101.3260 101.3879 101.5618 101.7701 102.0349 102.7887 102.2283 117.7172 101.4088 104.0687 125.5054 130.6999 101.9163 122.7732 107.4400
118.3700 118.8525 110.5244 113.8764 119.0609 121.5899 116.2556 105.2149 113.5334 114.9059 115.1561 112.8515 114.8051 89.7651 111.2446 113.1324 110.2921 102.7557 113.0915 132.7613 101.3043 93.7241 100.0258 96.9904 105.9302 110.3793 103.0377 103.2927 105.8164 102.9687 105.4665 107.1670 107.0665 106.6847 102.3964 109.2260 111.5141 113.7142 115.9588 115.9546 114.6082 103.5189 108.1314 117.4675 117.4851 118.4521 111.0777 101.3412 101.0810 101.1185 101.4151 101.6966 102.1197 102.1996 102.4160 102.5646 106.3268 104.0833 104.7619 105.3870 111.4989 117.5002 124.8028 129.1000
118.7500 118.5942 116.2291 119.0208 105.5635 100.4260 102.3690 117.9911 116.3682 115.0386 115.1783 114.4809 113.3539 99.0075 111.6610 114.3347 99.1883 93.2618 98.1809 114.1325 87.9741 94.3764 102.1450 100.1236 102.8988 107.9547 103.8155 106.1331 103.0984 108.4930 96.9998 106.6092 106.5130 104.7791 109.1726 102.1365 106.2070 115.4314 115.4561 116.7545 117.4098 116.6642 98.1596 102.2203 101.6660 107.3499 102.7983 101.1863 101.0248 101.2056 101.4694 101.4167 101.1660 101.7603 102.4440 102.7541 102.9736 103.4206 104.9112 106.1474 106.2431 109.2117 111.3731 120.9700
118.8500 110.2574 118.2593 101.3467 95.9481 106.8225 115.6201 116.7392 115.8870 115.8705 115.6860 115.4672 98.1360 89.8276 113.6960 114.8769 107.9762 104.6708 113.9970 106.8816 93.7045 93.1224 100.2805 101.1019 98.7492 96.4215 95.4640 97.2913 105.9284 107.5062 106.9691 108.8328 110.3190 96.7230 111.3759 110.7009 106.6030 104.9077 117.3200 116.8074 118.2469 121.8405 105.2640 99.5515 99.9704 100.3287 100.5978 100.8562 101.0898 101.3098 101.8409 101.6787 115.8620 105.0694 103.8679 103.3123 102.4316 103.3359 104.3291 104.9657 105.5645 105.8112 107.5376 108.0900
119.2100 118.7325 119.4424 110.7742 98.0181 112.1837 116.7918 117.8778 115.9488 116.8383 116.1586 116.6462 117.6034 115.7484 115.5873 115.6088 113.2036 112.2523 110.4718 120.0293 102.9121 94.1788 102.6620 107.6891 105.8699 106.6010 94.9705 107.1961 107.3917 106.3942 109.5370 109.0765 110.9763 102.3799 98.8820 96.9912 112.1863 112.5047 106.0354 114.4946 117.4177 121.8777 99.5894 103.9828 99.8919 100.5080 100.7785 100.9677 101.0862 102.9235 102.4719 101.4340 108.1921 117.1988 112.6373 114.4154 119.4248 111.4922 105.8901 104.8668 105.2514 106.0840 106.9351 107.6000
119.3100 120.8494 104.4834 116.4170 104.1200 98.1707 102.6588 97.1851 109.1419 116.9906 116.7459 116.7031 110.2636 116.4000 115.9734 115.6880 113.1666 113.1412 110.7322 116.2868 107.3985 105.2714 111.2721 103.3161 108.1946 109.1892 102.5480 96.5906 114.5365 111.2828 107.7568 110.5443 102.3896 98.1903 108.7107 93.3107 109.5285 112.3123 111.1306 105.9271 104.4497 118.6701 116.0203 101.5550 100.4940 100.6173 100.6254 101.1188 100.4395 113.4686 115.1454 100.8556 102.0799 103.7915 114.7221 114.6640 115.2771 121.8193 122.3601 114.0092 109.0156 106.4237 105.3787 107.4900
119.6600 119.2923 121.4315 122.0569 116.2743 114.1794 117.1307 92.9420 117.1766 115.3781 116.9636 115.1821 116.8926 116.6259 116.9548 115.6230 110.6924 110.5901 111.9637 111.3701 112.7790 107.1377 108.1280 104.2083 107.1847 108.7245 110.5851 107.0858 112.8020 112.2293 104.7105 110.3499 110.5801 116.1231 97.6249 99.7875 114.5893 114.4176 103.5056 115.5041 115.2771 102.7851 114.8374 108.0671 100.0454 100.3131 102.3025 101.1201 101.4494 105.0279 101.1766 102.2168 102.4628 102.3198 104.7970 120.5539 117.0919 117.4600 120.5161 122.6020 125.9620 114.3791 110.5111 108.0800
120.1000 119.7243 119.8158 111.1536 98.3034 103.6340 97.7540 107.5058 117.7836 113.0327 117.9726 110.0097 113.5241 107.4559 118.1207 118.3855 116.0678 114.0459 107.4724 92.7714 97.5250 102.9395 108.8953 111.4253 111.1332 109.3279 111.7455 109.5421 109.4850 115.2971 100.8721 110.0163 110.5551 112.6250 94.6681 103.9839 106.4731 113.2900 114.3129 116.3832 112.0721 100.0814 98.8608 105.6771 101.3177 107.5758 105.7466 101.4322 101.6141 108.5294 102.8408 102.6370 102.7693 104.2432 120.8297 119.5242 113.9049 104.3078 117.8361 121.3743 120.9268 121.2720 119.7708 104.4700
120.4200 120.1949 119.4464 122.7857 106.2635 95.9442 92.1758 109.8651 113.2057 116.5664 117.6575 110.2899 102.3195 103.6665 119.0258 116.5159 112.3906 112.9518 117.1262 95.9439 95.1538 104.4203 113.1713 108.4846 110.7217 94.5919 107.8427 110.5774 110.7657 111.7049 97.7197 106.0466 108.1368 103.6833 110.6777 109.4572 107.5587 117.2844 114.8658 106.1846 97.8890 100.0367 100.5905 100.0917 102.3933 109.1264 101.9038 101.6503 99.2293 99.8301 101.1706 102.3061 102.6962 103.2105 124.3363 111.7236 111.8203 122.5998 121.7869 121.6653 115.6456 120.5991 115.7774 104.4700
120.4700 120.3050 120.2384 119.3132 121.8494 109.6007 94.7828 113.9234 97.0364 115.7834 119.1254 105.6418 97.4149 101.7220 119.2571 120.6433 115.6770 116.1061 111.3907 96.1461 96.6313 94.7560 115.5126 106.4136 112.7146 112.8984 109.8304 115.9432 110.9351 112.9720 114.2402 95.9411 97.9733 107.6783 95.1062 99.0207 95.8438 102.9477 117.8034 99.3984 100.1702 104.4694 100.4984 100.7681 100.6442 102.0095 106.7212 107.4044 116.7998 102.2680 100.7721 102.4575 102.8205 101.0420 115.2619 101.5039 125.7211 120.2038 121.3752 121.5771 103.0799 106.9382 116.2577 122.2500
120.8300 120.6128 120.3701 120.2515 121.0231 124.0049 94.6138 108.6665 118.1992 111.2915 109.9649 102.5205 110.1056 109.0312 118.7244 122.1703 115.2250 113.0699 100.6623 96.2262 96.7293 95.7678 111.7570 111.3271 106.6158 116.9835 98.5932 110.3153 118.8956 114.3991 105.7827 118.6222 108.5237 103.1141 103.0645 99.7075 99.2998 115.5161 103.7013 100.7241 100.7958 100.5000 100.6688 100.8358 101.3231 103.9336 117.4770 112.3805 116.3975 108.2517 112.9375 103.2555 103.2197 102.5262 102.2941 102.7765 114.0780 107.8443 105.8064 118.2369 117.9351 103.2465 102.1768 104.6600
121.1300 120.8857 120.6662 120.5956 120.4576 124.3658 101.6243 107.8482 119.2766 105.1816 120.5197 101.1004 115.3677 117.6998 120.0735 103.9669 96.5887 97.9450 97.3804 97.0125 96.8228 97.7011 96.0046 95.9433 93.6558 110.3120 104.7356 98.6794 106.6280 106.6749 102.8537 102.9829 102.0789 100.9645 99.6280 99.4582 99.8745 98.9828 99.2905 102.8131 99.5619 100.0117 100.8897 101.0830 101.2914 101.2906 105.9467 120.5287 111.9346 106.6925 115.7348 101.9725 98.5819 121.9729 100.5384 101.6771 101.9806 109.4574 118.8550 106.1734 127.7412 100.5843 122.4223 104.6900
121.1700 121.1490 120.9532 120.4657 119.9210 121.5600 104.0065 123.2830 120.6774 114.2392 109.7692 103.6353 111.4955 113.5901 104.8057 99.1585 103.5790 97.2885 97.1829 97.3328 97.3049 97.3619 107.2670 103.7797 117.7144 108.9910 94.2824 105.0259 95.2909 107.6019 109.0572 96.0115 97.7984 101.7351 97.5682 99.5640 100.1055 100.3663 100.3895 100.1697 120.4990 104.3512 101.1370 100.7846 105.7392 101.0103 101.5370 103.6346 104.2932 108.7721 103.8033 100.4303 124.4714 124.6450 111.8465 113.7358 118.9507 102.2475 106.4730 107.7672 108.8181 127.4660 119.8900 109.9200
121.5200 121.4129 121.2601 120.9241 120.8267 120.9140 121.6202 119.7513 121.8278 108.6773 105.3277 104.7975 116.3382 109.5026 101.7843 101.8390 97.9565 97.7667 97.7186 97.7885 97.6026 98.2851 111.7653 101.6207 122.5312 97.1740 121.3209 110.9671 101.7840 103.0671 117.2118 110.8192 98.8791 103.2294 99.5222 100.0211 99.6707 100.6888 99.8003 99.7127 101.1418 105.6002 107.5198 100.5573 101.1722 104.8565 100.9946 100.9578 102.3355 102.8901 102.4510 102.5447 107.3323 127.8398 102.1551 112.6997 131.1931 126.4894 100.7738 104.1723 104.1876 116.3959 132.2642 131.5900
121.8000 121.6836 121.5136 121.5434 121.7325 109.5362 120.0041 104.0449 115.6485 97.6778 106.6061 105.6236 104.2032 99.2718 111.1512 96.9344 98.4510 98.0572 98.8695 98.1461 98.5940 99.5770 99.4886 95.3130 120.4425 117.0972 123.2744 113.3882 105.2908 100.6881 99.8787 101.2514 99.6228 99.6228 99.9517 100.2750 99.0575 117.2427 100.2010 101.1968 121.9959 119.9090 113.2483 109.0509 101.9555 104.9343 121.5031 109.5599 101.8303 106.9060 102.4395 102.8974 103.1955 102.1969 117.7581 128.2205 128.9234 130.7980 131.4643 103.5776 107.5923 104.3804 106.4052 131.9100
122.0600 121.9284 121.9515 121.3233 122.5410 103.9885 102.2788 107.8297 104.8800 96.6375 102.6638 102.7825 100.4490 108.1564 105.1802 98.0602 98.5862 98.4530 98.4634 104.7799 99.6504 99.4195 99.1942 105.5499 115.6089 101.8804 101.3348 111.9631 106.4915 106.8136 99.5692 103.8113 101.1589 100.0571 100.2299 100.2058 99.6570 101.4465 100.0534 100.3778 100.1177 100.1357 101.3239 101.6305 100.7204 113.6708 121.1139 121.6518 114.1524 101.6590 102.8833 106.9930 122.6671 107.6514 115.6465 118.1534 130.7984 130.9198 107.9587 122.3624 134.3496 105.9600 109.6560 105.8600
122.3900 122.2022 122.1037 121.9648 124.5491 107.8420 103.2647 105.0847 99.9048 97.7841 110.7406 98.0638 98.3896 99.3174 112.5530 97.6203 99.0987 98.8074 98.5918 105.2835 101.1698 100.7343 109.7039 129.4697 120.7398 106.9996 124.2536 128.7570 105.4973 100.4737 99.3820 107.0613 98.4372 100.9804 101.6445 100.3881 100.7215 101.0965 103.7606 100.1533 112.5445 107.0073 101.9678 102.2739 101.8163 107.6082 121.8571 121.8740 122.6263 112.5958 113.3893 124.0010 122.8071 124.8104 124.9316 119.4701 114.6249 120.0992 131.1239 132.9117 131.4376 132.9838 127.8300 105.9300
122.3900 122.4282 122.2454 122.5359 107.5360 99.4679 99.5311 107.4393 100.4795 98.9853 101.6087 102.9353 101.9001 100.9335 110.8712 98.4374 99.3106 99.0865 100.4222 104.4180 104.7502 101.7636 102.1981 108.1422 103.1719 109.8285 123.2785 102.7120 100.1884 106.3951 99.9159 102.5803 101.0759 111.0818 112.0303 99.4065 105.8117 100.1945 100.9843 101.2834 101.2709 100.1993 101.9393 102.0304 102.0442 107.9487 108.8628 124.0606 122.8121 121.9863 124.6671 123.6340 123.8189 124.0138 124.6823 124.5627 105.0140 119.3270 118.0453 129.6107 128.5414 127.8257 100.4070 105.0900
122.9400 122.6685 122.4027 122.3096 118.1889 110.2172 99.0683 104.4042 99.6221 106.9931 107.2813 102.9532 99.2970 103.9831 110.7709 98.7606 99.5862 99.3307 102.2451 101.7012 104.2573 103.9010 105.4468 102.3198 121.9209 95.8093 102.3052 108.8751 108.9329 106.1396 100.5284 103.6320 100.8892 99.1932 109.8377 100.1058 117.2370 100.7749 101.7973 101.2389 101.7747 102.2677 102.2246 101.8285 112.2575 108.8884 118.6759 111.5565 120.8526 123.0517 128.3370 124.2825 123.6149 124.2759 125.0975 126.9066 106.2571 100.8939 123.4645 116.8690 118.9108 121.2303 121.2806 105.2300
122.9400 122.9075 122.7831 123.8788 107.7875 121.1393 114.3419 105.9069 98.5581 107.0673 112.9892 107.9403 99.4462 103.5392 111.4484 99.0141 99.9296 99.6061 102.4923 99.2648 102.6490 100.2464 99.7863 100.5132 106.8851 100.5904 106.9798 100.2978 99.3076 101.3901 100.2567 100.2146 102.3082 102.6432 114.7263 113.1281 102.6875 101.3647 107.9902 101.0068 101.7943 102.1285 102.2773 102.3455 115.7291 126.9517 125.7068 121.5283 122.9858 123.6002 125.9210 126.7264 124.6990 124.8505 125.0381 125.3815 121.2972 122.2265 118.4479 123.1519 119.0782 119.6960 129.3834 105.2700
123.2000 123.1432 122.9276 122.7806 118.8478 123.2134 109.1357 100.7644 118.5285 116.9212 114.3645 110.5202 98.8616 115.7012 111.0980 99.0478 100.2798 100.0120 102.5949 100.6348 106.7086 104.9147 99.7271 101.4061 107.8063 98.5789 100.6737 100.0290 100.6776 100.8878 100.9515 100.6026 106.3313 106.7545 104.7235 102.7603 101.6765 102.8023 103.8296 102.1299 102.1400 102.2285 102.8345 102.2795 98.2758 114.6108 124.0227 124.5890 124.4107 123.0912 124.4092 126.5863 124.7204 125.1836 125.0904 125.4619 126.8632 125.0144 120.9286 127.6210 126.9276 114.1793 108.7435 105.4400
123.4500 123.3710 123.1830 123.1929 120.2597 119.5543 121.1094 102.4638 104.9741 105.6273 114.0537 102.6538 98.9922 113.1293 114.8392 99.5697 100.7039 100.4352 100.5960 100.1300 104.5255 105.5851 104.6458 104.9033 102.1799 107.2742 109.7153 108.6316 101.1718 101.0315 101.0903 101.0250 107.2563 105.6985 103.1306 103.4167 102.4945 102.2130 99.8392 101.9833 102.2743 102.8227 101.0282 117.2745 105.2461 112.1243 126.4747 125.9332 124.7108 124.9599 124.6071 124.7593 125.1722 125.3361 125.9001 125.6301 125.4025 127.5387 132.1845 131.0804 126.7373 123.0363 111.0703 105.4500
123.6900 123.5922 123.5182 123.3634 123.4577 122.4285 121.7269 109.8895 114.1770 118.0376 117.3919 100.4676 99.9720 114.4240 115.1399 100.9005 101.1258 100.4608 101.6881 100.5817 102.9176 107.4374 104.0553 100.6816 111.3596 113.9176 100.1919 100.8273 100.7917 101.3300 101.3234 101.4550 101.2119 103.1299 102.6603 102.4091 101.9763 101.8236 109.1196 131.2632 108.7778 102.6649 102.6638 107.6769 102.9141 104.2046 108.6244 124.6894 123.8109 120.4974 125.2283 124.5192 124.6566 125.5837 125.7629 127.2084 131.9528 132.1814 133.7625 135.3527 133.7759 128.6919 125.0561 105.6100
123.9200 123.8188 123.7351 123.5787 123.5203 124.4844 121.8559 118.7874 118.5192 111.6283 102.8001 101.3088 101.9422 117.4624 109.2561 101.8459 102.2551 102.2990 102.5498 100.9911 103.6847 107.9966 102.3383 103.5060 107.2491 100.7883 108.7811 101.2134 101.4064 101.1150 101.4587 101.4048 101.4632 101.4422 103.4109 104.5039 103.6427 102.1809 104.9650 119.3708 118.5124 102.1740 102.8395 105.2464 103.4761 104.6052 104.3768 115.7224 125.7255 124.1397 125.6182 126.0255 123.8952 124.7828 128.3687 130.7373 125.8140 118.2022 122.5420 116.6676 113.0958 122.5350 120.0375 111.7900
124.1300 124.0304 123.9234 123.8418 123.5907 127.5019 109.0823 115.4540 118.6819 116.8077 102.2107 101.2871 104.0383 101.8971 112.4546 104.5800 103.2348 102.6519 104.0640 101.2383 101.8580 103.7540 101.3482 101.9942 103.0494 101.9932 101.3603 101.0601 101.5750 105.8663 101.9466 102.3048 107.8371 101.5310 107.3314 107.4508 115.7730 120.1791 103.1329 106.1148 111.2267 105.6554 103.0940 105.7345 103.7155 104.3606 124.7256 124.6467 124.2446 124.2853 125.3063 126.1398 125.7136 123.9655 121.3163 122.4268 126.2514 131.2292 130.5201 117.5096 119.5084 105.4606 105.7640 110.4400
124.3800 124.2436 124.1503 124.0923 123.9367 124.4159 122.3401 116.3956 120.3331 111.9714 103.3193 100.7713 111.8144 113.2364 115.4488 103.7955 103.7717 102.7627 105.3210 101.2982 102.9019 101.8220 101.5957 100.8803 108.2102 101.2189 101.7610 102.1725 101.6564 105.6439 105.8628 101.3917 101.5421 102.5120 105.2411 110.6391 123.4448 119.1339 102.6239 103.1928 108.8059 104.4615 102.9967 103.1329 106.5095 103.7906 120.4137 116.4121 122.5735 126.0800 125.5192 121.7170 124.3243 127.8583 121.7684 119.6809 112.2932 131.8589 135.3507 133.8325 135.3675 126.0310 104.5283 105.8000
124.6000 124.4490 124.3555 124.3196 124.6464 121.9963 123.7222 119.3192 106.0568 125.1836 104.3115 100.4694 116.1208 111.8660 115.1276 104.9390 104.5096 104.0887 104.8377 110.5369 100.7629 101.0630 101.8292 101.8316 101.2652 101.5797 101.9434 102.5900 102.8219 108.7392 109.8181 114.1609 101.5342 106.6050 103.4590 112.4925 105.0064 102.4941 102.6141 104.7107 112.5570 107.2551 103.2207 103.8128 102.0684 108.5275 103.0036 108.2857 125.7616 125.5615 128.1127 127.0132 122.6586 124.9748 125.8193 113.2348 117.4162 130.8557 133.7748 134.7795 138.0531 115.3720 115.8054 111.2200
124.8100 124.6524 124.5603 124.4887 125.3862 115.9376 118.3650 116.6043 107.4426 120.1986 103.3634 102.5912 116.0361 112.9054 105.9046 102.0333 105.1578 104.7522 102.8192 109.0286 105.5891 106.9551 101.3584 102.1095 102.1722 102.1898 102.1475 102.9947 103.1936 106.7021 112.3746 112.7527 117.1552 101.7898 102.5802 103.2616 107.9540 123.0937 105.6033 103.8690 103.1457 106.6837 102.8851 103.4029 105.5992 104.8090 106.9740 106.5968 107.1998 124.6821 123.6554 123.0914 124.1558 121.8109 123.0318 125.9522 122.3833 111.4522 129.9044 133.9942 127.9759 119.8519 105.6682 107.3300
124.8100 124.8526 124.7682 124.7035 124.7110 119.5820 119.8593 117.3360 117.0142 115.6071 104.7447 106.2331 111.0028 115.1857 103.9177 102.4627 101.9308 101.9308 104.8304 108.8911 102.0718 106.2537 101.9342 102.6590 102.1032 102.3796 102.3594 103.2870 102.3802 107.0143 104.8676 108.0809 106.0660 101.7439 103.1021 103.6256 112.0484 109.4231 101.1650 107.3168 103.5280 106.7311 110.3414 105.3177 111.3220 107.1075 110.2760 105.9910 108.6027 127.4484 119.4830 119.4283 126.2070 125.5328 125.5241 129.4747 126.9665 125.7092 125.7698 118.4500 112.3495 106.4748 107.7684 106.1100
125.0100 125.0100 124.9300 124.9300 124.8100 124.6700 119.5300 118.4000 117.5600 106.2400 103.8800 104.3300 102.2900 102.3000 102.3200 102.3300 102.3400 102.3400 107.6100 103.9400 109.1700 102.3000 112.0500 110.4900 102.4400 102.4100 102.5700 102.5400 104.4500 102.6500 105.1700 104.8100 104.8100 104.4300 103.1500 103.2600 103.2600 112.8300 104.2800 103.6000 103.7000 103.8300 108.5300 104.0500 110.0800 107.8100 107.7700 110.2200 107.5300 122.7500 123.4000 120.6500 126.3800 122.9700 125.0100 105.2800 127.7700 122.7500 122.9700 107.7600 106.1600 106.0500 106.1500 106.1500
