118.5800 120.5900 120.7200 122.3100 115.5400 122.3400 122.3800 122.1700 122.0400 121.8100 121.6800 121.4400 121.2900 105.5000 105.5000 111.0800 120.7300 120.5100 120.5100 113.1000 111.1000 120.0500 112.8100 120.1300 107.0300 107.3600 107.3600 109.8700 107.4800 108.6000 107.5300 107.7300 105.6200 100.7900 100.7900 100.1900 120.6700 120.8700 121.1300 121.3000 121.4600 121.4600 121.8400 121.8400 121.9900 122.1800 122.3400 122.7100 122.8500 123.0200 123.1900 123.3700 123.5000 123.6500 123.9800 124.1100 124.2500 124.2200 111.3300 112.2100 116.3300 114.1800 124.9900 124.9900
118.5800 120.9191 120.8372 116.8999 115.1853 120.8316 122.8126 121.9988 121.7445 121.5805 121.4712 117.6234 120.8837 121.8919 124.2952 105.8831 121.7975 120.7484 121.0503 117.5371 115.7418 117.2609 118.8562 121.1558 107.2621 106.6627 107.5956 103.6124 100.7141 104.9554 110.1269 105.2367 103.8302 107.6697 101.6469 103.5988 121.3017 119.7553 120.8460 121.0306 131.5701 120.9798 115.6160 121.8580 121.5606 122.0816 119.2863 122.5530 122.6847 122.8937 123.0710 123.2574 123.3848 126.5902 130.3360 127.3845 131.2736 115.1973 113.2221 112.1024 113.8447 113.2979 123.6936 125.3300
119.9300 119.6458 121.5790 121.4830 115.3028 113.3951 122.0352 121.9467 121.5882 121.3549 121.3044 121.0831 120.9496 114.7548 117.2219 119.0050 120.9110 118.4487 113.6203 118.6469 114.1005 103.5293 123.1429 108.8176 110.9477 104.7534 102.8852 104.1620 102.8515 105.7656 111.4772 101.3209 102.4009 118.6350 113.6009 121.8624 118.4692 122.7061 121.4660 120.6994 121.3624 120.4515 120.4426 121.2681 121.8371 122.3398 122.2698 122.0941 122.4694 122.6485 122.8974 123.0446 123.2173 115.1745 99.8324 111.4839 113.7599 107.4504 113.6987 112.0108 112.2711 114.6777 125.6244 125.2700
120.0100 120.9417 121.8477 122.5829 119.7653 117.9098 114.3782 118.9742 121.3968 121.1528 120.8293 120.6818 120.8105 116.7570 117.3972 120.0005 119.7302 120.3173 119.1501 119.9623 107.4875 105.7853 109.4765 122.7978 106.0825 106.5706 104.7501 114.0471 114.7689 108.0994 99.4229 104.3433 103.3655 113.1017 115.7307 108.0311 107.6265 118.5413 119.0382 119.9295 107.2037 119.6563 124.0463 122.7547 121.9968 121.0131 122.1757 122.6971 122.3222 122.5036 122.8068 123.0424 122.6277 120.9612 127.6871 104.7535 115.4877 113.4983 110.8069 110.4023 107.9756 123.2908 124.8455 125.2700
117.6400 120.0699 122.2402 122.7090 122.9199 121.8218 117.1779 115.7890 122.1129 121.4713 120.0264 120.3903 120.2814 118.2239 119.3908 119.4665 119.4658 119.1340 118.8744 119.0115 117.0826 120.8577 113.9282 115.5754 102.3636 105.1869 102.6690 105.6177 101.0097 96.5949 105.5722 103.3857 100.5553 121.1487 119.1926 110.8065 120.0680 120.1811 120.3716 116.1265 122.1391 120.3181 119.6926 116.0971 121.2069 122.7260 111.6173 121.9465 114.4918 122.8694 122.3085 120.8852 123.5133 120.0004 100.8388 103.3141 111.5589 110.1582 111.1843 107.6054 113.9659 126.2537 124.8136 125.0600
117.3900 117.7232 122.4184 123.2853 119.4470 115.6058 123.2445 113.7171 114.8790 118.3309 120.8119 120.0810 120.3001 120.5199 119.5773 119.2635 119.1119 118.9367 118.2792 118.2275 106.9999 113.2739 119.1929 116.0530 103.9765 104.3723 104.6667 99.9730 99.4176 118.7073 108.8415 94.9645 99.8170 119.2867 119.4684 118.1820 119.3176 119.3764 121.7326 100.1861 116.2137 120.6104 120.4536 120.5653 120.9117 121.1920 118.2972 122.9076 120.4357 122.3103 122.2201 123.5315 105.7821 102.8153 102.5608 108.2392 105.3927 110.9098 104.9061 110.9053 123.7203 125.0525 124.6133 125.0200
118.8800 119.0319 120.5639 121.6983 123.3909 113.2513 113.4457 111.7218 112.3590 112.7301 118.4529 121.1182 110.2845 118.2004 118.9712 118.2771 118.8215 118.5181 118.3840 118.6772 113.3624 108.0902 120.0692 102.5106 104.2348 97.4849 99.8304 99.1859 98.9590 97.8141 96.8855 96.5107 108.0850 119.6357 118.3382 118.5651 118.8944 118.9883 119.4828 119.1283 119.9485 120.5241 120.1638 120.5244 120.7752 120.8244 121.3702 121.6992 121.7752 120.7877 124.8911 103.5272 101.1090 104.4575 113.7568 112.5609 112.2811 102.0501 101.5184 126.1099 118.8889 118.6461 122.4924 129.6800
122.1500 120.2289 107.5402 122.7711 117.5383 112.0121 111.8931 111.6465 110.7968 110.6661 116.1179 114.8227 113.6215 115.6535 109.7690 119.8027 118.5284 118.1173 117.7270 119.3712 118.4724 105.9590 119.9484 112.0513 108.5701 98.9653 100.0059 98.4487 98.1888 123.2469 94.2254 96.0428 119.8943 113.5267 116.8091 118.2163 118.4854 118.8371 119.4555 120.0554 113.6437 104.2865 121.7568 120.0347 120.5185 120.7647 121.0424 121.1604 122.4632 113.4696 113.9998 101.4544 108.3446 111.3316 101.9793 100.8484 101.5203 109.4867 114.4793 124.3589 124.3464 124.7606 124.7786 115.3000
122.1100 113.2383 113.8549 113.4102 112.3309 112.3956 111.5803 110.8486 111.0404 109.1730 111.9076 113.6253 109.6802 110.0958 96.7693 107.5111 118.2548 117.6762 117.1281 119.2558 117.5110 105.1901 104.8126 117.4212 114.1440 95.5177 96.8596 105.6051 108.0244 109.2230 109.8645 118.9852 116.8467 97.2079 117.6893 117.9348 118.0550 118.8082 112.3012 113.0189 111.8892 119.9391 119.5644 119.9868 120.2497 120.5300 120.7833 121.0837 121.4177 122.0335 107.5283 115.4360 102.3525 99.2892 112.0407 102.7898 106.9017 111.8506 125.5098 123.4894 123.9917 124.3698 122.5954 109.2200
121.8600 115.7055 113.1728 113.8506 112.3183 111.4957 110.8398 111.0584 111.6654 110.0699 111.7982 110.9048 105.6221 108.3078 112.2935 104.5941 117.4883 117.1036 117.0641 116.3604 116.8156 116.8473 106.5720 116.8674 117.6391 98.8208 95.3433 117.1182 115.6464 115.1622 116.0840 115.7027 118.2476 116.8546 116.9862 117.2727 117.6962 120.0596 104.1177 102.7581 117.1705 119.1466 119.6662 119.7003 120.0230 120.3020 120.5923 120.8756 120.6751 118.8647 108.1246 108.7495 122.1281 102.1062 113.1294 101.6776 103.9038 123.2489 123.6216 123.8936 124.1430 123.0116 121.6545 102.5900
121.7900 114.5123 112.1816 113.3086 114.1839 112.4756 111.2038 110.5125 111.9297 111.8669 110.6828 110.3112 107.3099 109.2630 104.9923 109.4205 115.8528 117.0654 108.1200 115.4367 115.8938 102.1967 107.3357 115.6367 114.6107 114.9562 115.7734 115.2860 116.4590 115.5181 115.9194 116.1393 115.7953 116.5007 116.7517 117.4356 117.0848 112.8805 94.0534 97.7624 105.9467 119.9400 119.1414 119.4839 119.7801 120.0803 120.3877 120.6370 120.6835 112.8210 123.7539 105.8247 116.5251 108.6699 105.2826 97.0407 103.7426 117.4307 123.6139 123.7403 124.2371 118.7474 131.0906 124.5500
121.7400 121.0859 111.3394 112.8243 113.8824 113.9730 113.4749 111.7719 111.7009 115.5641 113.1999 107.6661 106.2063 106.0676 105.5719 103.0480 103.3046 109.1495 100.1640 109.2301 116.2232 120.7322 115.6946 115.2204 114.8235 114.5662 114.4190 114.7835 114.7434 115.0395 115.1620 115.3915 115.7221 115.9475 116.1497 116.5334 108.9433 107.7778 107.4309 117.9289 118.7737 118.5099 118.9027 119.2227 119.5466 119.8668 120.1696 120.4448 121.1403 122.5068 117.7468 118.9053 117.6743 110.2468 102.8406 113.2796 108.6880 126.5887 123.4443 123.6905 123.8130 123.9047 124.5192 110.2500
121.4200 122.1980 115.1073 115.3603 115.4879 115.7654 111.7101 110.4569 110.4578 115.1005 109.6995 107.3612 106.2627 104.5248 105.2836 103.5769 109.1132 104.4511 100.2849 99.6851 104.4972 115.2226 113.7995 113.9918 114.0681 114.0094 114.0596 114.0550 114.0892 114.1528 114.5679 114.8076 115.0958 115.4327 115.7574 116.8220 111.6899 116.8999 118.3941 117.5392 118.0525 118.1668 118.6318 118.9831 119.3195 119.6505 119.9793 120.3039 120.5765 120.6141 121.8498 120.2347 97.2405 111.4974 109.0296 99.3824 100.9730 109.2188 123.9856 123.5311 123.6418 124.2852 124.5017 136.7900
121.3700 120.2999 120.8526 117.3036 113.1571 114.7131 111.0801 106.5870 105.4258 109.2010 107.7223 105.1137 104.4343 103.7400 104.7696 106.0893 107.8206 102.5524 101.3179 97.5370 98.1510 115.2579 113.3531 113.5632 113.3143 113.2275 113.2022 113.2714 113.8917 114.1939 113.8834 114.1682 114.5137 114.8546 115.2500 115.4907 116.1229 117.0433 114.8698 117.1430 117.6315 118.0248 118.3766 118.7416 119.0949 119.4418 119.7824 120.1042 120.3004 120.0467 121.4563 122.2270 116.1549 109.8212 101.1502 110.9895 105.6980 122.3701 123.2052 123.4898 123.6078 124.1102 120.9709 127.3200
121.1000 120.2892 120.5759 117.0350 119.0868 113.0058 110.1836 106.2681 106.0518 106.0378 110.1258 106.1762 104.9031 105.7485 107.6947 99.2618 105.1511 109.8536 109.3502 99.8435 97.9197 111.6985 112.6796 112.6380 112.4791 112.3717 112.3130 113.3093 104.0290 113.0629 113.0400 113.5260 113.8600 114.3056 114.7147 115.1858 115.5696 116.0491 115.5109 117.3771 117.1553 117.7254 118.1233 118.5034 118.8862 119.2436 119.6075 119.9840 120.5449 123.5043 110.9375 120.8944 112.3442 111.6028 103.1958 107.7243 123.0728 122.4054 123.0885 123.3453 123.6220 124.8101 124.5789 107.7700
124.0400 120.8765 120.4105 108.7359 112.4685 117.4819 108.7562 102.5447 104.3444 104.6975 105.9713 105.0727 101.1463 106.0545 103.6158 102.0240 102.0046 95.1183 97.8361 103.5392 111.8743 113.8790 110.9971 111.7194 111.5403 111.4334 111.3944 112.2252 111.4956 112.0112 112.3601 112.8224 113.2652 113.7038 114.1886 114.6894 115.0952 116.6393 105.5105 116.1382 116.7896 117.5383 117.8757 118.2812 118.6782 119.0697 119.4087 119.6005 117.6807 101.1000 100.0260 102.8685 113.4506 104.9206 119.9698 109.2067 111.5069 124.3175 123.0466 123.2879 123.4897 123.9909 124.6465 110.4100
121.0100 120.7074 120.7808 121.0917 109.3020 108.3837 106.0411 105.0959 118.0713 102.6744 106.0472 102.1221 108.5215 105.9985 100.1344 100.1479 105.9225 100.0813 93.8756 106.1699 106.5309 111.3201 92.1917 110.9678 110.5362 110.3688 110.3315 110.3404 110.7322 111.2634 109.8137 112.5201 112.5251 113.1042 113.6474 114.1811 114.8160 115.1723 114.6308 116.3428 116.6911 117.2040 117.6520 118.0801 118.4863 118.8458 119.4477 120.5467 107.4589 98.6290 114.0760 117.5303 121.4461 119.1196 110.4775 113.9644 109.4203 123.6675 122.8755 123.2293 123.4707 123.6020 124.3189 124.0500
120.7400 120.3908 121.0053 112.7113 114.5375 105.5052 100.8587 109.5649 103.8352 112.6888 107.4285 105.3934 102.4119 103.7017 101.0521 103.3510 97.8415 101.0271 101.8707 93.0977 102.3556 109.9243 110.0659 110.2917 109.3990 109.1586 109.1590 109.3424 109.6382 110.0573 110.9430 111.1796 111.8617 112.4753 113.1003 113.7165 114.2872 115.0353 115.3733 115.9441 116.4985 116.9665 117.4327 117.8797 118.3210 118.8772 116.6487 119.5261 119.5961 120.0380 119.8972 122.9790 105.4637 107.1550 107.5243 119.9300 119.2113 122.3968 122.9844 123.1811 123.4113 123.6786 123.9557 124.0200
120.7000 120.5837 120.2390 118.8618 119.2386 108.6290 104.3819 106.9600 112.1759 103.7878 105.4292 107.2623 103.0924 105.4177 104.0723 102.7316 102.1788 98.1654 109.5994 107.2259 109.6249 109.3213 108.9616 108.4915 108.1105 107.7591 107.7389 107.9562 108.3918 108.9764 109.6624 110.3753 111.1191 111.8502 112.5612 113.3398 113.3599 117.6713 114.6688 115.7718 116.2336 116.7403 117.2324 117.7059 118.1574 118.5658 118.9845 119.2848 120.5364 117.8090 120.6186 112.1091 120.6560 120.9220 122.1967 122.0727 122.5738 122.6140 122.8511 123.1282 123.3785 123.6338 123.8779 124.0100
120.6700 120.4865 120.2933 114.7082 110.2242 106.6292 105.7690 102.9834 103.1906 103.9120 103.5967 101.9161 105.3472 105.6241 102.8076 102.4642 101.4296 105.4402 107.1911 103.7981 90.8914 108.9104 108.0467 107.1159 106.4830 106.1046 106.0614 106.3845 106.9761 107.7549 108.6215 109.5146 110.3941 111.2452 112.0536 112.8038 113.4876 114.1240 114.8639 115.4267 116.0120 116.5481 117.0579 117.5398 118.0004 118.3065 118.9959 116.3281 124.8018 109.3687 120.2934 126.0999 118.3107 113.5999 118.5332 122.0625 122.2172 122.5374 122.8180 123.0747 123.3331 123.5866 123.8019 123.9900
120.6400 120.3755 120.0198 120.2996 120.4257 120.1430 120.3381 113.9549 108.1570 108.4973 102.2179 103.2682 100.4072 105.7481 103.4933 104.8821 99.1797 113.5561 114.4807 115.2881 105.4373 109.2239 106.4271 105.6219 104.6382 104.0525 103.9863 104.4817 105.3599 106.4295 107.5421 108.6510 109.6844 110.6678 111.5676 112.3942 113.2134 113.9302 114.5972 115.2246 115.8083 116.3694 116.9035 117.3905 117.8026 118.1595 118.7281 118.9116 120.0884 121.2791 120.1668 120.7494 124.1040 121.7968 115.3094 121.9952 122.2979 122.4949 122.7687 123.0407 123.3007 123.5533 123.8995 123.9700
120.6100 120.3629 119.9416 119.4630 118.9348 118.3851 117.6044 117.9673 119.5291 111.2466 109.8967 106.6198 108.4854 106.0126 103.5302 105.4040 96.1772 111.0772 114.2567 109.4246 108.2138 106.4244 105.3787 103.8012 102.3774 101.3780 101.2691 102.0907 103.4705 104.9937 106.4529 107.8088 109.0287 110.1361 111.1365 112.0538 112.8822 113.6654 114.3673 115.0255 115.7032 116.2742 116.7810 117.2810 117.8215 118.2760 118.6454 119.0861 119.3042 119.5727 120.5583 120.2475 120.3002 122.0586 122.4031 121.9391 122.1763 122.4715 122.7481 123.0093 123.2675 123.5114 124.2343 130.3600
120.5900 120.1144 120.1227 119.4848 119.1845 118.7698 118.1052 117.5934 118.1095 107.2779 115.9612 111.8592 110.7601 102.0400 106.5426 108.1639 98.0877 107.2485 116.0762 106.9349 107.5666 105.7938 103.9891 101.8804 99.5929 97.5374 97.2681 99.0987 101.3482 103.5417 105.4307 107.0557 108.4656 109.6943 110.7844 111.7700 112.6550 113.4609 114.1971 114.9205 115.2191 115.8996 116.6825 117.1993 117.6837 118.1661 118.6124 118.9431 119.4385 120.0007 120.0926 120.6876 120.8474 121.0367 121.2105 121.7150 122.1713 122.3761 122.6924 122.9874 123.2415 123.6269 123.5275 123.9400
105.6000 122.8944 117.5881 120.2133 119.0742 118.7142 119.4741 119.2015 119.2437 107.0142 109.9999 105.3502 100.4221 109.5718 104.8769 99.7074 101.0802 110.6072 113.1488 106.3715 107.1178 105.0473 102.8248 99.9558 95.9814 91.1367 90.6056 94.7451 99.2284 102.2485 104.5895 106.4714 108.0413 109.3834 110.5406 111.5595 112.4834 113.3232 114.1175 114.5092 117.7674 115.8197 116.6540 117.1461 117.6447 118.1235 118.5733 119.5406 119.5181 119.2308 121.0204 120.4626 121.5697 120.9833 122.7616 122.2313 121.8934 122.7762 122.6707 122.9793 123.2483 123.0370 123.4748 123.9400
100.9800 123.8403 107.4035 120.9256 118.9668 118.7483 111.1150 108.0652 109.2929 104.1729 103.9754 103.1332 105.5791 105.0792 101.7463 96.4443 109.0989 109.1317 104.3961 108.8566 106.6156 104.5983 102.0862 98.6139 92.2003 86.0537 85.4902 90.3867 97.6486 101.4128 104.0878 106.1458 107.7937 109.1724 110.4149 111.4536 112.3927 113.3123 113.7873 116.6022 116.6126 115.9339 116.5830 117.1150 117.6062 118.0675 118.9042 114.5729 119.6956 125.3525 109.8618 121.9577 114.4849 123.8156 112.0144 119.6922 123.0189 118.2679 122.7570 122.9886 123.3538 126.7831 125.8584 123.9300
120.5600 120.7758 115.7422 120.5458 118.9667 118.7982 110.2146 102.6496 103.4790 102.0455 103.8390 102.6043 107.8727 102.1088 98.3470 100.6377 111.3711 108.0885 102.3434 108.8659 106.4402 104.5533 102.0351 98.5101 91.9639 85.8328 85.1428 89.9344 97.4895 101.3442 104.0469 106.1224 107.8559 109.3012 110.3300 111.4427 112.3940 113.3389 114.0827 117.1836 115.2142 115.9845 116.5715 117.1114 117.6360 118.1285 118.6091 117.8298 118.5185 123.2827 104.3365 108.9391 109.6820 111.0716 107.0339 123.5838 113.2464 118.6772 122.7486 122.9885 123.2389 123.6025 125.4228 123.9300
120.5600 120.5816 120.3349 119.9779 119.2381 119.0166 105.8578 105.5236 107.1528 105.4706 105.5758 101.8119 103.9501 105.3497 108.5358 94.4471 117.1464 112.0089 108.8479 108.3624 106.7767 104.9545 102.6653 99.6945 94.6773 90.2675 89.6130 93.8617 98.9167 102.0862 104.4831 106.4057 108.2513 106.8435 111.0907 111.5228 112.4417 113.2984 114.0441 115.0907 115.3917 116.0323 116.6044 117.1207 117.6504 118.0808 118.2167 119.1294 118.9601 122.7182 106.3244 105.2055 108.1384 111.0108 121.1922 121.9526 113.6471 118.6274 122.7342 123.0419 123.2373 123.8646 123.7285 123.9300
120.5700 118.1427 116.1283 107.2862 115.6353 109.1850 105.0919 105.7929 99.0578 110.6965 106.2925 102.5136 103.5793 107.8499 94.8233 108.1812 103.3779 121.5427 111.8423 108.6991 107.2847 105.6822 103.7996 101.5478 99.1717 96.5997 96.3096 98.4942 101.0081 103.3375 105.2932 106.9647 108.3611 109.5610 111.0200 110.5936 112.7392 113.4456 114.1873 114.8569 115.5122 116.1040 116.6657 117.2074 117.7656 118.5420 117.4797 119.8974 102.6058 115.8072 103.9883 109.0048 113.6064 112.2359 119.4862 118.0695 121.8499 122.3391 122.7124 122.9559 123.2381 123.4752 123.7693 123.9400
120.5800 120.3391 120.7836 108.7850 109.1107 103.7985 103.5189 108.9458 102.8463 100.8644 102.2631 100.7062 100.0706 100.2377 103.4797 101.4304 96.4485 93.3188 109.1065 109.6288 107.9697 106.6088 105.1305 103.5137 101.9554 100.8786 100.7368 101.6544 103.1720 104.7673 106.2954 107.6893 108.9443 109.8198 113.3394 111.7809 113.7360 113.5629 114.3232 115.0069 115.6252 116.2059 116.7539 117.3108 117.9688 120.0493 101.3627 108.4577 114.6451 100.8750 105.4078 105.8149 126.3528 110.8765 110.7211 111.1069 122.9305 122.2833 122.1717 122.3954 123.2721 123.5409 123.8539 123.9400
120.6000 120.2173 113.8183 108.2089 108.9743 107.7009 107.5854 105.4354 105.8831 106.8699 101.1273 100.3468 101.4268 100.9523 101.2081 91.5761 95.8359 122.4261 111.3050 114.0699 108.4305 107.6824 106.4721 105.3188 104.3172 103.6611 103.5970 104.1295 105.0750 106.2112 107.3852 108.5135 109.5867 110.5686 111.1569 113.1647 116.7875 113.2919 114.6885 115.1846 115.8526 116.4376 116.9145 117.5830 118.7946 122.4900 102.5588 101.4461 101.8383 106.7679 114.0392 110.8409 108.8921 112.2024 113.9677 122.9353 121.7885 121.2328 122.4410 108.7234 123.6210 123.8728 122.8854 123.9500
120.6200 121.1881 118.6641 110.5840 108.5105 105.0066 107.2313 108.9984 108.3177 105.6644 102.8435 101.0444 102.0882 109.9496 98.6183 92.2284 96.5070 91.4548 112.7100 110.1996 109.5585 108.6701 107.7738 106.9106 106.2178 105.7970 105.7560 106.0951 106.7338 107.5461 108.4645 109.3855 110.2916 111.4629 111.5358 119.3631 101.3681 115.1393 114.7545 115.3885 115.9456 116.1055 117.0627 117.6972 114.1185 107.7874 104.3414 110.2499 106.3811 106.7171 122.9637 109.6981 113.9349 111.3405 111.1971 122.4995 117.4753 117.4322 116.1884 116.7885 124.3095 122.2280 116.3545 123.9600
120.6500 120.2529 120.5388 121.5241 111.7188 104.7789 105.2576 106.3700 106.4662 103.6975 102.2559 95.5709 100.5543 107.9412 104.7409 101.6382 121.8277 114.5827 111.8840 111.2391 110.6606 110.2013 108.9392 108.3063 107.8080 107.5153 107.4898 107.7186 108.1733 108.8003 109.5007 110.2593 110.9190 111.3256 109.0062 111.2073 114.0570 114.5406 115.1088 115.6226 116.2568 115.6113 119.2226 119.2165 107.2932 121.2534 107.3096 113.3124 104.1242 116.6116 124.8010 112.0464 118.0831 109.4620 116.6792 120.9313 120.2545 118.7025 119.9373 124.0074 123.5546 118.4604 109.9840 123.9700
120.9500 120.5865 120.0184 120.7338 110.7971 105.9442 106.2830 106.2997 105.8581 104.9233 99.0088 101.4135 102.8574 99.3341 111.1010 113.4861 112.7439 113.2945 112.2203 112.1543 111.0314 110.6169 110.0345 109.5380 109.1688 108.9499 108.9314 109.0978 109.4480 109.9076 110.4654 111.0945 111.7788 112.0184 110.9611 112.6964 114.0826 114.6862 115.3957 115.9332 116.4823 116.3666 118.1148 109.0570 103.6563 113.9563 124.3478 107.5096 110.1064 107.9099 109.5017 111.9782 109.5064 110.4084 123.2754 116.5122 122.9869 123.2688 123.1852 122.8666 123.2910 125.7577 113.2317 123.9800
120.9500 120.7338 120.4659 115.7503 107.7201 107.3800 107.2468 108.3242 101.3223 103.0399 99.5179 99.7716 98.2210 98.6888 102.4529 114.9231 104.3511 101.4752 113.9138 112.1441 104.1544 111.2834 111.0058 110.6390 110.3428 110.1899 110.1744 110.3127 110.5663 111.1560 111.3453 111.8178 112.4184 113.0428 113.6732 114.6394 114.6436 115.2126 115.7232 116.2142 116.6597 118.2074 107.3851 98.7140 105.9254 99.6172 99.3243 106.5661 109.8868 111.2413 111.0857 107.8163 109.6382 118.2311 118.4820 121.8534 122.1517 122.6088 122.8960 123.2443 123.6091 123.5632 127.8481 124.1800
121.0300 120.8932 120.5926 114.7908 107.5612 107.0174 106.9981 108.7278 104.2256 105.3704 103.7474 98.3545 99.8164 98.5201 116.5488 116.5295 93.3373 105.4424 113.9983 113.4558 112.2042 112.2693 111.9491 111.6284 111.3989 111.2688 111.2314 111.3104 111.5586 112.0760 109.7752 112.7044 113.1238 113.6179 114.0307 114.6142 115.1041 115.5784 116.0668 116.5249 116.9929 117.4626 111.3404 111.3983 115.6190 97.7154 111.8163 95.8542 108.0072 112.2806 111.0670 118.8282 119.2478 122.5134 121.3858 121.1803 122.4565 122.8424 123.0721 123.2987 123.5081 123.7957 123.6344 124.2000
121.2900 120.9470 121.4042 114.0749 110.0877 106.8014 106.4851 106.2435 110.9541 103.9835 106.3286 100.5763 103.1584 98.4674 114.3433 109.1137 109.7584 118.1256 114.0111 113.6386 113.4831 113.1076 112.7867 112.5136 112.3159 112.2256 112.2615 112.5306 112.4630 111.3020 112.5167 113.4210 113.7674 114.2073 114.6456 115.0986 115.5321 115.9830 116.4216 116.8308 117.3034 117.6664 119.0043 118.9210 119.3037 106.2519 101.9123 100.2671 109.4104 107.7776 111.1386 117.9752 117.9508 119.2692 122.6259 123.1766 122.5402 122.8613 123.1171 123.3658 123.6155 123.8558 124.1906 124.2200
121.3400 121.0408 119.1840 113.9265 107.7377 107.1779 106.6981 107.4082 106.6213 103.6565 100.6072 104.4965 97.5663 95.3834 113.6989 114.3554 115.6002 115.0595 114.9868 114.4640 114.1477 113.8211 113.5523 113.3285 113.2418 113.1442 113.1896 110.7880 113.3900 113.4799 113.7746 114.0878 114.4151 114.7825 115.1696 115.5645 115.9685 116.3779 116.7815 117.2103 117.3065 119.2876 103.0058 120.3466 118.7763 120.0388 125.0437 100.8210 108.1349 110.2485 111.9378 110.3122 119.8888 113.2102 121.3077 119.5169 122.6568 123.0271 123.2309 123.4614 123.6771 123.9051 124.1277 124.2400
121.3900 121.6158 114.2853 109.0790 107.2444 107.5390 113.2457 109.3156 106.3588 115.8507 106.3174 124.2094 98.0880 115.7303 117.0779 117.3388 116.0454 115.7518 115.3330 115.0886 114.7552 114.5175 114.3053 114.1475 113.6934 113.7594 113.8080 113.7975 109.9469 112.5376 114.3111 114.7033 115.0056 115.3351 115.6948 116.0187 116.3966 116.8070 117.1118 117.5122 117.8524 118.3758 118.5257 107.9975 107.5801 108.4104 106.1333 113.9650 121.2013 121.5881 108.5979 112.4530 117.7534 117.5050 124.2102 113.3511 123.6698 122.8694 123.2048 123.5018 123.7680 123.9940 124.2297 124.4200
121.6500 121.9492 116.0154 114.5257 99.4398 113.4436 119.0496 105.0225 113.7423 111.3883 102.0626 118.2938 119.0970 116.6137 117.4408 116.8721 116.5675 116.2384 115.9311 115.6743 115.3680 115.1488 115.1417 113.4947 115.6779 114.4505 114.6082 114.0855 115.2499 103.3517 115.0173 115.3481 115.5752 115.8711 116.1778 116.4900 116.8267 116.9676 117.5225 118.0084 118.0067 118.8279 115.5714 122.2294 103.3442 103.7050 115.0989 106.3107 115.2334 120.7713 121.3434 122.4132 113.4767 113.1048 112.7940 114.4357 124.1702 123.1285 123.0187 123.6587 123.9168 124.0057 124.3867 124.4500
121.7000 121.7751 110.1495 114.0462 109.6466 116.3623 107.8493 102.6384 110.1042 106.4029 107.1058 105.8299 118.2057 117.7890 117.7713 117.3002 116.9959 116.7454 116.4233 115.9876 115.9548 115.7454 116.4409 96.1441 117.4381 114.8819 115.2478 115.3571 115.2476 116.8142 115.6537 115.9069 116.1251 116.3743 116.6527 116.9415 117.2413 117.5728 116.8461 116.4167 118.5401 119.7799 111.8426 105.7501 107.0268 116.5491 126.0615 123.0191 120.9560 123.3490 119.7762 121.5400 123.2032 114.8029 124.0555 123.0383 122.6060 119.9645 113.4323 124.1041 122.2603 124.2077 122.3211 124.4800
121.7600 123.0903 113.4385 121.1881 121.3399 113.1757 118.1753 109.7985 108.2898 101.3382 103.3205 99.8514 114.5174 118.5227 118.0125 117.7220 117.4439 117.1213 117.7771 117.0599 116.5559 116.5211 117.0247 117.8717 115.7449 115.9162 115.8844 115.9201 115.9932 115.8628 116.2883 116.4630 116.6445 116.8692 117.1149 117.3784 117.6710 118.4826 106.4025 116.6650 118.6569 116.7909 116.6341 106.8000 97.6354 131.8791 105.8584 119.5091 114.5492 117.8404 112.8699 119.5270 118.8794 122.5351 122.7778 122.6401 121.6496 114.5842 124.8013 124.4685 118.3147 124.4117 118.7199 107.2900
122.0200 121.8342 122.0198 117.4441 103.0630 105.0818 117.9220 111.9533 107.5703 118.8044 101.6862 97.5583 107.1342 118.3940 118.1438 118.1017 117.8597 117.6063 117.5076 116.7529 115.8068 115.8565 116.4279 116.1585 116.5526 116.4726 116.4660 116.4804 116.7856 116.9427 116.7373 116.9755 117.1446 117.3389 117.5466 117.8214 118.0454 118.2339 118.5745 120.0924 112.1414 112.3042 122.2381 104.0110 101.0682 108.1766 110.7028 107.8229 117.2628 100.5449 118.7301 114.3646 117.3457 122.8503 122.7905 123.0975 123.8711 124.8401 124.0046 123.7831 124.6014 124.8581 120.5801 124.6900
122.3300 122.0135 121.5307 121.6982 114.4364 119.2201 96.0500 105.7998 111.0329 108.2525 102.6813 101.8237 118.3113 120.1946 118.9281 118.5232 118.2312 118.0412 117.9047 118.1180 109.2186 110.3279 117.5812 117.5049 116.6888 116.9587 117.0175 116.9936 116.3929 114.4602 117.7239 117.4045 117.6383 117.9070 117.8491 117.8750 118.1118 118.3159 119.0172 119.5340 124.4925 116.1232 113.4622 103.3560 104.5292 107.5967 112.9440 108.4530 112.3249 102.5576 115.4005 125.2764 122.8778 122.6964 122.9379 123.1365 123.2261 123.4135 123.7951 123.7785 123.3290 124.9180 107.0067 108.3700
122.3300 122.2014 121.9338 122.1814 121.3577 112.5067 99.8185 104.4224 107.1549 109.1623 109.1604 100.6859 120.4019 119.1832 119.1369 118.3513 118.7190 118.4256 118.2764 118.4877 114.5723 119.5913 113.1110 115.8816 119.2828 117.7670 117.5106 117.4095 117.6876 119.3193 116.0348 118.6239 118.0368 118.4459 116.6212 118.3136 120.4091 119.5823 119.7817 118.5258 106.7343 101.7165 108.9648 100.2414 103.2898 114.7181 118.5380 113.9717 111.9951 116.7137 122.9896 122.2697 122.2188 122.8066 123.0618 123.3225 123.5619 123.7235 123.7851 125.1285 127.0250 117.7450 116.8241 124.9300
122.6300 122.3819 122.1986 121.7615 122.0860 114.5832 111.0810 105.2786 107.7821 105.2140 101.0531 109.7838 120.1691 118.7428 120.7724 118.9598 118.9077 118.8855 118.7343 118.4225 111.9430 109.9937 119.2433 103.3621 110.7363 118.7986 118.0241 118.0645 118.1168 120.2986 105.2704 119.9723 117.7117 120.4434 102.1911 126.8029 111.1993 119.8818 120.6578 98.0598 104.0429 114.7964 108.8853 101.8873 108.6178 123.4876 121.3528 120.2489 109.7583 118.9723 116.6409 124.5792 123.1947 122.9864 123.0688 123.2197 123.4762 123.8870 123.9609 125.6973 121.5617 107.8674 125.6884 111.7000
122.7000 122.6400 122.6094 117.8866 117.5938 106.1900 113.3060 108.7062 107.8470 106.6091 104.5420 111.0512 119.3815 120.4818 121.8207 111.9510 121.1352 119.2242 119.0846 119.0335 115.8306 103.4698 97.5925 106.6273 114.4408 115.6794 118.4506 118.5441 118.7763 107.3092 100.5761 111.5276 119.8804 118.8289 111.9128 104.4638 123.0718 119.4880 112.4089 104.7023 112.3603 106.1630 103.0323 104.8883 122.6389 121.6034 122.3628 123.0619 122.0222 126.1451 97.4015 115.1858 121.6567 122.9019 123.7680 123.8149 124.0792 123.9718 124.7984 112.8309 126.1256 120.8411 125.7747 125.0100
122.9300 123.3877 119.1608 122.0994 115.4519 107.1367 107.3271 110.0948 107.5696 102.6956 102.9851 101.5259 111.6718 121.7831 122.1241 105.0641 120.8969 119.6437 119.4495 119.0535 120.1297 121.8772 110.9498 114.9411 116.5045 118.6484 118.8269 119.0212 118.6309 119.8263 105.4772 104.4517 114.7977 112.0757 115.5108 98.8071 118.5912 103.7069 108.5070 111.4710 98.7176 106.2065 104.8369 105.4714 108.1205 121.3354 121.0860 107.2494 109.8667 120.9137 105.6618 109.0818 112.6591 117.1456 124.0015 110.8954 124.8738 123.9496 124.4172 126.2359 124.5638 125.1364 125.4473 125.1800
122.9600 121.2312 116.8018 115.7253 108.2915 110.3272 109.0322 110.5085 110.6983 114.7439 112.4966 98.5533 125.2283 118.5422 101.6048 119.6242 120.3940 119.6248 119.8176 119.8110 119.5586 118.7427 110.8429 114.1272 119.3361 119.3454 119.2586 119.3924 119.6994 107.7961 101.3909 103.1881 102.8787 103.5684 110.9399 97.1245 120.6515 114.6752 121.8691 122.5235 106.9176 119.4141 106.3713 106.4634 107.5367 116.8158 122.7440 122.2811 102.4489 122.5353 103.3702 110.4876 116.0519 116.4745 112.7479 118.7389 124.9243 124.2005 124.1028 125.8874 111.8076 126.0849 124.8076 125.2100
123.2400 124.0749 112.4119 108.9162 111.5485 107.8234 112.2356 110.9787 105.2302 105.5680 101.5000 107.0613 111.6839 102.0871 110.9065 122.7364 119.5855 121.6435 120.0638 120.0402 120.0097 119.7850 120.1421 119.9181 119.6513 119.7330 119.7676 120.0778 119.8929 113.2318 100.6303 120.2401 99.6827 100.8329 104.7229 101.1027 118.8444 121.5782 120.7142 120.6365 122.5674 117.7530 112.6464 110.3891 109.6672 114.3526 114.6551 123.2360 123.2028 107.9772 107.7700 108.0393 108.0972 114.7921 116.8287 124.0009 123.9327 124.4641 124.8698 123.2906 124.4671 125.2966 125.2435 125.3900
123.2900 119.3879 111.9963 109.0678 108.8910 102.3828 109.0528 108.7696 107.0855 103.0269 103.8978 105.0079 99.6262 102.6313 103.4653 123.5389 108.2295 119.6257 120.3932 120.3508 120.3417 120.0477 119.9022 120.0416 120.1072 119.9996 120.2129 116.2548 120.1645 122.0124 102.7007 116.6741 102.5626 111.0037 101.5062 106.0656 122.9845 120.3986 121.1994 121.3106 120.5907 122.1813 103.6340 107.7441 110.3184 110.7588 123.4140 122.5138 123.1570 123.6764 125.6420 112.0397 108.0589 124.7612 124.2676 124.4686 124.3334 124.4930 118.1029 118.8037 125.3531 125.1069 125.1565 125.4300
123.5200 115.0702 113.2355 114.6220 112.1103 112.1105 106.0505 111.0579 106.3101 106.2014 108.8414 101.6404 103.3976 99.2882 110.4374 121.2056 122.8017 121.9328 120.3412 120.8998 120.5734 121.0989 121.9004 116.8168 121.3953 120.3287 120.4155 120.3224 123.5356 121.7756 105.9114 105.0359 101.9875 104.5017 111.2179 105.4217 119.3537 121.6312 121.4105 121.5410 121.6739 122.4817 101.5965 100.5221 116.6460 121.3495 122.9743 122.7906 122.9128 122.8583 123.2060 124.2182 123.9331 124.3542 123.8105 124.0136 124.4280 124.5321 124.3244 125.8631 125.0482 125.2380 126.2115 125.6000
123.7400 112.0396 110.9287 112.2650 111.8445 108.7960 110.6259 108.8445 108.0385 106.9315 101.5061 103.5646 109.3461 116.4862 122.4854 100.7269 121.8507 120.5091 118.0795 120.9154 121.6356 117.6939 115.8242 98.2406 123.2185 120.4804 121.1925 110.6862 105.7562 115.6927 108.2693 103.6499 105.5152 121.4701 124.4601 101.6223 117.2196 121.8263 121.5963 121.8453 121.2864 124.7742 109.0290 96.2925 116.4680 122.5592 122.8166 123.1660 123.3124 123.4420 123.5268 123.5718 123.7107 124.1025 122.9053 129.2419 123.9439 125.8536 124.9835 124.9859 125.2481 123.6939 116.9932 125.6500
111.5000 109.7179 113.8538 113.3793 113.0376 109.5632 110.0958 108.3913 107.6987 106.5898 105.7438 113.0731 104.8811 113.4883 124.9413 117.2994 121.9315 122.3679 116.2150 120.4388 117.1716 121.2437 113.7310 115.6259 118.2344 121.4004 120.3927 100.0345 106.6806 95.4853 102.2708 105.6752 107.7423 123.0726 121.0094 106.7887 123.5492 118.9776 123.1576 122.6276 123.1749 124.0398 108.3972 111.5140 124.8231 122.7829 123.1492 123.2794 123.4524 123.6004 123.7607 123.9644 124.1127 124.2858 124.7646 132.7127 114.4495 113.1375 126.4580 125.9225 125.5995 124.6657 112.4626 125.8100
112.7000 114.0829 114.6136 113.5931 113.5742 111.5832 111.5670 108.8997 108.9312 105.6546 107.0581 111.6332 103.4242 126.8567 112.4780 124.1583 121.8944 119.6634 103.7693 118.2052 109.8944 105.7231 102.9330 105.0148 107.0573 119.9054 122.0444 108.9409 104.4639 99.1888 118.8929 105.1661 109.0042 112.3498 124.2341 119.7974 116.9969 116.2895 114.6818 106.8617 126.8904 108.8222 108.1185 112.0542 123.7813 123.2284 123.3349 123.4930 123.6446 123.7976 123.9570 124.1080 124.2612 124.4844 123.8703 124.5982 124.0913 116.0743 112.9386 125.1064 125.2423 125.3487 127.3864 106.7200
124.2600 115.7365 113.6317 112.7781 112.2148 109.5345 109.6681 109.3346 107.8866 110.9581 108.2062 112.6559 119.1287 123.1004 109.1590 122.8394 121.7865 123.7151 104.7962 122.6119 112.1218 103.2632 105.8893 101.4829 101.4325 110.4897 115.1109 108.4695 107.1533 99.1183 121.5779 107.2417 118.5324 119.9895 122.3039 106.4996 108.6237 122.9146 121.3417 106.5464 115.9171 109.8443 108.4943 124.6523 123.1525 123.4125 123.5519 123.6838 123.8357 123.9804 124.1285 124.2860 124.4346 124.5773 124.7723 124.9038 125.6597 125.1745 115.6639 126.2723 125.5955 125.7901 126.4539 106.7200
115.8400 113.8845 113.6489 111.5941 110.9650 112.9200 109.2769 110.7833 111.1328 115.5720 112.3206 113.6297 121.4415 122.2504 123.8750 122.6043 122.4841 120.9288 100.5758 122.1840 122.4102 123.7536 96.0806 111.3730 112.5209 120.7423 117.5935 101.8384 107.8637 101.0385 121.3848 111.3790 115.5911 122.1684 125.3488 115.7901 107.1619 104.6042 96.8516 119.6347 112.7068 110.2446 106.6771 123.8537 123.3151 123.6492 123.7377 123.8846 124.0254 124.1672 124.3111 124.4548 124.6011 124.7491 124.8914 125.0415 125.1786 125.6022 126.1034 125.5833 125.6484 126.4479 112.0147 126.2300
116.3900 113.3912 115.1864 113.7208 113.5464 114.5334 114.6530 114.2046 115.3019 114.8783 113.7468 108.5899 123.5966 123.2265 122.6042 122.7537 123.3080 123.2879 109.6426 121.5487 122.4804 122.1346 115.9407 110.5007 119.2618 120.3475 102.4642 112.2851 105.9887 104.0545 121.2684 121.7114 123.3344 120.0588 107.9286 101.2708 106.5566 101.1277 112.4249 124.6416 117.4753 105.1808 124.1549 124.0705 123.9863 123.7959 123.9520 124.0796 124.2106 124.3507 124.4884 124.6272 124.7631 124.9114 125.0419 125.1862 125.3611 125.2753 125.7040 126.0409 125.6462 127.1243 121.0737 109.1900
116.4500 112.6038 113.5653 113.5276 113.3645 113.0533 112.3910 116.0371 117.0576 115.8751 117.4629 100.8558 115.9599 122.4840 121.6224 122.5436 117.7146 123.3465 123.9671 122.4984 119.3055 100.7881 111.9222 110.3515 124.3871 102.4728 103.2379 106.3336 107.7172 116.3502 123.9757 113.9437 122.7569 120.6076 113.8120 106.3609 118.2096 111.9996 122.9731 122.9359 115.6434 108.9042 113.5838 123.8328 123.8404 123.9963 124.1512 124.2734 124.4050 124.5271 124.6652 124.7951 124.9383 125.0535 125.2286 125.3528 125.5036 125.6658 124.9696 118.5564 113.1480 125.7732 127.0038 126.4300
116.9700 121.6884 117.0629 116.1603 126.2515 121.0340 126.2669 119.1227 116.7719 116.7603 114.3751 101.1160 119.4816 115.9573 124.6355 120.5104 113.1361 123.3589 116.0410 123.3620 123.7776 107.7944 115.6112 105.7151 106.0094 104.7220 103.8411 107.6451 108.4956 104.3122 121.2138 123.6090 122.9162 118.6028 123.4882 123.4418 125.3531 114.2723 109.4267 124.7193 114.8933 105.0436 102.3515 126.1840 123.8932 124.2942 124.3267 124.4603 124.5860 124.7084 124.8420 124.9704 125.0875 125.2888 125.1296 125.9732 125.5818 125.7243 125.7587 127.2353 108.9418 104.4025 102.5478 116.9300
125.1300 124.6253 125.6211 124.4998 124.6357 125.6929 127.2091 117.7851 117.9247 117.8092 102.7984 101.8320 108.1281 106.6570 123.1549 124.6226 123.5348 121.5813 121.2190 106.1885 102.9689 106.0406 101.6114 101.5565 106.3215 105.3794 104.6008 107.3157 108.3981 107.4641 123.0244 122.6778 123.9763 120.2705 117.5398 123.2516 124.0535 125.8197 109.6042 121.7875 106.1034 104.1999 108.4853 116.1258 125.2900 124.1367 124.5346 124.6446 124.7661 124.8856 125.0050 125.1379 125.2480 125.2695 125.6700 122.4305 117.4389 127.5060 125.6079 126.7599 125.2202 129.7297 104.6435 120.5300
125.3600 125.1803 125.0103 124.9492 124.8548 123.9950 123.1439 116.8603 118.0379 117.2658 117.2217 121.7268 121.6574 124.2081 121.1689 124.7002 123.5298 124.0166 125.9162 123.9697 114.4951 106.4325 104.6645 103.2685 105.6629 112.2143 106.2650 109.3806 107.4427 108.1431 122.3359 122.9592 125.1380 102.1239 125.6248 123.5479 125.5255 117.1064 113.2989 125.3304 115.4395 103.9782 100.1812 107.9940 126.2528 124.5974 124.7226 124.8335 124.9472 125.0596 125.1819 125.3002 125.5001 125.2197 127.8892 102.4226 130.3395 127.3138 125.9602 126.3051 127.0929 117.8098 122.6072 121.2900
125.3600 125.3839 125.2622 125.1804 125.3170 125.2663 118.5852 117.6932 118.2297 119.8492 124.4838 114.5507 122.6334 104.4123 109.6888 116.6621 119.3162 120.8780 114.5425 123.4528 100.2777 115.0106 108.5017 103.4593 108.5828 108.6160 108.2434 110.6857 108.1375 122.9322 124.9876 123.9852 121.6287 106.0270 125.4062 124.1603 124.0848 125.5264 117.6754 123.2840 113.0610 106.1861 122.5914 119.1506 125.6055 124.7514 124.9143 125.0136 125.1289 125.2374 125.3517 125.4655 125.5887 125.3733 126.0932 124.3957 125.8418 128.4843 126.8937 126.6027 125.9726 126.3589 127.1796 113.0600
125.5600 125.4893 125.5074 125.4550 125.9500 127.9187 117.2733 121.9233 122.7931 125.1599 124.6004 125.6854 117.5727 105.1922 105.3783 104.6965 107.2939 117.1239 115.2760 124.0692 101.9525 123.9216 108.5903 106.2116 109.0693 109.5816 108.2042 110.7971 110.0879 109.2572 119.1598 123.9848 124.3511 123.7041 125.0145 124.2851 124.2954 124.2851 117.1835 124.0089 118.8238 100.8900 102.2957 122.6812 124.8436 124.8791 125.0944 125.1940 125.3004 125.4101 125.5131 125.6322 125.7383 125.8628 125.9139 126.4679 125.4128 113.7532 126.4458 127.2000 117.9521 115.5807 118.5456 112.6300
125.7400 125.6200 125.5100 125.5300 125.2800 125.2800 112.5800 118.7700 124.9300 124.8100 124.8100 124.6900 102.5700 111.6900 114.8700 119.4700 102.3500 102.3800 124.2200 119.8600 105.3100 124.0800 109.4500 104.8900 107.8400 109.3400 109.3400 109.6100 117.7900 118.5700 117.6400 124.0600 131.0800 124.2200 124.2000 124.3500 124.3300 124.4700 124.6100 115.4400 124.7000 124.7000 124.8200 124.9400 125.0500 125.2000 125.1700 125.3000 125.4000 125.5400 125.6200 125.7300 125.8500 125.9800 125.8000 126.1700 126.2800 126.3900 126.5200 126.6100 113.9200 109.8100 104.9200 114.1700
