118.9200 118.9200 114.3300 118.0300 117.3800 117.0300 116.6800 115.9200 115.5200 115.1000 114.2000 113.7200 96.4000 101.0600 103.9400 105.7900 105.7900 110.3800 109.6500 109.6500 108.7500 108.7400 108.6800 109.6200 110.3400 110.3400 110.9100 111.6600 112.1200 113.2900 113.7300 114.2100 114.6700 115.1100 105.1500 116.3200 116.7100 117.3800 125.8100 118.3400 118.6400 118.9300 123.7300 119.7500 120.2500 120.4900 124.2100 117.5300 121.4100 121.8300 122.0300 111.7200 107.6900 100.8100 101.1700 101.3500 101.6900 103.2900 116.6700 102.3400 102.4900 107.2900 108.9600 103.0800
118.8700 118.6230 117.1749 117.9602 117.3824 116.9329 116.4475 115.9274 115.3690 114.8239 114.4841 109.9345 112.4646 108.0691 111.5484 108.5115 109.8584 109.4705 108.8336 108.4265 108.1550 108.1032 108.2982 108.6868 109.2289 109.8615 110.5504 111.2568 111.9580 112.6701 113.3822 110.5710 112.2700 118.0535 113.4376 118.3325 117.8248 116.1779 122.4932 118.8968 115.0258 116.3594 119.1095 119.1847 118.4463 121.0612 120.6674 118.9945 109.3217 107.4391 125.1070 118.8706 109.6774 98.8062 100.7511 101.9020 110.1825 102.6679 115.2889 101.2456 105.9232 107.3652 111.0446 115.0500
118.8200 118.5432 118.9411 117.7904 117.2958 116.7757 116.2270 115.6794 115.0922 114.5124 113.7486 110.4691 111.3344 111.9982 106.4501 110.2983 109.1456 108.2857 107.5674 106.9437 106.5718 106.5164 106.7814 107.3103 108.0237 108.8312 109.6772 110.5220 111.3345 112.1639 112.7278 112.8741 115.8568 103.7083 101.4058 113.4143 117.7186 118.5839 107.5453 120.9324 117.8000 112.8087 115.9058 119.2932 119.7957 112.5041 107.4938 106.1663 100.0990 103.4963 113.4392 108.6111 103.7207 113.6330 99.9028 102.6018 107.1632 102.6864 104.8279 105.2636 107.1948 112.6585 119.0931 122.5900
118.7800 118.5024 118.0027 117.5720 116.9313 116.4066 116.0483 115.4584 114.8364 114.1852 113.4838 113.8939 112.8818 109.4794 110.3984 109.1162 108.1385 107.0825 106.0729 105.2058 104.6467 104.5550 104.9552 105.7259 106.7036 107.7561 108.7941 109.7968 110.7198 111.6489 112.9996 100.3728 113.0788 106.2681 108.2867 107.5830 102.4435 107.9583 102.5784 99.6235 113.4512 113.2629 109.8529 116.5541 102.4365 97.4153 100.8779 100.0848 100.6289 100.6154 113.4354 100.6896 99.2034 105.2873 101.5877 100.3558 103.7042 103.4393 103.3528 105.2569 109.6747 121.1701 119.7337 119.7800
118.7500 118.3621 117.7984 117.2888 117.7908 117.3725 115.7904 115.2743 114.6128 113.8915 113.2370 112.1180 111.1477 110.2309 109.5434 108.3309 107.1257 105.7766 104.3998 103.0834 102.1752 102.0116 102.6897 103.8952 105.2732 106.6355 107.9239 109.1102 110.1806 111.1955 112.4263 107.0841 112.9927 115.0588 116.1376 110.8429 119.9483 113.2740 117.8989 113.1315 116.3096 121.3858 110.3244 118.6038 102.1495 100.9808 99.9403 103.1836 108.5114 112.5022 117.3397 100.0261 110.6514 100.4818 101.6710 105.1909 111.3201 104.9853 102.6200 102.3994 105.3375 113.6057 118.0630 118.2100
118.7200 118.2399 118.4720 118.4082 112.5025 107.1423 116.4688 115.1284 114.5663 113.9659 112.8030 112.5413 112.2300 110.2282 108.8964 107.6905 106.1666 104.4502 102.5235 100.4794 98.7797 98.4889 99.8078 101.7626 103.7693 105.5590 107.1342 108.5028 109.7187 110.8212 111.7442 113.1879 114.6299 114.8950 114.3561 120.2059 117.1300 117.1323 117.4400 117.5911 100.5034 101.0625 104.8911 108.9073 100.7487 103.7631 103.5341 107.1749 108.2141 106.9647 115.4212 99.8982 106.1694 101.3681 100.6564 110.5709 118.5242 107.5625 102.0788 105.1122 107.4671 117.8701 117.7139 118.2400
118.7000 117.8983 118.5276 107.9656 116.9020 118.9073 115.4694 114.9751 114.8148 109.4965 113.2389 113.3103 94.0119 107.9264 108.8100 107.0390 105.3588 103.2638 100.6066 97.3709 93.1125 92.1952 95.6815 99.5108 102.3618 104.6297 106.4764 108.0266 109.3529 110.5047 111.6712 112.5927 100.6282 113.5617 102.2406 97.3353 118.8851 115.9596 116.2940 117.8541 99.5270 98.2819 98.0211 101.2212 104.0760 105.4372 105.8876 108.6150 109.0909 110.0655 109.9546 109.8886 111.5319 110.9990 110.1634 113.9076 116.3035 100.7926 102.4327 116.4943 116.0927 116.3693 117.0852 117.5700
118.3800 117.8989 120.5497 116.9561 116.8670 116.1947 115.5139 114.9498 114.2198 113.5780 113.9231 96.0053 93.6515 96.0865 95.8638 107.6328 104.8796 102.4114 99.1214 93.5500 87.4806 86.4598 90.6989 97.6393 101.3323 104.0138 106.0674 107.7295 109.1152 110.3430 111.4551 112.2749 112.9530 115.7045 113.2604 97.8562 95.5697 112.8497 115.6603 109.9828 119.1678 102.7566 100.6972 100.4982 104.3591 104.3151 107.2285 109.1135 109.0057 109.0536 109.5794 109.7044 110.9185 111.3112 110.6689 100.0654 100.6181 100.6205 115.7976 115.0015 115.9533 116.3699 117.1462 116.3500
118.3800 118.2363 117.5127 117.1215 116.7844 116.2459 115.5876 114.9196 114.2796 113.5153 107.2983 100.2466 105.9641 98.9311 105.1024 112.3995 104.6250 102.1812 98.6887 92.2483 85.3120 84.2243 89.0251 96.9995 101.0400 103.8418 105.9687 107.7896 109.3378 110.2892 111.3992 112.2285 113.2575 111.6128 111.0121 97.4137 100.4654 114.3978 116.4047 110.9579 116.3478 102.1125 100.3808 100.5379 105.6601 104.6593 106.0369 109.0414 108.5019 108.7030 109.7852 111.0983 109.5947 107.0257 111.7967 101.2261 102.3888 101.2446 113.7822 114.9520 115.8397 116.7178 117.0334 116.3400
118.6800 118.2734 117.8389 117.3044 116.7501 116.1771 115.5871 114.9594 114.3017 113.5135 113.4990 111.9129 107.8951 109.7324 110.9440 108.7454 105.4104 102.5960 99.5362 94.4144 89.0368 88.1421 92.1504 98.2005 101.6169 104.1702 106.1839 108.0841 106.5368 110.5291 111.4261 112.4520 113.0161 100.3992 93.1474 98.1551 116.2731 110.0786 113.3787 117.3565 98.7626 100.8898 98.7307 98.8086 110.2888 105.4427 103.3226 108.5006 110.6069 107.9649 111.7703 114.4578 97.3295 100.0688 104.3209 109.3199 107.6924 108.9853 105.5247 110.6515 116.7273 114.2414 117.2714 103.0200
118.6900 118.2772 117.7953 117.3207 116.8088 116.2663 115.6689 115.0406 114.3634 113.5760 112.8591 108.3104 94.7456 104.1653 98.5185 101.2797 105.8422 103.6769 101.2691 98.4179 95.2290 94.5075 97.2925 100.2411 102.8295 104.9119 106.6873 108.3269 103.7825 111.0865 111.4749 112.4770 111.9731 111.3815 108.3587 116.8578 103.0521 101.2767 98.7648 109.8843 100.4428 101.5007 101.9616 101.9213 104.1532 104.7819 107.4811 109.2005 114.3276 110.9822 117.8812 103.1727 102.4535 105.6871 110.1350 110.8311 109.4588 109.1130 107.3534 106.5341 113.4496 106.7831 116.8966 103.0200
118.7100 118.3358 117.8833 117.4067 116.8915 116.3502 115.7783 115.1637 114.5036 113.8303 113.0488 113.9313 104.1543 105.8553 111.0768 104.9025 106.8117 104.8640 103.1755 101.5244 100.0549 99.8175 100.8260 102.5041 104.2759 105.9141 107.3974 108.6921 111.1455 111.7295 111.9232 112.5430 115.5506 110.4248 96.8852 108.0227 100.6059 108.8735 122.7852 101.6079 100.4626 101.6390 104.7917 105.5732 108.3581 107.3981 110.8079 109.9021 115.7049 107.6946 109.8625 104.6691 102.1426 105.4014 107.7068 107.4716 109.1110 107.6284 107.2314 106.6908 106.0983 107.8672 114.1558 103.0200
118.7300 118.4576 117.9875 117.5099 117.0014 116.4757 115.9218 115.3281 114.6906 114.0179 113.2879 112.3336 113.8491 112.6093 100.1151 99.1358 107.4773 106.2186 104.9868 103.8413 103.0528 102.9176 103.4904 104.5308 105.7455 107.0052 108.2179 109.3012 110.1588 109.5560 112.8874 111.9900 117.5122 119.7334 101.2800 98.4711 97.9715 99.4632 107.5049 99.9599 98.2970 103.8738 105.7506 111.0325 107.9671 108.6467 111.0683 112.0232 111.3758 110.5525 100.8782 98.6630 99.7363 108.6243 97.3481 102.8730 104.5122 117.6832 115.9707 117.8652 116.8080 120.0006 110.0884 103.0300
118.8000 118.4559 118.1043 117.6132 117.1379 116.6363 116.0956 115.5274 114.9271 114.2818 113.5234 114.4508 101.8215 113.1864 103.2796 114.1364 109.0994 107.5616 106.6283 105.7799 105.3490 105.2417 105.5897 106.2769 107.1477 108.1574 108.9641 110.4894 110.8447 121.8520 111.9072 117.2699 118.5615 107.1301 101.9658 100.8033 100.3640 106.1270 113.4772 108.8736 105.1994 107.1161 107.2867 104.4632 107.9754 108.7243 109.8951 114.7689 114.7663 109.8775 113.9587 107.9569 98.8618 107.7866 122.5589 114.2794 104.8201 120.0799 124.9774 124.6046 125.0207 126.3957 108.1977 110.5600
121.2800 119.5448 118.2032 117.7642 117.3069 116.8192 116.2952 115.7578 115.1900 114.5786 113.9082 113.7243 105.3412 112.3060 111.1085 110.0887 109.4700 108.6822 108.0318 107.7467 107.0366 107.0627 107.2932 107.7471 108.3819 109.1840 110.4127 107.2912 113.6442 103.6714 113.4590 104.9188 106.2145 101.9103 98.9624 100.5355 100.3157 113.3792 117.5895 108.0427 101.9702 104.7417 108.3083 108.7241 108.5231 108.7971 110.2431 112.3378 112.7989 113.6510 114.9437 118.2401 112.0328 112.2294 94.7790 115.0494 100.1699 106.6742 122.5777 123.4912 123.8890 125.6261 118.7357 112.1400
119.1700 118.8389 118.3797 117.9390 117.4921 117.0182 116.5307 116.0145 115.4761 114.9064 114.3509 113.7516 113.3924 112.3749 111.7761 110.9940 110.3891 109.6414 110.2224 106.6270 108.0254 108.5967 108.7178 109.7203 109.8073 109.8250 110.8093 108.7566 112.9919 97.8076 108.2851 103.4967 101.6671 101.6926 103.4034 100.9544 107.6989 114.9659 107.4542 101.1888 99.2383 100.1839 102.9968 105.5073 109.6944 109.3434 110.0631 110.3574 111.1608 111.6914 112.6056 113.9670 112.9934 116.7971 116.7258 120.8312 100.6600 124.4224 123.3875 124.3470 124.3773 125.4075 109.7639 103.0600
119.2200 118.9201 118.5374 118.1243 117.6892 117.2476 116.7823 116.2900 115.7911 115.2623 114.7267 114.1241 113.6244 112.8860 112.4673 111.8658 111.2968 110.7396 111.7043 94.1990 108.2232 109.8716 109.9814 110.1776 111.6947 111.1352 111.7339 111.7500 113.7557 112.4837 97.4981 102.6063 101.7684 101.3417 100.5190 102.3374 106.2197 113.6596 101.5250 98.4729 103.0351 106.7709 109.8586 109.9890 109.7505 109.2928 110.8209 111.8333 112.7233 99.5328 101.0391 101.0893 105.0330 102.4051 101.4046 102.3990 102.2836 118.2893 118.8599 125.8111 124.0185 123.2597 114.7013 103.2200
119.2800 119.0991 118.7220 118.3157 117.9063 117.4811 117.0442 116.5937 116.1239 115.6330 115.1422 114.6389 114.1247 113.6069 113.0457 112.6116 112.1102 111.6099 113.3307 93.6467 113.0749 110.8420 111.0157 111.4945 112.0653 112.2207 112.3852 114.0732 96.8800 94.9306 115.1505 112.6083 102.6971 102.8247 102.9816 111.8350 115.4873 101.9888 108.0930 96.9966 100.2862 106.1491 107.8419 105.7428 110.3108 110.4526 110.8450 110.9544 106.2761 104.9857 100.2641 100.2652 107.1664 100.9663 113.7877 101.0906 102.9133 109.3021 110.2874 112.1011 115.1434 119.4286 127.7304 120.5700
119.6100 119.2840 118.9150 118.5321 118.1451 117.7407 117.3281 116.9377 116.4216 116.0392 115.5599 115.1021 114.6414 114.1452 114.2401 114.0771 112.9328 112.5685 112.5270 102.2544 113.2555 111.9080 112.0880 111.8455 109.2465 109.8384 108.6677 108.1730 106.0350 116.4054 109.7755 105.2891 100.4489 105.7276 105.7409 107.1031 98.9619 103.0448 99.0870 107.4914 108.1791 101.3876 103.2586 107.0516 110.1824 109.6981 109.4810 109.0041 107.9788 103.5395 113.3408 99.7903 100.3548 100.4395 102.3614 101.1983 104.0936 108.8514 114.3587 110.4275 112.4404 113.6834 115.5787 117.6700
119.6700 119.4681 119.1178 118.7601 118.3880 118.0057 117.5737 117.7702 117.1441 116.4033 115.9875 115.5518 115.1588 114.5010 114.5280 113.8883 113.6069 113.3841 113.4521 114.1424 112.8083 112.8930 112.9970 112.8542 109.0616 107.6657 113.7915 107.9153 103.6433 112.2842 110.6121 101.6781 101.1222 103.2899 107.1191 107.9095 106.8483 106.4141 100.7001 101.6645 101.2339 108.5441 104.0939 108.4245 110.6496 112.6115 110.5577 110.2705 103.4007 99.8321 109.7952 98.2066 100.7812 101.3627 101.3751 104.3225 113.8982 108.3895 102.3205 113.7905 111.5623 110.5855 110.1359 111.8100
120.0600 119.6663 119.3313 118.9871 118.6335 118.2680 117.9322 117.6031 117.8221 116.7058 116.4231 115.9547 115.8825 113.8858 113.5711 116.1264 114.3703 114.1185 113.8721 113.6024 113.6983 113.6756 113.7659 113.7130 112.8735 112.1644 104.9170 100.5196 102.0480 103.6910 101.9264 102.1810 102.7201 103.3531 103.0823 106.3489 108.3844 100.5473 98.2621 106.3382 104.5996 104.4138 108.6784 110.7152 111.7864 117.0468 114.2107 109.5508 121.0709 102.8654 104.7892 107.4326 101.6139 101.1471 100.5941 116.9278 122.8894 120.1618 113.2532 115.4840 118.9183 113.8059 111.3932 118.5000
120.0600 119.8725 119.5491 119.2269 118.8928 118.5551 118.2137 117.8182 117.5353 117.1823 116.8219 116.4521 116.3902 101.0466 112.6079 115.0841 114.8436 114.7830 114.6169 114.5146 114.4257 114.4155 114.4766 114.5757 115.0523 117.6643 95.2141 94.3546 97.9846 100.7894 104.4897 97.5978 103.8962 105.6708 107.5169 107.2730 102.9570 101.2582 99.0586 97.4334 104.5030 106.2521 106.4314 106.8611 106.9402 113.9616 110.2982 104.0376 117.6850 113.2165 99.0016 123.9595 107.6890 101.6296 101.2543 112.5815 111.3707 126.7785 125.2210 123.4383 123.8264 127.4142 116.7549 118.5000
120.4500 120.0900 119.7798 119.4681 119.1571 118.8385 118.5108 118.2004 117.8735 117.5356 117.2275 116.9072 117.1538 106.8753 111.8582 115.4473 116.1684 115.4131 115.2666 115.1630 115.1169 115.1385 115.1849 115.1458 115.7097 102.0530 99.1036 102.1564 94.8108 99.9767 108.6697 106.4828 102.8745 104.8358 110.4385 111.8719 105.6968 101.8526 95.9076 101.4284 105.0745 109.5009 109.6974 106.2694 107.2003 107.1344 112.3732 113.8001 109.7448 106.2912 107.2715 114.4394 100.6637 102.4500 101.1698 99.8551 99.0677 111.0824 114.6502 123.9247 123.7655 122.9187 123.1157 123.3500
120.4500 120.2945 120.0085 119.7108 119.4153 119.1185 118.8174 118.5523 118.3554 117.9788 117.5112 117.1240 117.1315 117.0360 116.3975 116.4143 116.1300 116.0010 115.8840 115.7897 115.6685 115.4722 115.8737 115.5608 111.8134 112.9270 109.8755 107.5183 103.3917 94.8478 102.8399 107.2418 104.7453 104.1086 107.2253 106.9538 106.9276 107.3886 106.7961 107.7487 106.2398 107.0849 112.8234 111.1255 111.8159 110.9057 107.2748 107.3823 111.0722 109.7231 113.1290 117.5634 109.3669 112.4262 104.3395 113.7440 101.4440 104.8373 102.3704 122.5248 121.9899 120.0964 127.5369 120.5100
120.8200 120.5225 120.2542 119.9714 119.6941 119.4201 119.0913 118.8100 118.2756 117.9446 118.9571 117.4437 117.2139 117.2360 117.0423 116.8565 116.7307 116.5616 116.4482 116.3824 116.5404 117.4913 114.3208 111.5975 116.1632 115.1931 100.6119 101.0609 110.3262 107.7725 100.1252 109.5315 109.9388 107.6608 108.5366 109.8295 109.0970 109.7279 110.9292 110.5084 104.9537 107.6110 113.6996 113.6106 112.5822 110.4883 110.5967 106.6921 112.1178 115.0759 112.6141 110.8374 116.0338 118.6307 115.0131 120.8492 114.5029 119.7362 114.5967 118.8331 118.1718 119.7203 122.3882 118.7200
120.9000 120.7394 120.4941 119.9090 119.8632 119.6253 119.5100 119.1066 120.0280 119.7792 112.3891 117.7886 117.9803 117.7297 117.5894 117.5616 117.1813 117.0837 117.0279 116.8980 114.2259 111.3109 99.8205 104.9839 104.2835 98.5190 99.3990 110.1576 116.8803 116.3756 120.3330 101.4991 107.2869 96.3445 99.6169 106.2769 109.0912 109.5499 111.3833 112.5519 112.0739 105.6749 110.0328 113.1676 114.0823 114.4743 111.0472 105.2150 114.0259 112.2998 122.4857 116.8488 108.6470 117.8013 118.4801 118.3348 118.8783 121.6111 124.7367 127.3055 125.7917 120.4373 120.4833 121.8100
121.1900 120.9662 120.7146 120.9821 119.7325 120.4669 119.9649 116.9433 114.2864 105.0333 109.3081 118.8750 118.3391 118.3475 117.8765 118.5622 117.5859 117.5756 117.5278 117.4148 115.9093 116.2288 92.0837 112.6581 100.1728 97.7392 99.4122 119.6204 118.3500 118.0284 119.1382 113.7942 110.4478 105.2248 108.2373 105.3474 108.7738 110.1329 113.3595 111.8778 112.2416 113.2691 112.8184 105.7270 114.4260 114.5078 114.8500 113.3450 114.6393 118.1392 107.9673 108.0509 117.5951 117.8034 115.3717 115.2353 119.6751 120.1867 127.4903 128.1851 129.2436 129.3843 124.4395 130.2500
121.2300 121.2030 120.8767 121.0606 119.8152 120.4509 119.6941 125.1875 102.9902 108.7895 119.6958 118.8453 118.7872 118.6202 114.6591 118.1751 118.1389 118.0580 118.0053 117.8968 117.2647 119.2643 94.5589 98.1375 97.0043 121.5190 108.2304 118.4151 118.5195 114.8613 119.9857 120.6572 102.1532 109.2090 112.7212 107.6068 111.4654 111.3670 110.4541 110.8281 111.7441 112.9771 113.8130 107.5997 115.5294 115.8938 115.2068 116.0862 116.7753 103.4922 100.9985 101.7038 121.5257 117.8188 119.9442 112.6919 120.4945 118.7468 123.1054 129.4600 129.4814 124.6010 130.4080 130.6200
121.5700 121.4123 121.1966 120.9530 120.7135 120.5718 120.2888 120.0107 118.9036 122.3013 119.4398 119.2028 119.1510 119.0768 118.9304 118.8566 118.5722 118.4758 118.2416 118.5925 117.7370 119.8136 98.4890 106.6158 101.0609 100.5023 115.1621 119.5271 119.1419 116.2657 119.1160 119.8908 111.9426 106.6779 105.9050 104.8754 112.6542 113.1832 113.9429 112.1183 112.7406 112.2829 113.8606 114.2735 112.3089 114.4384 112.5367 114.9867 119.2241 103.5504 102.4646 119.9541 119.4685 121.0939 118.6620 119.7132 120.4400 117.8092 112.7174 127.5211 128.3891 130.1617 130.1170 130.5900
121.6400 121.6425 121.4323 121.2304 121.0099 120.8061 120.6235 120.2786 121.0063 119.9030 119.8621 119.5612 119.5380 119.3311 119.2128 119.0853 119.0138 118.9782 118.5537 115.5219 119.8716 118.4568 104.0033 114.2914 105.6387 123.1684 102.7334 120.7333 119.2224 119.7621 119.6579 119.1056 121.0633 102.7250 113.9180 107.8862 110.1537 113.6153 112.7930 114.0573 112.0615 112.0935 114.4122 114.9878 113.5956 106.5509 102.4627 100.7859 114.8990 106.2470 111.5563 102.6019 103.8160 117.5921 116.4424 119.9972 115.1576 120.4020 122.8405 120.9910 119.1308 129.0468 128.7299 130.6700
121.9100 121.8694 121.6642 121.4718 121.2828 121.0831 120.8423 120.6241 120.4867 121.1015 119.8575 121.1602 119.8893 119.7207 119.5477 119.4961 119.5059 119.3844 115.4470 99.1078 113.6469 114.0638 101.4921 105.7301 118.4102 119.2678 106.7620 121.0440 119.8331 119.8775 119.9725 120.2324 121.2226 118.4085 109.3729 111.7345 113.6727 113.7384 113.8281 114.6470 115.3161 111.7692 113.8555 116.9780 102.0627 100.7727 100.5666 102.4249 101.3043 113.0936 114.6095 117.0976 116.1329 107.7900 107.0992 124.7104 125.5556 122.2642 116.1237 122.3435 123.4940 121.4397 121.3537 130.9300
122.1700 122.0908 121.9003 121.7061 121.4810 121.2619 121.2083 120.9987 120.5629 121.3665 121.6254 121.3686 115.9834 121.1383 119.9261 119.8713 119.6807 119.7800 113.6268 98.8682 108.0159 122.5012 101.8770 105.6266 101.3476 105.6823 114.5350 119.1489 116.9116 120.3316 120.0088 120.4547 121.3559 118.4769 96.7122 114.5568 114.1043 114.3461 114.6691 113.4768 114.5164 115.2832 112.9789 109.2103 98.4841 99.4976 109.8820 100.4120 101.8992 101.5471 100.7783 113.5090 115.7251 115.3768 118.1025 123.0892 124.9553 125.9214 108.8972 123.3159 112.7656 126.1775 122.5349 123.3700
122.5100 122.3146 122.0866 122.0529 122.2299 121.7487 121.4191 120.5075 120.6221 122.5165 130.3543 111.9803 113.1840 121.0127 120.2551 120.2035 121.1645 120.1449 121.3601 115.7382 105.3508 110.9430 103.3701 105.8267 109.3432 111.6577 122.9616 112.1204 92.9071 120.8461 123.1003 119.2081 117.5171 100.5658 98.5963 109.7830 114.4027 114.4188 115.3375 116.4060 108.3094 115.7846 111.7978 105.8441 103.0228 109.1082 118.6103 98.9765 101.7425 101.2551 107.8380 104.9988 103.5116 122.1010 121.5488 121.1439 123.4581 122.6999 126.0879 124.7332 112.5934 114.0304 122.8545 124.7600
122.5100 122.5246 122.3743 122.6647 119.4671 121.3637 121.5727 124.2732 96.2334 113.4521 108.8108 109.3875 121.4769 120.8686 120.4266 119.5063 109.4648 120.2145 117.0964 107.0599 102.2199 107.3860 105.3137 106.6841 99.0637 103.7431 113.8624 118.8738 120.8358 107.6836 100.5816 105.4052 97.2714 102.2239 97.2600 115.8395 114.9411 114.2867 115.5027 116.3041 112.1907 110.0881 112.5757 102.5348 113.6667 108.8151 114.9014 106.8157 101.9787 101.6210 120.4663 99.9952 101.4130 110.3536 123.9049 121.6020 121.7319 122.5676 124.3891 125.5679 127.8181 118.6076 132.0111 124.7600
122.7700 122.7663 122.5981 122.5728 118.2922 128.1135 121.6130 122.3957 108.1713 110.6760 113.6555 123.8249 120.9983 121.1366 120.6363 116.8817 96.5942 122.5543 109.6555 100.8397 104.2667 104.3356 106.4413 104.6848 107.0746 114.3491 108.7526 122.4184 120.6226 118.4599 114.7068 125.6115 111.3982 114.5212 120.3133 111.0048 115.8193 115.8464 116.2046 116.9725 118.2303 105.2219 100.5966 97.8875 115.8690 104.0432 115.6870 102.0397 101.8830 102.2189 99.0450 119.6598 117.6016 100.1638 107.6723 123.6509 122.0008 122.9144 123.0255 124.0912 125.5501 128.7719 116.1433 128.6700
123.0500 122.9299 122.1708 121.3132 122.9796 122.2709 122.1309 122.3752 122.3849 122.3515 122.8033 120.9433 121.5856 121.4186 120.8322 120.3809 122.0482 121.4165 107.4290 119.2974 99.2577 102.1983 106.3232 105.8346 108.6657 125.3455 109.3266 120.6891 122.8042 111.7105 115.5890 122.2517 121.6726 119.5780 112.0965 109.1671 116.4377 117.8085 116.8719 117.6189 117.7647 107.4962 102.5487 116.7049 114.6861 107.8890 112.2290 100.2531 102.9010 103.1675 102.4469 102.1075 121.0875 121.9589 112.8740 104.5093 123.7792 123.2878 123.1592 123.7284 124.2658 126.0258 128.8094 127.9700
123.3100 122.3845 122.7207 119.7466 124.3729 124.1215 122.5410 122.3029 122.2215 122.1358 122.0002 121.8971 121.7683 121.7222 121.4821 121.6235 121.2569 121.4725 121.1878 121.4676 119.8604 120.9604 104.9915 106.9761 107.4246 116.2958 112.3395 114.6479 118.0894 115.7335 101.2113 122.9958 121.8377 121.9163 123.7950 123.2986 108.7809 115.7399 116.8016 118.1852 118.1420 118.7524 100.6584 113.8552 111.1282 112.4282 110.2523 99.6519 102.0761 101.0641 102.7179 102.5090 104.6641 114.9085 128.8286 101.9459 124.3501 120.7996 124.1821 124.0710 124.8275 124.9048 127.6446 127.5200
123.5400 103.9452 106.6922 121.1752 115.9671 123.4867 122.7687 122.5071 122.4679 122.4300 122.2436 122.1582 122.0748 121.9967 121.9693 121.8666 121.8864 121.9314 114.8625 121.8500 120.6289 122.7813 105.8317 107.9105 107.2708 117.5886 110.7862 104.9748 110.8274 110.0276 119.1205 124.3317 122.3434 122.4352 122.2995 122.6070 124.6616 122.3138 116.8815 118.9881 119.9297 121.3075 118.3519 116.4870 116.1763 118.0361 102.1864 116.5268 121.6689 114.3655 108.9041 101.5378 104.1300 104.3927 124.0708 124.2177 118.8136 119.3231 123.0053 124.6976 125.1455 120.9750 126.1646 125.8600
123.5700 120.7721 124.1985 113.8006 118.9428 123.2313 122.9869 123.4364 122.7342 122.3525 122.5507 122.4293 122.3742 122.2767 122.2366 122.1427 122.1138 122.1777 122.1424 121.7731 110.0327 123.2704 108.0088 108.6994 105.1513 118.8850 111.8083 114.3364 117.4855 108.9336 123.1710 122.3365 122.5767 122.6899 122.8294 122.8615 123.0575 123.5256 118.7806 117.8279 119.1411 123.7476 117.2095 112.5240 99.8970 101.8599 102.8849 99.8491 119.0805 122.2365 116.4890 121.3281 117.4990 105.0711 121.2220 123.2997 124.5103 124.4215 122.0350 123.6971 124.8804 125.2612 126.0494 126.1100
123.8100 124.0729 123.4317 122.7434 124.1877 123.6210 122.7201 118.8548 123.8559 122.8610 122.7666 122.7526 122.4164 122.5357 122.3354 122.4261 122.3840 122.3102 121.6251 122.7295 112.5463 122.8485 115.6577 109.7366 105.1278 120.7614 122.3743 118.0461 124.3594 122.6842 122.8121 122.9796 122.8811 122.8832 123.0392 123.1630 123.0521 124.2148 123.7763 117.6389 119.8622 118.0888 108.8130 99.6628 112.3753 102.6796 103.2759 103.7806 108.1831 117.5339 124.4758 117.4401 116.3833 113.1652 125.5977 123.5679 125.0876 127.7033 127.8504 124.8989 126.4468 126.0047 125.7449 126.4900
124.0500 124.1865 123.8296 123.8235 119.2532 121.7191 124.9786 112.1718 122.5877 123.1000 123.0388 122.4435 124.4856 121.8555 123.4987 122.7285 122.6605 122.6515 122.0339 122.5902 119.4074 122.8549 121.7779 111.0827 113.9944 121.6805 112.1829 122.1620 122.1236 122.6363 122.8551 121.8685 122.7309 123.2077 123.2832 123.3944 123.3627 121.0433 107.1971 123.2741 120.9015 119.6802 107.1476 102.3113 119.2398 105.0080 103.3255 104.3410 101.4340 103.7439 120.8008 113.2034 117.6318 111.7983 113.2243 124.2012 124.1225 126.4950 127.2526 125.8545 126.9376 127.8299 126.8943 129.1000
124.2600 124.2507 124.0953 124.1096 121.4355 111.0776 120.0189 117.5504 123.7722 123.1281 123.3768 123.7935 118.7760 107.5999 123.9985 122.9672 122.9220 122.9323 122.0791 123.3072 122.6841 122.8194 120.6109 115.0176 118.8355 120.9709 123.3854 117.5549 123.7370 122.9906 123.2786 123.0706 123.2222 123.4146 123.5348 123.6279 123.7790 124.5463 123.5423 121.4740 107.8081 101.5071 117.0961 100.4682 111.8357 114.4413 104.3833 102.4598 106.3841 110.3965 99.4436 112.0811 126.7278 119.3279 125.5527 124.3937 124.8821 124.8574 125.4258 125.5226 124.4864 129.2773 130.8820 129.1000
124.5100 124.3880 124.3347 123.8928 124.8551 123.9025 124.5670 124.4005 123.5867 123.6688 123.4916 125.6114 108.1061 125.6076 122.9235 123.2832 123.1814 123.1303 123.2475 121.7880 126.1064 123.6601 119.2623 123.5050 118.5091 122.1017 123.1809 123.0516 123.1029 119.9264 122.0315 123.3237 123.6684 123.6506 123.7488 123.7775 123.8117 123.4276 123.7045 110.2852 119.4635 104.2527 103.9004 101.8799 106.7683 116.3672 117.6378 113.0225 102.4930 104.4034 104.7445 114.7763 122.9553 125.9103 123.7441 124.5737 124.8840 125.5545 126.1116 127.1285 127.9747 109.2733 118.5263 129.5200
124.5100 124.5975 124.4766 124.4457 124.1199 124.1084 122.1784 118.4918 123.8511 123.8778 123.7627 124.4838 114.0238 125.4149 123.2852 123.4541 123.3370 123.4115 125.4751 107.4365 111.1316 123.1443 118.4125 112.2761 120.7325 119.0070 123.5966 116.8143 123.7463 120.6574 122.9917 123.1336 123.8652 123.7263 124.1184 125.3000 123.0132 126.4339 124.6315 124.5407 110.9048 103.2847 102.6763 103.0518 101.0499 108.5265 113.7096 122.2501 115.9747 106.8621 106.4497 103.5307 119.9263 126.1555 124.9841 125.1653 125.2525 125.9003 125.9796 126.0932 124.5802 124.0646 100.7204 131.4200
124.9300 124.7874 124.6898 124.5738 124.5230 124.3851 124.4634 123.6952 124.2209 124.0362 124.0363 123.7948 124.6181 123.5471 123.8204 123.8178 124.4336 124.2255 113.7838 115.5830 116.3639 125.5799 122.6924 117.2543 121.8236 120.2120 124.6205 124.2279 123.9084 117.0258 101.3574 122.9541 124.4306 126.1364 116.0930 109.9938 107.7318 117.7557 134.5682 125.5277 100.6087 108.5925 103.3739 102.6028 110.3338 130.1678 124.0938 124.4843 127.0368 101.5185 103.9753 107.9888 106.0022 123.7882 126.0613 126.7934 125.4884 126.0864 125.5304 124.4541 103.5033 106.3130 127.3477 131.4200
125.1200 124.9746 124.8839 124.7894 124.7201 124.5064 124.4307 124.4325 124.3038 124.2795 124.0149 124.6272 125.6846 123.9681 124.1521 124.1706 123.1052 123.4072 118.9599 124.9844 123.1708 123.8622 102.2825 102.9844 102.7310 116.0094 120.7331 113.7863 114.7789 123.2930 102.9739 106.6185 116.8858 119.9676 109.8269 100.5775 100.8120 115.9827 118.2352 109.5198 101.5566 105.6379 103.4769 101.2294 125.6078 121.3681 105.1574 126.6998 122.0579 109.5579 101.5584 109.3965 106.7150 122.1500 125.9627 127.4973 127.9013 126.1997 127.9801 120.1739 127.4042 102.8019 121.6639 105.6100
125.1500 125.1603 125.0729 124.9786 124.8742 124.8479 124.7387 124.6390 124.5578 124.2852 125.2396 112.0386 120.9564 124.5092 124.0713 126.1054 113.8991 113.4890 121.0208 124.1422 123.6105 125.0921 123.8184 103.1164 124.3226 115.9554 124.6742 115.2450 117.3310 108.8589 103.9717 102.9004 119.9641 119.1104 122.1676 104.2109 115.4985 100.4749 105.1123 105.5406 115.0182 110.1796 110.0161 104.4075 106.8957 113.0873 111.6457 110.6681 110.9330 108.5881 108.3116 109.1129 111.4951 125.9070 116.2047 123.0321 127.7697 127.6891 127.1035 119.9540 128.2644 124.6621 130.5374 128.2000
125.3500 125.3456 125.2599 125.1632 125.0946 124.8279 124.8992 124.9095 124.8463 121.2561 125.6362 115.1428 125.3568 122.9199 126.7459 107.8792 126.5282 117.4562 102.9212 124.2195 123.6151 125.3439 109.4741 107.1263 117.4969 123.8696 124.9239 124.5519 125.1198 122.8621 105.8947 105.4363 104.6204 106.9771 107.4537 101.4860 120.5143 106.1737 122.9197 104.7871 113.5246 110.5779 107.1726 108.3745 103.6704 104.3543 101.5808 105.3399 103.3180 103.6535 115.2847 124.1737 124.4974 125.8205 112.1759 127.3200 126.6423 127.0384 128.1487 127.1063 127.6852 128.0575 128.7413 129.1300
125.5500 125.5296 125.4442 125.3390 125.1987 126.4405 125.1965 124.8668 125.0652 113.2940 106.6919 116.2824 125.5403 130.0516 119.4801 104.6825 102.7755 105.9969 118.1399 124.5533 124.7291 124.4479 124.2557 123.8590 124.9128 116.5189 119.4106 125.1601 124.5932 127.2154 112.6154 112.8315 102.2716 104.0523 105.6596 114.9606 114.5146 125.1692 126.7592 118.6140 111.7138 121.6212 120.4568 111.4239 102.8076 118.4052 122.7535 128.0017 109.2053 104.4900 102.2230 119.2080 115.0705 122.2656 126.9195 127.4420 127.8569 122.4401 129.4154 129.6973 128.4215 128.6126 129.1857 129.1700
125.7400 125.7090 125.6040 125.5385 125.3127 115.4710 125.7621 125.3799 125.3036 113.7303 111.7313 104.0138 107.4078 115.4383 124.2557 114.7759 112.3317 115.1618 118.1884 122.3181 123.3812 124.7209 123.3104 120.9355 121.2277 116.2387 117.3795 125.9360 124.4118 127.7765 108.3607 111.3789 103.1042 102.5403 105.3445 106.6780 127.8540 125.4361 118.5303 125.2402 110.8077 124.7146 109.1253 115.5299 112.9921 126.7655 124.0827 128.0770 122.4669 111.6418 102.8914 109.3536 121.8387 129.9594 125.9419 125.6377 128.6034 128.0446 128.2840 127.1791 128.6540 129.1689 129.4971 129.7400
125.9100 125.8803 125.7961 125.8019 126.4528 116.8978 125.1791 125.0173 125.6939 104.1078 112.5151 102.5817 103.0339 121.0292 120.1554 115.6849 118.9300 104.0901 126.3953 112.3329 122.4216 125.1994 123.4607 118.1882 115.3776 117.2995 118.4662 123.1085 128.1008 123.6038 117.3053 109.9753 109.5646 103.4412 102.7395 110.9141 127.5977 125.5193 124.5583 127.2264 126.3016 113.8291 112.7567 107.5116 109.2272 121.1612 125.8113 127.2985 124.6512 109.1454 130.4650 128.8749 128.3399 127.2444 127.7567 128.1397 128.2293 129.0616 124.5270 120.4582 125.4741 128.3338 129.4731 129.7600
126.1100 126.0462 125.9609 125.9420 126.4833 119.7856 125.4322 123.6759 126.7318 103.1556 114.6034 108.0060 123.2138 127.0638 122.2239 118.8645 117.2824 119.3894 117.2353 125.6202 122.7346 124.5822 119.2447 110.7247 109.2695 118.3030 119.3270 113.7015 120.5959 112.7196 106.3130 103.6306 113.9663 122.8438 108.6746 105.7327 117.4884 125.9126 125.2668 125.9859 125.8409 112.3130 105.7849 109.0809 114.3334 109.1848 125.6124 126.3261 126.6949 126.5085 127.8884 127.9731 128.4367 128.4361 128.1201 128.5002 129.9050 129.2502 129.5627 129.6338 126.4125 125.1913 129.5090 129.6300
126.2900 126.2170 126.1256 126.1188 126.7622 116.1717 104.3450 105.8687 106.8173 116.9284 118.3311 104.6941 107.2291 127.3168 118.4515 114.1993 115.7268 124.4310 116.2200 121.1978 113.8988 127.3644 119.1872 102.1068 114.2675 124.0107 117.3306 107.3559 108.5300 103.0357 127.0346 113.0023 103.4619 119.3952 111.0310 109.6525 130.2274 125.2257 127.3203 123.2453 127.9429 112.3365 107.8365 106.8761 112.3366 111.7644 127.4069 127.9981 127.4720 127.6323 128.6884 128.6079 128.1489 128.9645 128.2977 127.8491 118.2303 128.6451 128.7528 129.8264 130.3166 125.8888 129.6147 130.1900
126.4700 126.4138 126.3113 126.2450 126.0613 128.5252 126.0923 126.9086 125.4283 111.4998 113.6360 113.8112 108.2488 125.6764 118.1275 112.9883 120.1748 125.8382 110.9667 114.5375 109.4452 117.7566 114.8560 117.2523 106.1645 117.5452 118.5866 112.2284 109.1411 106.3831 111.8138 117.7101 111.2162 110.8933 124.6180 108.1804 101.7583 113.8658 110.2877 115.9825 120.6745 117.6432 103.0420 112.9041 125.9059 116.7038 109.3694 126.4877 127.1463 128.0119 128.5704 122.3491 127.3516 128.9359 129.5210 127.7711 106.3339 130.0482 129.7235 130.0342 130.1379 127.4861 118.4873 106.4300
126.6400 126.4643 126.4199 126.3635 126.3201 125.7407 126.0520 125.7518 125.8379 120.0446 115.8101 120.5618 126.7229 124.9311 121.6829 114.0433 122.7455 125.2183 111.9882 114.8311 107.8869 121.7130 114.8095 107.6059 102.9868 103.3828 105.3705 110.0491 104.1556 110.9698 111.4715 115.8344 112.5433 117.7828 118.1126 114.9123 108.6775 125.0885 109.1555 122.2700 108.7141 120.8372 106.9719 108.1469 107.8573 124.2000 127.2296 127.8777 127.1148 129.0364 128.2835 128.8342 129.6642 128.9190 129.5034 131.2305 132.9261 130.4819 129.7343 130.5152 130.6118 130.9327 125.0335 123.6900
126.8000 126.7398 126.3935 126.5890 126.4778 126.5775 126.4067 126.4584 113.9432 120.0940 106.0042 121.0033 124.9143 125.9226 124.8383 116.3799 123.3301 125.5721 108.0748 105.5086 111.3074 127.5915 108.5021 105.3391 109.2456 111.3820 115.9051 103.4789 113.9029 110.6129 129.3941 118.2148 114.8844 113.2101 118.4631 110.3209 108.6571 105.4889 106.1402 122.8336 116.6402 108.8736 106.5671 117.0939 107.8147 125.0956 127.8345 127.3573 125.3660 128.5783 129.2183 130.0195 130.1089 129.0829 131.4406 129.9694 129.7233 129.9764 130.1426 130.2374 130.8113 133.4326 134.5336 129.3700
126.9600 126.8380 120.2150 124.0956 126.6603 126.5020 126.5724 127.6940 126.5552 123.4552 117.2667 111.3556 126.6821 124.6027 123.0820 117.7868 124.9462 116.3108 109.9353 113.6830 125.6341 127.7181 111.5541 121.2236 120.7713 109.5783 103.0974 110.3842 118.9862 109.7648 111.8952 126.2628 119.3552 122.2539 114.5879 104.1802 109.8385 104.5981 118.5316 107.8222 129.8959 103.8845 113.2720 126.6174 127.4523 127.8161 121.0609 129.3356 125.5524 125.7386 128.2719 130.8919 129.6272 110.3765 130.9573 130.7815 132.3441 131.8654 130.5928 130.7673 133.3353 131.1492 105.1372 106.7200
127.1300 126.8214 127.4528 127.0962 126.4064 127.9922 126.7078 126.8164 117.3043 117.1917 124.0517 112.1608 119.7047 124.5964 125.6830 118.5047 120.0277 127.2523 107.4594 117.1463 121.1132 127.2193 104.3216 108.8502 103.9425 104.6320 104.9158 106.7880 105.0549 114.9599 119.7384 126.6676 126.5281 113.6088 106.5201 119.6309 107.6472 109.0363 117.6821 129.4336 115.9091 117.8849 129.0355 127.9684 127.1376 127.2429 128.8453 127.2365 127.6381 127.1109 128.1565 129.8050 130.6457 127.7589 132.3046 132.0403 130.9274 131.2110 134.2088 108.1820 108.1433 127.7467 129.7559 106.8400
127.2900 127.2203 127.0533 127.0449 126.9524 128.1650 126.6521 127.5710 127.0972 115.1332 121.4042 115.7771 104.9066 112.9288 125.3866 121.7094 116.1953 125.0421 109.0732 104.1531 113.9876 127.5862 110.0537 116.0033 109.1823 110.2553 104.2657 104.4051 108.7561 113.4728 115.3360 127.9603 127.4104 123.7428 117.2824 128.8694 118.6414 116.3336 117.8135 123.2090 117.8508 108.7255 106.9574 127.8638 127.7229 127.3111 127.2367 127.7187 127.7305 127.8336 128.6868 132.2639 131.6112 131.4770 130.8398 132.4031 132.3535 134.4272 114.8233 120.5332 125.0789 106.7275 107.2180 107.3900
127.4400 127.3284 127.2947 127.2213 127.1902 126.9076 127.1534 126.6041 126.9099 114.8509 116.9925 115.5211 118.9441 121.0785 113.4474 121.9112 126.7458 120.9166 110.5855 104.9230 113.2589 109.1724 109.1441 103.3948 103.5266 106.2134 106.4309 104.2919 109.1827 116.3838 118.9612 127.9800 126.4121 113.5698 112.9876 128.0256 125.6732 117.4405 119.7935 104.6453 109.4877 105.5892 105.2066 106.6725 129.5137 127.5271 127.6127 127.7998 127.8077 128.2054 114.4426 117.1352 132.4147 131.4804 133.4126 130.9834 134.4955 132.4914 132.0867 134.6357 131.6906 130.7872 120.3164 110.0200
127.4400 127.4813 127.4206 127.3901 127.2911 127.4314 126.9334 127.7024 124.8485 123.6533 115.3006 121.1800 122.6233 115.3240 119.6013 126.1195 126.3973 124.0333 113.4277 107.3468 109.9476 117.1533 110.7079 104.7746 105.0544 106.9659 108.0034 104.2021 110.5510 120.9689 126.6498 127.0794 127.1787 123.9696 119.6311 121.8026 127.1747 117.1048 119.6160 108.6760 115.4323 103.7070 107.7749 107.6078 115.3956 123.3132 127.8877 127.7865 128.3966 127.0514 129.6137 115.3387 131.3710 132.5267 129.3558 108.6527 134.1615 133.0352 132.8028 131.3503 133.8470 128.5372 106.0029 112.2000
127.6000 127.6361 127.5772 127.5224 127.7250 125.9490 128.0498 127.4509 114.6805 119.5472 126.1652 123.1764 126.7863 119.9990 107.7303 107.3495 110.7043 119.5010 115.5752 123.6526 126.5489 120.7455 110.5245 104.9113 104.6837 107.8448 108.6495 107.3539 115.2047 126.6616 127.9318 127.1798 127.1180 125.3051 119.1320 120.5691 128.1959 125.0825 115.0107 118.9764 111.4743 104.6915 127.2522 126.4969 127.5444 128.5118 127.7573 125.4385 122.9442 128.7958 128.5507 128.9885 129.6580 132.1266 134.4764 132.9363 130.2947 133.4701 132.3256 133.4671 136.4626 111.7893 107.4739 107.2800
127.7500 127.7735 127.7200 127.6776 127.6503 128.0807 124.5716 128.9007 128.9797 126.4453 124.4116 131.0087 116.5894 114.6595 105.8976 106.8628 113.2044 108.3335 115.6067 128.2081 116.1152 109.6840 112.0354 105.0008 104.9664 108.5776 108.9410 107.9427 110.5018 120.5868 113.0697 128.5992 127.2839 125.8480 119.7970 127.9903 127.5403 126.6641 115.3384 119.7497 108.6166 111.7008 118.6746 127.3578 127.4132 127.8720 128.1201 130.6924 106.9702 129.8339 128.3291 128.1908 130.3934 131.4522 132.0618 139.1139 109.3968 138.2245 133.3945 126.7348 107.2255 110.9318 109.0229 107.2800
127.8900 127.8900 127.8300 127.8300 127.7300 127.6300 127.6600 127.5500 127.5700 125.8200 127.4800 129.4300 105.3800 118.5900 105.4100 105.4200 105.2900 105.3000 123.6700 127.3100 105.3100 113.2800 124.3400 105.3100 105.3000 109.8100 106.0100 110.2300 118.5700 109.8200 119.0200 127.4900 127.4600 127.5900 127.5700 127.6600 127.6600 127.7600 120.7600 120.3300 110.3300 105.9000 106.8800 106.8800 128.0600 128.1400 128.2200 128.2200 128.3100 128.4000 128.4700 128.5400 130.8200 130.7200 130.7200 112.1500 132.4100 106.9400 132.9800 133.3900 107.1700 113.1100 107.4100 107.4000
