120.1900 119.9500 118.3200 119.4700 119.2700 118.7100 118.4400 118.1500 117.8900 117.8900 117.6800 100.3300 100.3300 117.0900 112.3200 111.5100 94.3900 98.9000 94.4600 94.4600 94.4500 96.2600 103.6300 100.9400 100.4600 100.4600 106.6600 107.3100 117.6100 117.9400 118.1700 118.5000 118.7100 119.0000 100.4100 104.9700 113.9500 102.5600 113.7400 114.4100 111.8200 114.5300 114.7800 117.2400 118.0200 118.3500 118.7900 112.5600 110.4200 107.3100 106.1000 101.6700 103.1900 102.1400 102.3000 111.1500 102.7500 109.9400 114.6500 103.3100 110.3000 131.7000 125.7700 125.2900
120.1900 119.7646 118.7801 119.3337 118.9721 118.6994 118.3581 118.1516 117.8128 117.5077 116.5746 104.0684 107.4917 118.9338 99.5652 106.4428 92.7667 95.7505 94.8403 93.3625 94.0011 97.5756 98.4899 98.8782 100.1649 100.4659 103.3088 98.8681 107.4268 102.0158 119.0554 116.6982 105.7634 107.8839 104.7098 101.7001 105.2195 100.8678 108.2945 114.3973 107.0907 111.9134 114.9925 117.3298 117.6834 117.5892 109.3373 106.5835 116.4959 109.9716 107.0428 101.3185 104.9730 102.7848 101.9460 109.7411 101.6865 105.3812 101.9095 102.9605 106.1603 112.4976 126.4504 125.9000
119.8100 119.6685 119.3450 119.0204 118.6278 118.3365 118.1156 117.7662 117.4559 117.1910 117.1119 117.8889 99.7772 109.0535 102.6394 112.0137 102.5645 94.5931 100.8903 101.2422 92.0517 97.9818 98.8529 99.4668 104.4519 93.5456 103.6227 94.6627 96.1886 97.9361 103.9257 107.9591 99.8583 106.9635 104.7089 97.4857 96.3120 96.4063 96.2794 112.4769 108.5815 115.6269 116.6066 117.0246 116.6463 117.7628 107.4208 99.4357 106.4109 106.9211 104.5744 101.2728 103.5668 106.3848 106.8506 105.1498 102.3519 102.7201 103.5198 102.9437 101.5341 128.3243 125.9881 125.9000
119.7700 119.3615 119.0117 118.7231 118.3539 117.9382 117.8980 117.2094 117.0547 116.7153 116.0757 115.6971 99.5614 97.2570 109.8521 111.1289 107.2851 94.9042 95.8476 93.8154 107.5104 95.6004 100.2571 97.2533 114.2871 101.5086 112.7279 91.2666 107.3871 107.3246 108.1416 105.3653 99.9053 97.8009 102.6539 97.8072 96.5937 97.1017 110.5396 112.2536 111.9697 116.9375 113.3569 114.4440 103.0050 104.0943 100.4855 100.9297 104.3885 107.6550 104.9801 107.3959 110.7529 113.6806 104.4260 103.6794 101.6778 105.7495 102.6020 103.2416 102.4822 124.3959 115.6747 112.5500
119.3400 119.0825 118.7707 118.1689 120.1722 106.7623 119.7528 116.7941 116.6738 116.3069 115.9310 117.1154 117.5538 91.8803 110.6913 114.1454 115.5476 112.2991 110.7965 106.4737 108.2683 93.2241 95.9719 93.3414 109.3342 101.5093 118.1221 106.1002 110.2691 114.1479 113.3162 101.4789 95.3804 108.7855 114.8484 101.0551 100.5705 110.2329 113.0009 115.9360 109.2771 114.7579 103.7020 103.5050 98.7313 98.9263 99.9822 100.4045 107.0381 106.0571 122.8696 109.5606 123.6340 121.6701 126.2739 101.2921 107.4650 103.1916 103.0400 103.0064 102.2475 104.1842 113.8256 103.7400
118.9800 119.0462 118.6777 118.2237 114.6347 99.5431 112.9821 116.5925 116.2348 115.8150 115.4511 114.4854 115.1607 91.4147 109.1582 113.6724 113.4234 113.5018 113.4950 113.7027 104.1855 88.6302 94.4451 91.6746 104.9260 108.0074 116.4058 115.6925 115.5370 114.8014 113.6721 96.4958 94.1841 110.1876 103.0090 104.6607 106.3380 108.0800 112.2019 107.7448 108.6604 103.9938 98.3615 98.6638 99.4009 98.5165 104.7280 104.5263 120.5170 113.0265 103.9304 114.3522 120.5175 104.1586 124.5341 104.0005 111.6493 103.4919 102.8648 102.9791 103.2134 102.9764 104.2088 103.7200
118.9000 118.6524 115.6797 117.5142 117.6054 117.3865 116.3399 116.2891 115.7950 115.3626 114.9685 114.5758 114.1471 116.5932 101.8943 115.8003 112.6746 112.6009 112.6289 112.3027 101.9798 109.5002 102.5201 90.1775 94.8820 112.4640 114.7610 114.5098 115.4800 114.2134 135.9683 101.3849 105.8867 113.9886 117.0576 122.0924 104.3647 104.2973 105.7208 105.3022 109.6266 97.3176 98.6869 98.8813 103.1276 115.3358 99.1439 100.9393 100.5628 99.4138 115.3971 122.4012 114.0504 108.6235 104.0022 109.1859 108.9322 101.8243 102.7030 102.9255 103.1508 103.3172 103.5188 103.7000
118.8200 118.5108 116.6169 117.5269 117.1942 116.7402 116.3260 115.8498 115.3726 114.9244 114.2980 114.2511 113.0260 116.2753 93.0587 114.7746 111.6782 111.6709 111.6406 111.4920 99.7274 105.6780 110.2920 88.5945 95.0748 113.1683 113.4369 114.1858 113.8310 110.2554 118.8899 98.5199 99.7957 104.2020 100.1800 106.8220 104.4668 102.8436 106.8122 96.4757 97.2203 105.3716 101.6134 100.6454 99.2577 100.2099 99.4706 99.9968 102.1511 111.8107 110.9448 112.6372 99.8586 101.7492 101.8709 101.9766 102.1008 102.6283 102.4721 102.7378 102.8555 103.2752 103.4325 103.5500
118.4600 118.2409 117.9279 117.5040 116.9138 116.4636 115.9795 115.4745 114.9595 114.4146 114.0613 112.9751 112.5203 112.2267 109.9484 109.2008 110.6579 110.6757 110.5614 110.4339 111.2889 110.3176 102.5164 102.0257 114.9757 113.7141 112.8913 114.6455 108.3102 102.9422 100.3447 97.4025 102.4318 112.6195 110.1440 99.6429 96.4251 95.6584 99.4549 100.0466 101.2678 103.1879 98.0332 116.1956 103.8213 107.3955 103.3533 103.3256 106.9910 112.3460 99.3074 108.6971 101.0405 101.8699 101.7423 107.8500 104.1230 104.1368 107.0296 104.6658 112.3412 104.3666 106.5858 108.7100
118.3800 118.0403 117.5849 117.1509 116.6713 116.1728 115.6507 115.1140 114.5512 113.7893 113.8074 96.9198 111.9923 111.1604 111.0031 110.3644 109.9482 109.5315 109.2573 109.1457 109.7525 109.5631 95.2920 103.0375 111.3905 112.3704 113.4157 112.7046 118.6664 112.7573 103.4479 97.1399 108.8456 113.1991 94.9685 94.4382 95.0990 97.9952 96.4355 106.6078 96.2160 106.3897 96.6111 102.9820 99.7653 100.4095 107.0678 104.8738 113.9920 116.4923 103.3175 101.9136 101.1768 101.4745 104.8729 107.1536 102.8134 102.8416 127.9362 121.5910 119.3536 106.0216 108.8949 103.5200
118.3200 117.8963 117.4177 116.9379 116.4289 115.9070 115.3490 114.7782 114.1662 113.2253 113.1135 112.6366 110.1108 111.4590 109.9018 109.3380 108.7074 108.2641 107.8729 108.1030 105.5265 108.7339 108.8507 110.2689 110.9905 109.6984 106.2041 112.6778 115.1566 114.4164 119.6296 113.0299 114.0056 105.5081 96.9478 99.5358 99.8566 107.6648 99.3528 111.1454 96.1815 96.8603 99.4364 100.7877 106.0431 104.5390 103.2540 103.2119 107.8834 105.5561 108.9490 100.1605 101.3938 102.0308 101.6757 101.6728 103.2813 104.2225 122.6584 118.4919 113.2320 109.1257 112.6060 103.5000
117.8900 117.5402 117.2549 116.7406 116.2110 115.6622 115.0775 114.4590 113.8060 112.4939 112.3372 112.3569 102.4674 109.7968 109.0848 108.1423 107.3976 106.7650 106.2700 105.9682 105.6717 107.1882 105.7829 108.5395 107.4685 109.2216 109.1415 112.5869 112.3708 114.4855 115.5796 119.0359 102.0167 98.7454 99.5142 99.3247 101.6440 101.3629 101.4982 106.8036 100.0716 97.9845 100.4548 101.7333 102.3004 102.8083 102.0394 109.8635 105.0014 109.1424 102.7032 99.6654 99.9626 106.5164 101.1447 101.0462 101.3553 117.3473 115.8556 118.0006 118.5154 119.6563 116.5267 110.0500
117.8400 118.7171 117.0324 116.5571 116.0137 115.4402 114.8335 114.1670 113.4656 112.8686 112.0111 111.6974 98.6649 111.1244 105.4936 109.6912 105.8429 104.9314 104.3684 104.3639 104.6471 105.5507 106.3949 106.7890 109.2537 110.8567 109.8865 111.5108 113.0235 109.0826 100.3878 97.2858 110.6666 114.8717 103.7483 102.9608 103.1185 103.6984 104.7303 95.7085 97.0171 97.3893 98.5065 101.7885 103.7256 104.0007 106.7259 114.4370 108.8002 110.4558 107.0228 107.9507 105.0666 106.8346 101.7889 109.5750 104.8050 111.8020 114.3789 114.9322 114.8441 115.9455 106.1000 109.2700
110.0400 109.2770 117.3509 116.4433 115.8955 115.3166 114.6153 113.9303 113.1766 112.4007 111.5228 110.1947 110.7707 108.9764 105.1026 105.6685 104.3817 102.8408 101.7891 101.5801 102.2953 103.5510 104.9948 106.9961 107.4852 108.8399 110.1229 110.0354 109.3559 108.7488 102.3298 112.5844 105.8860 105.4266 112.0310 109.2112 117.5303 112.9502 108.7704 104.8176 96.9172 97.5781 99.8651 102.1646 102.6325 107.8821 107.5494 106.5618 108.6950 111.1817 111.1516 110.2884 107.9701 101.2800 104.1725 110.6983 100.3679 110.8876 129.8651 128.6943 129.7264 132.5064 109.6684 105.6800
110.0100 113.4715 117.1647 116.3085 115.5672 114.8507 114.4774 113.7192 112.9438 112.1644 111.4031 111.4299 109.0683 107.6394 106.3362 104.3899 102.3099 100.1681 98.2685 97.7979 99.3224 101.3746 103.5193 105.3404 106.9977 108.3885 109.7296 110.3866 125.9370 93.3493 100.9323 96.3650 105.1281 94.6198 99.1363 96.8164 100.6665 114.8314 102.9498 99.0330 97.2609 96.6767 99.6088 101.5417 106.7606 108.3892 113.3596 120.2073 122.9948 102.4452 105.7171 123.3715 101.2091 103.4156 103.4719 112.2643 102.1372 117.1657 118.8988 119.9862 119.3562 121.7747 104.6101 103.4600
112.6400 118.3015 116.9892 116.1713 116.3628 116.2670 114.2676 113.6579 112.7693 111.8940 110.9047 110.6270 108.1941 106.6141 105.3046 103.1990 100.4803 96.9793 92.1994 91.2009 94.7577 99.1188 102.1161 104.4780 106.3646 107.9472 109.1774 112.6552 115.2399 109.1016 103.0686 111.4707 98.1369 96.8022 93.6335 94.4045 109.5097 108.3095 97.5016 97.5211 95.6974 113.1665 101.6418 108.4439 100.8884 103.5061 105.3103 105.8640 109.7138 111.8507 99.1157 104.3377 101.2573 101.2778 102.2312 104.2388 103.3432 111.9130 103.1399 119.6506 117.1322 115.5217 108.2258 103.4500
117.7300 117.2938 116.6564 115.8908 118.7381 95.5667 116.9425 112.3337 112.8269 111.7859 110.6220 109.7782 112.2988 110.5913 105.1197 102.3848 99.1081 93.3757 86.9854 85.9035 89.9821 97.3297 101.1380 103.8757 105.9352 107.5376 111.4713 88.8380 113.5404 112.5519 108.3716 115.7642 96.8366 95.3710 94.0885 98.2070 100.8399 104.1713 96.0680 104.0619 105.1819 107.3578 106.3907 108.2534 107.2599 108.7786 108.5235 109.9643 112.7212 101.4068 100.5693 100.5274 100.9672 101.1031 101.3395 102.9286 103.7332 103.3294 104.1188 109.8670 118.4545 119.4417 121.1531 111.7100
117.7300 117.2907 116.7119 115.9463 117.9470 93.4610 116.6498 112.4995 112.8631 111.7758 110.7423 109.6039 108.4931 106.4252 104.8347 102.2785 98.8496 92.7316 85.4045 84.3301 88.9576 96.9072 100.9493 103.8112 105.4923 107.2927 112.0490 88.3199 113.6123 112.1751 108.0461 115.9086 97.0373 95.1771 94.0624 98.1158 99.8676 104.9025 95.9105 103.2474 105.9756 107.2338 106.9221 108.6036 107.8143 108.3821 109.1139 110.3971 112.8034 101.0172 100.5634 101.0936 101.0082 100.7851 105.5276 101.6575 103.5588 103.1244 104.1099 109.3280 119.6900 120.2486 109.2555 111.7100
117.7300 117.3044 116.7573 116.1542 116.3312 116.6104 114.5648 111.7470 111.3960 112.0759 112.3640 92.2079 111.8948 106.5627 105.0725 102.8524 99.8389 95.4995 89.8558 88.8348 92.7019 98.3151 101.6771 104.2566 105.4677 108.4767 87.0289 91.2548 88.6412 90.7124 93.9508 95.6825 99.3552 99.8469 101.6494 101.8689 103.9592 110.9291 97.8603 96.6814 96.5361 101.2630 99.8982 114.3023 111.9742 112.9113 104.1208 112.8590 99.5376 101.7556 99.7725 110.3664 99.9049 102.7087 103.5700 103.7401 105.7974 104.6963 104.0144 104.9341 105.1458 105.7951 106.9151 120.6400
117.7500 117.3542 116.8237 116.2409 115.0541 110.3816 111.9090 110.3758 102.6061 112.5654 111.0963 112.3332 91.1909 107.6967 105.6862 103.8586 101.5359 99.0778 96.0761 95.4525 97.7660 100.4508 103.1168 103.2306 121.3256 105.4600 89.9285 96.7985 90.5532 93.9443 96.9989 99.0875 101.6552 102.0597 102.2171 103.1597 102.5538 102.1995 94.9986 97.0830 97.2046 99.1568 102.4313 114.9675 112.7612 110.4279 114.8865 114.8275 116.0729 114.5689 114.9368 99.0585 100.4884 101.2702 101.4683 99.6561 120.0349 100.7841 103.4877 104.4486 105.5442 109.6814 112.5531 109.0200
117.7700 117.4268 117.0104 116.3405 108.2007 95.8448 116.1812 114.8884 114.2782 112.2484 111.2335 110.5756 110.2480 108.0488 106.6846 105.1363 103.4671 101.8045 100.5848 100.2821 101.1740 102.7138 104.3935 106.0514 106.6819 115.8597 97.3660 98.3469 93.8039 97.0427 100.0371 99.2195 102.2366 101.7208 105.7865 107.6373 94.6011 105.6830 95.4759 97.5324 99.3282 111.2094 112.8521 113.8506 114.8960 104.9352 112.6059 112.0148 106.6869 102.8916 121.3177 103.3678 105.4452 100.6086 101.1236 101.3584 100.4134 101.6511 102.4545 102.2275 102.1590 127.5618 120.8213 106.7100
117.8000 117.5339 117.0133 116.8157 116.9700 116.8582 114.4750 113.8744 113.1198 112.5792 111.8098 110.7250 109.6350 108.6686 107.6375 106.4432 105.2454 104.1629 103.4140 103.2683 103.8000 104.8042 105.8743 107.4185 107.9542 106.3720 110.8513 105.0702 98.7518 100.9791 95.9028 100.6055 104.0537 100.8774 99.3693 102.5450 103.7418 94.4698 94.8711 96.5302 99.0991 107.4017 114.3973 108.5212 116.2608 110.9818 117.9005 108.7531 111.2101 121.5421 121.7004 111.0058 102.4723 103.7859 104.0823 104.7791 102.0107 105.7337 110.9181 112.5669 112.9633 116.7322 105.5336 106.6200
117.8400 117.2642 117.9365 109.5710 116.0473 115.1865 115.0077 114.3903 113.6949 112.9410 112.1657 111.3614 110.5584 109.6509 108.6294 107.7048 106.8192 106.0709 105.5996 105.4958 105.7438 106.1360 107.4035 106.8075 106.9039 104.3070 110.7083 110.1577 94.6567 96.3332 100.9284 104.7279 103.3862 105.6504 101.6012 96.5257 94.7495 96.4558 98.3928 99.6179 97.0873 105.6638 112.7095 110.4666 115.5130 116.7041 116.5257 118.1602 120.2351 121.2730 106.9052 122.6728 110.5720 116.9334 117.8095 118.4105 118.4123 117.3975 126.9202 126.3642 127.6424 127.5548 117.9626 111.8900
118.2600 120.2927 115.4322 112.1899 116.4282 115.9543 115.2729 114.6556 114.0222 113.3732 112.7014 111.9396 111.1720 110.4058 109.6321 108.8951 108.2091 107.6723 107.3443 107.3067 107.2513 110.0126 108.1680 105.1226 107.2750 102.1773 97.9875 89.0999 92.8404 95.6199 102.3808 100.4546 103.0738 108.9085 108.1899 99.5175 96.9110 106.5633 108.1129 101.5795 101.4998 108.7542 114.4316 116.4342 112.7996 108.8014 117.5257 117.4262 118.1130 118.8269 112.4755 117.3280 121.6052 122.4128 122.3610 123.1440 123.8191 124.8592 124.2566 124.4913 124.9089 125.5615 127.1962 126.7300
96.9000 103.7634 113.6745 118.1556 117.1891 116.5313 115.4079 114.8597 114.2790 113.6737 113.0592 112.5626 111.8618 111.2102 110.6395 110.0887 109.4468 109.0436 108.8049 108.7676 109.8590 109.6243 93.9096 110.3329 100.5606 101.6817 104.9589 95.4264 92.9510 93.9892 100.7709 100.3432 104.0753 112.6105 101.8238 95.2343 94.5083 111.2815 109.9551 109.9826 104.5655 112.0506 114.6962 105.7765 113.0173 112.3741 117.1165 117.6384 118.1208 119.8371 119.6488 119.8748 122.6951 123.4090 125.4878 124.9191 125.7889 125.0691 124.4891 125.1981 125.5590 125.8425 126.3445 126.7800
98.3300 113.6995 111.9459 117.9780 111.6789 116.3099 115.8424 115.5068 115.6819 115.7930 114.5768 112.7405 112.5947 112.0172 111.3869 109.9600 110.6055 110.2370 110.0544 110.0141 109.4238 90.6228 96.7305 97.1151 99.5480 104.2899 106.1544 89.8425 95.7634 92.8815 94.7676 101.8026 102.8764 100.2964 95.2144 95.7135 94.5398 111.2114 104.7389 112.9358 106.8873 100.9871 102.7746 113.9021 113.9577 116.8182 116.4819 117.1375 120.1074 108.9720 114.1111 112.5047 104.4570 103.6421 103.4434 104.7250 107.6272 113.3458 124.8005 125.0272 125.2612 126.5596 127.1740 126.7800
118.7400 118.9742 117.4004 117.3381 120.4105 116.0053 116.7392 109.0317 113.6261 98.5586 110.2493 114.3469 113.1917 112.7641 112.4756 111.7698 111.5575 111.2944 111.1460 111.1778 111.2526 123.2453 108.1859 92.3966 95.1203 95.2706 105.6968 106.2830 91.9651 98.9848 92.7222 95.6601 102.2685 100.6724 107.5212 97.3170 99.6346 112.1638 99.3139 110.6057 101.0998 112.6472 94.5226 112.4933 116.3723 116.2687 116.4524 118.2763 102.6759 106.8833 100.9738 101.7886 99.9717 110.2474 118.4061 120.9076 99.8048 114.1491 124.6232 125.2670 125.3099 121.6724 122.4940 127.1200
118.8200 118.5051 118.4369 113.6886 115.6055 116.9343 116.6572 115.4376 116.1452 115.2241 114.3276 114.2635 113.8269 113.4299 113.0388 112.7122 112.4368 112.2396 112.1386 111.9754 111.4223 113.3614 90.0180 93.1162 101.0403 101.5772 104.0662 106.3583 113.2610 96.4395 110.4542 95.6990 98.6315 101.8607 114.3005 104.2159 108.5583 108.8285 109.8342 112.1508 113.0947 114.6448 115.1842 116.4473 115.6829 115.4256 118.7656 117.5492 118.1544 100.2072 100.8498 101.1062 101.5394 101.8179 99.8379 122.4003 102.5713 122.6720 124.2146 125.1378 125.6567 126.5733 126.4521 127.1400
118.9000 118.8410 118.3020 118.2707 117.6665 117.2640 116.8178 116.4581 116.0894 115.4512 115.5780 114.6810 114.4742 114.0914 113.7725 113.4986 113.2617 113.0937 113.0041 113.1749 113.4071 120.5661 106.4697 111.8829 100.7273 106.0984 105.0402 116.8559 113.7906 104.7919 98.0325 96.4248 98.7430 98.8589 102.7078 97.9510 96.9266 109.3248 110.0363 109.6116 111.8142 113.3278 115.6221 115.7830 107.9318 117.9084 117.4742 111.4428 98.9834 100.2484 104.2812 100.8542 101.7332 103.3282 102.6653 101.7432 103.6926 102.5839 124.7956 123.5090 125.4663 126.5217 127.0049 127.1300
119.2500 119.0327 118.6925 118.2727 117.9584 117.5909 117.2234 116.8680 116.5698 115.9731 115.8153 115.1428 115.0527 114.7534 114.4510 114.1922 114.0264 113.9044 113.5216 114.5543 116.9544 107.1989 83.3280 96.7474 94.4191 103.1885 118.0303 102.1767 118.4432 121.9984 118.4656 100.8424 103.4212 100.3840 100.5550 97.4838 95.4872 108.2890 109.5760 109.9787 116.2874 112.6744 113.6721 117.0097 108.5584 105.6447 98.7907 101.2486 104.8489 100.8722 100.8134 101.5503 103.3512 124.1045 101.6979 119.8908 121.6009 119.9100 103.7975 100.7298 109.4749 123.2785 123.2742 127.1600
119.3400 119.2661 118.9379 118.6024 118.2734 117.8755 117.5254 117.2108 117.1211 112.6164 114.2946 113.4093 114.4524 115.4950 114.9452 114.8675 114.8145 114.6491 109.7207 100.1116 98.6459 108.3123 93.9251 99.3431 98.5514 101.0558 113.2882 102.8978 103.7966 109.4031 104.5342 106.7359 97.6668 105.9410 105.8159 100.4615 98.4533 103.4370 107.5031 111.3561 111.1843 114.9126 114.2758 114.5246 112.6712 102.8856 99.4873 100.1655 100.0633 100.9383 101.1358 101.3247 100.8221 99.4720 100.4765 113.3757 119.5718 100.5906 117.5370 102.9707 101.6166 99.8921 103.1852 103.8700
119.6800 119.5136 119.2029 118.8863 118.5798 118.2999 118.3350 117.8126 117.3027 112.7313 108.2806 107.1218 102.9171 118.1042 115.6132 115.4681 115.5068 115.5731 104.4327 96.6119 97.5870 99.8292 95.4587 101.7998 97.2518 101.4519 105.3325 115.0360 111.8870 105.3304 105.8690 108.8679 103.5603 101.8093 98.8940 94.5099 101.9941 102.6518 102.9621 109.3422 114.1291 113.1859 113.8595 113.7362 103.8115 114.3804 107.0774 99.7859 100.2668 101.0706 101.5899 101.9182 102.3766 102.5435 102.8771 101.6414 99.0735 105.1644 120.0803 121.7728 107.9077 116.5842 103.9074 103.8700
120.0900 119.7602 119.4655 119.1680 118.8424 118.5082 116.6084 119.4026 117.6527 105.7486 101.2523 108.3103 103.6395 117.2966 116.1198 116.1240 116.0134 116.0402 109.5479 104.6913 97.7402 100.1887 93.8540 101.9627 106.3915 111.2909 103.9510 100.8771 107.0370 107.3907 101.5483 111.2578 107.9874 99.9889 97.1161 98.3995 105.9010 99.6185 103.9757 103.3885 107.9880 114.2804 110.8927 111.5607 99.5621 105.4829 111.7898 101.9767 106.4569 100.5592 101.7401 103.2553 103.6817 102.9935 102.8564 102.7144 115.5086 110.3823 101.3711 113.4092 110.1071 117.2568 108.6907 106.0500
120.1200 120.0046 119.7316 119.4163 119.1770 118.9725 115.6501 110.5977 102.2807 92.0554 96.0804 105.7180 118.5602 117.0831 116.7863 116.5432 116.5522 115.8057 112.4971 108.5930 97.9412 107.0877 95.6050 97.7612 105.8117 99.0770 104.2629 105.2457 106.5472 111.0339 95.3803 102.0910 113.6875 107.6446 112.8181 102.5348 112.4171 104.7193 103.4722 105.0384 105.1167 109.8301 103.2971 102.0327 101.6393 99.4375 98.8805 98.9310 105.7627 101.4072 101.4414 103.3926 104.0780 104.1912 105.0396 104.2353 114.6521 114.4816 104.8752 112.5557 105.8189 103.6752 109.6588 127.5600
120.5000 120.0666 119.6641 120.2550 119.4913 119.2179 120.5416 99.6059 93.6885 97.8985 114.1919 105.8233 117.9787 117.5200 117.0109 116.8702 97.8887 99.4356 111.6124 103.8483 105.4882 104.4967 101.3999 106.2638 104.4554 105.2415 106.1373 105.1184 109.5322 116.0295 99.9687 109.1417 112.1771 95.9326 99.9480 106.6760 103.3694 111.7143 108.7638 104.4232 106.0412 105.3456 103.8127 96.6996 99.3710 100.3296 100.8309 100.8556 100.8941 102.4550 102.2801 104.4695 102.9092 103.7338 104.8292 105.6726 104.8543 105.3241 105.8385 113.5574 107.3565 107.5543 110.7782 108.4900
120.8000 120.5550 120.6640 115.6032 120.0060 119.5389 119.5441 107.0195 93.6608 96.8476 118.3447 118.3457 118.0395 117.5662 117.5618 114.7510 115.5361 116.3263 112.3806 108.5515 100.5711 102.4947 105.3378 96.9315 105.6584 104.5424 105.9142 107.1399 104.3941 103.2874 107.3560 104.7054 109.9289 109.3697 109.0698 116.4304 109.0290 102.9686 110.4517 110.9953 105.5970 106.2262 105.9659 107.6996 106.6366 101.9735 110.7645 101.1150 101.3025 101.8996 103.1644 103.6086 103.5885 105.6931 104.7587 105.5994 106.8885 107.3809 107.8658 107.8471 108.4051 108.0566 108.7613 107.8900
120.9000 120.6779 110.9677 111.1335 120.5544 121.1627 119.5366 116.1346 111.1796 120.1854 118.8648 118.4926 118.5372 118.3592 117.9994 118.4249 118.6883 118.0140 113.6804 109.6990 102.0678 103.5027 104.7223 100.7448 107.5208 106.1929 105.2744 105.1194 108.0133 101.7246 98.6516 110.5837 108.9274 112.1597 113.0276 114.7497 116.0019 105.1551 106.0260 109.7611 112.5631 106.8877 99.8632 107.6096 105.2187 104.9552 101.3725 101.6090 102.5719 101.9260 102.4930 103.3999 104.2409 104.9423 104.7592 105.1707 105.8663 106.3689 108.1859 108.5637 109.1393 109.2678 109.8736 110.1400
121.2100 99.7799 120.4553 99.6441 99.5978 104.2197 118.6415 120.2774 120.3681 119.3804 119.1868 119.0313 118.8862 118.6688 118.6613 116.5793 110.9548 118.7883 111.4580 108.8231 105.4359 106.6533 106.0788 103.6379 100.3359 106.4763 103.1518 108.8276 109.9530 108.8123 107.8785 113.4897 110.6327 108.6416 114.6177 114.8398 114.9707 116.1980 106.3379 106.9120 115.8476 116.5197 108.6773 110.5899 100.2248 100.6255 100.8842 101.8517 102.3250 103.0335 102.6568 103.0252 104.0344 105.3440 105.7918 105.8856 117.7281 122.8765 106.8020 108.5159 109.3669 110.1049 110.6101 110.6100
121.2100 120.2835 123.0494 115.1708 105.9745 119.7094 121.0622 120.2571 118.3205 120.6849 119.5429 119.3908 119.3091 119.0924 119.4575 99.5895 112.5415 118.7321 118.5647 116.2486 107.4875 108.6070 107.7194 106.0326 106.8476 109.0317 109.0472 109.4879 109.6340 109.3866 110.7850 113.0301 111.9723 109.8770 114.0104 115.2924 116.2814 116.4706 117.8099 111.4214 106.9393 114.2148 106.8366 104.0101 100.1302 101.3188 101.2001 101.2731 102.4708 103.6101 103.5926 103.7654 103.7808 103.8355 108.7287 106.4981 107.1869 106.6682 122.4933 108.2820 110.0248 110.1200 110.8830 111.2800
121.5600 121.3273 122.0642 120.6245 122.2544 116.2086 111.4401 106.2641 107.7090 119.6661 119.9271 119.8521 119.4507 119.5019 120.5815 113.0252 119.7858 119.2539 115.7620 115.8100 110.7818 109.2568 113.2173 106.2219 106.9572 108.9718 110.6596 109.6522 110.6010 111.2627 111.7431 114.6863 115.2965 114.5455 111.8549 116.4282 116.3335 117.4894 109.5394 103.6192 109.3462 109.3227 102.5047 100.6374 102.1672 104.8112 100.9357 101.8708 101.6128 102.4415 104.1077 104.5294 105.0917 104.5717 100.0630 104.2672 111.0158 108.1764 108.5714 109.3859 112.1574 109.4060 109.6592 110.6800
121.8600 121.8189 121.2933 121.5113 105.8148 114.8984 119.6856 93.9282 120.4053 120.4514 120.2595 119.7060 121.7609 119.6494 120.4672 120.1091 119.7511 119.7978 115.3988 105.1916 113.0759 113.2462 112.9568 110.4207 109.2220 109.2828 101.6877 111.6473 110.3187 110.0517 103.7222 98.6505 113.3183 115.7164 109.5939 110.6984 117.6662 117.2418 122.2833 122.8150 120.8490 107.2884 107.5864 100.2632 100.9600 102.4668 102.4820 103.8330 102.3986 105.6761 104.6674 104.2840 105.3909 105.9847 106.7898 105.2223 122.3067 110.3514 114.2955 109.6387 111.0667 108.5118 105.2294 111.7200
122.1600 121.9842 121.7964 122.8100 101.8269 97.3745 102.4436 104.4796 120.5400 120.6507 120.6971 120.7323 121.0042 109.0062 121.4442 120.0846 120.2359 120.3401 106.9778 94.7169 116.2113 114.3477 113.9229 115.2925 110.5776 110.4456 106.9742 111.7178 111.1546 113.4705 98.5121 115.6799 114.8906 109.1882 118.3824 112.2066 116.3537 117.8778 116.5656 120.5910 112.5698 100.7176 108.7038 100.7348 101.1303 111.6905 102.4548 101.7070 102.7526 112.5516 103.9562 102.4568 106.1233 106.5519 106.8168 107.4113 107.2032 116.2446 124.9097 118.8141 114.0040 110.9074 113.0492 112.2500
122.4500 122.2264 122.0359 121.9488 117.6486 111.7005 109.4599 110.5402 122.5513 120.8925 120.8198 123.2312 105.9022 108.5003 121.0813 120.8208 120.5686 120.7497 117.1674 117.7426 108.9590 116.4987 112.0866 116.9148 110.2470 110.4158 114.3749 111.7275 110.8265 97.5516 103.4516 111.8513 112.7033 118.0978 118.6130 115.3493 114.5588 118.6725 119.8379 108.3256 97.8580 101.1617 104.9663 101.9522 101.6000 106.9953 100.3007 102.5925 102.4106 101.1990 102.5230 103.0549 104.0501 105.8498 107.6557 107.8443 107.9817 107.2961 111.3881 128.6610 112.1904 116.5157 108.2808 112.2500
122.7000 122.4583 122.2966 121.9244 121.8728 124.3046 106.0788 113.4704 101.4538 119.2808 121.1983 113.5790 107.4355 122.2369 121.6817 118.8583 120.7101 121.0419 124.6272 125.8952 93.4989 116.4211 118.5954 114.7993 110.6612 112.7029 110.1801 113.2036 113.7299 112.4558 111.4198 104.7041 113.7414 107.5650 111.5321 111.7287 114.3614 113.5852 122.4935 128.1279 103.2586 105.4575 101.0117 101.5254 100.2054 100.4490 104.3106 100.9014 101.4175 102.1054 103.2155 103.6090 106.7650 102.5561 106.1055 109.1606 109.0885 110.0328 108.6032 118.5919 117.7530 115.2499 108.3839 112.5100
122.7300 122.6969 122.5368 122.3491 122.2212 124.2382 100.3432 115.2074 120.1587 116.4418 123.4979 112.6732 115.6745 107.8834 120.6871 121.6114 123.1670 122.0426 112.6031 99.4290 119.2291 118.5830 111.5181 104.1707 111.7531 111.7593 112.6798 110.8427 112.9364 108.1655 98.2033 105.4203 107.1765 113.5447 99.7113 99.8823 105.8210 116.2094 114.7942 95.6322 101.6367 101.0730 101.6943 101.8558 117.7115 110.3043 110.8805 119.1479 110.5640 107.3287 103.4439 104.9750 109.0546 111.0856 105.5328 106.0784 109.7127 109.4192 109.9003 110.4856 111.5621 103.0717 114.6541 104.8900
123.0000 122.9240 122.7839 122.6849 122.2288 125.5639 100.6904 124.1330 122.5880 114.7827 122.0620 117.8977 107.9220 124.4316 107.0513 109.7440 118.9336 120.4309 97.3869 99.3923 120.8322 121.9668 106.6533 99.8072 100.0549 104.3605 107.9279 104.7821 114.3615 112.3810 101.7051 100.2965 100.9891 109.8407 100.5220 100.4650 99.0305 115.7915 102.8112 101.2968 101.4162 101.5601 100.6057 98.3431 107.1411 124.7927 115.5910 107.4213 104.5797 107.5169 109.0038 104.1370 105.7381 112.8113 110.9317 108.3787 109.5993 110.7543 112.3812 106.4951 110.0624 109.5664 110.4757 104.9200
123.2600 123.1444 123.0331 122.8497 122.5058 123.1839 106.2907 122.4818 122.4347 123.6861 111.9721 106.3393 111.5198 122.8213 117.7710 101.6814 115.5215 111.7872 99.2685 99.5680 122.1506 120.9865 116.4872 101.4964 102.5637 112.9611 109.2215 98.4798 116.0930 110.8378 109.1226 99.3702 101.2133 101.7002 101.5644 101.3973 101.5590 99.7632 100.8689 100.4187 101.6899 101.4324 127.0623 102.0978 104.8925 110.1555 124.9911 104.7166 101.6263 103.0870 103.4857 104.5658 103.4711 110.2463 114.3538 115.8632 109.5629 111.2589 111.1744 115.5031 111.4964 112.9167 111.1576 112.8500
123.2600 123.3688 123.2277 123.1223 122.7895 122.9574 124.0703 122.8493 122.4571 121.8967 112.1591 107.6404 120.7354 116.9171 102.7531 106.7116 109.7229 119.3206 98.5493 100.0221 107.1573 122.5286 112.9836 116.4855 120.3344 108.9848 112.7683 109.5938 104.6050 117.3048 117.6763 102.1178 100.9790 101.1912 101.2826 101.1758 101.4052 119.6986 114.0469 114.9239 104.5888 102.6348 100.5297 102.0303 102.0733 101.5972 102.9745 125.9164 108.4561 102.4522 103.2900 104.3967 105.4641 105.9963 106.4142 108.2965 112.4726 112.7273 111.7373 114.1159 105.1226 112.6880 113.1444 113.4800
123.5800 123.5900 123.4621 123.3273 123.0154 126.1427 120.7118 121.5589 115.7802 108.1934 106.2525 107.7368 105.0270 102.2330 100.1184 104.2523 103.4946 107.3105 99.6045 100.0673 110.9029 124.0685 112.8390 120.5639 119.4074 106.8526 113.3661 112.8699 104.3650 113.2754 106.8145 104.5715 100.6526 101.2079 101.2857 100.7308 116.0062 124.7548 123.4210 119.7287 115.0460 117.5444 106.5676 109.0728 100.9248 101.0545 117.7427 129.8237 129.7573 102.7133 104.1833 103.1132 105.0881 105.3377 114.7460 115.7273 116.3642 117.9928 113.9683 113.3656 114.1117 114.9231 116.5150 129.9900
123.9900 123.7986 123.7234 123.5601 123.9275 113.5834 104.5080 125.2167 108.0918 102.4648 106.1029 105.0856 102.6399 105.6111 99.1757 111.3031 106.5009 105.1660 99.0144 102.3456 103.4034 120.1087 117.7423 118.5303 115.9210 110.8754 107.3240 106.2224 106.2376 109.9273 117.9513 106.7340 104.0994 101.3437 101.3711 100.5774 117.6232 123.2037 125.3948 123.7976 117.6765 117.1729 103.5466 112.5786 106.9914 104.5976 111.3455 129.4888 130.8129 113.7785 113.2250 105.1005 105.4452 109.1947 111.5099 120.5241 118.5286 118.7049 115.3886 113.9246 116.7871 113.6681 117.5898 117.2900
123.9900 124.0107 123.9009 123.9135 124.9441 112.4186 105.8202 114.7919 116.5941 99.0413 112.3447 100.3546 100.8311 100.9720 98.9192 118.3359 105.3391 120.3589 97.9096 106.0269 108.7208 117.4178 117.9991 119.3554 118.2564 110.6082 107.5848 111.5686 107.2859 113.1792 108.5037 102.6652 99.2155 102.6140 101.6574 101.2651 112.9848 124.2643 125.1568 125.9350 121.8264 118.2641 104.1355 106.4524 101.4172 121.7847 129.4226 127.9274 128.0427 129.5389 126.1839 119.7885 117.9104 122.5390 127.4401 129.9967 119.7402 117.6287 119.0506 118.7046 118.4255 117.2411 118.6110 116.5300
124.2300 124.2172 124.1341 123.9574 118.3143 100.7813 101.8589 106.8049 106.7372 103.9719 103.9024 99.9479 101.4529 101.6331 99.7803 121.0058 112.7810 129.9108 100.4820 104.4455 112.1003 120.3764 100.8346 100.2619 105.8129 111.9108 107.3798 104.5776 101.4800 100.4326 107.7470 95.7623 114.9358 106.4270 101.7809 100.4575 111.9478 123.3652 126.5826 126.0996 128.1275 119.9392 107.5822 103.9504 101.7183 117.2897 128.5923 117.4253 129.1309 129.0533 129.6168 127.4059 115.7216 119.6475 127.4348 109.5434 106.1953 126.1855 121.9409 119.6694 120.0239 118.4425 115.3740 119.5800
124.4300 124.4112 124.3376 123.9006 125.5148 115.9490 102.1348 109.3004 111.1729 113.2713 109.1764 105.4677 101.3817 101.2041 110.0534 116.3863 108.6796 119.7810 103.5988 105.7153 100.5913 123.8023 102.7402 104.2340 109.0607 104.4634 108.2356 100.2622 105.1369 102.9525 117.0421 123.6147 101.9001 103.4499 101.8287 101.6618 110.4091 114.7904 118.1123 125.5878 127.7493 131.7117 103.0030 101.9615 104.3000 101.1866 120.2268 121.0812 129.9297 128.8884 128.6746 130.9443 124.7576 120.0836 126.1366 119.8040 104.7071 125.7559 121.6762 123.6714 119.3745 120.5562 115.8762 117.0600
124.6700 124.6187 124.5708 124.3861 119.8175 122.6933 122.8116 110.0164 100.4492 110.3618 114.2923 110.5269 101.2706 100.7178 109.6629 116.0279 116.4975 115.5607 101.9141 102.1300 102.8976 103.0385 101.1522 100.6090 114.5966 100.5088 106.5725 102.1784 101.8650 101.2437 102.5146 101.8057 102.8273 102.5786 102.8936 102.4304 100.7662 102.7690 97.5203 116.3485 132.7455 100.5229 102.8336 110.1529 117.4725 132.2638 132.1620 129.4806 128.3727 129.5057 129.7133 129.8767 130.3664 124.7527 113.6340 118.3724 103.3771 102.7122 128.1551 129.3535 123.8242 120.7662 117.3491 105.7700
124.8800 124.7950 124.7430 124.5957 125.0871 124.4536 122.4296 114.7310 121.3355 115.7865 118.2513 104.5539 101.4697 105.1013 110.9504 115.6135 117.7809 114.7911 106.0195 101.8464 105.3145 104.2322 101.4244 101.1524 102.7843 101.9812 102.4666 104.8776 102.2042 102.3590 102.6455 116.6729 116.1420 110.2889 102.3183 104.2386 104.0626 103.2233 101.7095 115.4099 105.0548 104.2053 111.3351 123.9200 104.2910 114.5715 129.3506 128.3209 129.2924 129.4561 129.7876 130.0634 130.3600 130.2066 122.8747 119.2877 113.9346 116.3921 118.7654 129.5098 125.7036 124.4853 120.7771 105.7700
125.0900 125.0286 124.7451 124.7368 124.6011 124.7677 124.7411 117.3716 103.2372 119.0851 103.2415 101.2113 102.6485 103.4121 112.1245 114.8278 115.7774 115.0141 103.0382 102.1037 101.5600 123.5234 99.6328 116.1747 113.0180 100.7060 102.4772 101.9435 102.4338 102.4233 101.6935 115.7057 118.7334 113.2665 108.0292 107.1141 102.6269 102.9667 103.0107 112.2898 110.4757 107.0627 111.8039 122.7972 122.8197 122.8573 125.8384 127.9638 129.3770 129.9544 130.2389 130.2138 132.7164 131.4546 132.1391 129.0497 125.0542 130.4111 130.7054 130.9275 129.7535 126.5988 103.5558 105.9400
125.2900 125.1899 122.8992 123.9311 124.9989 124.6730 124.9171 126.1465 117.3329 114.1701 118.5401 102.3209 104.8447 104.2688 112.3881 115.3672 115.8019 113.7279 102.9533 102.3204 106.4426 123.5228 98.6559 108.8335 117.2396 109.8882 102.4301 102.5807 102.5928 102.5992 103.0166 109.2410 111.6634 109.6410 106.0873 104.9544 103.0166 103.3863 101.9319 106.3051 110.0530 104.1812 132.1980 130.1496 126.7923 122.3831 118.2836 123.7880 129.5198 127.7471 130.4147 130.9293 129.7825 107.5093 134.6655 131.6887 131.1080 129.4996 132.1109 131.3186 133.4669 133.9728 126.5919 105.9700
125.4700 125.3163 125.4464 125.2974 124.7347 127.2744 124.7915 123.6502 120.3045 118.1282 103.9821 102.6655 104.9324 104.2709 118.5340 116.1128 114.9056 115.0681 108.2878 102.5219 106.6096 119.5325 102.3592 105.3000 101.7989 102.5892 102.8898 102.7500 102.8050 102.8133 103.2341 99.7632 112.2846 115.3193 105.5732 104.6859 103.4615 103.4297 113.1462 116.8298 113.9382 105.2313 107.7105 129.7819 131.9279 121.9676 123.4072 123.0221 130.3215 129.8968 130.8924 131.2537 131.3631 129.6277 132.0884 130.9851 132.7376 133.7433 118.6437 109.2076 105.3666 133.3616 109.3793 107.4400
125.6800 125.5854 125.4878 125.3965 125.1818 128.3933 124.9723 123.4547 121.5488 122.6329 103.1664 103.1315 102.8414 108.9626 121.9927 118.5556 111.0635 111.2195 105.1373 102.8775 103.6190 103.0012 101.8692 104.6578 104.1705 104.8993 103.1163 102.9646 103.0570 103.3319 102.5741 101.1412 114.8783 113.7121 112.7500 120.7893 103.8087 102.7487 105.2048 102.3266 107.1027 103.5270 102.1738 127.2099 130.1401 128.1770 122.9048 123.5628 128.7077 130.5636 131.0839 130.2032 130.9946 130.9462 130.2616 132.3273 133.1471 132.7910 126.7278 103.2371 120.2424 115.4284 105.1603 106.2400
125.8600 125.7457 125.6788 125.6042 125.5546 125.0943 125.5965 122.4869 108.6430 114.5833 104.0497 103.7979 108.0048 110.4176 109.8950 117.7080 118.3217 105.2872 106.1603 102.2279 102.9458 103.6579 103.1857 102.9389 103.0451 102.9440 103.1038 103.1644 103.2023 103.0995 104.2092 108.0798 115.1889 116.6096 105.4166 116.3757 118.9565 104.9183 103.9062 103.9365 103.8599 104.2141 102.5918 117.4602 131.3748 133.2504 125.8944 128.7862 124.7841 128.1845 131.0879 129.3722 130.9173 132.2786 132.5160 129.0178 133.5949 133.1762 133.5976 133.9388 134.6692 125.3015 108.2848 106.2800
126.0500 125.9251 125.8531 125.7649 125.6473 125.9759 125.0189 120.8989 122.7451 123.6404 104.4385 105.6245 109.0159 110.0820 116.0725 119.3723 120.1770 111.0815 107.4008 107.3173 107.4501 103.0773 103.3024 103.2602 103.2831 103.3593 103.4128 103.3718 103.0220 108.8163 101.3291 115.1439 118.1631 112.1960 113.1203 116.3787 111.9852 100.0878 104.9902 104.2833 112.5318 103.9265 105.1307 98.2612 110.3913 133.0801 132.3269 124.8098 125.0641 126.8690 131.8363 111.1630 130.2415 132.3668 131.0716 113.6799 135.0708 134.2043 134.3972 134.5618 135.9706 110.2865 109.8200 106.4100
126.2200 126.0929 126.0297 125.9638 125.8048 126.1033 118.3810 117.1058 117.2547 110.8313 105.6952 105.0219 109.2284 109.4085 106.6077 106.1285 118.9467 106.1148 104.3114 106.7671 106.8582 104.2190 103.6162 103.4508 103.4844 103.5326 103.5523 103.4582 106.2831 98.2003 111.8706 109.3765 120.7696 117.0472 116.3545 117.4036 119.2305 112.8127 104.1431 104.4442 109.8854 104.0097 104.9600 105.4392 135.0118 132.4374 132.7839 118.0489 101.6246 121.9469 124.3104 132.6498 131.9993 131.8404 134.5560 133.8234 130.8094 131.5156 134.4120 135.9674 129.5506 114.2001 105.7494 106.4500
126.2200 126.2665 126.2026 126.1342 126.0254 126.2386 119.4947 118.6619 118.7455 112.8503 107.5980 110.4383 106.2657 110.6030 103.7645 105.3072 109.8263 102.7769 104.6237 103.8985 103.2406 103.4944 103.2269 104.5220 103.4449 103.6969 103.7998 103.2919 107.2851 102.5379 111.8619 101.4725 117.6567 114.7177 111.6400 113.7967 120.6716 107.6620 105.1943 104.2926 104.3800 104.9917 104.6838 103.1419 133.8611 132.4539 133.3204 133.9063 128.6806 132.4423 133.9027 132.8633 132.4901 133.0692 133.4466 135.3446 115.9347 132.8029 135.4807 133.6631 103.6044 105.3975 107.1444 106.5800
126.4000 126.4000 126.3300 126.3300 126.2200 126.1000 126.1300 119.5400 119.2600 106.6100 106.6000 109.9600 103.7900 121.1700 103.8300 103.8400 103.6800 103.6800 104.1900 104.1900 104.7000 103.6800 103.8400 131.1000 103.8200 103.8000 103.9400 103.9200 103.9000 104.0400 115.0200 104.1400 115.2200 120.9000 120.9000 119.7700 124.4800 110.9500 105.5600 105.5600 104.6000 104.8200 104.8200 104.9100 133.0300 133.0300 130.8600 131.0800 133.0800 132.4900 132.7900 133.5500 132.5000 133.0200 133.6900 134.1900 134.5300 134.5200 134.9000 112.3700 112.4200 106.5300 106.6200 106.7000
