105.5600 105.7500 105.8300 105.7200 106.8900 106.8900 107.8000 108.7900 109.5300 111.0000 111.6500 112.3100 113.3900 113.9100 114.3900 114.1400 120.2700 116.1200 116.8800 117.2300 115.6400 104.5700 102.9000 119.1100 119.3900 119.9200 120.1700 120.6600 120.8900 121.3400 121.5600 121.7700 122.1800 122.3800 117.5200 122.9500 123.3000 123.4800 127.6300 123.9800 124.1400 121.1200 125.3400 124.9100 125.0500 134.6700 125.4800 107.0800 125.8800 126.0100 126.2700 126.9400 114.6000 118.3800 116.9800 116.2100 117.3400 121.3800 116.6200 105.7800 120.4600 115.0200 113.9300 123.2600
105.5600 104.8041 104.5821 104.8456 105.5413 106.4685 107.4910 108.5352 109.5410 110.5039 111.4009 112.2424 113.0153 113.7502 114.4538 114.4313 117.5497 116.1755 117.0215 117.8904 110.2902 111.2543 104.2291 119.5100 119.4441 119.8365 120.1999 120.5479 120.8729 121.2287 121.3739 120.7940 116.3404 120.7221 118.9295 123.1669 123.2294 123.6842 124.2998 124.4838 116.4770 126.8650 124.9236 124.8023 124.6136 128.3434 124.5063 129.2714 116.5143 118.2277 128.3207 129.1142 123.5476 112.8363 109.8081 112.0747 119.0673 116.7948 117.1270 110.8606 109.1768 113.6661 112.8906 123.0300
103.5000 102.4349 102.0599 102.5116 103.5937 104.9302 106.3012 107.6093 108.8105 109.9122 110.9230 111.8464 112.6867 113.4693 114.1775 114.7739 115.2779 116.1424 114.8717 107.2580 112.5698 107.6631 107.5880 120.7833 119.3262 119.7730 120.1400 120.4990 120.8792 121.2336 121.4809 118.8985 119.1927 122.7432 123.0935 122.9521 123.2809 123.3227 123.5529 123.8689 126.2401 124.7081 124.6337 124.8155 126.3438 127.1248 117.8742 115.9304 109.6156 114.0670 119.4663 120.4848 114.5908 113.7104 103.4973 106.3475 107.9823 108.9755 109.5431 109.5981 117.3682 107.0095 107.9197 125.9400
100.7600 99.4467 98.4978 99.4071 101.2623 103.2864 105.1245 106.7452 108.1526 109.4084 110.5169 111.5241 112.4175 113.2433 113.9885 114.6987 115.3856 115.9493 113.5268 112.8721 115.8135 103.9924 101.2894 111.6937 119.4442 119.7876 120.0719 120.4201 120.6578 121.0699 121.3346 122.9318 122.6591 122.2775 122.5354 122.6200 122.9298 123.4321 123.6342 123.9338 126.7232 124.1336 124.9862 125.9176 113.0780 108.7202 105.4520 111.1375 119.3039 107.6966 111.4909 105.5036 102.6272 107.9199 104.2771 105.2081 106.2102 106.0177 105.7164 107.9382 111.2190 107.0661 107.4563 109.2400
96.5200 94.0942 92.2276 94.6268 98.7942 101.6749 104.0814 106.0273 107.6350 109.0165 110.2061 111.2700 112.2146 113.0722 113.8552 114.5658 115.2365 115.9127 117.3087 113.0948 141.6768 100.0391 104.3413 119.1811 119.1774 119.6569 120.0807 120.5465 121.0654 120.9516 122.1343 114.7461 122.6516 122.3170 122.6861 124.7345 123.9749 123.3401 123.6226 124.0331 122.7525 124.8530 119.9426 127.2742 111.6067 105.7783 107.1484 107.4074 124.2317 107.1926 110.1867 109.7127 109.1319 110.9384 109.4043 103.2312 115.8974 104.2304 105.7170 105.7297 109.1215 115.9608 115.2499 118.0700
89.9600 89.1860 87.2223 89.2780 96.2326 100.4285 103.3715 105.5552 107.3113 108.7665 110.0240 111.1189 112.0951 112.9686 113.7691 114.5066 115.1695 115.7980 116.4829 116.2242 117.8546 102.3603 117.9772 118.4540 119.2805 119.6991 119.7609 117.6380 116.7339 120.8460 121.5277 121.2447 122.1635 122.3245 123.1852 114.5297 124.0820 123.2778 123.6253 123.7775 123.7477 126.5701 106.9430 110.7538 103.9540 108.4349 105.6128 105.7781 116.7395 118.2311 119.2767 121.3313 122.3861 105.7926 116.4336 112.0415 118.1001 111.6662 105.5632 105.7219 110.8564 125.1506 125.9279 126.5900
89.4700 87.4872 85.0411 87.4150 95.2797 100.0624 103.1530 105.4164 107.2145 108.7001 109.9792 111.0814 112.0677 112.9478 113.7506 114.4791 115.1555 115.7921 116.4280 116.7176 116.8196 102.0318 119.2112 118.2654 119.2533 119.6728 119.9955 120.3455 120.6556 121.0576 121.3867 121.7484 122.0077 122.2800 122.4614 123.2109 122.9733 123.2943 123.5810 124.1480 124.6977 111.0147 110.9354 114.1163 103.1859 109.0035 104.4731 119.7755 119.5129 108.3184 122.1544 103.5781 115.5217 104.8973 104.7823 115.5491 122.5168 109.6995 105.7606 108.3739 110.6195 124.8700 126.2356 126.8800
95.9200 90.1043 87.9653 90.4314 96.9668 100.7070 103.5197 105.6533 107.3718 108.8229 110.0709 111.1680 112.1568 112.9972 113.7890 114.5163 115.1864 115.8137 116.3938 116.9027 117.2903 122.5653 100.6106 120.6853 119.2273 119.6329 120.0458 120.3488 120.7549 121.0911 121.4088 121.6995 122.1631 122.2980 119.4549 120.5742 121.5585 123.3916 122.7804 125.5735 110.6970 105.2743 104.7985 114.3967 109.9962 121.2667 123.1161 112.2290 113.2825 115.5683 121.0722 125.6750 115.5272 115.9994 114.2639 117.6388 116.0282 104.7176 108.8739 122.1362 122.0604 131.4445 131.6659 122.3900
95.9200 95.9046 94.1344 96.2721 99.4525 102.1054 104.3432 106.1998 107.7600 109.1047 110.2826 111.4582 111.7400 113.0574 113.8795 114.6028 115.2573 115.8796 116.4483 117.0513 117.8177 109.7148 99.0419 121.0115 119.2427 119.6406 120.0542 120.4699 120.8675 121.1129 121.4163 121.8070 122.4881 115.3686 107.4505 102.3262 101.6224 120.1095 124.1891 120.9382 126.5821 114.4950 107.5254 107.8293 123.8653 114.0182 110.7828 112.8276 111.2295 123.7992 123.6584 122.4572 118.8127 103.6644 111.3698 103.6243 104.6906 105.2830 122.8010 130.1521 128.8552 127.3883 127.8342 118.6100
103.2800 100.3135 99.6324 100.3572 101.9454 103.7512 105.4354 106.9660 108.3296 109.5332 110.5637 112.1523 107.9305 114.4919 114.0445 114.7381 115.3800 115.9789 116.5407 117.0269 117.4634 114.9427 104.0612 111.9608 119.3071 119.7874 120.0896 120.5032 120.1647 121.1378 121.4594 121.9861 120.6213 113.7843 104.7635 126.1427 123.4481 125.3492 123.4724 128.3579 104.4849 104.6785 101.1980 101.7293 111.0507 104.0117 103.0136 112.1981 111.6615 107.7720 111.8955 113.6445 100.6329 104.1921 113.1798 107.7882 108.1444 108.1447 117.4677 120.8585 125.4648 122.4066 114.8478 106.2700
103.2800 103.1576 102.8048 103.1995 104.1621 105.3646 106.6328 107.8640 109.0096 110.0785 110.9687 112.0523 108.5318 117.4075 114.2278 114.9736 115.5267 116.1050 116.6801 117.4677 118.5878 118.4060 120.6022 117.6052 119.4528 119.7618 120.1506 120.6439 118.9756 121.3982 121.4897 121.8840 117.9290 127.6326 117.5535 115.9206 111.9322 116.6178 109.3145 109.3404 99.7989 102.7916 103.8731 104.2947 104.1283 104.4378 105.8866 110.3164 128.9671 121.9550 127.4462 109.7001 111.3122 109.6699 115.4458 112.0486 113.9811 110.4106 105.9219 104.6189 111.2228 109.7693 116.5129 106.2800
105.5300 105.3712 105.1619 105.3968 106.0087 106.8495 107.8137 108.7976 109.7536 110.6894 111.5048 112.2634 111.2356 115.9694 114.1082 115.1831 115.7322 116.2937 116.8030 117.5170 110.3184 118.8512 115.1687 117.6887 119.5876 119.8466 120.2293 120.5774 121.1578 121.4692 121.5721 122.3779 121.0670 122.8205 107.8761 101.2929 102.6188 102.3331 114.9628 108.5832 104.8459 104.0831 105.0239 107.1426 108.5680 108.8943 109.6785 113.3825 120.0945 117.0797 126.9163 110.4906 114.3916 112.1094 111.3362 111.7460 116.0995 119.7022 117.9116 117.0238 114.1958 119.7252 120.2622 106.2800
107.2000 107.1502 107.0043 107.1672 107.5852 108.2008 108.9372 109.7239 110.5269 111.3114 112.0741 112.7487 113.7431 113.8549 114.7156 115.3792 115.9032 116.3813 116.9420 117.6165 110.6355 118.8153 117.8956 115.7625 119.6216 119.9619 120.2392 120.5419 120.8379 120.9755 122.5315 117.6484 118.1995 110.0983 112.7595 108.2066 103.0354 103.5639 114.0387 114.0075 109.8986 109.3918 108.5105 103.9886 109.5290 110.1071 107.6045 110.7158 116.0113 107.3318 116.6724 100.2699 102.4405 109.7101 103.7184 103.4104 108.4793 112.3020 107.4043 124.0512 124.1301 126.0462 124.8053 114.2000
108.5900 108.6275 108.5290 108.6383 108.9465 109.4142 109.9922 110.6294 111.2880 111.9679 112.6440 113.2860 113.9143 114.5444 115.1148 115.6672 116.1571 116.8834 117.2068 117.6311 118.5750 118.8126 120.4056 118.3976 119.7642 120.0766 120.3325 121.0085 120.7355 121.9563 123.5892 117.6656 115.3537 107.0842 107.7953 101.0278 103.4337 113.4976 120.1239 100.2796 114.1583 112.0597 111.7381 112.6325 112.6016 115.9323 112.0706 111.6322 114.5993 113.6937 116.2097 109.8706 112.1916 105.7167 106.7488 118.0867 107.0016 107.9475 125.2356 123.3212 123.5669 123.1525 117.8205 111.0700
109.7800 109.8953 109.8221 109.9054 110.1421 110.5047 110.9626 111.4802 112.0362 112.6167 113.2082 113.7884 114.3501 114.9062 115.4351 115.9509 116.8212 112.8141 117.6040 117.7434 118.2678 118.6368 118.9001 119.4287 119.7731 120.2019 120.6067 116.5766 121.2928 116.6681 109.4693 105.8623 104.5332 106.6381 107.9472 108.7156 100.9968 120.7026 108.9807 103.7074 102.6308 102.6495 104.1783 109.3939 111.3806 111.7531 112.6470 112.3367 115.9894 113.0018 114.4375 118.8073 114.8634 111.5549 103.6434 113.7104 104.3817 108.5953 114.3735 116.3370 116.2493 125.5323 119.7072 119.5500
110.8300 111.0039 110.9476 111.0165 111.1975 111.4886 111.8556 112.2889 112.7600 113.2567 113.7711 114.2895 114.7970 115.3023 115.7988 116.2874 116.6849 117.2259 117.6766 118.0293 118.4668 118.8598 119.2372 119.5919 119.9393 120.2827 120.6114 120.5912 120.4092 113.1737 107.4569 99.5118 104.6151 106.1606 101.9315 101.8863 107.1485 119.9629 102.3205 102.5667 104.1873 114.9254 114.6792 110.4078 106.4604 115.5802 115.3595 115.5075 114.0951 113.5639 112.4570 115.6217 114.6182 121.1943 119.7927 121.4030 120.3985 114.1487 114.9249 117.7750 118.1803 119.6732 109.7276 106.4100
111.7600 111.9898 111.9384 111.9906 112.1478 112.3835 112.6847 113.0464 113.4538 113.8810 114.3348 114.7894 115.2497 115.7110 116.1586 116.6031 117.0918 116.9626 117.8676 118.2570 118.6640 119.0373 119.3989 119.7460 120.0982 120.4271 120.7202 121.0976 121.2179 121.8034 115.9342 111.5090 121.2926 105.4874 109.3668 106.2868 118.6378 104.7875 103.8886 102.2063 102.5782 114.3365 117.2342 110.1921 108.5450 116.6162 115.7388 113.1922 113.6444 103.2086 105.0223 104.8147 109.4097 105.2970 109.9603 105.8210 108.3426 111.3546 128.7129 122.4666 125.2848 120.4346 119.8442 106.4200
112.6100 112.8814 112.8972 112.9165 113.0017 113.1987 113.4531 113.7608 114.1063 114.4858 114.8807 115.2853 115.6987 116.1186 116.5341 116.9323 117.3434 117.7354 118.1319 118.5176 118.8766 119.2325 119.5889 119.9229 120.2081 120.6843 120.8216 121.1896 121.6281 121.9239 120.3505 116.4429 108.7493 101.6446 105.7985 107.7873 108.4115 101.8988 103.6793 102.6576 105.2174 104.4885 104.7583 107.6786 109.3361 116.2560 116.4275 112.7029 113.3263 114.5062 103.9919 105.2069 109.1854 105.5738 126.0083 105.9668 109.5138 112.4554 111.6386 115.4205 116.2746 115.6387 107.5763 123.2800
114.0800 113.6981 113.3305 113.4388 113.8165 113.9454 114.1683 114.4249 114.7292 115.0695 115.3490 115.7950 116.1501 116.5193 116.9065 117.2803 117.5297 118.0291 118.7688 118.7849 119.1072 119.4362 119.7755 120.1221 120.3793 119.5888 120.0885 112.7579 119.0080 109.7404 124.0354 118.4214 100.1215 101.0526 101.7287 106.6377 110.0240 105.7954 101.3607 102.1799 104.1155 106.5183 106.5630 107.8112 108.0279 107.4428 107.1508 106.8740 118.4256 116.5590 104.5280 104.8142 104.5708 104.7214 103.6746 104.2692 106.2334 123.9936 124.3502 125.1469 116.7929 126.3152 115.4732 118.1400
114.7300 114.3527 115.9013 116.0631 114.3532 114.6732 114.8183 115.0657 115.3230 115.6755 116.8760 116.0258 116.5447 116.8610 117.2352 117.7678 114.8998 115.8384 115.4861 118.9451 119.2852 119.6558 119.9724 120.3593 120.5362 104.2566 112.9524 100.7754 101.3102 97.6719 122.3541 111.6350 106.3327 102.8512 102.8597 108.7522 108.5567 114.1922 104.9701 105.3265 104.0853 112.9908 109.0018 110.2298 117.8678 109.4473 112.8697 111.3746 106.6438 104.5819 104.8635 103.6405 104.5778 105.0871 105.7057 105.0786 116.6522 120.0603 118.1760 121.4546 106.4953 102.5726 127.0954 125.8200
115.3300 115.7176 109.5086 101.9480 116.8095 114.9862 115.4700 115.6485 115.8814 116.6730 114.0682 117.3292 116.5278 117.5405 117.9190 117.1457 120.2923 115.6646 101.3322 120.4705 119.3296 119.8978 120.1746 120.4071 121.1609 128.9949 106.2427 105.0993 105.0363 108.1380 115.8775 125.6349 119.6059 115.3094 109.2512 106.6508 106.4408 108.6087 107.3748 112.5233 113.3092 110.9874 112.2575 116.3949 117.4270 112.4571 120.8409 117.7755 114.0169 111.0266 107.8079 110.7894 106.8789 105.4102 105.5117 105.9438 104.3954 104.4752 105.4012 118.3550 128.4216 128.2405 121.0899 114.7700
115.9000 113.9577 110.1903 113.0225 115.2033 115.8743 115.9995 116.2461 116.4652 116.8504 114.8826 118.1647 119.4938 116.4303 115.0010 116.6949 112.9652 116.5211 113.8267 119.8225 119.8417 120.1140 120.3824 120.9680 120.4252 119.9525 122.6603 110.5315 102.7509 109.9122 117.4560 114.0217 112.8623 119.3871 115.7470 112.8639 104.6807 107.7165 106.6506 104.7643 113.3123 112.7766 111.7834 111.3409 111.7599 117.9182 116.4754 115.7847 114.4645 111.6182 116.1265 114.6396 110.0814 103.1478 105.1713 106.2760 107.2414 106.8990 107.0114 120.1886 117.7532 117.1321 113.2054 114.7700
116.4300 101.5302 100.3927 99.0097 118.8355 116.0287 116.6693 116.6761 116.3702 116.5115 115.9852 102.8989 106.0888 107.3306 115.0533 119.7255 111.1676 119.6097 119.9476 119.5630 120.1383 120.2798 120.7328 118.0050 120.5800 122.6875 116.8996 107.3379 100.6049 103.3773 105.3990 103.8130 123.1294 112.5808 101.1051 107.9265 108.2225 101.4521 108.4132 106.6988 112.2167 111.2008 111.8416 112.8184 114.2195 113.0847 113.1710 116.1110 120.9315 113.9510 126.6781 117.0068 116.4165 116.6207 107.0375 104.3106 103.5843 105.0172 117.4704 109.5355 106.5271 107.8980 116.3237 123.7300
116.9300 116.1714 95.1341 114.2184 103.1411 118.2207 117.1100 117.1564 123.7110 117.1800 121.3029 119.3405 108.5756 118.0601 101.2536 116.5414 119.2204 119.6030 119.5500 120.0646 120.2687 120.9329 120.9242 117.5917 117.9624 112.5188 106.9575 105.1219 103.0199 101.6150 121.8866 121.8518 114.7780 111.5449 106.6163 101.5958 101.5656 101.3441 99.3107 99.6843 104.9580 112.5180 113.1238 111.8016 112.3851 113.1306 115.0747 114.6849 114.3822 118.0799 119.0376 120.4553 120.2647 127.1749 120.3829 119.4502 118.8069 114.9953 118.4690 113.4239 112.2065 122.4846 110.1225 111.8000
125.2600 98.6026 98.5528 95.7110 118.9202 117.5920 117.4683 118.3766 117.8313 117.4148 118.1268 117.6141 119.0157 108.3627 121.2862 120.0727 119.2986 120.0413 120.1103 120.3125 120.7632 118.3579 117.4882 105.6509 112.6502 100.8169 102.3731 106.4721 105.1413 102.8399 109.2239 108.5449 108.8789 117.0166 105.8679 102.3019 101.5837 106.0186 120.2484 117.1092 104.3477 121.8237 118.7163 114.9066 114.3742 114.3218 113.3044 114.3342 114.8690 118.7081 116.0523 122.0539 119.1680 124.9042 120.1415 125.1286 128.5572 129.6415 123.4206 123.2451 122.8647 124.7130 118.9427 127.9200
114.9900 97.3093 96.4087 97.4798 119.1128 118.1725 118.7382 116.9003 117.6541 117.9749 118.6438 118.6440 118.4470 112.8289 115.7643 115.8044 119.2915 116.5162 120.3585 120.5303 120.6984 120.8491 119.6089 118.8506 110.0993 101.6915 102.8276 102.6282 104.4902 103.0124 105.8425 104.4284 107.4730 103.6136 101.5771 103.0288 101.7347 119.6892 114.7433 113.3706 112.3246 108.4899 110.2125 120.1586 117.0873 118.6323 113.1512 114.3479 114.7634 114.6474 119.7048 114.8121 106.0065 121.3822 119.3574 119.4606 119.8438 112.4767 126.5871 127.8599 127.2574 127.7732 125.7660 128.1900
101.7400 98.1597 100.9412 115.8051 118.4715 116.3894 110.6228 119.0501 129.5107 119.7454 120.0741 119.3560 119.9701 116.3532 105.5504 125.3856 120.9984 122.8832 120.5375 120.8332 120.9972 121.5052 121.2880 122.9617 98.4383 101.2590 102.1622 104.3679 104.0963 103.6140 106.4908 107.1046 108.2019 108.8552 104.2066 101.8818 106.5045 115.2895 117.6046 109.2933 108.1448 102.6779 103.1016 114.2587 125.4481 126.6371 118.7074 125.5082 111.1678 116.4874 104.3262 111.7374 113.8378 117.7110 119.8906 126.1502 127.2381 124.9770 124.9510 119.7362 114.4859 122.9679 129.2143 127.5500
118.6900 120.6660 119.6070 118.9675 118.0400 120.2179 119.4571 114.5938 117.9351 104.5514 108.6453 119.4436 119.7012 118.1389 116.7282 120.9480 120.3833 120.6144 120.8861 121.0894 121.2821 121.2706 118.9663 123.8250 119.9715 103.5620 100.8322 104.5093 108.2512 105.7666 115.2210 107.9061 109.3173 109.5578 113.2658 108.4316 99.7477 115.9440 117.3741 117.2027 116.6555 123.4888 123.8700 125.7750 125.9841 126.3082 119.0003 121.7313 119.8028 110.1305 104.5545 105.1529 104.4424 112.6416 116.3802 122.0929 121.6480 127.6504 126.4158 125.9247 125.8595 128.2302 116.3491 117.7000
119.0700 118.6911 118.9998 119.0301 118.8432 123.4690 96.6726 99.1391 101.9077 105.5342 119.6288 120.7629 119.8823 120.0516 120.2945 120.5887 120.6597 120.9665 121.1309 121.3773 121.3996 122.1624 107.1083 100.1495 107.1673 102.2457 100.9330 101.7460 106.4040 106.0661 107.4816 107.2195 108.4663 109.6577 110.5963 102.4996 104.5165 116.9033 117.2376 116.2750 123.4747 114.8446 126.0922 125.8924 125.6077 125.5712 121.3053 141.7425 104.8404 110.9133 107.5954 109.4304 109.8439 106.3019 123.6822 107.1740 117.6852 115.8057 125.8584 125.7690 127.2792 127.0864 128.2520 127.1600
119.4500 119.7206 119.6366 119.6194 119.7419 119.6633 118.3757 111.0723 112.2576 122.3081 120.2353 119.8120 120.5419 120.5312 120.7624 120.8509 121.0464 121.2075 121.3917 121.5197 122.9034 108.6609 115.8624 103.6079 101.5628 126.8288 105.2014 105.3891 114.4699 107.9543 111.6279 108.0391 107.5851 108.3958 110.1405 107.4129 100.7520 111.8305 115.2788 118.9746 125.3382 117.6327 126.4214 126.1509 117.7575 118.6178 102.5752 117.8800 102.8711 106.6293 119.1288 105.1227 105.8375 105.2996 98.0550 120.1049 123.7839 118.7401 115.3609 112.4879 127.4128 125.4907 126.4177 128.5500
120.1400 119.9551 119.9775 119.9812 119.9755 119.5990 118.7433 111.2046 106.7367 121.2607 120.3830 121.7561 117.3791 121.7534 121.2181 120.6882 121.3655 121.4807 121.6459 121.8463 122.0943 122.5542 122.5427 103.7722 107.1420 121.0841 101.1815 106.3540 102.5624 109.8478 111.2467 107.5954 108.8216 108.2416 108.1849 102.8821 105.9468 113.0906 112.9887 111.7251 112.8195 124.3453 126.6568 124.3610 111.3935 105.6792 107.1198 108.9493 107.0320 103.8815 107.1536 111.8975 114.0014 112.2844 106.5341 103.7179 115.2818 116.7963 108.4745 109.0366 121.8055 114.7155 117.6655 129.1000
120.4700 120.3502 120.3262 120.3221 120.2315 120.6735 114.5709 99.0497 100.4541 123.0186 120.8752 121.0252 110.9574 122.4783 126.6517 121.2649 121.6054 121.7387 121.9034 122.0603 122.1742 122.2691 123.1754 106.0040 100.7922 113.7801 109.6018 111.4112 101.2056 106.4137 107.4305 109.9597 109.9589 110.6205 108.6987 101.3369 110.2936 112.3734 112.7295 113.6485 113.1493 113.4330 121.3841 116.4570 106.1742 109.6373 111.0380 103.9480 108.0858 111.5944 108.6747 103.5985 110.9330 111.5950 109.6497 112.7956 110.5507 112.6687 111.4571 123.0405 124.3924 118.2616 106.4929 107.0400
120.7900 120.6963 120.8084 120.7333 120.5076 123.0032 97.8956 105.0898 120.8777 120.3738 121.3468 122.7644 123.8910 117.0403 118.1137 121.3151 121.9089 121.9938 122.2082 122.3174 121.9690 122.5259 119.2878 109.3814 102.6516 100.8204 104.0092 106.0945 110.2129 108.0932 115.1848 102.9613 105.9437 106.6045 103.9596 111.9627 108.6584 108.0597 113.1843 113.7319 113.9381 116.3226 112.5725 113.6187 104.5512 111.4354 115.2647 103.4273 110.7912 112.0931 110.0026 112.1863 109.6776 103.5571 108.7072 113.4212 115.0239 123.7812 126.9882 126.6722 122.7209 112.9718 116.8840 107.0400
121.1000 121.0569 120.6514 120.8657 121.0103 119.5746 101.5808 104.0677 120.8900 114.1527 121.4767 121.9332 121.1786 121.8105 123.2000 121.8596 122.0812 122.2371 122.3340 122.3933 120.2916 117.0971 121.8987 124.2099 115.4690 104.1186 106.4583 104.0831 105.2440 112.7158 117.9346 107.1864 101.4628 102.1105 101.9389 108.9511 111.6767 108.1072 111.1777 117.6537 117.8930 115.4587 108.0401 110.0856 104.2856 103.9583 104.9813 105.8497 104.7275 103.5965 104.3545 107.8569 115.6074 113.4599 106.7650 102.8098 114.2186 113.4689 120.9052 120.7852 123.3349 104.1467 114.8211 108.5500
121.3900 121.3016 123.8096 122.1133 120.9599 125.1308 107.6649 98.6312 108.3532 117.6345 121.7935 121.8298 121.9850 122.0626 121.9546 122.2958 122.3718 122.8280 123.7171 122.9912 118.9072 123.3152 124.8474 123.2509 123.5645 120.8940 104.6882 106.7097 124.1805 115.1381 109.0510 109.6463 108.8396 102.9003 102.3407 106.4439 113.2315 117.8694 115.5647 112.8392 116.0610 115.6926 110.7971 101.3242 104.0139 104.4243 104.0668 105.6024 107.4510 112.0939 104.8736 105.6015 107.9827 109.1763 115.1903 117.4656 112.8442 105.5211 107.7011 123.7746 125.7189 114.7852 119.0850 127.1900
121.6800 121.4210 117.3709 98.5247 122.7072 110.3933 107.8543 106.4601 110.4139 123.6809 121.9896 122.1553 122.1668 122.2703 122.4243 122.5058 122.5602 121.1816 120.4949 122.8816 123.2396 123.8337 109.5868 124.1596 123.2619 125.5633 109.2717 107.2715 106.9986 110.9866 116.0262 103.8474 108.9739 109.7783 106.0836 110.6978 111.5571 110.1187 119.5653 118.8145 113.8128 111.6946 116.6429 116.9657 113.8403 107.8177 115.0119 104.2737 105.0096 107.2570 114.2021 104.3445 107.6178 105.7160 108.3822 109.0711 121.6961 118.3993 108.5703 106.6027 109.9574 122.2904 125.3201 123.0600
121.9600 122.4085 100.0375 112.8776 113.3654 103.1296 105.1268 102.4301 113.4861 123.0397 122.2460 122.3631 122.4616 122.5529 122.6547 122.7643 122.8186 123.3489 123.4870 123.2535 123.3285 122.4963 124.1527 123.6482 124.5499 117.5756 112.8572 107.7279 109.7670 113.6593 105.3452 107.9420 119.4151 110.0023 110.9544 113.2443 113.3038 112.6681 115.4954 117.8119 120.6350 112.5409 104.1088 112.5960 109.4300 105.2142 104.5575 105.4285 106.8151 105.3698 106.8803 105.3041 115.9059 107.2579 108.3284 107.6833 109.9880 110.6374 122.4797 119.0242 125.4634 108.1986 112.7204 122.1500
104.6000 120.3990 99.0150 114.6166 115.8372 109.1505 99.1396 109.7680 112.9497 120.9148 122.6899 122.6650 122.7173 122.8110 122.8833 123.0248 123.1227 123.1246 123.3090 123.4786 122.9577 124.1006 123.6574 124.0131 125.1759 122.5276 120.7499 104.0774 113.9887 108.2765 112.1329 113.5380 115.9525 110.9988 112.0209 111.0021 115.7566 120.3655 115.1872 120.4315 116.6693 123.3224 114.1378 106.3403 104.0623 105.7931 104.9575 106.4538 106.9817 107.0560 106.3433 107.0005 106.6789 116.0363 107.0557 110.6766 108.9173 108.8954 109.4821 120.8631 122.9067 116.3843 111.1827 109.8600
100.4900 119.6589 108.7528 103.4906 103.0617 104.9694 104.5334 119.1687 108.7446 117.0371 123.0054 122.9105 122.9811 123.0610 123.1482 123.0830 122.9549 123.4759 123.5979 123.9430 120.6927 123.7970 124.3207 120.7001 103.2253 124.3445 106.1282 119.7635 125.7487 109.8545 116.6861 115.5274 116.2345 109.0588 106.8044 112.3176 113.3622 119.1388 119.6655 115.1104 115.3866 121.1323 109.8423 105.0832 105.6028 104.9940 121.8803 105.7967 105.9195 107.4580 107.4580 108.1707 107.4475 107.5314 107.2240 121.8699 109.2551 110.6091 110.4135 110.5793 108.4291 120.4276 121.5115 120.6900
101.5400 122.9900 105.9495 102.4990 103.8309 103.3065 106.9132 92.7134 113.0747 117.7714 122.9250 123.2180 123.2312 123.3102 123.3889 123.2262 123.0575 123.6875 123.7904 123.8917 118.0688 124.2115 119.8559 122.2621 123.7254 128.7430 120.7009 115.2158 119.1450 126.3675 119.8595 112.6262 102.7593 117.0223 103.9489 112.6701 113.7995 113.8230 119.6412 111.3377 118.3630 117.8672 108.8267 104.7121 105.4009 105.5777 103.5749 127.0654 108.2640 106.1852 108.0733 108.1585 108.8617 108.6140 108.8135 111.5174 122.6140 111.2516 110.9979 111.8471 111.9394 110.9686 116.5294 122.5400
122.9900 123.2533 119.3975 104.0488 103.0340 116.5930 121.2834 109.1799 109.0285 116.8247 123.3280 123.4447 123.4661 123.5526 123.6011 123.7095 123.8464 123.8609 123.9783 124.0864 124.3550 124.5377 125.3645 124.2476 124.7985 118.5396 110.8860 124.4259 126.9388 125.2925 124.5172 118.8735 111.6487 107.5763 102.5541 105.5776 115.1185 115.4859 113.0985 118.3178 122.5989 115.4837 117.9424 104.4943 105.2104 105.3599 105.8816 118.0180 116.6732 107.8771 105.7388 107.5658 109.6095 109.5062 110.4345 109.8750 108.5170 114.9171 123.3589 114.1261 112.9491 109.2845 108.4234 113.2800
123.4600 124.3711 108.3355 105.5405 105.0906 118.8054 103.0329 107.2051 110.4776 123.5276 123.8013 123.4910 123.7301 123.7770 123.8565 123.9407 124.0214 124.1358 124.2324 124.3462 125.2889 117.9028 122.7400 124.9078 125.2879 122.9525 125.6274 125.2999 125.0932 125.8166 113.9491 121.2153 118.0374 110.9842 103.8076 111.7585 125.3118 119.8954 119.1307 126.2065 110.5770 107.3134 112.0342 104.6799 104.8136 109.4594 105.5834 104.2238 106.1344 118.4413 106.8838 109.6582 106.1975 109.7181 110.8578 111.1712 111.6168 109.7537 113.4216 123.8621 115.0384 116.2562 114.2317 114.8000
104.6700 121.4675 112.9326 106.5386 104.7443 108.6031 109.6748 112.6860 120.2095 109.6776 122.5418 123.8846 123.9462 124.0125 124.0848 124.1577 124.2836 124.2326 124.4768 124.3507 127.3923 107.7982 112.0422 123.0780 125.3499 119.8641 125.5013 124.2118 125.4971 126.3772 119.7199 123.8421 116.5960 119.8502 112.0254 104.8693 122.0878 119.7443 118.6091 119.7359 110.7036 117.8611 110.6842 105.2513 105.4253 112.3840 105.0362 104.8424 105.8480 113.2372 108.6267 111.7721 118.5411 109.6850 110.7280 110.7297 111.5642 112.2749 117.4597 122.0975 111.4081 118.6894 111.3496 114.8000
123.9100 124.1515 119.0991 110.4874 104.8723 119.6594 123.3768 109.7580 115.8733 117.3615 124.9990 124.0995 124.1731 124.2314 124.2972 124.3732 124.5981 125.2068 123.4232 124.7033 118.0939 103.1851 107.6173 111.4864 118.4845 126.6302 125.5618 107.0337 123.3791 125.7625 126.0066 118.8507 104.0495 126.4094 103.4863 104.6247 111.3941 117.7677 116.1293 108.7328 107.0901 103.7898 106.5371 105.1534 103.3818 100.6224 106.7334 113.1594 105.1122 107.0602 104.7447 105.0407 131.0334 121.9534 118.7512 115.9028 111.4892 112.6339 112.2344 113.1623 116.5607 113.1792 110.7680 114.7300
113.3000 123.2488 119.7083 108.4409 106.7235 119.2998 122.5367 108.3318 116.1411 124.7307 124.0670 124.3073 124.3956 124.4552 124.5191 124.5865 124.3322 125.1235 125.6089 123.8408 126.5312 106.1771 103.6858 105.8915 112.9527 121.6719 128.9766 126.5883 118.2334 126.5038 120.7932 127.5367 111.4020 106.3950 106.5770 103.3996 103.0800 109.5210 118.7918 103.4955 104.7230 105.3899 105.2942 105.8653 106.6909 124.6587 129.2525 127.0903 120.9816 105.3512 106.4593 105.3511 125.9335 128.8188 130.3667 127.2531 117.0304 113.7380 112.8067 115.5006 115.5486 108.2110 114.1681 107.7800
102.3300 118.1373 110.4531 110.0326 111.1041 119.4164 122.4769 118.9568 123.1531 124.6025 124.4777 124.5667 124.6077 124.6701 124.7109 124.7697 125.8147 122.0573 118.1259 127.6171 125.2603 111.4551 106.4871 109.4620 104.6404 101.3765 123.0897 112.6928 100.4113 122.7592 121.7639 120.1390 113.0327 111.4789 118.5474 105.7064 104.8787 108.9690 108.1052 108.0739 104.9975 105.1937 105.5098 105.5424 102.0965 109.6146 117.9431 116.7540 111.3334 113.6880 113.4185 107.2659 111.0154 116.2436 125.0945 131.7378 109.0486 121.1270 117.2806 108.0570 113.0484 110.7195 112.4835 115.4900
102.5400 102.0743 111.7881 110.6966 111.8114 121.6319 124.3705 120.9263 124.8935 124.6441 124.7090 124.7525 124.7962 124.8684 124.9635 124.9749 125.2184 116.5551 111.8238 110.0851 126.5513 127.4736 103.4717 111.2747 120.4094 119.2680 110.8062 124.2101 112.3140 102.0163 108.0125 104.2524 105.9085 108.3335 115.1079 105.8337 104.9722 105.2109 107.9830 105.0715 110.5018 104.4198 105.9864 105.8528 105.0322 123.6077 107.7029 106.8510 103.5027 106.9530 107.7532 109.2054 107.0937 121.4414 123.3168 111.0930 122.3371 132.5718 110.8167 118.2485 114.7944 116.2200 115.3630 115.8700
102.7400 102.1538 112.3770 112.4366 110.5945 121.3895 124.5226 125.3578 124.8460 124.9433 124.9563 125.3127 125.0590 125.0960 124.8563 125.0068 126.7119 125.7640 108.5735 105.4821 126.3841 125.9809 125.4485 109.2673 129.1682 124.6816 127.0844 125.5322 124.7204 114.6716 115.3407 119.6847 104.1786 106.8650 105.3394 105.5779 105.0259 106.3712 109.1625 107.4449 122.8602 108.4618 105.6686 105.5489 105.7288 108.6181 104.6263 124.0154 106.1579 106.9326 106.4717 106.5886 109.4471 111.8618 109.1143 114.6655 119.4483 129.8778 131.0022 117.0598 107.0115 116.1771 115.9007 116.4100
102.9400 103.6146 112.9907 112.1633 114.7625 123.1292 125.0106 125.0496 125.0759 125.1076 125.1191 125.1859 125.1683 125.3111 127.1321 125.7803 127.0643 115.5262 118.1974 104.8776 129.2344 125.7995 117.6943 106.5213 122.7094 117.0048 122.9163 126.3106 126.8640 128.9563 106.2828 111.0799 121.1842 105.1219 104.9903 105.7295 105.2991 105.6085 124.5748 116.3066 115.7055 118.7460 120.0051 115.4661 105.9353 118.9262 107.4785 117.4594 115.8761 106.7676 106.4341 106.8511 107.0315 109.3127 110.8720 113.4456 128.5926 118.4806 121.8074 132.6403 130.5005 122.2934 125.4331 124.0700
104.2300 109.8918 113.4052 112.6926 112.3258 119.4370 125.7796 125.0047 125.2698 125.3034 125.3445 125.3646 125.6446 125.2103 118.8527 107.9998 120.6344 119.8750 112.9093 113.1874 112.6090 125.1806 126.7858 121.6048 122.6946 112.0002 113.0666 126.6588 128.0665 114.3567 101.5424 113.6586 112.0610 105.2433 105.4407 105.9170 105.4338 115.3129 105.8436 108.1020 109.7667 117.3032 112.9762 109.3533 105.4886 104.1006 123.3398 122.4097 107.7340 115.4028 111.7630 130.4176 114.6716 111.2703 127.0133 130.1933 130.6630 124.7519 119.7570 121.8933 129.4377 132.7818 130.2172 125.6200
104.9100 100.8541 113.6700 112.3378 112.8304 121.4306 125.1690 125.2378 125.8148 125.4437 125.5367 125.5777 125.5073 130.8967 115.1037 106.8726 116.7982 124.6050 117.9530 131.4097 117.3089 125.0487 127.4987 130.4417 125.9466 124.9862 122.7843 127.1615 112.9798 115.7746 114.5526 104.4080 105.7521 105.1031 119.1707 109.8731 109.8388 112.4654 106.3508 114.0491 119.0533 111.5017 113.8321 105.9710 105.1198 111.2364 113.5059 119.5503 126.5067 110.6285 131.2180 129.7282 129.9658 131.1776 126.6684 128.0677 130.9315 134.9953 133.5183 122.5541 118.2656 126.7059 134.7705 133.1000
117.4700 113.5072 121.2489 112.8446 114.0619 115.3093 127.4865 110.1561 124.8204 125.4826 125.7455 125.7408 125.9806 125.6078 128.4827 105.5503 123.6335 125.9154 117.9604 119.2032 115.8882 117.6972 128.2984 113.3918 111.0999 103.1357 128.1232 104.8356 115.8798 110.8956 119.7350 105.9530 108.6539 128.0346 128.6207 105.2858 112.6579 131.4568 110.4389 117.8438 107.3732 109.7411 108.1442 105.9722 112.2292 130.3544 117.4380 110.6532 126.6004 127.4313 129.4776 129.6835 130.1631 130.0212 129.4440 113.0214 117.6171 112.4084 132.2100 132.3428 127.9646 118.2826 116.5901 133.5000
118.1700 127.2237 126.9172 119.9636 113.3405 122.9659 125.4525 126.8321 127.1305 125.6989 125.9231 125.9750 125.9649 125.8022 126.5619 108.1492 119.2048 126.3345 129.4607 114.8494 118.3398 120.5758 117.6458 117.8695 124.6471 114.9410 115.5035 102.6647 112.8533 109.7945 105.8344 111.3828 105.2981 107.4699 124.5911 116.4597 130.6848 125.7419 108.8109 115.5097 116.4548 111.3571 105.8479 105.6730 117.5116 118.6573 123.3710 109.8978 126.3337 125.9173 128.0117 129.2003 130.5468 130.6842 131.5761 132.5549 107.2907 132.8024 130.5270 132.3093 132.8709 128.0679 113.4972 126.0100
114.4000 125.1275 124.4792 121.7610 117.4238 117.2326 126.7222 125.5859 125.6951 125.9467 126.1121 126.1446 126.1767 126.0939 127.2372 126.5699 127.1657 126.6846 118.5126 105.6138 115.0457 108.5459 103.3230 106.3240 121.0310 114.0008 123.4516 113.2905 104.8500 104.9145 114.7396 115.9552 116.8041 116.8311 125.3904 111.7027 110.9005 116.2999 118.7752 106.4294 109.2247 108.9107 108.8263 106.0462 115.1053 121.9605 128.7158 122.3018 128.0303 126.5656 129.3264 128.8527 129.8204 130.8412 129.3436 131.6747 110.7462 102.9930 109.8704 129.2240 133.7979 133.6438 130.0717 108.4200
126.2000 121.9261 119.3404 120.2651 116.9254 127.0907 126.6113 126.1527 126.3139 126.2969 126.2916 126.3160 126.3353 126.4042 126.5687 120.9603 127.0084 126.8600 129.5588 110.6599 118.9908 117.8808 120.1014 103.0253 116.3648 107.3929 116.8996 108.0776 105.0934 104.9823 106.0353 108.9010 113.9465 122.3693 110.7324 109.3984 109.2250 109.0851 106.4212 119.8906 106.8597 105.6521 112.9421 113.8913 106.8088 124.1504 126.6683 129.5497 129.3550 129.1128 129.3042 129.2659 129.3073 130.0042 131.2920 132.5524 126.1746 122.8556 127.0094 131.2159 126.5657 129.6745 133.4108 133.6700
115.3100 125.5725 120.5430 125.8336 121.5273 126.9256 126.3062 126.3152 126.4016 126.4344 126.4705 126.5076 126.5762 126.3951 126.6066 127.0401 118.7997 126.3592 118.5761 109.5020 104.3931 125.7939 122.3348 109.3941 119.5183 111.5941 113.5600 107.8109 105.1668 105.1100 105.1443 107.0400 111.2736 114.1896 106.9187 105.1872 105.6859 106.7923 110.9266 124.3582 107.2967 107.3332 106.5309 122.0200 126.2618 123.9653 123.6355 124.4613 128.2820 127.8698 128.7194 129.6901 129.9698 127.4467 131.4432 132.1276 130.9735 133.1289 132.1674 131.3377 132.7925 127.9172 112.1234 133.9600
116.4900 122.0474 124.5089 111.7792 128.1112 126.3359 126.6172 126.5907 126.6000 126.6157 126.6588 126.6816 126.6558 127.6030 127.6821 127.0857 125.8699 128.3801 122.0571 118.8692 126.8618 125.1061 116.9887 121.7026 121.1215 118.1214 104.3119 110.1366 106.8509 105.5214 107.8228 105.4680 114.6533 115.1118 109.4829 108.3904 109.3415 105.2073 112.8771 129.7053 117.7582 104.2029 111.9085 124.2227 118.7219 113.6436 122.4035 121.4767 129.1266 124.5818 127.8286 128.8485 129.0734 125.1071 129.3926 128.3420 130.3846 130.6301 131.5173 133.7749 133.4486 135.1905 126.9619 108.5600
116.9500 126.0765 125.4842 123.6377 123.9244 126.8788 126.7293 126.7415 126.7683 126.7860 126.8048 126.5254 127.0615 125.0628 113.7878 127.4010 123.0972 125.4093 109.4553 110.2442 121.8216 114.6265 118.5923 115.6692 116.1453 118.2213 112.1128 104.8591 105.0361 104.8861 113.6938 104.4634 117.1559 117.6638 114.5004 114.9232 120.8665 111.8076 125.8661 128.3788 124.4065 105.7867 110.9427 115.2013 120.4252 111.8344 115.0909 123.6809 128.4634 129.3538 130.3502 124.9617 128.8668 129.8207 130.2599 129.6051 131.2800 131.3925 124.2532 110.8417 109.3084 132.6434 115.7506 113.5300
117.9100 123.1784 127.2160 126.9649 127.1341 126.9608 126.9103 126.9174 126.9442 126.9472 126.9988 128.1007 126.8555 123.3122 125.9789 128.3136 128.5083 113.8794 113.0062 105.1932 113.9279 117.5244 116.3341 106.7625 104.5518 109.0735 107.0251 105.7069 106.1908 106.2629 122.8490 121.4722 125.6407 108.4895 114.3411 113.6844 120.7209 121.5909 107.5232 110.6478 118.6169 114.7216 107.2572 109.7185 122.2456 122.1883 130.2967 128.1769 125.4305 129.5597 130.7658 130.6309 129.2728 129.9292 129.9373 130.0938 129.3413 130.8371 132.9360 136.5745 104.0842 112.4008 106.9260 108.6900
127.0100 127.4086 127.0278 126.9996 126.9599 127.0152 127.0499 127.0855 127.1062 127.1240 127.1209 129.1933 107.8597 127.3313 128.0289 126.3808 127.6437 124.4898 115.2955 104.6015 108.3088 108.4283 104.5598 105.5555 108.2601 108.5554 106.1027 107.1818 105.1436 106.4670 114.8937 120.8027 121.7798 109.5825 112.6438 116.0042 121.0834 125.4821 109.8630 107.2094 116.1406 106.3925 107.0901 108.7978 110.9373 120.9135 115.4064 128.3942 124.9978 124.7074 123.8715 128.8624 129.0569 131.4739 130.3245 129.6671 130.2102 129.5642 131.0586 134.4606 135.2287 136.9944 106.1511 112.1600
127.1600 127.1351 127.2128 127.2276 127.2399 127.2990 127.3371 127.2882 127.2711 127.2730 127.3806 127.3299 128.4675 128.6896 127.0402 128.5895 129.4491 130.2465 112.3555 113.6119 129.3042 107.2767 106.0370 105.0658 122.0932 113.1369 105.2050 105.9687 109.5468 118.9643 123.3931 122.2139 123.2152 112.3873 113.1202 122.0837 117.3122 113.0912 110.3122 115.6094 120.0025 110.1049 105.8708 108.0700 108.7944 114.2795 125.8083 124.3952 131.2409 126.7806 125.7931 129.7711 128.9494 129.7158 131.8338 119.8896 125.7388 130.8387 130.5639 130.0961 134.8648 115.3205 107.6236 108.8900
127.3100 127.3947 127.3784 127.3773 127.3683 127.4673 127.0849 127.2229 127.4463 127.4476 127.4598 127.5178 127.3221 128.1681 127.6906 122.5772 112.4790 115.0266 119.0609 128.9774 120.8408 114.7519 105.1418 106.7504 111.7953 106.2679 105.4815 105.8153 112.7656 121.7174 124.7606 125.1563 125.6393 115.3439 104.8068 119.2314 116.6881 115.5329 106.0611 116.2594 111.6288 111.1721 112.6295 107.8941 107.8430 111.0039 123.6807 123.5214 121.1780 129.7753 126.1829 128.6719 130.1836 130.2204 131.0852 132.6008 131.0160 130.1284 130.4042 131.5163 127.7809 126.9914 111.2812 108.9200
127.6000 127.5315 127.5291 127.5346 127.4879 127.6449 129.2118 131.6414 127.5535 127.5696 127.6449 127.6218 127.4974 123.6411 112.1073 103.4672 127.0320 107.5789 103.2979 129.3921 118.5480 117.3239 104.9042 106.1894 105.7199 120.4108 114.3890 106.0963 107.9839 117.9063 122.3242 123.6272 123.3688 125.0129 114.7999 113.1883 120.2677 120.3263 111.6765 117.1973 112.6688 106.6710 114.5572 107.3529 108.6327 113.3814 125.1169 124.7501 125.5400 126.5933 130.7670 130.5526 132.0707 131.8113 131.6294 134.4051 133.6600 131.7259 132.3371 125.8978 112.4401 106.0153 114.4331 109.0200
127.6000 127.6000 127.6000 127.6000 127.6000 127.5900 127.5900 127.7200 127.7100 127.7000 127.6800 127.8000 127.7800 121.2200 127.8800 110.0300 114.1500 105.9400 106.0400 126.6900 117.8600 118.1900 120.4500 106.1800 106.2600 129.6700 106.4200 106.4200 108.1400 117.3400 123.2200 112.4700 123.9300 123.9600 124.3000 114.0500 127.6400 118.3400 119.8600 114.1900 117.8400 107.8700 111.9000 117.3100 107.5600 127.6400 124.9600 125.4100 125.4700 129.1100 128.9700 129.6500 131.0800 131.0100 131.6400 108.4300 133.8500 133.5900 130.7000 108.7700 108.8400 108.9100 108.9800 109.0400
