128.7300 128.7300 120.6600 120.2300 120.3700 120.1900 104.4300 104.1700 119.0000 104.1700 104.1800 103.7000 115.2800 103.4900 114.7400 115.1000 115.1000 105.8800 111.2600 111.1900 111.2200 110.5200 117.2900 112.9500 103.5100 107.6600 109.0600 109.0600 108.4700 123.5200 123.5200 104.9100 123.2000 101.4500 101.7300 123.0800 106.6400 118.1100 122.9500 122.9500 122.7400 122.7400 122.7500 122.7400 122.7400 122.7200 122.9600 122.9400 122.9000 123.1000 123.0700 123.0400 123.2200 123.3900 123.3500 123.5000 123.5000 123.6500 123.7900 123.7600 120.9400 124.0400 124.2100 124.1700
126.7200 121.4050 119.7179 119.5098 119.5041 120.2612 116.9775 111.5696 103.9803 112.4641 112.8316 104.8085 109.3285 109.5556 104.1254 113.6578 116.3701 113.4787 109.6819 110.9676 112.1577 116.0515 115.8762 113.1397 108.0431 106.0094 107.9009 108.8004 108.7543 102.8503 115.4009 102.9984 114.9501 100.0532 128.4711 99.8587 101.9448 108.7649 127.9132 117.4245 118.5659 122.8974 122.6653 122.6376 122.6521 122.6664 122.6924 122.8504 122.6373 122.7957 123.7635 122.8436 123.0382 123.1108 123.1777 123.3092 123.3854 123.4660 123.6101 123.6968 121.6431 124.1472 124.0006 124.1500
126.7200 122.8790 121.5630 120.9779 119.0675 120.2593 120.5248 122.2144 116.6701 99.9211 103.6375 104.0012 102.3337 102.7011 112.2188 113.0229 113.8831 109.0339 108.7866 106.9194 108.2590 103.6980 106.5991 102.3103 103.7058 109.4722 105.6483 105.5134 116.9817 104.8592 101.6631 120.2787 115.0575 117.8990 113.5000 105.0199 108.8043 114.4914 123.0080 123.4687 122.9079 122.4065 122.3667 122.3559 122.3757 122.3918 122.3898 122.3711 122.4362 111.9710 120.7935 122.6117 122.7740 122.8401 122.9869 122.9594 123.0589 123.2992 123.1437 123.6074 122.0465 123.7288 124.1496 123.8900
122.6600 124.9297 109.1426 116.0716 120.1045 120.1360 120.5585 118.1975 121.8595 109.3540 102.7818 103.8140 109.2759 103.0776 113.5799 110.9989 112.7781 108.9650 110.1496 103.9908 103.3383 113.2671 110.4604 115.0438 111.3780 100.0040 104.9979 102.4389 111.0476 100.7213 100.1949 121.9071 120.3790 118.2790 117.0551 106.8781 122.3082 117.7614 122.2414 125.8078 121.6702 122.0739 122.0770 122.0696 122.0854 122.0490 122.2495 122.2649 122.6289 117.3581 122.2541 121.6231 122.5685 122.5629 122.8001 123.2096 123.3530 122.9450 123.1722 123.8426 121.9703 124.4675 116.2368 101.6800
122.6600 125.2640 121.0942 109.0586 111.6263 123.0644 119.8875 119.6461 121.0345 114.4790 108.9758 103.0440 109.1624 103.7747 102.0339 112.2499 111.7166 110.6245 110.2344 108.7241 110.4975 113.2730 112.4397 113.7570 107.2695 101.3290 101.6920 116.5655 109.1572 105.0392 105.8843 110.5010 122.6977 122.0402 123.4992 117.1416 123.3631 121.1176 122.0854 121.4398 121.5239 121.7961 121.7774 121.7729 121.8079 121.7131 119.8661 107.7880 123.1816 102.6447 122.0023 123.6182 122.1852 122.1463 124.1638 115.4494 119.0094 122.2796 123.9410 123.0824 101.5464 121.9785 116.9853 111.3100
121.7200 123.2027 119.3376 118.2236 108.6151 118.6187 118.6471 118.7876 114.5507 110.1497 114.8612 108.8818 102.1324 101.9686 109.6369 113.2509 110.6358 109.9404 107.6948 109.9610 114.6749 109.0640 110.1035 110.7400 105.0906 101.8731 105.8638 105.2972 112.9053 123.2375 123.1701 116.0395 124.5976 121.2534 121.7967 121.6464 121.9105 120.9989 121.5942 121.5822 121.5466 121.4765 121.4552 121.4581 121.4918 121.4841 121.8496 124.2244 103.4165 109.6716 99.6481 121.5782 121.9545 122.0331 121.2326 104.8854 124.1149 119.7214 113.4133 111.7286 118.6051 121.1902 104.6382 123.1700
123.0100 123.0530 122.1158 117.2478 118.2815 114.9699 101.9799 118.1621 119.9350 114.7773 118.2689 106.2135 102.4959 102.3016 115.1623 108.1537 111.8701 110.8520 112.6446 110.6831 105.3786 109.8202 109.3887 106.9268 107.3206 107.5614 102.2741 105.2316 97.7517 118.0061 115.2433 118.0058 118.5550 99.1148 118.0632 121.3961 121.3810 121.2495 121.3194 121.1994 121.1585 121.1433 121.1393 121.1419 121.1500 121.1010 122.5441 106.4732 113.8567 106.5091 120.6522 122.3160 121.7143 121.5691 123.3510 124.1591 122.6455 117.0563 122.8572 125.6590 113.2370 117.5624 123.2327 123.1300
119.2900 113.0144 119.3040 118.1386 117.2310 117.7395 114.6386 101.4459 111.0757 115.7833 114.9160 111.0035 109.2058 106.0289 101.7984 102.9565 111.2317 108.4598 107.6339 111.5953 110.9669 112.3909 109.2557 110.5464 103.2394 108.4194 104.7032 98.9968 111.2800 125.5629 121.9634 120.8670 123.4163 120.9137 123.3476 120.9639 121.0872 120.9848 120.9067 120.8715 120.8406 120.8183 120.8024 120.7867 120.7038 122.1523 113.2890 104.7461 132.5081 105.9439 121.4561 121.0519 121.2062 121.6086 121.8036 121.6061 121.9085 122.9604 123.4229 122.2649 122.5897 122.3375 123.2684 122.9000
117.2300 119.7954 122.1515 115.2971 117.3849 117.6894 115.5795 118.7216 104.1258 106.9841 114.3721 116.2280 118.9607 101.6600 102.3761 100.4443 120.7404 122.5961 114.1695 109.0070 110.8684 111.6455 111.5168 106.0590 114.1749 113.9660 105.1116 107.4395 116.8464 115.3228 121.2380 121.1547 120.8809 119.2041 118.6536 120.8762 120.7530 120.6551 120.5917 120.5321 120.4930 120.4680 120.4620 120.4406 120.3955 120.7879 115.2754 115.9703 120.4465 119.2958 120.7775 121.0658 120.6741 116.2446 115.8629 121.4392 121.6915 121.6265 122.0513 122.1013 122.5645 119.0486 122.6950 122.6200
116.5800 117.1955 119.4036 122.4609 119.4964 115.8293 116.9631 117.9875 121.1621 107.3888 104.6933 117.9900 123.9701 123.1195 104.2249 105.7087 111.9906 114.1553 111.2971 101.2786 105.0825 109.7464 109.9464 101.9531 114.3274 108.2493 119.3643 120.5937 111.4035 119.1906 120.5444 120.9856 120.7665 120.7467 121.3744 120.4213 120.3588 120.3049 120.2358 120.1779 120.1342 120.1063 120.0969 120.0910 120.0485 120.3113 120.2522 120.8536 120.3435 120.4162 120.5250 120.4407 122.9630 117.5726 121.9631 118.7437 121.0133 121.3563 121.6960 121.7439 121.8594 120.1238 119.2767 122.5700
121.3600 120.3363 118.9747 119.6261 116.1505 115.4170 111.5210 113.8856 119.4225 120.2230 110.4165 99.8958 118.7319 125.6654 115.1606 115.6553 114.7860 120.2379 109.0705 105.2408 100.1798 101.5646 106.1630 99.9995 105.1212 117.9445 114.7837 116.4910 121.3791 121.3999 120.9778 120.3668 121.1236 120.4065 114.2507 120.3624 120.0323 119.9530 119.8748 119.8041 119.7651 119.7312 119.7234 119.7018 119.9906 119.8497 119.7463 119.8293 119.9610 120.0729 120.1713 120.1584 119.7582 107.4272 120.3044 112.2147 116.3069 121.3791 121.4302 121.5591 122.2189 114.4720 115.4249 122.3300
120.7100 120.9794 121.6037 118.3659 117.4152 117.5825 117.1665 108.8277 116.9152 115.4918 114.9118 115.7295 106.5237 113.6294 111.2359 114.6826 111.3433 108.1744 107.2836 108.0440 113.3893 111.0497 106.5611 110.7248 119.6793 121.6584 120.9404 121.6257 121.0205 120.6211 120.4799 121.6494 115.9451 122.3637 118.6945 120.3352 119.6442 119.5747 119.4895 119.4177 119.3725 119.3358 119.2418 119.4629 116.7855 118.3347 119.1929 119.5777 119.6097 119.7104 119.8196 119.5519 122.6913 126.9660 119.5519 115.7575 121.5491 121.0649 121.1441 121.2940 121.6407 122.5559 117.6661 104.6100
118.6400 120.4531 120.4109 115.6880 115.6695 114.9173 116.2313 115.4086 113.7680 116.9206 106.2218 112.5852 114.4184 106.0203 114.3038 108.8595 112.3407 107.2753 102.1937 108.9776 114.4729 119.3104 103.0988 108.6466 116.8771 111.1025 120.8436 120.6782 120.2111 120.4317 120.2193 120.6088 99.7324 120.9219 119.4992 119.3101 119.2485 119.1853 119.0966 119.0205 118.9666 118.9183 118.9948 118.6509 110.4256 112.2605 118.7405 119.2065 119.2167 119.3353 119.4603 119.5413 120.1303 119.9243 107.1054 114.1766 120.4409 120.6044 120.8613 121.0863 121.2716 121.5910 112.6691 99.9800
119.2800 113.5000 118.6592 117.8372 115.5518 116.0996 114.7052 116.3405 112.4640 115.7038 109.4476 111.5198 113.0067 115.2858 112.7257 98.6142 105.8173 117.6985 109.1898 103.3307 104.1865 121.5199 112.1865 118.9150 122.3660 115.6165 122.2374 121.6134 121.6112 120.0981 119.7676 120.3282 106.7918 115.4630 119.3252 119.0475 118.9150 118.7825 118.6788 118.6011 118.5294 118.4963 118.5168 118.7726 113.1793 115.9652 118.2926 118.8082 118.8153 118.9376 119.0782 119.2284 119.3779 119.8833 116.5653 118.1011 120.4261 120.3648 120.6076 120.8051 121.0504 121.1915 120.6557 103.4200
122.0100 120.9125 117.7887 119.9906 114.1480 114.4368 114.8718 115.4387 116.1937 116.2807 116.2247 109.6141 110.9475 113.8797 117.7461 113.7679 105.3194 98.8909 105.9572 106.9449 105.5140 120.5183 121.9321 121.5270 116.9814 122.3547 117.0514 106.5919 117.2447 119.7828 119.5583 120.2328 115.0545 117.9007 118.8188 118.6471 118.4844 118.3573 118.2416 118.1493 118.0852 118.0362 118.0336 117.7499 118.6922 118.1212 118.2099 118.2751 118.4011 118.5268 118.6869 118.8514 119.0155 119.4253 119.0546 119.8363 120.0113 120.0906 120.3123 120.5437 120.7870 120.9393 121.6950 121.3400
127.3100 125.6659 124.8621 117.8593 113.9282 114.6358 114.7463 115.1153 114.0781 115.3970 117.9608 111.0538 110.8257 112.7380 115.5044 114.1314 115.1952 108.6284 100.0750 109.1897 113.1933 133.4018 119.3068 120.5924 119.3698 120.5372 118.3500 115.9169 120.4209 119.3007 119.2858 118.8320 118.6540 118.3366 118.4487 118.2268 118.0591 117.9149 117.7901 117.6855 117.6084 117.5611 117.5371 117.4824 117.4357 117.6314 117.7038 117.8226 117.9535 118.1021 118.2700 118.4611 118.6785 118.8414 119.1617 119.3205 119.5549 119.7888 120.0400 120.2795 120.5199 120.7825 120.9662 121.0600
119.5300 126.3388 126.9221 115.1850 117.3141 104.7467 115.6386 115.5784 112.1943 113.6642 111.6197 113.6755 115.3771 104.7591 107.9415 112.1978 105.2981 100.2266 105.7200 109.0870 115.6142 124.9351 120.9256 120.8027 120.4591 120.2417 120.2577 119.7278 119.7620 119.1261 118.9238 118.6729 118.4512 118.2576 117.9996 117.7899 117.6123 117.4506 117.3135 117.1906 117.1074 117.0480 117.0268 117.0378 117.0905 117.1241 117.2266 117.3465 117.4909 117.6576 117.8473 118.0520 118.2631 118.5075 118.7414 118.9819 119.2400 119.4921 119.7512 120.0088 120.2730 120.5287 120.7847 120.9700
115.2100 115.6815 119.4980 114.1388 116.1874 101.8764 105.8792 106.3011 116.1588 111.9165 116.0068 113.5181 115.2221 117.4744 109.1899 110.0949 103.2590 104.0182 100.5106 102.7632 110.3707 121.8821 120.8766 120.4735 120.2199 119.8833 119.7649 119.3413 119.1282 118.8255 118.5808 118.3076 118.0398 117.8153 117.5441 117.3547 117.1253 116.9461 116.8065 116.6713 116.5786 116.5064 116.4814 116.4870 116.5240 116.6001 116.7094 116.8388 117.0120 117.1887 117.4017 117.6269 117.8679 118.1179 118.3781 118.6477 118.9181 119.1924 119.4712 119.7440 120.0169 120.2958 120.5641 120.6700
114.6500 120.5608 115.2215 116.3429 112.6488 112.8317 108.5785 107.7396 110.4849 109.5695 116.2836 112.5804 103.7562 111.0561 109.4214 111.2855 109.6712 115.6392 115.9291 102.4067 104.2242 101.8941 121.0222 120.0164 120.1169 119.3777 119.3719 118.9201 119.0412 118.4026 118.2568 117.9247 117.6459 117.1041 117.1748 117.2247 116.3965 116.4350 116.2728 116.1233 116.0141 115.9444 115.9020 115.9108 115.9575 116.0428 116.1502 116.3464 116.4371 116.7479 116.9310 117.1832 117.4571 117.7300 118.0081 118.2985 118.5897 118.8880 119.1824 119.4780 119.7721 120.0650 120.3490 120.5900
115.3500 114.9520 113.5164 116.9602 111.0898 114.5041 114.6899 113.6171 108.4425 106.4779 112.3607 110.7207 118.6950 108.8150 102.4044 104.5956 104.5802 107.2965 108.8099 108.6886 105.4069 119.6719 120.9504 120.0389 119.5900 120.4382 105.2252 116.5434 114.1984 118.1215 117.8592 117.5364 117.2399 116.8167 116.6399 104.0412 117.0300 115.9432 115.7209 115.5316 115.4017 115.3281 115.3006 115.3063 115.3424 115.4185 115.6135 115.5406 116.3844 115.9438 116.4915 116.7277 117.0285 117.3267 117.6399 117.9505 118.2655 118.5830 118.8999 119.2105 119.5180 119.8290 119.9834 120.2800
114.8800 113.6659 112.0107 109.8259 105.4880 110.9323 112.5039 114.4614 115.6215 114.2240 107.6257 107.1013 108.4448 115.3551 118.5663 116.7013 102.8360 116.5406 119.7774 121.6751 122.3411 119.0525 119.7063 119.6834 119.3198 120.4138 99.6356 115.5507 117.6573 118.2530 117.4847 117.1604 116.8694 116.4838 118.9178 100.2537 117.0802 115.4144 115.0044 114.9262 114.7753 114.5928 114.4827 114.5525 114.6866 114.7983 114.7992 117.6335 112.2869 117.4119 115.9246 116.2768 116.5856 116.9161 117.2572 117.5963 117.9345 118.2781 118.6178 118.9435 119.2728 119.6010 120.8251 120.2000
117.6600 116.2267 116.7612 112.5908 113.1874 111.3352 110.9932 105.2196 107.4539 113.5208 115.3569 115.3685 106.7646 106.2594 99.9888 124.1796 99.7029 114.8656 118.0907 118.7124 119.9463 121.7784 123.5561 120.5951 119.5379 114.3649 113.6788 106.2335 117.7322 117.1954 117.1826 116.7475 116.4217 115.3344 116.2094 106.4335 112.9339 115.9018 114.9865 114.1794 114.0483 114.2515 114.7531 114.3020 113.9257 114.1063 114.2115 114.3122 100.6731 114.8470 115.4401 115.7753 116.1392 116.5029 116.8765 117.2404 117.6095 117.9774 118.3319 118.6896 119.0291 119.2592 121.5399 119.8000
118.1900 118.0513 116.1601 118.4324 117.3434 115.5997 111.7272 105.0961 109.8166 105.8936 103.1545 105.2588 106.6419 107.6067 105.7626 109.4775 106.5906 113.7424 124.3247 115.8330 120.6514 119.5249 98.6707 111.9419 110.8896 103.2685 119.5087 119.2631 117.9145 117.2378 116.7683 116.3742 115.9674 115.5722 113.8110 108.9066 113.2274 112.9953 112.6830 113.5225 113.1692 113.3263 105.2783 110.6989 113.2132 113.4323 113.5833 114.9408 114.5354 115.3314 114.8949 115.2747 115.6785 116.0776 116.4853 116.8862 117.2801 117.6856 118.0758 118.4393 118.7911 119.2103 119.5209 119.7300
104.1900 114.2153 107.5472 114.4131 115.2146 108.2498 109.3043 112.0756 115.4289 109.2537 109.2370 105.0147 105.6147 103.5030 106.8815 109.0324 111.7812 133.4178 111.3044 117.4731 120.6381 120.4348 127.7375 98.7712 97.2901 98.2711 126.5490 114.1794 117.6050 116.8560 116.3975 115.9755 115.5267 115.1120 115.1723 114.6977 109.7578 114.2564 113.6428 112.6899 112.2005 112.7999 92.0454 109.2472 111.9940 112.7388 112.1724 111.1516 113.4965 113.7565 114.3258 114.7610 115.2074 115.6528 116.0941 116.5366 116.9902 117.2644 117.8082 118.1831 118.5778 118.9678 119.3655 119.7300
103.2600 121.6169 120.1814 121.6552 111.7780 121.8575 111.5347 115.1807 113.9247 113.6554 112.3592 112.3043 104.6827 106.3149 108.1697 110.1906 121.4192 118.2702 110.8519 121.3346 120.0778 119.5221 119.4340 113.2381 115.0858 104.0990 122.8075 113.5518 117.2135 116.4915 116.0612 115.5838 115.0927 114.5316 113.9216 113.5277 113.9065 111.1364 103.9758 111.9705 111.4350 112.2691 105.3796 111.0063 114.0637 115.3113 112.0654 112.5735 112.8357 113.2549 113.7562 114.2447 114.7450 115.2333 115.7171 116.2201 116.7103 118.3568 117.4556 117.9528 118.3638 118.6408 119.0111 119.3300
103.2600 126.4100 126.2909 122.0451 123.1123 114.5304 108.8478 104.7204 110.9291 109.1643 115.8083 116.3228 108.1744 113.5336 100.2029 104.7398 119.8148 113.4722 119.3394 120.2921 120.0077 119.6434 119.2681 119.3371 119.4481 107.7248 117.6527 116.6339 116.6337 116.1903 115.7140 115.1938 114.7057 113.9573 114.4721 112.1082 112.5103 108.8508 108.9011 111.4887 110.5074 110.5235 110.8816 110.2491 110.0607 110.4609 111.2117 111.4989 112.0318 112.6110 113.1522 113.7168 114.2704 114.8176 115.3415 115.8663 116.3893 116.8128 117.2788 117.7169 118.1550 119.1069 119.2854 119.2700
125.0800 125.2589 124.4528 117.0786 124.5008 111.5611 112.5397 99.5529 107.6720 108.2991 107.2991 106.2710 112.8293 104.8347 102.2134 111.7137 124.0213 125.9180 109.6025 121.2810 119.7101 119.4663 119.0724 118.6160 118.1816 116.4996 122.5401 116.6120 116.4921 115.9263 115.3823 114.8107 114.2122 114.5944 102.1070 106.7701 112.1552 111.5779 104.7115 109.0486 109.5212 109.1132 108.8614 109.0420 109.2895 109.6138 110.0388 110.6483 111.2706 111.9201 112.5554 113.1880 113.8127 114.4102 114.9854 115.5343 116.0301 116.5885 117.0541 117.5233 117.9788 118.5140 118.7905 118.9300
125.0700 124.8154 124.6834 126.3711 112.6380 113.2222 111.9359 112.9290 111.6734 111.5321 107.9647 113.2035 101.1291 102.6134 101.2696 101.2447 104.2657 114.6037 118.5460 120.4743 119.7184 119.3458 118.9633 118.5596 118.0961 117.6696 116.9277 116.7354 116.1915 115.6449 115.0679 114.4613 113.9456 112.7214 111.2844 96.5717 113.0784 109.6523 109.3418 109.2346 108.0698 107.7515 107.5381 107.5618 107.8440 108.3499 108.9969 109.7089 110.4561 111.2178 111.9589 112.6725 113.3641 114.0214 114.6440 115.2378 115.8009 116.3132 116.8584 117.3324 117.8027 118.2485 118.6588 118.8800
125.0500 113.4002 121.8636 108.9828 112.8306 126.4336 110.9274 112.9102 111.4201 110.0585 113.3161 110.7866 108.5099 106.8867 104.8568 99.7461 121.5513 119.4861 120.1846 120.0786 119.7216 119.3910 118.8249 118.4306 117.9484 117.3654 117.0542 116.4909 115.9622 115.3929 114.7852 114.1589 113.4238 112.2437 116.5095 109.2819 93.8760 110.1347 108.5819 107.4688 106.7651 106.1395 105.8100 105.8592 106.2813 106.9722 107.8090 108.7140 109.6340 110.5256 111.3809 112.1880 112.9431 113.6565 114.3328 114.9650 115.5771 116.3925 116.6419 117.1620 117.6409 118.1039 118.5400 118.8300
125.0400 139.7754 116.2648 117.0233 114.3003 111.5810 111.9672 115.2833 120.8539 104.2858 105.6563 110.0902 114.0830 111.9417 120.6092 108.1418 122.7827 120.5260 120.1013 119.9738 119.8644 116.0177 118.7893 118.1994 117.7400 117.4980 116.2766 116.2854 115.7922 115.1741 114.5327 113.8547 113.1150 112.3578 110.9774 109.8249 109.7329 105.1498 107.3300 106.1345 105.1085 104.1582 103.6579 103.7492 104.4015 105.3864 106.5346 107.6932 108.8037 109.8579 110.8324 111.7320 112.5598 113.3365 114.0518 114.7234 115.3307 115.9161 116.4925 117.0120 117.5156 117.9822 118.4015 118.7900
125.0300 119.1105 122.3864 125.7550 116.2718 110.7610 110.2891 113.2129 109.1494 108.7727 105.0250 105.5312 109.6474 106.3861 116.0706 128.7327 121.8042 120.5670 120.1480 119.8023 120.1122 106.5124 120.6243 118.9418 117.9395 117.3310 116.8917 116.1565 115.6158 114.9966 114.3238 113.6118 112.8372 111.9831 111.1368 109.9069 108.8179 107.8463 106.4693 104.5570 103.0595 101.6998 100.8273 100.9736 102.0620 103.6244 105.1855 106.6787 108.0280 109.2461 110.3425 111.3323 112.2314 113.0541 113.8194 114.5227 115.1769 115.7945 116.3571 116.8959 117.4034 117.9154 118.0045 118.7500
125.0200 125.9854 124.9602 124.3872 120.7350 112.1283 113.2256 114.9234 118.4064 110.1649 103.6545 104.8349 112.2458 109.1889 109.8685 99.9025 114.1189 120.4644 120.1770 120.1696 119.5508 120.5606 120.5166 109.6844 118.0601 117.0251 116.5696 116.0946 115.4981 114.8549 114.1657 113.4118 112.6042 111.7036 110.6964 109.6293 108.3639 106.8755 105.1983 103.2955 100.9853 98.5237 96.4358 96.8714 99.2559 101.6557 103.8846 105.7556 107.3499 108.7311 109.9350 111.0127 111.9750 112.8391 113.6362 114.3642 115.0382 115.6683 116.2582 116.8030 117.3220 117.8140 118.3088 118.7200
125.0200 124.7302 124.8499 125.3944 115.4032 108.9822 113.7820 119.0952 109.1794 106.1221 108.2056 105.3024 102.0072 104.7556 116.4532 126.3502 119.8609 120.7850 120.0505 118.1949 117.2899 118.6944 118.7195 105.8992 119.9056 115.6064 116.5542 116.0468 115.4125 114.7575 114.0540 113.2827 112.4454 111.5150 110.4820 109.3009 107.9541 106.3730 104.4488 102.0099 98.8937 93.8376 89.7300 90.4507 95.5954 99.8144 102.7814 105.0246 106.8456 108.3566 109.6494 110.7849 111.7922 112.6896 113.5141 114.2578 114.9550 115.5892 116.1838 116.7388 117.2724 117.7596 118.2309 118.4000
125.0100 124.7122 119.9778 119.0030 111.3559 112.4153 111.4759 108.1693 105.9557 105.8317 103.7681 106.0126 102.0959 105.2823 96.2670 109.6806 115.5859 118.3816 120.1416 119.4668 112.7816 118.9985 118.6091 119.9531 118.5510 117.1994 116.4788 115.9927 115.3723 114.7077 113.9932 113.2192 112.3666 111.4201 110.3514 109.1428 107.7412 106.0625 103.9760 101.2564 97.3656 89.8020 85.3283 86.0469 92.1628 98.6412 102.1322 104.6317 106.5791 108.1699 109.5110 110.6734 111.6972 112.6211 113.4509 114.2098 114.9047 115.5500 116.1539 116.7105 117.2432 117.7436 118.2141 118.3700
125.0100 125.7262 110.6153 112.3445 111.1456 112.3437 112.3946 105.4069 108.7150 109.4769 107.7513 105.8865 113.1529 110.2363 100.5926 102.7533 121.9843 116.5175 120.7442 119.9881 120.2268 118.9642 118.5431 117.7947 117.5260 117.0934 116.6186 115.9969 115.3694 114.7133 113.9991 113.2208 112.3749 111.4217 110.3646 109.1531 107.7516 106.0823 104.0113 101.3091 97.3998 89.9906 85.6900 86.2114 92.5064 98.7195 102.1737 104.6643 106.5927 108.1795 109.5208 110.6809 111.7026 112.6215 113.4513 114.2112 114.9027 115.5528 116.1554 116.7114 117.2443 117.7421 118.2126 118.3700
111.5000 115.4097 110.1572 113.7947 113.3608 110.9948 110.6374 108.5141 113.0673 108.2305 111.6627 103.9266 119.7648 103.7567 97.8406 102.7065 115.2996 111.8223 121.1546 119.7370 119.2310 118.9813 118.5736 118.1561 117.6472 116.9183 116.3794 115.9794 115.4071 114.7698 114.0579 113.2952 112.4510 111.5345 110.5028 109.3282 107.9890 106.4113 104.5034 102.1526 99.0928 94.5755 90.4557 91.0645 96.0720 100.0125 102.8911 105.1030 106.8926 108.3916 109.6813 110.8115 111.8047 112.7030 113.5219 114.2710 114.9542 115.5998 116.1904 116.7507 117.2739 117.7709 118.2386 118.6900
112.2900 110.8673 113.6444 113.1123 110.9206 111.3074 111.4767 110.1940 107.7414 105.8485 104.8707 100.5621 118.5622 105.4094 119.1268 116.3735 120.7381 119.7009 120.1556 119.8298 119.4440 119.0354 118.6123 118.1394 117.6868 118.1680 117.1887 115.8057 115.5068 114.8713 114.1803 113.4340 112.6293 111.7354 110.7562 109.6509 108.4102 107.0112 105.3853 103.4577 101.2092 99.0153 97.0438 97.4629 99.5809 101.9059 104.0317 105.8617 107.4224 108.7896 109.9825 111.0435 112.0012 112.8656 113.6579 114.3802 115.0576 115.6847 116.2700 116.8177 117.3337 117.8232 118.2874 118.7000
118.0900 118.2625 110.2759 102.9121 113.3038 107.7109 112.8085 110.5377 111.6373 102.6834 106.8721 108.3248 121.2278 108.2483 123.8332 122.2542 121.2279 120.7428 120.2300 119.8701 119.4888 119.0241 118.6131 118.2970 117.8475 108.3211 119.6361 115.1996 115.7174 115.0128 114.3455 113.6315 112.8592 112.0253 111.1061 110.0931 108.9891 107.7176 106.3236 104.9698 103.3624 102.0009 101.1652 101.3124 102.3503 103.8373 105.3520 106.8005 108.1230 109.3223 110.3950 111.3759 112.2680 113.0920 113.8474 114.5446 115.1972 115.8042 116.3693 116.9101 117.4209 117.8962 118.3559 118.7200
109.5100 113.4895 112.5081 118.1913 110.6357 116.6791 107.0713 111.1233 103.5025 108.3292 102.3584 120.3975 108.8733 123.0403 111.7470 105.3036 123.9025 120.4766 120.2525 119.9309 119.5339 119.2655 118.7090 118.3137 117.7424 116.7655 117.1230 116.4942 115.6944 115.2053 114.5675 113.8783 113.1626 112.3780 111.5321 110.6263 109.5785 108.7810 107.2329 107.8596 105.3051 104.4056 103.9146 104.0017 104.6295 105.5807 106.6893 107.8199 108.9114 109.9331 110.8933 111.7781 112.6088 113.3742 114.0870 114.7480 115.3718 115.9590 116.5095 117.0359 117.5232 117.9992 118.4467 118.7500
109.1200 113.7076 111.7152 113.9114 110.2298 110.3148 109.9648 108.6908 105.8490 104.9555 116.4908 115.2669 113.8245 120.9677 114.9617 97.2214 124.6141 121.6555 120.4253 120.0333 119.6127 115.9182 118.1758 118.1948 118.8571 111.5536 103.7069 114.6926 115.5960 115.4747 114.8214 114.1764 113.4996 112.7842 112.0088 111.2434 110.3219 109.0366 95.8518 107.2853 106.9113 106.3181 106.0037 106.0607 106.4649 107.1303 107.9525 108.8395 109.7270 110.6088 111.4465 112.2414 112.9947 113.7000 114.3706 114.9948 115.5839 116.1507 116.6765 117.1839 117.6629 118.0874 118.4935 118.7800
117.7000 112.9963 110.3585 110.4024 110.2442 109.9618 109.3588 106.8782 107.2131 103.3926 103.5096 123.0073 111.9592 118.5177 116.5728 117.7499 120.4660 120.7416 120.4472 120.1289 119.9450 119.6116 119.1180 118.8200 113.4064 113.9158 114.9462 118.8646 116.4581 115.6782 115.1008 114.5100 113.8857 113.2279 112.5399 111.8335 111.0193 109.3363 102.5440 109.0439 108.1983 107.9293 107.6965 107.7281 108.0165 108.4986 109.1225 109.8258 110.5742 111.3022 112.0288 112.7377 113.4201 114.0697 114.6836 115.2752 115.8324 116.3697 116.8705 117.3388 117.8158 118.3385 119.3857 118.8300
112.7900 112.4935 110.2633 110.4648 109.7518 109.9539 111.6578 103.2025 105.2894 105.7893 103.8482 115.0174 117.8039 119.1675 122.7254 122.3085 121.3260 120.9068 120.5353 120.0886 116.7455 119.2303 119.4325 120.7133 93.5072 103.1852 121.8951 107.9582 116.9914 115.9039 115.3954 114.8620 114.2864 113.6808 112.9907 112.4448 111.7713 111.1239 111.1116 109.9902 109.5990 109.2315 109.1083 109.1308 109.3443 109.7058 110.1919 110.7731 111.3727 111.9875 112.6326 113.2522 113.8683 114.4589 115.0244 115.5712 116.1035 116.6030 117.0943 117.6531 118.0520 118.8062 114.3496 119.1600
112.7100 117.5414 110.6001 110.8133 110.9721 111.4835 112.2496 111.2709 107.5729 106.4652 104.2192 111.3441 125.9536 122.3939 121.1091 121.0732 121.3429 120.9677 120.5178 121.4888 116.4330 119.5504 112.9084 120.9597 109.0626 121.4287 116.6175 112.8254 116.9440 116.1945 115.8033 115.2384 114.6951 114.5849 114.0116 113.0771 112.6169 110.7993 110.0753 111.3458 110.5253 110.5159 110.3233 110.3403 110.5036 110.7859 111.1750 111.6379 112.1312 112.6819 113.2296 113.7789 114.3279 114.8650 115.3844 115.8994 116.3926 116.8576 117.3200 117.5826 117.9991 118.9799 110.9232 112.8700
118.0800 114.1946 111.6352 111.4446 111.0086 107.9803 110.8347 111.3518 107.3769 107.3814 115.2516 110.9274 109.8305 121.5049 121.4402 122.6861 121.4047 121.0648 120.6773 123.3743 121.5423 122.1097 109.8021 119.8335 118.6075 117.4573 118.4979 119.2221 116.6777 116.2994 115.8265 115.6516 115.1629 112.0684 112.3135 112.9848 115.7081 112.9336 111.8268 111.6522 108.8626 111.6098 111.3918 111.4067 111.5321 111.7695 112.0789 112.4383 112.9477 113.3353 113.8163 114.3057 114.7975 115.2857 115.7596 116.2361 116.6932 117.1364 117.5424 118.9094 124.5016 119.1720 119.8273 119.2700
111.4700 110.5755 108.1269 108.4991 110.8795 106.1079 109.4373 107.2009 106.1481 109.5903 124.3360 110.0079 112.2577 122.1721 123.1704 122.0401 121.5387 121.1738 120.9342 120.3795 120.5589 109.4863 119.9575 112.8800 119.0092 120.4804 115.7586 111.8598 118.5357 118.3555 117.8205 115.8643 116.6569 114.7132 124.5576 112.0893 120.5584 113.2440 113.1256 112.9691 112.7802 112.3922 112.3418 112.3476 112.4625 112.6037 112.8487 113.3242 113.2576 114.0874 114.3911 114.8353 115.2715 115.7059 116.1441 116.5823 117.0037 117.4121 117.8678 118.4750 119.5724 115.2786 120.0442 119.6600
111.3300 111.0945 109.6532 110.2997 110.1556 109.3859 108.4141 105.6764 106.4548 106.5584 114.0865 122.5488 124.1027 122.4572 121.8636 121.8370 121.6663 121.3737 121.0142 120.8382 120.8129 113.8197 119.5295 116.9032 119.5267 106.5777 114.6938 115.0872 113.8453 100.0332 114.7135 116.3254 115.1922 103.7420 114.3862 110.4467 112.1131 114.1851 113.8349 113.5616 113.3635 113.2664 113.1974 113.2061 113.2938 113.4583 113.8586 113.3315 115.2896 114.1614 114.9553 115.3345 115.7304 116.1273 116.5461 116.9172 117.3267 117.7084 118.1031 118.2459 117.7819 117.8984 115.5377 102.2100
112.0700 111.4098 111.3962 110.6740 109.6230 111.2028 110.4044 105.6105 104.4002 103.1329 103.4327 122.8317 122.1842 122.5406 122.4015 121.9445 121.4422 121.2606 121.2033 120.8948 120.4545 120.7547 120.4061 119.6545 119.6947 115.6705 119.7527 121.6561 98.0689 112.6116 116.4830 116.8986 116.6955 101.6984 97.3240 105.6397 116.5481 114.7670 114.5631 114.3137 114.1448 114.0309 113.9709 113.9887 114.0543 114.1657 113.4943 113.4868 124.1784 115.4296 115.7760 115.8772 116.1864 116.5738 116.6377 117.3058 117.6432 118.0126 118.3673 118.7042 119.5318 119.7501 119.0676 120.0500
117.9900 111.5751 110.5251 110.8404 111.7900 111.6435 107.0625 105.5732 102.3850 124.1584 117.7013 125.1459 123.3121 122.5921 122.2608 122.5879 122.8881 121.5440 121.1403 121.0593 120.7716 120.8979 117.7899 120.2306 116.6317 115.3568 119.0195 118.6385 115.6198 119.0269 117.2774 116.9926 117.3991 109.1470 106.9390 107.4893 116.3761 115.4234 115.1680 114.9738 114.8279 114.7398 114.6893 114.7150 114.7633 114.8408 115.2862 109.0731 114.3401 105.8388 113.5293 116.5465 116.6366 117.0101 117.2788 117.6374 117.9746 118.3172 118.6503 118.9789 119.2663 119.6314 120.0311 120.1200
111.4700 111.8154 113.4874 111.2130 112.6288 108.7826 111.5348 104.0665 102.9679 108.6519 120.2817 97.6483 123.4345 123.0008 123.1392 121.6714 98.1895 118.4202 121.3838 121.2968 120.7950 120.5816 114.1573 117.9993 120.1268 119.4986 119.1012 118.8287 118.4949 118.3241 117.8503 117.6127 117.3661 117.4958 116.6229 117.3139 116.2075 115.9759 115.7553 115.5984 115.4708 115.3915 115.3532 115.3635 115.4094 115.5294 116.1572 110.2831 97.7616 109.3660 118.3418 116.3198 117.1108 117.3777 117.6921 117.9881 118.3075 118.6236 118.9313 119.2378 119.5499 119.8583 120.1637 120.4300
110.1200 109.8249 111.0075 111.8595 115.2996 109.6663 108.1900 106.2902 105.1792 103.2169 123.6160 107.5272 108.7189 123.5400 112.4845 119.5119 105.3954 124.6187 121.3304 121.2986 121.1501 118.6289 120.5892 120.3721 119.9967 119.7430 119.3685 119.1602 118.8601 118.5509 118.2490 117.9336 117.6366 117.1730 117.1588 116.7153 116.7217 116.4946 116.3241 116.1849 116.0730 115.9977 115.9672 115.9756 116.0106 116.1367 116.2115 117.3198 115.6863 95.7903 114.6264 117.2138 117.4958 117.7745 118.0516 118.3484 118.6451 118.9242 119.2213 119.5150 119.7996 120.0967 120.4042 120.5100
110.8400 110.1702 110.5345 104.8535 115.4611 111.3920 110.0282 105.1931 103.3383 109.0821 107.1224 103.6059 124.4572 123.3488 124.1695 132.7885 121.3891 121.6752 124.4780 122.7806 121.6599 121.6863 118.9406 116.9180 120.7235 119.9489 119.7121 119.4640 119.3635 118.8749 118.6791 116.4502 118.3890 117.8322 117.6287 117.4143 117.2014 117.0343 116.8723 116.7259 116.6260 116.5635 116.5372 116.5471 116.5898 116.6574 116.8086 116.5836 116.7683 108.0663 119.2735 117.4253 117.9259 118.1666 118.4318 118.6891 118.5361 119.2021 119.5102 119.7754 120.0555 120.3545 120.4575 120.8100
116.0800 110.5635 110.6803 112.0380 111.6400 111.0814 109.9803 103.4993 103.1337 104.1934 122.6655 104.2839 120.2675 122.3789 120.3061 115.0818 122.2473 121.7513 106.6910 117.7582 113.0950 108.4863 99.6454 96.2996 121.7154 119.6470 120.0534 119.7780 117.4842 118.6390 119.3379 118.2611 118.4819 118.2400 118.0270 117.8556 117.5864 117.3629 117.2456 117.2570 117.2012 117.1292 117.0976 117.0803 117.1151 117.1819 117.2865 117.3567 117.8684 115.6809 117.3466 118.1619 118.3370 118.4669 119.6599 120.1405 120.2493 119.7329 119.5138 120.0538 120.2452 121.3739 123.6044 120.8900
111.7500 110.8020 111.3379 110.8972 110.0177 110.6332 108.3996 104.1209 105.3110 101.2086 120.7132 127.0700 118.1478 123.8333 122.4602 103.1966 114.7202 115.9403 100.9812 110.2774 100.0041 104.4104 96.8486 111.4218 123.1046 120.7871 120.0533 120.0227 120.0730 119.5128 119.2055 119.0655 118.8123 118.6887 118.8480 118.2671 117.3961 118.6092 117.9518 117.7163 117.5431 117.4975 117.5563 117.5871 117.6257 117.6788 117.7596 117.9269 117.9727 117.8566 118.3627 118.5239 118.6915 118.9411 118.2451 112.0167 119.7844 121.2565 120.1793 120.3558 120.3305 120.5560 111.6546 121.1800
111.7500 112.1532 111.2396 110.6221 109.3042 107.5769 105.3007 101.8002 105.4450 104.6542 113.8426 118.3542 114.6653 118.4525 123.9474 127.3560 124.7521 112.7488 98.7572 121.4082 104.3299 107.5806 115.0251 113.0574 120.6332 119.3517 120.9498 119.9678 117.9263 120.4872 119.4529 119.4750 119.3042 118.7247 119.7444 115.4956 112.5212 118.2568 116.6530 118.1942 118.5763 118.4209 118.0376 118.0748 118.0986 118.1498 118.2235 118.3199 118.4454 118.5933 118.7263 118.9023 119.0853 119.3350 119.4947 119.5388 96.2931 116.6089 120.2573 120.5116 120.8625 121.3015 119.8672 107.0500
113.3000 112.5515 116.8750 109.5235 106.7879 104.7127 103.4476 111.3019 112.4200 111.9469 113.9032 120.8963 126.1935 109.3822 114.6707 122.2888 123.1138 120.4086 107.7852 110.0175 112.6428 100.9037 123.5138 107.3220 104.2392 108.3501 121.5436 121.5797 121.8325 118.9664 119.9302 116.3761 118.2895 121.1908 108.0183 120.8992 113.3968 118.5483 117.1858 118.6307 110.8749 117.8314 118.4783 118.5274 118.5502 118.5961 118.6590 118.7514 118.8617 118.9824 119.1240 119.2764 119.4439 119.6165 119.2650 120.1000 113.8052 121.1501 120.4702 120.8864 121.0356 122.9418 121.3828 110.5300
114.4200 110.6035 114.0269 109.5729 114.0912 113.5301 110.0020 113.7410 117.3865 106.7047 115.7764 117.1610 122.7710 117.9648 121.6485 123.5461 124.0975 114.3908 106.8428 110.9293 125.4745 116.5398 121.6047 118.7721 114.9736 119.2389 121.8177 110.1024 119.8018 109.1043 119.7549 119.2907 119.5262 122.9263 103.4542 107.3369 98.9554 101.2135 119.7168 119.3334 118.2234 119.0187 118.9357 118.9698 118.9815 119.0189 119.0839 119.1665 119.2624 119.3700 119.5027 119.6450 119.8004 119.9533 120.3643 120.4386 120.4370 120.8723 120.8278 121.1121 121.6621 115.5179 105.7909 121.8900
110.9900 110.5421 110.2117 107.5893 119.2892 116.9450 113.8304 116.3915 104.6750 101.6735 107.1100 102.1662 115.8275 116.5009 114.9442 123.8260 123.2528 111.9144 107.6792 118.4457 122.3073 110.0320 122.6931 120.7346 123.4362 121.6163 114.7305 97.3133 124.6107 122.7061 120.6340 120.3468 120.3296 121.5802 103.0297 98.0470 100.5863 105.4275 119.9703 119.3223 119.4271 119.3641 119.3633 119.3649 119.3892 119.4273 119.4826 119.5432 119.6575 119.7838 119.8817 119.9874 120.1431 120.3177 120.4134 120.5804 120.6817 120.5345 121.3058 121.1471 120.9611 121.4699 120.0237 107.7300
111.1800 111.2090 106.7266 104.5499 115.7551 114.3680 112.7361 110.0293 107.7474 110.6701 113.4401 105.4504 110.2694 105.3736 123.5223 121.0138 114.0398 113.2144 100.4768 122.5532 118.4415 105.6822 110.2680 115.5518 121.0411 120.4121 122.9116 120.0901 124.7729 120.8960 120.9091 120.6928 120.6130 121.0218 110.8085 101.2600 108.1161 120.9505 119.4825 119.8952 119.7712 119.7770 119.7679 119.7617 119.7742 119.8166 119.8659 119.9884 119.9452 119.9297 120.1480 120.3413 120.4702 120.6020 120.7517 120.8437 120.1842 122.5887 116.9652 112.1482 117.8411 123.3290 122.8902 107.2200
111.4700 102.9298 111.4457 116.6988 125.4101 124.9639 126.7846 110.7094 107.2798 104.5797 104.0909 105.0419 103.3935 118.9003 125.6330 116.0596 112.4383 122.7611 111.9821 114.7808 102.6315 99.2855 119.7530 99.8655 121.6327 123.4455 123.4297 115.6053 120.9488 121.3643 121.1691 121.0109 120.8702 120.5000 123.3660 120.9875 121.6079 120.8048 122.9316 120.3633 120.0474 120.1571 120.1233 120.1328 120.1628 120.1769 120.2306 120.3339 120.6180 121.4438 120.8402 120.3390 120.8486 120.9425 121.1091 122.1896 113.8304 121.8324 118.0650 121.6866 108.3516 105.3437 114.0189 120.4000
126.3500 127.0944 118.5514 119.0978 126.2228 125.3322 124.6985 106.1909 114.4592 115.3413 102.1194 103.3076 100.0145 125.5928 123.8331 113.5865 126.8137 112.1970 117.8136 106.1365 103.3176 100.6209 108.0995 124.1445 122.6817 120.9315 99.0187 109.0658 122.1063 121.6424 121.4521 121.3255 121.2033 121.1379 120.6251 120.7183 121.0507 119.9783 112.6276 119.9614 120.2865 120.5414 120.9109 118.2627 120.6698 120.5102 120.5669 120.7383 120.7454 105.5907 119.5246 121.4041 121.1034 121.2633 121.2838 123.0577 121.3983 121.6581 121.0892 122.7504 115.6042 123.4310 100.2022 109.1600
126.5100 122.5751 126.4246 126.2012 126.0879 124.4169 121.3840 119.0485 115.2193 117.8050 111.2201 102.2072 119.9364 115.0862 111.4716 118.4731 126.4938 122.7975 122.8586 124.8329 118.0113 109.0894 123.2324 123.2473 122.9318 114.0126 101.8663 126.2502 121.9247 121.6230 121.7763 121.5988 121.4857 121.3569 121.3311 121.1928 121.0865 108.4267 94.5402 120.1525 120.5330 120.8952 122.0406 109.7879 121.9416 120.6306 120.9138 121.1208 121.0971 122.6600 118.9377 117.0923 121.7312 121.7754 120.4793 110.1613 123.7331 122.1017 122.1520 122.3080 122.8893 110.1980 104.9458 113.4700
126.5400 126.4182 126.2689 125.9239 127.3370 115.5738 118.7927 123.7903 119.7395 119.1197 125.1531 115.1979 107.3383 114.2960 112.9855 104.5292 109.7707 114.1148 117.3228 113.4273 121.1954 124.1475 123.5362 120.8589 122.9279 115.6799 106.0977 120.7174 123.9374 122.3182 121.9722 121.8810 121.7808 121.6748 121.5652 121.4765 122.1447 119.5120 106.0900 122.0416 121.1191 121.1949 121.0977 122.1188 122.0269 121.1053 121.2461 121.3309 121.5244 109.3776 99.8309 118.2880 121.9226 121.8946 110.1724 116.7132 123.2189 122.2758 122.4155 122.8987 121.8221 113.2585 109.5201 119.7800
126.6900 126.7717 126.3859 126.3655 126.2351 122.8525 120.6451 126.6494 124.6816 123.3767 115.3816 121.1946 106.6772 118.4240 104.6344 102.3257 106.9652 116.9219 118.3599 125.2625 122.9479 123.2494 123.6459 105.3798 115.8639 118.1347 106.5342 115.3409 102.6322 122.7371 122.2078 122.1502 122.0583 121.9576 121.8738 121.8282 121.2463 120.0979 108.9916 121.7518 121.6212 121.5178 121.5152 121.2711 121.2475 121.4669 121.5687 121.5978 121.5963 121.5577 124.8818 123.3186 121.6929 123.3011 119.9623 105.4366 123.2561 122.5668 122.5854 122.7705 116.4707 118.7489 114.6709 106.9100
139.1700 126.6100 126.5000 126.3900 126.1600 126.0500 125.9200 125.8000 112.8100 112.9700 118.7800 118.3100 125.0400 103.2500 124.6500 114.8500 102.9300 125.0300 124.1000 123.9800 123.8200 123.6700 123.5300 123.3800 123.0500 123.1200 122.9300 122.7600 118.4600 118.4900 122.5100 122.3500 122.3500 122.1700 121.9900 122.0300 121.8200 121.8500 121.8800 121.6400 121.6700 121.6800 121.6900 121.6900 121.6800 121.6600 121.6400 121.8700 121.8500 121.8100 122.0200 122.2100 122.1600 122.3300 122.3300 122.4900 122.6400 122.7800 122.7800 122.9300 113.3100 123.0700 107.9200 108.6100
