119.7100 119.4400 116.6400 114.5700 114.3500 111.6900 111.0800 110.9900 113.3900 113.3900 113.2500 109.6900 107.8300 110.7100 110.7100 116.7900 115.9700 115.2700 115.9400 104.1500 116.0400 107.6100 99.4400 99.4400 106.1200 104.6000 105.3700 105.1100 101.2200 101.2200 110.6000 98.8100 101.2900 97.0200 99.7200 98.7500 96.6300 96.6300 102.2900 118.6300 118.6300 120.8800 118.8500 118.8500 119.1200 119.0500 119.2900 119.5100 119.8000 119.9900 119.9500 121.9300 121.9300 120.6100 121.0700 116.3900 119.6600 109.5000 117.3600 119.8900 107.6500 122.5800 122.7200 122.8900
119.7100 119.3720 119.4924 116.5455 115.4904 108.4384 110.4601 110.4910 111.0272 113.0360 112.3446 103.7185 105.3215 107.6854 114.5412 112.3931 109.3464 117.1791 113.2915 103.6093 105.6470 107.1307 107.7684 108.8729 108.7041 105.7935 104.9620 105.6047 104.1474 102.2043 96.3237 98.4578 117.5145 97.4532 102.0627 98.5610 98.5953 96.9333 107.4040 119.4201 118.8923 119.2333 118.2035 118.6013 118.7464 118.9384 119.7551 120.3141 119.4808 119.6862 119.9044 120.3108 120.2726 124.7540 123.9948 106.5728 115.0415 114.0622 114.9395 109.2842 104.0922 111.4256 123.5010 122.8900
115.8300 118.9871 118.5928 115.4184 114.4326 111.3796 105.8843 107.4720 111.5806 111.5436 113.5299 113.3059 110.4489 111.6919 104.0405 110.8274 105.4855 110.2446 107.2532 110.6217 107.0026 101.2999 108.7325 99.7887 101.0737 105.0822 101.4743 109.3734 105.7309 108.5971 99.4694 112.5185 118.7824 116.6128 104.3405 108.6910 106.9034 105.8466 118.4444 117.2490 118.1147 117.8368 118.1337 117.7498 118.2165 118.6071 118.3719 118.7769 119.0685 119.3614 119.6917 119.9062 119.4513 118.3651 113.3415 110.7699 116.0507 109.9326 110.0371 104.8440 110.2751 117.9147 123.0814 122.5900
115.8300 113.1879 117.8808 120.5061 113.4612 115.9614 108.4374 115.0834 109.1745 107.0380 112.3526 103.6477 111.2911 109.4625 101.4170 102.5774 109.2869 106.7059 105.0772 108.2438 113.9725 107.6784 112.3454 112.7701 98.7039 106.9474 109.6189 109.4777 106.9713 101.9471 96.9351 104.6922 111.8570 111.5967 99.2261 117.5194 117.6009 114.8486 115.2094 117.3346 118.0432 117.3940 117.3341 118.8174 116.7135 116.2899 118.6993 118.7315 118.8281 119.0340 119.1616 119.1571 120.0343 123.0874 119.8268 110.5040 119.8104 108.6507 104.7538 107.7200 111.9711 123.1970 121.8199 122.5900
117.8300 118.3379 114.2909 114.7357 118.8898 117.4710 111.9090 108.1517 108.5949 107.0354 110.7212 101.6657 113.1183 100.0632 109.1028 104.3374 102.0194 107.9887 105.5351 99.9542 112.7148 112.1848 112.6583 112.0271 100.0713 101.7973 116.1634 97.8090 103.4282 96.7463 106.0865 103.0189 114.4551 115.6445 98.0634 115.5189 116.1675 116.9578 118.1619 116.6067 116.7622 116.9285 116.9808 116.6512 93.0672 110.4050 116.7351 117.4483 118.4193 118.1697 121.0978 122.4455 99.4112 108.8530 109.0947 120.8308 103.9667 103.9491 106.0889 104.9617 109.4747 120.7656 124.6311 122.2900
116.3700 116.2239 117.5542 120.3728 99.7209 110.2932 114.2872 106.7876 113.6067 104.2243 109.2249 108.7325 100.9909 108.3962 109.1440 108.3265 106.2224 101.5195 106.8399 100.6711 99.2903 109.3033 107.0562 101.5438 107.6237 98.1992 113.6119 99.5982 115.4822 109.9761 117.9689 112.9945 116.8385 113.2695 98.0085 119.1273 115.7375 116.1508 116.1338 116.1820 116.2551 116.4027 116.4157 118.6477 116.5695 117.6081 117.3514 118.5915 118.1538 118.3561 119.9218 98.9372 101.5080 108.5535 107.4348 105.6777 99.4518 102.0668 100.4480 104.6816 110.7781 101.8524 103.3440 103.2000
121.9200 120.1563 121.3647 111.3950 120.1620 120.0787 106.6542 111.8637 108.2267 113.8814 110.0080 107.3290 104.2315 105.5951 109.9627 109.7845 107.3088 106.9080 101.7261 100.5724 101.9238 106.1391 105.6392 111.4839 102.3959 104.2502 94.2654 106.8132 104.2802 97.8668 113.3953 110.1444 116.7223 92.5328 98.1575 103.1422 116.3101 115.4076 115.4445 115.5429 115.6839 115.8507 116.0620 116.0120 116.5543 115.8158 116.9865 117.3026 117.7720 122.1285 100.2836 110.3150 103.8016 101.7058 103.5717 104.3765 101.1708 98.5868 106.1460 111.8054 122.0385 121.3090 123.6078 125.0600
114.6400 115.3787 113.6160 111.6727 118.7166 118.0370 117.6889 119.3202 110.1570 110.6152 103.7777 99.2091 105.2248 107.4575 109.2450 109.2278 109.8218 105.8819 107.2851 102.6160 107.0001 101.9030 106.2786 110.0554 103.6808 112.9105 116.4099 100.2141 96.2328 108.6059 116.1945 112.5103 97.7747 101.1453 92.2781 115.3713 114.5934 114.7493 114.8135 114.9153 115.0681 115.2535 115.4765 115.8452 116.0291 117.4984 112.3822 118.0720 115.0951 112.6065 113.7973 124.9188 100.6411 100.2283 98.1009 98.6261 97.9946 105.3361 114.7994 121.2641 120.9818 121.2395 121.7364 121.9300
119.5100 114.0390 114.5618 113.8758 113.1180 106.1607 115.5304 116.7343 119.2987 116.8513 108.5890 98.5616 98.5184 100.5733 97.0688 110.5309 108.8582 109.1184 108.6910 110.2120 105.1450 101.8306 108.2196 102.4488 103.0547 118.4535 107.8605 107.5453 103.4613 112.6530 114.6912 109.0896 109.4629 99.0629 112.8289 114.4910 113.7632 114.0484 114.1070 114.2279 114.4113 114.6324 114.8940 115.1756 115.3771 116.6665 115.6147 116.4002 117.2945 117.5079 115.6204 114.2519 119.9239 103.0084 102.0033 101.8030 104.4692 104.5569 120.9488 120.0997 121.2097 121.7163 117.1264 103.5100
119.1400 113.1557 113.1611 113.0167 112.9409 113.3888 112.9453 108.2003 115.0342 114.9764 114.7039 101.7103 101.2003 113.1076 115.7274 111.8191 107.4011 108.5719 108.9169 106.8305 103.9453 102.0321 100.7667 103.3981 103.0984 108.5121 111.1292 116.8770 105.5615 116.9730 114.2240 114.3030 98.0434 113.5254 114.4681 113.3188 113.2032 113.2661 113.3517 113.4960 113.6971 113.9595 114.2657 114.5941 114.9816 115.2821 115.7074 116.2230 116.4831 118.5426 111.6649 110.9359 94.9545 97.9365 106.3988 101.6379 100.1668 100.6214 117.0882 120.4127 120.9028 120.4663 121.1508 103.0800
119.1800 112.9988 112.8375 112.7969 112.6569 112.7189 113.2457 114.4322 105.7248 106.0835 113.1646 108.6238 109.3923 108.3420 109.3895 106.8954 108.7876 107.5884 109.8917 107.7471 104.1236 100.1895 100.6458 97.7882 106.6935 127.2894 116.2133 107.9415 111.0320 114.2625 114.2752 114.7844 112.6838 95.9794 113.2828 112.2173 112.4496 112.4214 112.5185 112.6982 112.9384 113.2449 113.5985 113.9853 114.3986 114.8293 115.3083 115.9931 115.3356 116.1435 93.7217 94.6837 98.2218 96.3080 103.6309 98.1381 103.6461 104.7618 123.3146 120.0796 120.5494 118.7780 116.7281 114.1400
115.5900 112.4789 112.6009 112.6460 112.6419 112.8976 113.7523 111.6573 113.3537 105.0593 105.9158 103.4422 103.2914 107.2142 106.9437 109.4241 109.9938 108.6412 106.2873 104.1205 101.3556 105.9466 105.3321 100.6071 104.1631 108.8053 114.0761 115.3138 114.2326 113.6916 113.2452 99.4612 92.1376 90.0715 110.2646 111.5489 111.5292 111.4885 111.5996 111.8123 112.1093 112.4795 112.8968 113.3426 113.8158 114.3061 114.7532 115.1814 118.3606 107.0075 93.2117 107.9532 102.0705 102.2526 97.7384 102.0635 98.4926 111.5400 117.4682 120.2040 120.3587 120.2703 123.1048 116.8200
114.9000 116.0996 112.9557 113.0675 112.6441 113.4850 113.8723 112.1891 115.0700 109.3423 108.5401 107.0341 107.5015 105.3950 101.5532 103.7116 102.6094 104.1965 98.0111 105.4226 108.8882 111.2829 101.4111 109.1809 114.8764 111.9553 115.4554 114.0000 113.6866 113.2413 113.8628 108.2195 96.9324 118.2796 108.6038 110.5341 110.4655 110.4355 110.5766 110.8426 111.2139 111.6579 112.1495 112.6784 113.2237 113.7681 114.4208 114.5282 115.8686 91.5392 106.2820 117.0536 94.8751 110.7092 99.3664 101.3419 99.5048 102.8561 110.9037 120.2708 120.2737 121.5136 111.7310 123.6500
115.5500 105.0885 115.0617 111.0751 111.2590 111.6148 111.2605 111.9073 111.9103 108.2034 108.7271 106.8240 108.9780 108.3931 106.5231 106.4951 100.9048 100.3604 100.5988 102.7229 114.5836 103.0120 102.1751 122.7159 102.7641 113.4866 115.1701 114.2507 113.1380 112.4491 112.8993 98.2834 97.7261 106.9063 110.0452 109.1105 109.2443 109.2391 109.4279 109.7694 110.2291 110.7730 111.3721 111.9847 112.6120 113.2367 113.8514 114.1359 114.1902 110.7364 120.4131 107.1518 105.6690 116.6680 97.5205 110.8563 103.9092 102.2315 117.5006 119.7070 120.2683 120.3225 122.2538 123.3300
118.0300 116.3888 121.4817 109.0683 109.9887 109.1108 108.3978 108.8220 110.4578 113.0900 107.4193 106.8557 108.1083 107.6709 112.9064 108.2460 105.8970 102.2245 108.1999 115.2495 100.4746 94.1645 92.7391 116.8737 95.3439 96.5943 115.3131 112.2200 112.6447 111.9247 111.1365 105.2520 106.7480 99.1421 108.6763 108.1198 107.8607 107.8477 108.1005 108.5585 109.1473 109.8371 110.5506 111.2805 112.0075 112.7310 113.3968 114.2018 115.6196 105.7680 94.9942 116.1582 107.2462 102.8289 100.6994 108.9440 107.9936 116.7598 120.3562 119.8015 120.0032 119.5371 107.2807 105.7700
123.8200 124.5445 124.2619 119.5270 110.1716 111.1354 111.5029 112.3616 108.7835 108.2506 108.6795 106.8873 108.1285 108.9933 106.5856 106.3482 100.4537 100.4505 103.0411 110.6528 106.6985 109.4361 114.2595 109.6998 114.2385 109.7686 114.9034 112.7091 112.0812 111.3503 110.5920 110.0832 103.1679 108.2141 107.3051 106.5115 106.1731 106.1957 106.5634 107.1911 107.9704 108.8282 109.7159 110.5794 111.4335 112.0629 112.9206 113.7135 110.6066 94.6832 96.1356 101.0189 99.8370 91.5240 116.2361 99.9966 100.8271 120.9140 119.0248 119.7164 121.1567 108.3072 110.0292 117.1400
114.6400 123.9990 124.2698 111.0510 110.7700 111.7213 111.2637 105.1327 110.1646 109.1135 110.8627 104.7947 113.1402 109.0483 105.4297 103.3001 106.6492 102.2464 104.1468 118.2185 111.8844 116.6484 115.8005 115.1458 114.9887 114.6241 113.6738 112.5281 111.6368 110.7518 109.7930 108.6918 107.8686 106.7117 105.4108 104.6881 104.1397 104.1665 104.7274 105.6231 106.6919 107.7916 108.8730 109.8892 110.8596 111.9742 113.0455 113.6783 105.4873 89.2681 110.7693 90.7410 116.3865 105.8621 108.2336 110.1759 103.1670 119.3937 118.9543 119.5631 120.1171 119.2111 120.4087 119.8900
123.6200 124.7173 113.9972 115.4291 109.8511 109.7301 108.9638 108.0148 107.3474 106.2342 109.2110 98.4791 107.8095 107.4314 102.0731 100.9579 99.8838 102.9007 96.5409 123.3763 114.6269 116.4608 115.7088 115.1288 114.2747 113.7963 109.5388 112.3536 111.2456 110.2182 109.1427 107.9243 106.6022 105.1725 103.7143 102.3011 101.4703 101.5262 102.4526 103.8371 105.3294 106.7476 108.0599 109.2926 110.0364 111.4440 97.5545 111.1232 113.5554 113.8770 114.9283 94.6318 95.1051 98.6072 99.7673 104.5346 104.4851 118.6303 119.3489 119.3048 119.4569 122.4725 99.7013 120.8500
123.6100 122.6357 123.0881 113.7620 113.6394 107.7358 109.7913 103.9320 104.6331 105.4883 107.6187 107.5400 107.8465 104.1532 108.5363 99.9507 101.1531 114.3423 113.0282 106.6110 116.6409 116.2640 115.5429 114.9858 114.1284 112.0735 112.6202 111.8211 110.8775 109.7909 108.5779 107.1859 105.5974 103.7504 101.6045 99.4143 97.6423 97.7546 99.6413 101.8463 103.9513 105.7659 107.3484 108.6990 109.8425 111.5092 112.8589 113.1119 113.7231 113.2106 96.3180 97.9750 96.4811 98.7102 102.0415 104.0612 121.2455 107.7181 114.8626 117.7541 119.4963 121.2696 122.1020 120.8300
115.0500 113.9277 112.3961 109.7114 103.0284 109.2006 104.0460 103.3500 106.3879 108.9057 107.3019 107.3729 106.6754 105.8229 105.9520 103.0365 103.5648 115.8219 113.1791 111.6595 116.4975 111.7241 115.5588 114.9914 113.7115 104.9965 106.9745 110.7393 110.6886 109.4556 108.1387 106.6095 104.7609 102.4724 99.5208 95.3027 91.1303 91.3502 95.9238 99.8466 102.7303 104.9695 106.7725 108.2857 109.5808 110.5570 111.3964 111.4506 117.3211 99.5157 117.7016 114.4770 107.5676 102.4470 102.3524 118.7242 118.0669 119.2864 119.3534 119.5379 119.8582 119.9367 120.2206 120.8100
114.0500 110.6595 111.5969 110.8695 108.1488 108.1541 108.3197 108.1290 107.2204 108.2345 107.3857 106.9980 107.5318 107.4620 106.0022 105.0181 104.0995 115.6950 112.7905 103.3122 116.7283 116.0304 115.3952 114.8699 113.8016 109.4410 111.8015 110.6560 109.5183 109.2621 107.9164 106.2643 104.2469 101.6275 97.9433 91.0390 85.8701 86.1149 91.9479 98.4107 101.9399 104.4777 106.4469 108.0496 109.4215 110.6509 111.6871 112.3333 114.4746 115.5450 114.7071 114.0285 117.7072 117.6530 108.9499 117.7564 118.3686 118.3772 118.8685 119.3799 119.8380 120.3185 120.5589 120.8100
101.6000 105.8295 107.2159 105.2045 106.0839 103.4261 106.0618 101.3411 99.9303 107.1898 103.4615 102.5250 103.4561 107.3061 99.1109 102.3259 103.7496 117.3841 114.2933 115.5455 117.2276 115.9207 115.3808 114.7712 114.1329 113.8599 112.5432 110.8958 110.5225 109.2225 107.8754 106.2225 104.1826 101.5210 97.7764 90.4012 85.1295 85.2626 91.2425 98.2281 101.8408 104.4189 106.4060 108.0254 109.3857 110.5536 111.5786 112.5263 113.2018 113.7838 115.0727 114.7874 116.1767 116.8894 110.0993 117.9608 118.2054 118.6366 119.1067 119.4711 119.8071 120.3161 120.3376 120.8000
110.3300 108.7572 107.5299 103.7468 107.2542 105.0312 107.2522 108.3637 105.9128 107.1148 104.5344 106.2152 102.6426 102.2001 103.4300 103.1176 103.7143 116.9076 114.2632 114.1958 116.5909 116.1000 115.4720 114.8207 113.8594 115.7511 112.8907 112.8747 110.4322 109.3844 108.0680 106.4868 104.5761 102.1830 99.0298 93.6075 89.4554 89.7010 94.7045 99.3928 102.4661 104.7997 106.6563 108.2108 109.5240 110.6802 111.6979 112.6081 113.4602 114.2517 114.8844 115.6669 116.3103 116.7478 118.1159 117.7374 118.2350 118.6424 119.0423 119.4595 119.8545 120.3274 119.2901 132.6900
112.3300 111.3294 110.6438 109.0080 108.8567 108.3865 110.3588 111.8351 109.5844 108.0850 106.3138 109.2759 107.5800 101.0828 106.4466 105.7125 102.2039 115.9888 117.3668 116.5808 116.6912 116.1306 115.5370 114.9570 114.3609 114.6642 108.1290 110.1493 109.7255 109.7612 108.4519 107.0110 105.3457 103.3891 101.0997 98.4047 96.0088 96.1895 98.7387 101.2888 103.6026 105.5305 107.1675 108.5829 109.8054 110.9007 111.8718 112.7428 113.5484 114.2926 115.0379 115.3960 115.5970 116.4260 116.9002 117.7470 118.1805 118.5921 119.1055 119.4980 119.8858 120.2465 120.7924 120.8100
101.7800 112.4147 109.6822 111.5156 110.1457 109.8586 108.8238 110.1602 111.1019 108.0581 108.4423 108.6908 113.0916 107.7860 106.9964 105.8950 105.0402 115.8671 114.6218 118.0040 116.7205 116.2329 115.6637 115.0453 113.9583 114.7321 88.0318 117.5681 110.4966 110.3693 108.9568 107.7190 106.3216 104.7571 103.1367 101.5642 100.5798 100.6421 101.7432 103.3178 104.9462 106.4752 107.8586 109.0992 110.2089 111.2216 112.1370 112.9450 113.7348 114.3763 114.9090 116.3145 119.0667 118.3593 118.7787 117.6710 118.5970 119.1527 119.1408 119.5519 119.9260 120.2744 120.6038 120.8300
101.7900 112.8349 102.3951 115.6373 108.7324 108.5752 110.4308 112.4220 111.5673 107.9110 110.0529 107.4430 106.8097 108.1305 106.5182 102.8702 113.3227 113.7782 110.7508 117.7293 116.8088 116.3758 115.8185 115.2170 114.5266 113.4683 109.6418 106.5472 112.0839 110.6490 109.5921 108.5350 107.3932 106.2001 105.0430 104.0515 103.4677 103.5062 103.6703 105.2142 106.3083 107.5062 108.6498 109.7141 110.7065 111.6173 112.4369 113.2518 113.5561 114.8439 115.9548 117.2295 99.6686 113.2025 101.8637 119.4822 118.6291 115.2336 119.4169 119.6304 119.9792 120.4014 120.7663 120.8400
112.5100 112.2384 108.9436 109.6024 108.6639 110.6508 112.5413 108.5054 109.0429 112.2664 108.1272 104.6226 111.2544 99.9643 109.1842 99.2444 116.4385 114.4357 114.5049 117.6223 117.0843 116.5289 116.0005 115.4178 114.8311 114.7680 109.5326 112.0298 111.7355 111.2128 110.2971 109.3832 108.4530 107.5249 106.6906 106.0202 105.6600 105.6922 105.7261 106.7579 107.6322 108.5542 109.4898 110.3901 111.2582 112.0615 112.8469 113.6734 113.2263 115.8429 110.1094 105.4464 116.9949 115.5180 115.6343 118.3015 118.5180 118.2971 119.3555 119.6990 120.0325 120.2305 120.2757 121.0900
112.9200 112.2893 123.9628 123.5424 114.2574 112.2485 109.6178 111.0996 100.6438 116.6366 112.1221 103.9234 106.8806 108.7514 101.8758 109.7215 113.8407 117.2642 116.7688 117.7661 117.2221 116.7427 116.2149 115.6592 115.1783 114.3747 111.6191 108.3069 112.7952 111.7873 111.0082 110.2411 109.4880 108.7659 108.1307 107.6532 107.3990 107.4104 107.7574 108.2030 108.8182 109.5688 110.3169 111.0935 111.8471 112.6071 113.1493 113.5624 119.8535 105.1594 99.4784 97.3304 112.4673 109.2033 118.6565 118.1912 118.6161 119.0405 119.4076 119.7843 120.1507 120.5124 120.8043 121.1200
123.8300 123.3041 117.8585 109.1454 109.7862 109.0525 112.3476 112.0920 112.5294 105.8243 108.8500 103.6033 102.4661 106.6876 100.3832 101.9200 107.3620 118.8930 118.2855 117.7048 117.4153 117.0102 116.4997 115.9325 115.4219 114.6934 114.6568 113.9940 112.9606 112.3829 111.7308 111.0770 110.4605 109.8811 109.3932 109.0419 108.8533 108.8695 109.0669 109.4389 109.9512 110.5093 111.1847 111.7133 112.5317 114.2869 108.9643 112.4369 113.8739 115.7864 99.0235 97.1905 116.8973 110.9513 119.1986 118.4232 118.7187 119.1553 119.4726 120.2519 120.2427 120.5847 120.9047 121.1500
118.5900 112.3924 110.8645 110.5113 109.6226 108.5096 107.6928 109.1543 99.6350 104.3172 103.5614 109.4174 106.3519 101.9296 101.3254 100.1104 100.1573 123.4022 120.6677 118.2444 117.5064 117.0010 115.4799 116.3247 115.7310 115.1558 114.6700 114.2172 113.3831 113.0091 112.4319 111.8895 111.3691 110.8999 110.5190 110.2445 110.0983 110.1112 110.2612 110.5481 110.9464 111.4572 111.7133 112.8949 108.7709 115.8098 102.2720 97.8002 94.3117 102.0603 119.9149 100.0498 109.4349 116.0959 116.6821 118.7002 119.2762 119.2065 120.2338 114.4627 120.6707 120.9507 120.7098 121.1800
118.6300 114.9964 112.6367 109.3407 106.6768 105.1688 101.7057 107.4113 107.1861 113.2287 110.4623 105.6947 102.9229 111.3279 107.1082 99.3887 101.3957 118.5058 113.1496 115.8059 117.8222 115.5450 110.5965 116.3079 116.0221 115.5970 115.7823 113.1154 114.3780 113.6209 113.1103 112.6314 112.2105 111.8294 111.5187 111.3073 111.2031 111.2017 111.3570 111.5635 111.8507 112.2742 112.7082 113.2711 93.6254 100.9191 107.8473 100.7145 98.9508 100.6488 112.3642 108.8936 119.6949 109.6877 115.2180 119.0530 118.1053 119.0694 121.3665 105.1638 109.2825 118.3614 124.8522 121.2200
117.4200 115.1671 118.0109 110.4930 110.2586 105.8704 110.2230 112.4401 111.5709 104.5391 106.6851 104.3013 101.2919 115.4497 114.0793 116.1100 122.4262 119.0297 120.1518 119.3326 118.6167 118.5073 120.4177 121.6426 115.8585 115.6611 111.8074 98.9338 116.1285 113.8224 113.8957 113.3516 113.0011 112.6846 112.4322 112.2421 112.0830 112.2154 112.1494 112.4218 112.7536 113.1727 112.9361 114.0795 96.9414 96.7054 101.8905 96.8929 97.2848 103.2119 100.9055 103.4274 113.0546 113.7824 100.7938 117.8022 113.8192 119.8126 119.9074 123.5396 104.9465 118.8649 111.1786 121.4700
118.1200 113.7387 117.5468 116.8281 110.7488 110.5838 108.7374 107.5696 108.9989 100.2965 99.1524 104.1866 104.1238 113.7101 119.0219 115.2080 113.4407 119.2673 118.9985 119.1053 105.3063 116.6988 115.6444 98.2246 103.4763 113.5372 108.2221 100.7353 113.3845 114.7488 114.4245 114.0416 113.7404 113.4736 113.2178 113.0992 114.4589 112.5767 113.1240 113.2925 112.1980 113.5715 119.6887 101.5919 100.9297 94.2700 92.0940 98.5847 107.2804 97.9879 101.5786 103.6410 102.8136 105.6111 122.0232 120.8469 120.0993 119.6681 120.0578 119.6542 121.6299 123.6014 117.4849 104.9900
117.0300 118.4706 118.4268 114.1671 105.9151 105.7046 103.5909 101.8503 105.8433 105.9335 105.9724 102.1171 100.5871 101.6556 112.6463 106.6346 103.9911 115.6445 119.4144 119.8572 109.8196 118.5064 116.8976 106.1671 106.2585 113.3153 119.9642 117.2425 116.2463 115.4872 114.9890 114.6892 114.4266 114.1950 114.0011 113.6659 116.6723 115.4637 113.7459 114.3390 107.8899 115.9126 103.1792 113.5905 106.5677 95.3093 98.8599 100.5296 103.1472 99.8616 108.3506 104.9384 103.4292 108.8224 112.5557 117.2255 119.8646 119.8763 120.3269 120.6696 120.5564 122.2952 110.9561 121.8100
118.2400 117.1672 114.0115 113.0666 105.8591 104.0780 103.1062 105.9669 109.0383 107.2826 105.8731 103.9438 103.6851 105.0459 99.0958 101.8221 113.6963 117.4125 119.6939 119.0106 119.6517 117.9620 119.1694 118.8461 120.0684 117.7312 115.8484 115.9085 116.2356 115.8706 115.5673 115.2969 115.0632 114.8725 114.7047 114.5277 114.1598 115.2574 114.7738 114.9053 100.8456 112.4101 99.7718 113.6122 116.7152 98.6776 98.2452 99.1354 102.9233 103.4722 120.1119 114.9485 113.0687 109.3117 107.5603 110.2212 111.4469 120.8885 120.5445 120.7994 121.1573 122.2427 122.9401 121.8600
119.9300 118.9479 111.1114 108.3403 112.1673 109.9589 111.3318 106.9432 109.1279 107.3111 104.3729 100.7432 119.9635 101.6674 95.7944 115.5280 121.3511 121.6883 119.5197 119.4130 119.1355 118.9172 118.3446 118.1693 118.0338 118.1243 117.4027 118.1137 116.8208 116.3129 116.1103 115.8686 115.6683 115.4957 115.3580 115.3002 115.2745 115.1407 115.5854 114.7575 104.2226 96.7308 91.8491 109.3225 115.8893 105.6759 97.2459 100.3047 102.3457 103.9846 107.9918 115.6493 119.1738 116.4904 104.3940 106.4475 113.6941 120.4599 120.7931 120.3694 121.2272 121.0439 121.6600 121.9000
113.5000 114.4196 112.1744 110.2516 113.7925 113.2570 109.6953 108.6180 108.0932 107.4269 108.2698 105.6582 111.2198 119.7701 117.5817 122.5226 107.9081 121.7821 119.5449 119.8275 119.3852 119.1072 118.8099 118.5891 118.2049 117.9260 103.3018 115.8557 117.0464 116.8660 116.6179 116.4186 116.2375 116.0838 115.9683 115.8890 115.8523 115.8575 115.9594 115.8760 117.6542 96.5475 92.4003 120.2395 113.6844 113.5886 102.1698 100.8348 103.7576 108.1620 108.0146 119.8508 118.7288 120.2840 113.7788 107.0235 110.6206 122.7140 114.8339 121.1882 121.4000 121.8178 121.9526 122.1600
111.8400 110.7986 112.1478 115.6354 112.8751 110.2835 109.3347 108.6485 109.5261 107.3313 108.6377 102.5732 101.6212 107.5790 123.6704 100.0876 121.2152 120.6524 120.1018 119.9634 119.6668 119.3885 119.1246 118.5960 120.6187 107.1530 98.3305 116.7978 117.4786 117.3227 117.1133 116.9322 116.7705 116.6407 116.5373 116.4646 116.4237 116.4312 116.4454 116.5153 117.9761 98.7452 93.5037 105.0419 111.5843 100.4941 95.7666 106.1244 108.1920 106.2491 106.1280 105.7886 117.5360 119.4560 119.7087 120.2436 119.2332 120.8694 120.1384 118.9190 114.9306 122.8039 121.3837 122.2200
124.5900 116.1753 110.2931 110.9453 110.3894 110.0223 108.7024 110.5520 107.0092 102.2860 100.9239 99.3448 112.5877 121.7261 119.1212 100.7666 123.7092 120.4118 120.4511 120.2029 119.9420 119.6776 119.4318 119.0841 120.3950 107.2434 108.4925 119.8281 117.9773 117.8033 117.5846 117.4208 117.2749 117.1592 117.0690 117.0046 116.9831 116.9474 116.9958 117.5326 116.9192 120.5994 103.7216 107.1498 101.9591 97.8849 104.2173 106.7112 107.3641 105.9382 104.8734 103.3750 114.4230 120.9996 121.0722 120.4959 120.6632 120.7874 121.4477 121.3973 115.0453 120.3765 122.0679 122.4600
124.6300 115.5799 111.4710 111.3604 110.8011 111.5724 105.0745 107.1337 104.9312 108.3548 103.0237 109.7179 124.2247 122.2940 124.1865 122.0675 120.6911 122.3941 120.3505 120.5302 120.1877 119.9908 119.6883 119.5365 119.1087 115.0322 118.2706 118.5533 118.3512 118.1968 118.0398 117.8845 117.7562 117.6521 117.5734 117.5141 117.5080 117.7359 118.7546 114.7500 115.1543 111.8422 114.2549 100.2304 98.4960 98.4329 104.4893 117.8723 108.3419 119.5683 117.3491 104.4948 103.5936 110.9343 119.3355 120.6980 120.9328 121.2940 120.9921 118.0615 116.6064 115.6457 117.1084 122.5200
124.8100 121.4707 111.4421 110.8637 107.0051 106.3976 107.7046 107.1844 103.7687 105.6941 108.5736 114.7096 107.2805 119.6118 118.4876 123.2543 120.1145 121.2604 120.7778 120.7089 120.3457 120.2395 120.1253 119.8059 119.5834 119.1952 119.2871 119.6680 118.9401 118.6213 118.4698 118.3274 118.2194 118.1226 118.0477 117.9830 117.9667 117.8386 108.7871 116.4128 121.3370 94.9537 110.2360 105.5150 99.1393 99.0751 105.0102 120.6044 108.5413 103.2529 105.7498 105.8506 108.2873 106.3057 108.1799 122.3693 120.8239 121.3959 121.6046 116.8756 118.8466 119.1344 112.2760 122.7600
124.8600 118.0711 110.4416 104.7561 115.9128 108.4698 103.3703 100.6941 104.7523 106.6025 100.4219 102.0430 120.2909 120.8386 112.9524 104.3721 120.8175 121.3565 121.3953 121.0111 120.3926 116.0024 121.0914 119.8781 120.0976 119.7678 114.4763 113.0117 118.3753 119.1200 118.8839 118.7402 118.6490 118.5687 118.5196 118.5234 118.5675 118.5225 113.5561 117.8018 109.0399 96.7359 102.5903 104.5871 104.4282 105.2493 97.6306 111.1689 119.4821 104.5024 107.2797 98.4068 106.9430 110.8619 110.9140 118.6426 121.8198 121.6314 121.9595 122.3059 122.1451 123.8424 105.4546 116.9500
119.4700 116.9276 114.6097 109.9759 112.2886 110.4409 105.0784 110.3623 108.7319 102.2704 101.6178 102.4249 121.6727 114.6715 119.1615 126.0369 123.2082 121.6099 121.4179 121.1608 121.4997 115.4976 119.9853 120.4463 120.4135 119.0437 118.8059 111.9789 121.1269 120.3114 119.1462 119.2198 119.0817 118.9770 118.8575 118.5163 118.4397 119.1258 111.8443 114.9176 121.4920 101.1583 99.2551 98.8453 104.7980 108.1652 102.1370 103.6200 120.7697 104.7374 107.8594 107.9791 107.7709 114.9844 112.4174 111.6351 118.3339 122.9116 122.2959 122.7062 122.2224 124.1197 112.2046 117.1100
119.4700 117.2347 110.3712 111.5940 110.0302 109.5482 111.7825 106.9444 101.7560 104.4077 103.5092 103.1080 102.8227 111.4036 103.9977 121.7856 121.8505 121.8870 122.0693 121.2778 126.9497 122.8244 121.0105 120.5338 120.3860 122.5781 118.0546 96.0915 121.4988 119.9300 120.3433 119.2909 119.4468 119.4505 119.5512 121.0854 121.2068 119.2993 116.3935 111.4037 112.8631 100.7046 101.0552 100.9731 103.0289 100.9704 107.5968 109.6821 103.8695 117.3699 109.5634 108.2852 115.6915 122.0535 111.6411 113.1810 112.7842 123.0137 122.1248 119.4842 122.4522 119.3398 103.1865 104.3800
119.5700 111.9698 112.3017 109.8036 114.8985 109.5840 110.4381 107.9746 107.2555 104.8467 101.8416 101.7100 110.7353 124.4432 118.6589 124.0076 122.2686 121.7642 119.4789 122.1738 119.1689 120.1875 117.1227 119.1352 121.8844 105.4827 100.1497 100.2869 113.7073 112.0530 116.4679 119.5890 119.7346 118.3386 116.4773 103.2874 111.1784 120.1669 108.5488 98.8791 97.6205 99.2297 102.5482 104.6145 98.9365 122.0222 122.3202 120.3443 122.0376 117.8146 109.1147 108.7384 115.9179 121.4989 116.8345 112.8944 114.2379 116.0593 122.2114 123.0735 123.3278 110.4767 119.6724 103.5700
120.1200 112.5671 115.0558 114.4197 112.3009 109.5302 109.4342 107.6811 109.3352 104.3782 101.6738 100.4197 113.8154 121.3209 104.5804 121.7657 108.0149 121.9766 118.1268 122.3550 121.5340 116.6067 118.3558 116.6545 123.1038 105.4754 98.2768 95.7872 125.4748 105.0901 111.2684 119.9573 118.2381 120.2156 104.5816 98.1414 111.1797 119.8358 106.8554 97.9844 102.6679 100.6357 104.1233 101.6283 103.9128 105.5037 119.6123 116.6415 116.9970 115.1654 110.6281 119.9907 123.5779 121.4850 120.3044 113.3832 113.6050 116.0920 122.7466 108.8136 121.6019 111.9877 119.3734 103.9900
113.4900 117.4007 116.6637 111.8576 109.6196 109.3562 112.1656 113.6502 104.9237 101.9047 100.9931 106.7146 124.0010 113.9201 118.0826 122.6944 119.6132 121.5756 122.1973 122.1938 122.1837 120.6845 124.6126 120.1046 121.5619 110.4108 116.9748 97.5998 116.7696 98.2753 103.7029 114.6773 114.7504 112.7194 100.6566 100.1676 99.2086 103.9941 108.1540 98.3610 103.9292 100.4284 106.0483 102.3226 106.8406 104.6758 119.5672 112.9833 124.3663 115.6019 110.9630 122.3858 121.8245 121.4813 119.5879 121.1731 113.2381 114.3064 114.9114 109.6947 125.3703 122.0462 124.5858 123.6600
115.1200 118.3477 111.6579 110.3513 109.4968 109.7523 113.8098 106.5519 102.6154 103.3122 102.8561 101.4229 110.6266 107.0195 125.6977 122.8880 122.5794 124.1494 122.6317 122.2973 122.2776 123.3421 118.3673 118.5736 121.6465 122.0534 122.9107 121.1236 123.7299 108.9338 107.1235 100.4365 109.0711 104.9076 98.1006 98.8177 97.6131 98.0561 99.9822 99.6087 107.8544 118.5482 104.0758 105.2969 106.8658 106.4362 99.3842 120.1485 112.6680 106.9166 122.9824 123.5888 122.0272 123.3665 109.3630 120.7077 122.6468 123.5165 115.5218 116.5098 119.2556 124.0387 123.6370 123.9000
115.6300 111.3985 110.7940 110.0543 110.7772 110.0858 109.2550 107.7460 104.3639 102.2248 105.6646 102.9736 103.4902 104.7756 115.2630 126.8527 117.2062 105.5028 111.8915 123.4724 122.3389 121.8353 122.2678 122.3213 121.4521 122.0238 121.5955 121.5991 121.0816 111.0042 119.1860 97.2581 111.5129 108.5963 102.1181 97.9704 113.5378 119.6942 98.8975 100.4092 108.0167 122.7976 104.7601 107.0406 106.4835 106.0326 108.1871 123.9419 98.0046 102.7475 101.7934 120.3200 122.3433 122.7955 121.4388 123.7186 122.8855 120.7367 115.2121 116.7979 114.9491 123.2627 123.9647 124.1100
111.3800 111.0711 111.1887 112.5508 114.0413 108.2377 107.0205 107.4310 105.1033 102.1136 102.0147 104.7422 116.9730 113.0481 106.2368 122.9418 110.9222 116.7824 119.7674 122.9293 122.6873 123.2945 120.2988 121.1346 122.2398 122.0538 121.8437 121.7279 122.6920 109.1276 117.0700 97.8100 120.1427 123.9897 106.7310 106.7138 122.9404 121.3012 120.4307 100.7051 108.7107 122.6517 106.4756 107.6098 107.0587 106.7204 122.9520 120.3861 108.5617 102.5088 121.0532 121.1679 122.8067 122.7755 122.8600 122.9579 123.1927 123.6923 120.3349 118.3117 124.8407 124.3084 122.5948 124.1600
112.0600 112.2688 113.4961 113.1993 108.9205 108.8636 108.3641 106.4480 103.6153 102.3547 102.5784 101.4075 120.2721 121.9270 107.1212 125.1026 122.7762 102.0215 123.3864 122.4549 122.9488 117.6417 125.5216 122.8925 122.9034 122.4269 123.1503 120.8234 121.4220 100.5862 111.3211 99.4304 119.9473 121.5346 124.5766 122.7681 121.8224 122.2040 109.7124 111.4998 113.6338 123.0204 104.2008 107.9476 106.9889 110.5251 122.6851 115.0306 117.3502 101.2600 119.9568 123.1524 122.8365 123.0086 123.1611 123.2549 123.3907 123.5591 124.3195 124.4862 123.8405 123.4630 118.9262 124.3700
115.6300 116.7538 113.7441 108.6758 109.2602 109.1189 110.9012 109.3339 102.7663 102.6188 103.4645 108.5696 127.5601 123.7645 118.2366 112.2006 124.8621 123.4768 128.6084 123.4548 125.1752 104.0452 104.3788 118.2025 119.8315 116.8682 108.6278 118.9827 117.4302 106.0099 102.4474 99.4152 119.4205 122.7256 121.7658 121.7859 122.1337 121.8513 118.1560 122.5638 122.8536 123.2171 104.3207 106.0401 108.9591 117.1284 113.8245 123.0527 123.5597 122.8103 123.7067 122.5761 123.1140 123.2386 123.3331 123.6280 124.7181 123.7914 123.9047 124.0310 124.1351 124.8780 124.7133 124.6300
115.6700 110.7710 108.8524 110.0095 109.2910 110.2221 102.1757 103.0570 103.6855 103.1854 106.9795 118.5576 124.9629 122.6183 125.2456 110.6072 111.6535 123.2394 118.7076 105.6394 115.1493 103.9073 104.0664 104.2693 100.5456 105.2040 107.3630 121.1756 106.5295 115.1790 111.8330 110.2353 118.5146 117.5496 122.4667 123.1441 121.4673 123.4992 122.9283 124.3093 122.5084 123.4400 100.0758 109.0988 110.2850 115.9721 114.2745 121.4888 122.7120 122.9595 122.8671 123.3967 123.3232 123.4335 123.7567 118.4145 121.1109 123.7630 124.1159 124.2306 124.3274 124.5133 124.4450 124.8300
110.7400 110.9363 111.2349 110.4922 108.5873 107.2723 104.7058 104.4373 104.8776 110.4364 115.0069 107.5591 124.8052 125.4210 118.9659 128.4959 123.2717 130.2128 113.8956 120.7746 102.0961 113.3943 106.9481 103.1312 102.5713 121.0664 103.9063 110.8085 99.6933 106.1833 104.3311 118.7875 122.6994 129.0562 122.8328 117.2203 118.6226 116.9775 122.4194 112.9809 116.9543 108.7043 101.7013 111.6040 109.0529 112.4808 123.4284 121.0192 123.2252 123.2813 123.4188 123.4351 123.5650 123.5452 123.5035 116.1251 115.5241 124.2605 124.2739 124.4324 124.4699 124.8539 125.5047 124.8300
112.0800 111.8290 110.9011 110.9110 108.9653 105.7868 113.2829 107.4688 103.6506 108.4639 115.1944 116.1641 124.5278 124.0251 103.7391 124.2076 123.6461 129.4004 111.8577 111.0745 115.8887 102.9803 100.6756 102.5732 109.6162 113.4428 117.1039 108.8811 111.1597 110.0621 104.9039 123.7669 122.4635 122.8666 123.6153 116.7238 116.7726 118.3563 114.6504 115.4904 105.7522 117.3572 114.4533 115.5608 110.8055 119.6922 123.3692 123.4361 123.3389 123.4934 123.5746 123.6895 123.7885 123.9816 123.9252 124.5288 125.7391 124.1588 124.5535 124.5315 125.0159 124.5559 122.3432 125.0700
112.3600 112.0493 111.0533 107.5044 105.1932 103.0702 120.0619 110.4695 118.4585 104.7839 112.8715 128.2094 124.8746 129.7826 126.0719 124.5108 122.2884 116.8235 106.2649 108.9846 116.9341 115.1152 103.1149 108.7195 107.2304 116.5847 106.4822 99.1061 113.2251 119.6951 121.3282 123.2522 123.3542 123.0927 122.4433 106.5521 101.6280 108.5064 102.0746 122.6127 103.6858 99.2712 111.1254 117.4368 111.2926 110.4632 123.5761 123.3916 123.6544 123.7303 123.8076 123.9009 124.0023 124.0939 124.2173 124.2304 124.1938 124.5686 124.6826 124.7493 125.2238 119.0746 128.5601 125.2700
112.3600 111.5414 110.0763 106.3396 110.8407 108.2672 128.2107 107.9174 105.4973 116.4145 111.4733 104.1967 120.6550 125.4691 102.4011 126.0548 126.7221 112.3938 101.7355 108.5037 127.1529 105.6500 101.9629 120.1141 121.4263 120.0601 104.8544 103.5272 111.4016 113.7113 123.3263 124.0821 123.3023 125.1535 106.3225 119.9401 103.0756 99.9498 113.3083 123.1469 124.3273 104.9753 117.2819 123.2500 122.2256 111.3932 124.0712 123.7333 123.8900 123.9710 124.0555 124.1143 124.2141 124.3119 124.4162 124.5249 124.6533 124.7384 124.8295 124.7834 124.8432 120.6136 105.6582 103.4500
112.2000 109.0575 122.6275 124.3971 124.7902 109.8524 121.3293 116.9846 117.0016 123.0920 122.8235 112.2504 113.0761 106.9434 123.7464 122.5481 112.9295 124.6117 114.1709 113.1008 129.4638 102.0931 112.9783 113.9440 102.2615 103.5703 107.9552 117.5302 111.3561 108.2298 113.5270 124.4243 123.6927 116.1199 117.0696 119.9341 99.1803 107.2062 112.5811 123.6519 118.1147 99.6669 126.8178 123.3320 120.7411 110.9958 119.6446 123.9944 123.9788 124.0766 124.0023 124.3453 124.4183 124.5118 124.6122 124.7084 124.8177 124.9024 124.9463 126.5553 125.2269 125.4651 123.4617 103.4900
112.4000 124.8412 123.1152 126.2299 117.4942 124.5268 122.5947 116.3497 114.5720 114.7372 103.8674 107.1035 105.3303 109.7919 130.0760 121.4776 119.5443 109.9777 116.5882 109.8282 115.1410 109.4030 107.0090 116.4869 102.2497 111.7529 107.8084 115.0511 122.6523 122.2147 124.2381 124.1357 123.8433 124.5355 123.8939 123.6030 125.9462 103.3298 125.9734 124.0563 119.2147 107.9108 126.1841 123.6544 123.6652 122.2546 125.0970 124.3342 124.6946 124.7174 126.2751 124.1236 124.6008 124.7364 124.8001 124.9000 124.9983 125.0953 125.6111 125.6806 125.6387 121.1009 120.9990 103.6600
108.7900 128.2433 123.3722 127.0325 125.0605 123.5710 122.7228 124.9428 116.8723 108.4334 111.2119 104.3986 113.9564 105.3291 122.2770 127.2529 127.0141 124.0664 117.2665 107.6456 106.0659 103.8022 101.5541 111.5109 117.0666 112.3143 117.2129 115.9666 114.8250 124.6154 124.2059 124.2373 124.0368 124.0058 124.0748 123.8201 125.4140 107.4654 112.9697 117.5509 117.7692 106.3449 115.7125 124.5771 125.9461 124.4769 124.5708 124.1009 123.7943 114.4780 110.5224 126.7366 124.8288 124.9089 125.0006 125.0913 125.1838 125.2850 125.3835 125.3852 126.3482 121.1889 110.5743 107.7400
119.5900 126.7620 126.8355 126.6846 124.1598 114.3423 127.2033 125.8602 107.3993 117.0291 111.7918 110.2155 114.3729 116.5394 117.7327 119.9427 118.1289 118.9041 120.8455 121.0353 107.8341 103.8005 102.4592 104.7934 111.4936 108.4311 117.6916 116.9621 123.5578 124.4033 124.5117 124.4577 124.5144 124.4775 124.4036 124.2558 125.8157 107.9524 114.4757 105.2071 121.9863 109.5477 112.8144 121.1880 116.8154 112.6302 124.7818 124.1770 125.0694 125.9872 116.3311 120.3765 125.0767 125.1166 125.1925 125.2764 125.3678 125.4735 125.5042 125.6814 126.0227 124.4593 112.0949 104.0400
120.6800 126.5290 126.9044 127.0017 126.9237 124.9746 126.6174 121.9813 107.4034 115.6757 117.0313 118.3290 116.9908 124.2122 117.9263 116.3090 115.3118 120.7961 108.2718 120.4024 109.7191 103.6473 102.4796 113.0904 110.4627 111.9205 118.5660 120.8826 125.2012 124.9493 124.5749 124.6803 124.5294 124.6184 124.5795 124.4086 126.3945 110.3863 105.0658 105.5912 122.5985 112.8259 125.0820 127.1140 114.9372 117.6412 127.5842 119.2937 126.7328 125.0594 113.4899 126.1249 125.3802 125.2975 125.3922 125.4567 125.5416 125.5863 126.0897 125.3533 126.1200 122.8639 124.4335 104.0800
127.2900 128.8019 127.1834 127.0770 126.9782 126.8341 127.0042 126.3303 126.2636 116.9092 114.0175 116.3483 112.0281 103.0899 108.2154 99.6235 105.0274 110.5283 115.2836 113.8331 111.3894 103.6697 104.0182 111.5533 112.1975 116.6390 118.3630 110.9544 116.8054 126.3137 125.4870 124.3166 125.1037 124.7583 124.7503 124.7285 124.8385 126.2632 122.2457 102.3364 119.4123 122.0905 124.9660 124.5995 126.3879 125.5687 125.5469 120.7529 132.0356 127.3325 112.9037 126.5661 125.3329 125.5621 125.4456 125.7401 125.7343 125.7780 125.7819 117.8845 125.8990 114.0988 110.1547 110.1500
130.0500 127.3300 127.2300 127.1400 127.0400 126.9500 126.8400 126.7600 126.6400 113.4400 120.2800 120.2800 113.4600 123.8400 123.8400 104.0300 123.4200 103.7900 105.1500 112.1800 103.6200 103.6200 117.8600 113.6200 112.1000 118.7500 118.7500 116.7800 103.1900 125.2900 125.0500 104.4800 123.1200 124.9100 124.9300 124.9400 124.9400 124.9400 124.9400 102.9300 124.9200 125.0800 125.0800 125.0500 125.0300 125.1800 125.1600 125.3000 125.2700 125.4000 125.3800 125.4900 125.4900 125.6000 124.2200 125.8200 125.8200 125.9200 126.0200 115.6200 122.6400 122.6400 106.0200 106.0200
