127.9400 122.1300 122.1600 124.7300 124.7300 126.1100 126.4800 112.4600 112.6000 112.6000 112.2000 119.4100 119.4100 124.8100 112.7100 108.7100 108.7100 117.2000 119.2400 119.5200 122.4800 121.7800 104.0500 111.8100 112.5800 109.8600 114.6800 109.8100 111.8600 109.9100 109.6600 107.3700 112.9300 111.3800 109.2300 125.6800 125.8300 125.8300 125.8200 125.8000 119.0700 124.6500 125.9100 125.8900 126.0300 126.0000 126.1300 126.1100 126.2200 126.3400 126.3100 126.4500 122.1600 126.5200 126.6200 126.7500 126.8400 126.8200 126.9400 127.0200 128.8600 127.2200 127.3000 127.3000
127.9400 129.5820 123.5723 126.4305 124.8921 125.6110 126.1200 115.3385 112.5057 115.3810 118.4712 114.9089 118.4549 119.5917 118.3473 104.3518 111.8668 119.7970 120.0027 120.3085 109.0294 121.9477 111.5865 114.2652 111.1865 111.7283 110.8548 104.2500 105.4141 108.1642 110.2385 110.3687 118.6285 117.1633 116.1264 122.3586 109.0882 104.7449 107.9423 122.7701 120.7123 125.0927 125.8227 125.8435 125.9194 125.6308 126.0914 124.6996 126.2508 126.2912 127.0021 124.4963 111.0038 126.1127 126.4638 126.6324 127.0497 118.6069 126.7912 126.7615 126.3156 127.0629 127.2096 127.3000
129.3300 128.9286 121.4461 122.6270 126.3523 123.8151 126.1667 119.8972 113.8204 108.5760 118.5987 109.4527 117.7958 116.7287 121.5110 117.6955 116.1586 114.2979 100.7918 108.1187 121.4950 130.8299 100.2836 111.9198 111.0195 113.9727 104.5761 104.6561 107.3004 113.7639 109.1261 103.2493 126.0396 123.5195 124.2911 103.4578 111.7530 108.8832 123.4018 126.9386 121.7259 125.7176 125.6304 125.6591 125.7281 125.4817 123.4391 128.7300 125.6222 125.3418 126.3865 107.2444 123.1453 127.6608 126.3702 126.3155 126.4424 127.0155 127.2493 126.8532 126.6187 126.9615 126.9362 127.1100
129.4700 126.7244 121.9560 122.6150 124.6934 118.7551 120.3766 123.4469 118.6394 109.4582 114.5820 118.5126 116.8023 119.7660 115.8147 120.7593 115.7706 116.3385 110.1651 102.1028 113.1653 106.7050 107.1799 110.7645 112.0304 114.3743 110.7571 118.5859 108.3992 108.9901 106.5541 112.8781 121.7752 120.4780 124.7978 105.2508 125.0441 119.4829 116.2460 124.6498 122.7049 125.5164 125.4574 125.4672 125.5364 125.4518 125.6802 125.4571 126.9330 127.3969 122.5595 108.7272 123.9108 126.3500 126.3115 126.8839 127.2256 126.3799 126.1059 126.4759 126.4024 130.1839 127.8670 126.9700
129.1600 127.3988 109.8488 116.9864 120.5309 120.5207 119.8389 127.0454 117.8563 112.0803 108.2553 120.3834 111.3809 118.1391 116.1110 114.5677 115.8125 114.7312 111.5097 103.7692 120.4809 112.7595 111.1047 103.6700 112.2654 111.9793 107.3325 109.2703 104.9280 113.1051 107.6153 121.6738 126.3158 125.2524 127.0690 117.9688 124.2899 125.8473 125.4526 125.2746 125.3612 125.1794 125.2296 125.2694 125.3311 125.4262 125.6940 114.9187 127.3366 113.5274 105.2573 115.1336 126.6701 125.8083 125.9677 120.2961 121.8366 126.5243 126.6500 126.9699 114.4480 122.6737 107.3426 104.8000
126.9900 125.6695 121.0585 121.5937 120.6346 110.3814 119.0337 118.5899 118.2681 118.6956 111.5806 114.9745 119.4285 112.1272 116.8533 114.7690 115.1547 115.2887 116.8987 112.1612 107.4859 114.9883 115.0283 120.6862 112.2250 108.6133 102.8915 101.2875 113.8100 103.5468 104.3304 117.0464 124.0275 124.6878 113.5530 125.9176 124.3690 124.5837 124.8161 124.8603 124.9133 124.9693 125.0188 125.0710 125.1190 125.2145 125.6878 124.9179 124.2133 101.7988 108.5030 110.9345 125.7169 125.8965 125.3101 124.5141 106.1859 125.0031 110.0184 132.4056 119.4049 125.6448 104.9406 126.6200
126.8000 128.6054 106.1429 119.8059 121.6109 120.8389 118.8415 117.8209 117.8932 118.5671 115.3550 111.4033 120.3778 111.8858 114.9113 115.1220 114.2958 114.5805 115.8134 118.8187 105.6576 103.6390 118.8032 105.0306 116.1933 106.6796 105.0536 102.4414 101.8185 112.8119 119.6339 123.8763 123.1367 124.7576 120.7805 124.7124 124.6435 124.6692 124.6659 124.6863 124.7297 124.7714 124.8146 124.8616 124.9271 125.0248 125.0220 124.9288 121.6959 106.9863 109.3156 124.3209 126.2860 124.8435 126.1365 120.6563 119.0918 124.8149 117.9871 119.6885 113.9613 117.7332 127.3851 126.5900
126.6300 124.6019 122.3253 115.8384 116.6093 121.4631 119.0828 117.9333 118.0485 118.0349 118.1840 106.2407 106.8454 116.6180 109.3918 117.5408 115.3462 112.9277 115.8951 111.2134 103.0426 116.2054 110.0991 108.0102 111.8969 109.1261 107.1785 101.8532 103.6400 100.6575 126.7264 122.2627 124.5476 124.4396 124.6744 124.3826 124.3625 124.3940 124.4332 124.4665 124.5064 124.5562 124.6008 124.6560 124.6993 124.7841 124.8854 125.4488 115.9845 108.0949 104.1263 125.9354 124.9588 125.9714 123.1683 110.8573 125.3882 126.3846 125.9873 126.9302 126.6362 125.0100 126.2900 126.4400
126.5400 121.9215 122.4418 108.1069 111.4708 116.6846 120.9093 118.5785 119.5597 117.1022 116.8158 111.7882 103.7120 113.7009 104.7269 113.2033 116.3723 113.8006 112.3595 113.7288 106.0228 110.1201 108.9296 104.7294 103.3382 106.2165 107.9381 109.1587 111.7178 119.8843 123.3442 123.9077 124.1789 124.1509 124.1129 124.1230 124.1577 124.1744 124.2056 124.2416 124.2827 124.3343 124.3834 124.4450 124.5042 124.6048 124.6889 126.0334 117.7418 117.7471 126.4289 125.5123 126.2180 126.2313 111.9085 115.8848 125.6685 125.3039 125.8190 125.6119 126.7720 121.3987 125.1975 126.2700
126.5400 126.6977 123.0869 112.9225 111.4932 111.0428 120.3371 120.3987 119.1558 118.6933 117.0183 111.1945 101.1717 109.0232 115.3235 114.4318 116.8957 115.7774 113.9751 111.3516 117.6338 107.8563 103.2499 123.1213 114.1054 102.0468 125.6637 118.5365 122.6069 124.1103 123.9265 123.7967 123.8652 123.8603 123.8633 123.8988 123.9174 123.9435 123.9703 124.0164 124.0591 124.1117 124.1623 124.2241 124.2851 124.4052 125.3661 127.0047 121.5818 120.9542 124.9937 120.3032 124.4115 109.6239 122.9363 122.9899 124.6733 125.7419 125.5934 125.7585 125.8200 124.9262 122.8180 126.2100
126.3600 120.2430 120.2515 121.7318 121.3142 109.8428 112.7305 122.1557 120.8700 118.2956 120.9731 119.4552 112.9251 104.7843 112.8887 106.7493 111.5144 113.5148 112.5065 107.5932 119.5207 103.2980 117.3058 114.1259 106.6495 102.4263 124.9477 122.2097 123.5464 123.6122 123.7068 123.6906 123.6032 123.6616 123.8298 123.6591 123.6821 123.6984 123.7412 123.7864 123.8231 123.8736 123.9341 123.9968 124.0674 124.2263 124.0945 124.0774 124.8468 124.6163 124.7556 115.0273 128.4413 121.2579 123.5274 121.3848 116.3993 125.2864 125.3331 125.5604 125.6349 131.2337 108.8101 126.0600
124.6000 120.1755 119.8064 106.4096 109.6744 104.9123 108.8107 118.6503 119.0337 119.9990 119.2947 117.9499 113.8297 102.3040 116.0810 112.3327 113.1467 113.0668 114.9834 120.6241 113.9779 111.2445 112.1009 121.1550 113.1235 122.3288 124.4081 123.5759 123.6776 123.3831 123.3912 123.3874 123.4476 123.1046 122.0087 123.3854 123.4331 123.4630 123.4871 123.4802 123.5904 123.6417 123.7075 123.7730 123.8456 123.9028 124.0351 124.1325 124.1323 123.9834 124.6642 127.6901 108.7917 122.1036 121.8642 115.2003 121.2674 125.4301 125.3021 125.5105 125.0084 126.9441 120.9970 103.8900
124.6000 125.4314 121.7627 108.8840 114.7326 100.2093 100.4224 109.5318 119.4850 116.3097 119.1103 114.1392 115.6460 112.0307 116.0786 105.2779 105.0221 111.7945 117.9324 120.7552 110.8331 100.2460 131.7351 122.5943 124.3547 123.6097 122.9071 122.9232 123.0914 123.1975 123.1559 123.1463 122.9723 121.6271 123.8251 123.0368 123.1877 123.1928 123.3305 123.6981 123.2424 123.3950 123.4656 123.5374 123.6074 123.6999 123.7769 123.8716 123.9745 124.1307 124.0260 124.7275 109.6464 123.3622 125.3152 123.5101 125.0321 124.9823 125.1234 125.2129 125.4831 125.4832 122.0206 103.8900
108.9700 114.0817 122.4586 118.5211 113.8018 107.2686 120.6505 108.0501 115.0013 111.9723 112.5424 114.0862 113.5472 111.2358 107.8173 107.4070 107.8273 101.7321 116.8451 110.6101 107.1384 107.1954 124.7742 122.8516 122.7550 123.0904 123.1906 123.9076 123.1509 122.8853 122.9004 122.8767 122.8950 123.6475 121.5810 122.9530 122.8398 122.7621 125.7210 121.7356 122.9660 123.1610 123.2178 123.2956 123.3750 123.4564 123.5545 123.6435 123.7592 123.8309 124.0155 124.3941 123.8507 123.7850 119.0015 130.0787 124.5746 124.7746 124.9395 125.1310 124.7489 125.3865 123.5465 108.1600
103.6500 115.9249 124.3490 117.2282 113.7780 116.5591 101.9627 109.1786 109.8211 106.0912 117.1300 115.1353 113.6577 111.3580 120.0128 104.9288 102.7537 101.3963 109.9579 122.9555 100.5177 103.6689 124.0124 122.8912 122.6846 122.8645 122.7151 121.4156 112.1337 123.6313 122.5715 122.6010 122.5476 121.0221 122.5322 122.5422 122.6169 122.6576 122.6638 123.5640 122.3704 122.9155 122.9639 123.0515 123.1258 123.2200 123.3197 123.4234 123.5289 123.6560 123.7581 123.8573 124.1476 124.1316 124.4755 123.4073 124.1938 124.6498 124.7782 124.9229 124.8398 131.5441 125.1310 125.4200
103.6500 126.1290 125.4352 119.1838 117.0687 118.1813 101.2522 102.6293 114.7276 110.3514 115.1281 122.4726 114.0629 114.8779 114.1465 110.4087 101.6366 102.3165 117.3487 121.0988 115.1384 113.2548 104.6758 118.5318 122.6435 122.6354 122.9024 122.2487 123.0934 122.9894 122.3264 122.3081 122.2987 122.5363 122.2965 122.3474 122.3391 122.3825 122.7980 122.3916 122.5604 122.6649 122.7169 122.7859 122.8775 122.9844 123.0834 123.1884 123.2990 123.5786 122.7119 123.4149 123.5113 123.9953 123.9947 124.2221 124.3278 124.4724 124.6090 124.7834 124.5780 126.4588 125.0470 125.2400
123.8200 125.5943 125.3128 116.3336 117.0540 117.7261 118.8693 112.5354 113.6300 111.2144 110.2049 103.2161 116.3794 116.9402 108.8200 115.0650 98.5965 100.7986 112.8977 107.5945 112.7439 116.9212 116.7624 122.8995 122.2052 122.4430 117.8512 123.3560 121.8779 121.8970 122.0397 122.0177 122.0150 121.9766 122.0263 122.0425 122.0591 122.1416 122.0792 121.8742 122.6052 122.2357 122.4422 122.5509 122.6325 122.7323 122.8187 122.9739 123.0794 123.1708 123.8059 118.6679 124.0774 123.7495 123.8919 124.0045 124.1477 124.2901 124.4436 124.5828 124.7485 124.8918 124.9384 125.0200
125.2100 125.5083 121.3767 111.5671 118.3272 117.9636 119.0133 115.2662 109.5253 113.4066 108.4250 114.2883 121.6576 120.0711 114.9662 112.3499 112.2671 99.7797 107.1311 107.7064 106.8106 120.9005 123.1956 121.7507 121.9310 123.5125 108.8283 116.8048 121.9944 121.8269 121.7462 121.7284 121.7141 121.7166 121.7234 121.7449 121.8230 121.6710 121.9779 123.6665 118.9613 122.4036 122.1577 122.1596 122.3675 122.4559 122.7175 122.5705 122.8440 122.8793 123.5694 116.8224 124.8201 123.3138 123.6914 123.8283 123.9650 124.1161 124.2615 124.4198 124.5654 124.7279 124.8705 124.9900
125.1900 124.8318 123.0443 112.2143 115.4086 114.4624 118.8950 114.6327 118.9322 115.7602 112.1930 108.2744 112.6912 111.8014 105.8734 113.3487 119.0381 99.7593 102.6341 107.8324 108.9411 118.3488 122.9615 125.1119 121.3202 122.7974 102.5424 120.6822 121.2930 121.5363 121.4602 121.3996 121.3993 121.3964 121.4083 121.4322 121.3275 122.1908 109.9595 119.6572 118.7120 121.3620 122.0205 122.2857 122.1593 122.3901 121.7478 123.3652 122.4151 122.7286 122.7519 122.9422 122.8442 121.9855 123.9189 123.5825 123.7881 123.9347 124.0970 124.2532 124.4151 124.5677 124.7316 124.8000
118.4900 119.1049 116.0230 114.6611 112.8284 103.7929 117.1942 115.7184 111.9364 116.5542 113.6971 104.2600 104.1487 117.3350 102.0466 109.5687 119.9103 110.4429 97.7642 112.4437 115.8631 122.1139 120.3973 121.4258 122.1063 120.5729 106.8685 118.8145 121.9608 120.8239 121.0107 121.0917 120.9824 121.0111 121.0803 121.1392 120.9453 119.4865 106.6236 118.1821 122.1096 121.9501 116.8580 119.2238 121.2426 120.8960 122.6525 111.8724 122.6749 122.8892 122.7782 122.9548 123.1916 118.0136 123.3435 123.4054 123.6003 123.7561 123.9251 124.0900 124.2493 124.4266 124.5924 124.7500
119.0300 119.3215 117.0189 115.2642 113.8255 111.7349 109.1103 112.8244 111.0144 113.3083 113.8860 107.1054 105.6092 102.2317 122.0437 113.4860 105.4168 107.0915 98.3845 109.8595 122.7984 121.9750 116.9453 121.9941 117.2010 103.0502 106.2927 102.9238 119.6082 121.5012 120.7369 120.8773 121.4428 121.3391 120.8967 120.8423 120.3498 120.9542 110.3072 114.1232 121.7281 114.6189 117.1159 115.8944 109.7991 108.6469 122.9046 108.2087 113.6451 105.2865 122.3989 116.6010 118.7659 120.5835 123.0825 123.1577 123.4115 123.5782 123.7456 123.9234 124.0824 124.2543 124.0537 124.5500
116.7700 117.3928 118.6478 114.9306 115.0825 112.9742 111.6936 111.5014 109.8434 115.6485 110.0892 117.1769 111.6546 98.0188 105.6050 104.7114 98.7039 109.6896 113.7453 101.7175 120.6302 120.8942 123.4225 118.0596 120.5526 107.1277 107.8913 119.7113 122.4347 121.7978 105.8380 122.2993 115.3792 116.6879 120.9180 120.4146 120.8792 112.1557 119.5214 123.3211 123.4531 117.8181 114.7624 108.3378 112.4813 107.4329 118.7540 112.6869 107.6904 103.5879 116.9940 121.0881 115.7192 115.7184 122.3390 123.1053 123.2111 123.3781 123.5698 123.7556 123.9246 124.1791 123.6577 124.5000
120.5200 115.3965 113.5801 110.7187 113.9109 112.5626 113.4588 112.4481 114.2711 114.5909 112.6070 116.5935 112.2155 100.2472 101.2779 106.0759 103.1282 126.2174 102.3837 99.1922 121.7727 121.4452 112.5927 101.9691 99.9810 97.8592 118.1144 105.7636 118.6177 119.8597 120.6183 123.2165 105.6439 107.4525 121.3701 120.1481 120.0009 116.0866 122.8719 118.0070 108.8418 121.1010 111.5272 109.1696 110.5194 104.0381 99.3104 103.2714 116.2950 118.1558 118.8979 119.5142 116.6865 119.3860 122.6493 122.8746 123.1232 123.2060 123.3954 123.5843 123.7707 123.9465 124.1648 124.2400
102.4700 105.8806 110.9950 104.9431 113.5889 111.9667 111.3968 111.9321 106.8068 109.5763 113.6183 110.8069 111.7790 107.8631 101.6457 99.5450 99.4833 104.8827 111.8485 116.1816 113.2086 118.7491 104.0220 112.6571 106.0481 108.5721 105.4796 105.3801 119.3378 119.9523 116.8105 120.8297 104.5390 107.1556 117.7929 119.7394 119.6718 120.6604 119.7645 118.5568 98.2360 109.8569 114.7355 109.3066 104.7344 100.5290 117.0627 114.7268 117.4439 116.3548 117.6921 116.3346 121.1615 123.1445 122.7786 122.6313 121.9334 122.3754 123.2632 123.4203 123.6130 123.7905 123.9783 124.2400
118.4500 113.4929 104.0794 116.4583 112.3310 113.0015 114.5240 110.7834 108.6373 106.3847 108.3586 109.7153 114.6894 120.1048 99.9263 108.0449 106.1492 107.8742 113.7774 120.4475 113.7604 122.0478 119.7371 114.2699 114.7755 112.0646 115.7838 107.9240 119.3377 119.1956 119.6956 119.6416 114.9401 112.8617 118.9637 119.1557 119.5198 119.4064 110.2530 119.8098 112.6808 105.9041 114.9516 116.5245 112.8217 115.9137 120.4262 121.8068 120.9311 118.3633 121.4084 119.9572 121.2493 122.0037 122.2253 122.2808 126.9955 123.0090 123.0014 123.2741 123.4506 123.6486 123.8456 123.9800
110.6100 114.9595 112.9074 109.3269 110.4402 113.0222 111.3365 114.7974 102.2678 103.3921 110.4205 107.4170 105.5679 98.0778 106.0562 107.9877 105.5749 105.9285 118.0128 121.2019 121.0774 112.6616 117.0671 116.6044 116.4529 107.4244 101.8645 113.0950 118.9600 118.9839 118.6933 118.8532 119.2540 119.6489 118.9860 119.0479 119.0226 119.3863 108.1514 118.6048 111.1476 103.0652 101.8940 121.7070 118.0181 120.4739 120.6573 119.8728 110.7766 111.7840 113.3266 122.0490 121.6079 121.8465 122.0280 122.2365 122.3208 123.1017 123.0376 123.0537 123.2934 123.5039 123.6990 123.7800
114.8900 114.2926 115.5835 116.2261 115.0658 112.0898 109.3333 102.0909 107.4497 110.6738 106.3752 103.9185 107.8365 113.0143 103.3702 100.1694 105.3097 107.5692 124.3294 119.1613 121.4177 104.9524 114.4820 101.0853 120.6639 116.3647 115.5488 111.0301 117.4056 107.1697 118.7808 118.4402 118.3506 118.3344 116.8815 118.4423 118.4190 118.7986 119.7418 115.9425 110.0609 102.2465 105.5023 122.3973 119.8711 119.8502 120.5608 118.2747 107.8393 111.5520 120.7634 121.0514 121.3868 121.6120 121.8367 122.0004 123.2357 114.1205 121.0667 122.8204 123.1796 123.3420 123.5519 123.7200
114.2800 114.7054 113.2606 113.1752 108.6965 110.9193 111.7273 107.7356 109.0149 110.9845 109.7911 101.8096 103.5768 101.2180 104.9639 99.5085 101.1983 105.0741 122.4807 120.2905 115.6665 102.4893 104.5696 103.5420 113.7321 103.6995 121.1809 117.1494 118.3643 118.7618 118.1496 117.9788 117.9196 117.9856 117.4101 118.1624 119.4033 118.0518 118.4949 118.6037 119.5644 116.5567 119.5290 119.2996 119.3231 119.4095 122.3262 111.7139 108.6256 117.4977 120.3893 120.8615 121.1588 121.4066 121.6189 122.0301 120.5569 122.2164 122.5722 122.7204 122.9940 123.2133 123.4170 123.5100
114.2300 114.3339 113.9705 114.8444 110.2754 111.6527 110.6350 107.7122 107.6585 108.3908 107.7239 109.1038 99.2095 99.5015 102.9782 103.7726 105.2761 103.5105 119.7700 119.9096 117.5484 103.5128 103.3920 115.9141 111.4343 106.7099 99.3914 119.4613 117.6322 117.5032 117.4187 117.4909 117.4370 117.4028 117.4602 118.0476 120.1473 117.7421 117.8444 118.0803 118.0577 118.4062 118.6303 118.7904 118.8435 119.2311 117.5268 110.4834 118.8869 119.9579 120.5140 120.7325 120.9053 121.4009 121.3692 121.6818 121.8117 122.2620 122.3762 122.6209 122.8451 123.0634 123.3855 123.4500
113.1100 113.6164 113.6816 115.8264 114.6242 110.3971 108.8813 113.2706 110.2933 110.5532 108.2520 106.9184 108.6925 102.3299 102.5884 118.7081 105.7076 112.6397 118.7856 118.9734 102.4751 118.2925 101.3540 107.0195 111.1123 111.7290 116.1235 110.2253 117.4544 116.8178 117.0786 116.9666 116.9407 116.9220 116.6228 116.4299 116.8960 117.2338 117.3557 117.4673 128.1849 115.9785 118.0988 117.6117 116.9596 115.2464 105.5280 100.7445 111.6062 120.7280 118.3150 120.9769 120.5384 122.4984 121.1017 121.4862 121.7244 121.9687 122.2288 122.4521 122.6546 123.0430 119.7935 123.2000
115.6600 111.8122 111.6078 112.2904 109.4761 109.4725 109.7238 110.6568 101.9734 109.6570 104.6326 100.4029 97.3712 100.2743 102.4151 114.2760 119.9346 121.5855 119.2587 118.1386 119.3968 115.6243 106.0437 106.2502 103.3202 112.8811 118.9595 123.2399 116.9412 117.4772 116.3844 116.4981 115.9918 110.8363 112.5193 117.2255 116.5089 116.7184 116.8458 117.0458 116.8060 117.9447 117.6151 119.8189 103.1911 108.5033 112.8414 110.4423 112.6813 121.4217 111.4346 120.3993 120.2199 120.7499 121.0101 121.2855 121.5539 121.8029 122.0519 122.3279 122.2382 123.3996 114.4312 123.1900
111.1200 111.9619 113.0809 113.1065 112.2627 109.6761 109.2611 111.1108 108.7081 108.9417 101.3944 104.1439 99.4125 108.7779 102.1837 101.2793 121.3897 117.1819 116.3744 119.4706 117.5997 116.8906 112.8442 102.9771 103.8376 97.7992 115.1783 110.5899 119.5450 107.6483 115.7048 115.4749 115.8719 117.3133 100.5295 117.1787 115.7431 116.1832 116.3428 116.6022 116.9268 116.7466 116.6641 118.6601 103.5526 112.7021 121.4749 115.5896 104.2131 115.3229 119.7113 119.7802 120.3051 120.5336 120.8416 121.1035 121.3766 121.6413 121.9076 122.1489 122.4082 123.2269 123.9433 123.1400
113.6100 111.8460 109.9746 109.7100 110.3073 109.8756 109.3493 110.0488 106.3734 104.3669 99.1305 105.3464 103.9012 103.1861 101.3591 101.7218 116.2328 101.9920 115.6597 116.9746 113.9945 116.9308 118.2115 117.6529 96.6581 94.4976 101.2246 116.0958 115.7401 105.3605 114.4148 114.6843 115.1509 114.2642 116.0417 115.1229 115.4611 115.5947 115.8218 116.0296 116.1656 116.5220 122.5199 108.9554 107.1846 99.1954 111.0908 116.6637 106.6706 110.3511 118.8212 119.7650 120.0627 120.3379 120.6324 120.9267 121.2005 121.4856 121.7532 122.0098 122.3059 122.5907 122.6901 122.8700
113.6400 113.4572 111.9839 111.3972 110.6564 110.5949 110.4956 109.9863 108.4009 107.8344 100.4977 107.1631 111.3879 103.4461 101.7058 103.3247 109.2891 110.0969 120.6095 113.5017 116.3791 117.2467 116.4640 117.7419 112.0587 96.2518 100.5486 116.5253 114.4908 102.8125 113.8566 114.0064 114.5521 114.9926 115.0803 114.6383 114.8089 115.0127 115.2339 115.5135 118.3248 115.9866 106.0372 92.8806 112.9807 102.7866 114.4745 116.7689 115.4396 121.4038 119.4756 119.5018 119.8173 120.1461 120.4413 120.7462 121.0382 121.3287 121.6053 121.8834 122.1496 122.1805 122.7054 122.8300
113.6400 113.6602 111.3609 111.1167 110.1023 110.5533 110.8864 110.1458 109.8872 108.0614 104.2296 106.7542 104.1775 103.8150 103.7928 98.7760 117.2335 102.9184 120.5402 118.3170 117.4310 116.3555 116.4479 115.6127 111.7466 92.8292 91.5288 106.0516 114.5107 107.6034 114.2375 113.6426 113.7675 113.6474 113.7967 113.9365 114.1300 114.3641 114.6302 114.8105 116.5071 117.8839 110.5314 116.5698 118.5442 110.5067 108.2068 113.7471 118.1869 118.4611 118.8151 119.2772 119.6140 119.9429 120.2670 120.5797 120.8842 121.1796 121.4656 121.7530 122.0292 122.3053 122.5419 122.8300
112.3800 112.8981 109.9645 110.4380 110.1714 110.0866 110.0447 109.1720 107.7674 105.8529 104.9515 104.0675 117.7487 113.9446 100.3269 96.0774 108.8906 92.6707 117.9192 116.8375 116.6932 116.4847 115.7810 115.7432 98.7107 91.4826 103.0062 105.0677 113.6832 116.0095 113.1395 112.7571 112.9922 112.9632 113.0244 113.1812 113.3902 113.6727 113.9649 114.5629 114.0093 109.6379 118.2913 102.9733 105.3979 105.2106 117.8999 117.1396 117.9831 118.3526 118.7350 119.0627 119.4131 119.7562 120.0895 120.4149 120.7343 121.0345 121.3352 121.6259 121.9074 122.1820 122.4468 122.5700
112.3700 115.8155 112.2216 106.9632 108.9034 112.6974 109.8298 108.1809 106.2350 103.9120 104.4945 119.0574 117.9068 113.3048 115.0844 93.9086 112.9882 116.3609 108.8312 117.5613 116.3626 115.9327 115.5333 114.9250 116.0305 109.4713 112.5637 104.3082 113.5672 112.6750 112.4376 113.2986 111.9391 112.0942 112.1922 112.3446 112.6135 112.9348 113.3234 113.6604 114.1788 115.0796 114.2191 95.2256 99.6921 105.0473 117.6778 117.3574 117.6774 118.0817 118.4678 118.8562 119.2185 119.5775 119.9299 120.2587 120.5904 120.9034 121.2087 121.5129 121.7969 122.0807 122.3629 122.5200
109.9100 113.2176 110.4326 107.7707 108.8736 110.3735 110.4716 108.7119 106.9929 104.0346 106.5714 124.9161 114.8184 118.7889 114.6098 94.6801 113.8914 111.8617 117.7047 116.5758 116.1417 115.1849 121.3159 106.3055 115.2665 113.4421 113.2788 117.5884 109.6482 111.5123 111.5256 99.3767 109.8369 110.4982 111.2850 111.4349 111.6981 112.1384 112.5577 113.0801 113.5172 113.9514 115.2353 96.3781 110.8172 116.4450 116.4599 116.9932 117.4149 117.8432 118.2591 118.6566 119.0403 119.4108 119.7747 120.1221 120.4557 120.7808 121.1007 121.4010 121.6950 122.0032 122.2180 122.4900
110.1000 110.9884 108.1418 106.9543 109.1184 110.4192 110.2377 109.9777 109.3432 104.5093 103.9130 114.9292 102.7112 121.2782 118.2070 118.2747 118.4215 117.1231 116.6907 116.2670 115.6363 114.9062 112.0828 113.8025 113.7170 112.9480 112.1077 111.8460 111.3635 111.2065 108.9800 110.5480 108.5099 109.7930 110.1614 110.4300 110.7760 110.8395 111.8767 112.3094 112.9963 112.0004 100.5369 108.9596 115.5448 115.6406 116.1827 116.7091 117.1768 117.6245 118.0626 118.4728 118.8729 119.2549 119.6271 119.9815 120.3360 120.6686 120.9876 121.3037 121.5935 121.8281 122.3893 122.4600
109.3800 111.3761 109.1743 110.5086 107.8321 110.1980 110.4117 98.3667 105.6828 104.7528 105.5342 121.9855 117.0577 113.1110 118.1591 117.9051 117.2078 116.8210 116.3837 115.9513 115.6354 115.3983 114.2444 113.6133 112.9574 112.3507 111.6850 111.0208 110.4213 109.5692 108.2940 109.8723 108.6631 108.6314 108.9355 109.2870 110.1679 108.5436 104.2115 108.8892 111.3522 112.9379 114.7573 111.2992 114.6871 115.3923 115.9540 116.4465 116.9399 117.3627 117.7689 118.2145 118.6804 119.1267 119.5062 119.8885 120.1809 120.4932 120.8819 121.2444 121.5269 122.1982 116.1296 110.5000
111.8100 112.1047 111.5931 111.2258 109.7160 109.3656 109.9014 110.1123 105.4644 105.0351 102.6284 122.0362 106.3053 113.2239 117.5518 118.0575 117.2888 116.7607 116.2391 115.5994 115.1206 111.7589 113.8301 113.2125 112.4832 111.7406 110.9815 110.1915 109.4635 108.6442 107.9514 107.6140 107.2630 107.2706 107.5055 108.0226 108.4644 109.6844 110.5991 111.1140 111.8353 112.6535 113.1381 113.7818 114.5623 115.0919 115.6642 116.2146 116.7346 117.5026 118.4755 119.0833 118.6278 118.7803 119.3430 119.5679 120.4093 120.8024 120.6738 120.9322 121.7025 125.7172 112.6232 105.6300
111.9600 110.7239 111.6723 111.1123 111.1670 111.0895 110.8046 109.0290 108.6185 103.9111 105.0114 110.3227 115.0393 101.2873 121.2308 116.0222 117.0756 116.5457 116.0071 115.2009 115.3317 103.8475 114.3374 112.7535 111.9646 111.1507 110.2721 109.3432 108.3811 107.4428 106.5802 105.8583 105.4379 105.4345 105.8564 106.5479 107.4556 108.3099 109.2021 110.0987 111.1905 109.9748 112.9278 113.4900 114.1706 114.8210 115.4315 115.9844 116.5368 113.6824 113.5803 113.7065 117.9927 120.1193 120.3220 120.7375 116.8291 119.2729 121.4093 122.1855 115.6134 120.6093 121.2283 118.9300
107.6900 108.0675 109.7214 110.4317 108.8021 108.9236 109.5488 108.8494 106.5046 108.5564 114.9841 125.3216 119.1254 120.3485 120.2625 113.1611 117.3289 116.4092 115.8130 115.2659 114.6131 114.5582 113.0654 112.4291 111.5242 110.5936 109.5939 108.4980 107.3300 106.1184 104.9005 103.8520 103.2112 103.2103 103.8392 104.8871 106.0889 107.3228 108.5080 109.4808 110.6005 108.3221 112.5144 113.1670 113.8935 114.5823 115.2237 115.6657 116.5735 111.1348 103.8213 104.1643 111.9704 112.8171 113.5011 114.6443 105.7112 120.7469 114.8596 117.5904 107.9575 108.8355 122.5680 122.1600
110.5800 110.5821 108.3071 109.7876 109.2699 109.1666 109.1361 107.8223 104.1940 101.7056 118.7011 119.4544 118.9548 118.8962 120.0239 118.7933 118.7819 116.2191 115.6672 115.0743 114.1310 113.2529 112.9392 112.0617 111.1319 110.1068 108.9754 107.7068 106.2911 104.7067 103.0125 101.3358 100.2826 100.2259 101.3159 102.9886 104.6814 106.2647 107.6826 108.9491 110.4070 111.6021 112.0099 112.8882 113.6663 114.3852 115.0531 115.5925 115.9171 119.0315 112.5475 104.3498 101.3213 101.7412 104.2098 113.2521 117.3478 120.5415 115.0729 115.9089 118.6881 123.0008 121.6899 122.1300
110.5700 110.3591 110.4205 110.4706 109.5939 109.3647 107.7513 107.0765 103.0661 100.1457 104.9628 115.9759 118.5350 118.5381 103.6217 115.9903 103.4812 116.8868 115.5626 114.5837 115.1245 114.8960 112.5005 111.8414 110.8311 109.7129 108.4693 107.0291 105.3531 103.3603 100.9326 98.2210 95.3647 95.4285 98.2522 100.8839 103.3280 105.3220 107.0060 108.4538 109.6690 110.7397 111.8001 112.6797 113.4870 114.2273 114.9162 115.6199 114.9720 117.2199 115.4220 111.0967 112.9248 114.0543 117.5491 123.2311 120.2344 120.6225 121.5956 122.3852 121.7955 121.4087 121.9046 122.1200
110.7700 110.8785 110.5552 110.1445 110.2322 110.0462 103.5311 105.5808 102.7364 103.0184 116.4602 116.3637 119.4810 120.0382 112.5338 112.6499 112.2724 117.2145 115.3941 114.7856 117.3136 101.3883 115.4459 111.4102 110.5369 109.4636 108.1089 106.5371 104.6403 102.2422 99.0403 93.8638 89.0894 89.1583 93.7867 98.9957 102.2032 104.6088 106.5126 108.0931 109.4382 110.6083 111.6190 112.5237 113.4015 114.1591 114.8389 115.4991 116.3598 116.2657 114.0412 119.0948 118.6876 120.2679 117.3645 122.3881 119.8669 120.0260 120.3011 121.5870 121.1835 121.5676 121.8519 121.6100
109.0300 109.4309 109.3107 109.1374 108.0321 107.6453 104.9352 102.6707 100.8998 102.8198 119.2081 105.8883 118.6715 102.7985 104.2157 112.4095 103.2943 108.6405 115.2102 115.4169 97.5621 97.7009 112.5339 112.1499 111.5079 109.1822 107.9873 106.3200 104.2977 101.6765 97.9669 90.7092 84.8196 84.8488 90.6228 97.9100 101.6300 104.2692 106.3032 107.9376 109.2998 110.4829 111.5810 112.5490 113.2702 114.1131 114.7955 115.4383 116.3118 115.8897 118.1714 114.6073 117.5807 119.0273 115.2585 119.9835 119.8171 120.1984 120.6289 120.8861 121.3123 121.5969 121.9047 122.1100
109.0300 109.3672 109.0512 108.8219 107.2610 107.1247 103.6170 102.1211 100.3414 103.0500 118.5724 103.7456 117.1600 100.0417 100.0184 112.6270 99.8021 108.9277 115.5731 116.2688 94.0284 96.6218 112.1256 111.4808 111.4404 109.3429 108.0391 106.3947 104.4156 101.8767 98.3551 91.8754 86.6856 86.5347 91.7906 98.2894 101.8356 104.3652 106.3475 107.9632 109.3554 110.5178 111.7893 112.5631 113.1144 113.9572 114.8437 115.4694 115.9080 116.6171 124.0869 116.9199 117.8556 118.6620 118.7377 119.4250 119.8243 120.2251 120.4734 120.7158 121.0758 121.3811 121.7609 122.1000
108.4700 108.8785 108.5280 107.9200 106.2986 106.1212 108.1981 99.9546 99.6027 100.0246 115.7217 102.3419 102.9684 102.6429 97.4428 96.5519 97.8705 96.0771 93.2088 116.6856 114.3193 114.5429 112.7230 111.9007 111.1169 109.5481 108.2525 106.7644 104.9598 102.7439 99.9684 95.9870 91.8751 91.8510 96.1618 99.8802 102.7362 104.9109 106.6503 108.3209 109.5481 110.6147 111.9120 116.9689 103.0344 115.9924 114.5895 115.5472 115.0291 122.3077 108.9629 100.9139 120.3151 118.4431 119.0403 119.4645 119.8369 120.2735 121.0355 122.1894 121.2289 121.4393 121.7920 122.1100
108.1800 108.2904 107.3115 106.0406 105.4868 105.0322 101.7775 99.2947 99.0681 114.3749 109.8460 105.7892 102.0030 100.6160 100.3859 99.8805 117.4301 110.2061 113.4582 97.7880 88.7945 113.8939 88.0663 89.4841 112.4417 109.6671 108.7042 107.3430 105.8447 104.0879 102.0096 100.0143 98.2460 98.1889 99.8809 101.9611 104.0104 105.8636 105.5338 108.3664 109.7728 111.1356 113.5007 115.8063 113.3970 114.8482 114.9453 115.5620 116.4098 113.6859 113.9686 118.5960 118.9465 118.6502 119.0730 119.4660 120.0500 120.6306 121.5044 115.5413 103.2313 107.5279 106.4142 111.3200
116.7100 108.5070 108.4430 107.3928 105.7957 105.4792 105.1771 103.1209 99.7375 100.7296 107.1759 99.5056 105.5479 104.1845 111.9672 106.1955 99.4905 110.6039 107.7215 114.9625 102.3232 113.0925 97.5602 114.6062 111.2820 110.3665 109.2877 108.2073 105.8973 106.1598 104.2408 102.6991 101.8126 101.8047 102.6563 103.9707 105.4132 106.7193 108.2871 109.4768 110.2125 111.4436 114.3774 120.2391 103.8368 115.1201 115.0634 115.6501 116.6364 113.0327 117.7960 117.4870 118.1408 118.6934 119.1684 119.7634 120.3734 116.7522 120.4865 122.8538 107.3058 118.5927 109.8381 105.8300
115.0000 114.8333 111.7239 108.6967 107.7738 107.5143 106.9555 104.1373 100.2072 106.1460 117.0727 107.0904 105.1631 103.0305 97.4839 101.3485 101.1779 99.3269 105.0864 91.8078 115.0029 100.6154 114.0616 111.7573 111.4481 110.8124 109.9119 109.2878 102.6909 106.2580 105.7957 104.9209 104.4019 104.4064 104.9223 105.7435 106.7040 108.3768 109.3332 109.8271 111.1590 111.8962 111.9081 115.8525 106.9985 112.7660 115.1371 115.9635 116.4877 117.1546 117.4245 118.0157 118.4731 119.0752 119.0672 119.0912 129.3296 108.6268 123.2664 120.5092 122.0657 123.2422 122.4653 112.5600
111.9100 110.4712 110.4477 108.8492 107.6556 106.7090 102.5540 99.2989 98.5025 114.4023 104.6154 106.6697 106.4384 105.3675 110.3606 105.1370 107.1622 116.1290 118.9008 98.3687 113.0004 114.3994 114.7820 112.9056 113.0132 112.1544 110.3767 109.7720 109.3798 108.0685 107.2855 106.7199 106.3791 106.3692 106.5734 107.5838 108.2085 108.1237 107.9044 103.0793 113.0646 112.5283 112.2524 113.2821 113.2852 115.9250 115.4789 116.0976 116.6287 117.1023 117.6029 118.1085 118.4062 120.2943 120.2207 119.9714 125.1030 118.8770 112.7339 121.6257 121.2527 120.2998 99.2885 100.3200
112.2300 109.1392 106.5673 105.7045 103.4672 99.7998 98.2214 110.4470 102.8648 108.4147 110.4116 107.6103 106.9502 107.4897 119.8419 118.9971 119.1853 117.3129 116.9933 118.5407 108.8744 105.4184 115.4423 103.9904 108.6755 109.2170 111.5806 110.2606 109.9401 109.3028 108.6671 108.2441 108.0028 108.0467 108.3385 107.1667 107.4271 104.4281 110.1272 91.9353 103.3102 110.2496 113.7335 115.0768 115.5705 115.0482 115.7949 116.3272 116.8456 117.3389 117.7835 118.2140 118.7199 118.8932 116.2581 119.4039 118.8200 117.5769 109.4160 121.1478 121.2238 121.9532 123.2831 108.9600
115.1300 108.0515 111.2545 103.3881 106.7759 100.7919 105.9717 109.1124 106.7197 108.3587 104.6347 110.6823 116.5638 112.8435 118.2346 117.4056 117.5038 116.0644 115.9148 115.5531 116.0722 109.8052 96.9568 93.5056 106.2179 99.8881 112.1941 111.3114 110.8116 110.3216 109.8716 109.5443 109.3672 109.3404 109.1664 111.3033 110.9513 110.6256 98.3478 108.9572 94.8396 99.0731 105.1912 114.5371 115.0070 115.5285 116.0846 116.5745 117.0514 117.5175 117.9631 118.3870 118.7999 118.9588 120.6161 98.4868 122.0436 121.0500 123.1584 122.2160 121.5294 121.6867 121.4418 124.1500
109.4500 105.5674 108.3963 114.7185 114.6551 107.9021 107.2572 102.3304 99.6531 101.6232 104.6595 121.7318 119.0986 118.9864 118.5847 118.3345 117.8424 118.5812 115.3895 116.4022 115.3973 116.7587 107.5208 103.8723 113.4119 108.8405 112.2707 112.4243 111.7465 111.2937 110.9438 110.6816 110.5516 110.5170 111.1023 112.8211 109.0104 112.2884 109.3581 108.0293 109.2659 97.1699 105.7032 116.9808 115.1750 115.8995 116.3762 116.8447 117.2946 117.7315 118.1566 118.5570 118.9382 119.3615 119.6932 114.7408 120.6971 120.4984 120.5644 121.1335 121.6990 118.5722 131.1095 122.4400
109.4800 101.9282 99.7372 104.6012 118.9775 104.5618 115.3966 105.6640 102.1886 118.3158 99.6248 115.9624 119.4396 119.9802 118.5790 118.3884 117.7105 116.0958 113.4031 116.3490 117.2826 97.8590 119.2699 113.8830 115.5461 113.8520 114.3610 113.1602 112.5554 112.1929 111.9023 111.6954 111.5826 111.4669 112.5016 104.1038 112.2809 112.5269 113.5689 113.9119 113.5471 105.6368 100.5966 112.5389 115.6612 116.2869 116.6693 117.1233 117.5516 117.9636 118.3654 118.7577 119.1410 119.4987 119.9178 121.1119 120.8708 120.8772 121.1566 121.6818 122.3549 123.0726 138.1713 116.7300
101.0600 99.9729 107.1399 100.4861 109.1903 107.2047 107.1889 103.6039 102.4022 119.3293 118.9854 126.1262 103.5515 108.8197 120.2439 118.5325 118.1681 119.1752 116.9934 108.2203 114.2731 103.7221 113.5967 113.2973 114.3189 114.2393 114.0607 113.6589 113.3108 113.0159 112.7735 112.6080 112.5241 112.5046 112.5513 113.5243 113.1830 113.2899 113.4502 114.1786 114.4953 111.0425 112.9626 115.9731 116.1983 116.5738 116.9991 117.4165 117.8148 118.2052 118.5862 118.9591 119.3170 119.6624 119.9966 120.2859 120.6692 121.0666 121.2900 119.7467 118.7608 101.2470 106.2094 104.2900
101.2700 108.9377 113.1436 113.5412 122.3746 121.5630 122.3643 106.4946 103.2348 103.1199 104.8465 97.6468 113.0649 113.1786 119.4676 118.6953 117.9217 118.8744 102.6310 112.6339 93.2671 104.7733 113.6039 116.3792 115.4348 114.9875 114.6711 114.3267 114.0269 113.7738 113.5747 113.4315 113.3551 113.3509 113.4480 113.4530 113.7416 114.0034 114.3385 114.6564 110.5232 113.5111 100.3119 116.9117 116.7692 116.8484 117.3450 117.7092 118.0900 118.4615 118.8218 119.1767 119.5179 119.8539 120.1695 120.4479 120.8282 121.0553 121.2845 121.8794 122.0487 112.1520 103.1750 106.9900
123.3000 123.2075 123.1283 122.6409 122.3788 121.6515 121.8432 102.4439 101.0110 120.8227 103.1711 96.9617 126.4806 120.3190 118.3386 119.2594 119.4882 109.1435 107.7936 120.5930 96.1109 116.4786 98.3228 117.6714 116.0925 115.7276 115.2345 114.9464 114.6974 114.4759 114.2955 114.1834 114.1254 114.1242 114.1763 114.3005 114.4451 114.9515 114.9387 115.3214 108.0659 96.0226 101.9676 96.9203 115.3874 117.3150 117.6730 118.0125 118.3726 118.7131 119.0647 119.3916 119.7263 120.0433 120.4249 120.0612 126.5512 119.1914 121.7080 121.9889 121.9195 121.6966 117.6637 118.2900
123.2600 123.0324 122.8599 122.6454 122.4913 122.4874 122.5260 123.3480 103.5502 100.8913 99.6672 98.7785 118.2537 119.5483 102.2890 120.2002 119.8298 102.0282 120.6418 117.9727 117.3920 119.7062 116.0124 117.5899 116.2071 116.0699 115.7913 115.5679 115.2487 115.1009 114.9785 114.8691 114.8370 114.8243 114.8759 114.9578 115.3078 113.4824 115.4144 115.6237 118.8373 100.7223 104.5976 118.0574 117.9314 117.3512 118.0190 118.3211 118.6500 118.9799 119.3075 119.6223 119.9380 120.2468 120.5016 120.8426 122.1767 104.8202 119.9874 121.6475 123.1205 122.6198 126.1308 127.2600
123.3700 123.3218 123.1332 122.8730 122.5510 121.5520 122.1148 118.9337 119.7535 105.6293 107.5572 105.0258 116.3641 102.7194 110.7361 104.9608 106.9831 116.4643 115.2749 113.4189 115.5114 117.5412 117.1640 117.3424 116.8656 116.5795 116.3342 115.9989 116.4476 115.8980 115.6884 115.4397 115.3992 115.4754 115.5220 115.5770 116.1115 113.4383 116.1983 116.3062 116.1789 111.2161 96.3879 114.8085 117.9218 118.1263 118.2935 118.6384 118.9421 119.2539 119.5558 119.8519 120.1519 120.4392 120.7321 121.0747 121.3065 123.6954 115.1244 117.5463 118.9542 121.2472 127.2852 110.9700
123.5800 123.5614 123.1811 122.9979 122.9530 116.6939 120.9818 106.7976 103.9716 120.9015 121.4406 122.8140 111.6519 106.8560 104.7455 108.1035 98.5166 114.6824 117.3950 119.8172 118.0714 118.0903 117.8916 117.4883 117.2791 117.0393 116.7519 118.3488 109.1691 112.4088 115.6847 116.4973 116.6499 116.0885 116.1155 116.1957 116.2734 116.7564 116.6258 116.8612 116.8003 118.0497 117.2082 96.2486 118.8567 118.0648 118.6697 118.9429 119.2335 119.5235 119.8032 120.0901 120.3749 120.6470 120.9279 121.1686 121.3826 121.2121 123.8804 125.5133 122.7839 116.8615 117.4857 125.3700
128.9800 123.4500 123.2900 123.1200 122.7700 122.5900 117.7500 122.0500 121.8400 121.6400 121.2300 121.0200 120.8100 120.6100 120.1400 119.9100 102.0700 116.9400 109.7900 118.9400 118.6900 118.4200 117.8400 117.8400 117.6000 117.3500 117.0100 116.7100 94.7200 94.7900 116.3800 116.4200 116.4600 116.4600 116.4300 116.3900 116.8000 116.7400 117.0700 116.9700 117.3600 117.6200 99.2500 98.7700 118.4100 118.6700 118.9300 119.1600 119.4200 119.6700 119.9000 120.3600 120.5800 120.8000 121.0100 121.2200 121.6300 121.8300 122.0200 123.9300 121.8700 121.3600 102.8600 102.8600
