104.4900 104.4900 103.1200 101.2400 101.3900 101.0800 103.2700 104.5000 105.9400 106.9900 108.0300 109.8000 110.5700 111.9500 112.5600 113.1400 111.1000 114.6700 115.5700 115.9800 113.7300 99.9300 95.4700 96.1300 118.4400 119.0300 119.3200 119.8600 120.1100 120.3600 120.8400 121.0700 121.5200 121.7300 125.3100 122.3400 122.7300 122.9100 123.8300 123.4500 123.6200 127.1100 131.3300 124.4300 124.5900 127.0300 119.3800 104.9100 125.4600 125.6000 125.8600 127.1200 116.3800 114.2800 114.6900 117.6600 117.7600 121.8600 120.9300 106.9200 125.2700 129.2600 120.0400 120.0200
104.2400 103.1225 101.1161 99.3504 98.6144 99.6109 101.3684 103.3812 105.2016 106.8085 108.2202 109.4602 110.5592 111.5751 112.4707 111.8548 113.3432 115.7577 115.4526 113.1831 113.5619 96.5794 95.5759 104.9825 121.7749 119.5139 119.2143 120.2087 121.1112 121.0654 120.7174 120.7546 118.9284 120.3073 123.0416 122.2592 122.6083 122.8685 125.5150 123.6133 117.9240 125.6090 122.1075 123.6800 124.4173 125.8207 122.7470 124.4326 114.8412 117.9686 129.0590 117.9166 128.5904 111.7118 113.3290 115.6145 119.7687 120.9943 117.6896 116.5787 107.9780 123.1296 117.1595 120.0200
104.0200 101.4256 98.4542 94.4745 92.3582 94.8627 98.9364 101.8009 104.1658 106.0911 107.6821 109.0649 110.2499 111.3136 112.2574 113.2308 110.6748 113.7812 115.0193 112.7806 100.1932 95.2509 94.8779 108.0688 106.9584 120.6194 119.9046 103.4434 111.3601 121.1163 120.6332 119.8917 120.2705 122.4662 122.1574 122.4196 122.5944 122.8797 122.8834 123.4100 124.6846 123.7062 124.3290 124.1086 124.5420 124.5936 117.2982 118.2586 106.4708 109.3356 117.6956 111.9142 121.8450 123.9390 115.8458 109.9374 117.2506 115.5555 117.9012 117.9397 111.9004 121.4144 124.4378 128.3900
101.5300 100.0860 95.6175 88.5847 86.4209 89.3955 96.3882 100.5472 103.4502 105.6213 107.3662 108.8144 110.0629 111.1552 112.1372 113.1783 108.4188 114.7383 114.7542 116.3633 93.7169 99.5404 97.9585 94.8034 98.5434 120.6886 118.2791 114.0766 115.0801 120.9388 120.7154 121.2521 121.8608 117.3701 120.5362 122.3871 122.5731 122.9152 123.2285 123.0319 122.7056 123.8067 123.6662 127.7551 125.8781 118.6297 106.7140 110.9421 109.0940 110.4460 112.7388 115.4717 113.1263 111.3724 110.2699 105.7282 106.6802 106.3402 107.1602 108.7436 110.1678 115.0188 115.8753 112.7300
101.4800 99.6339 94.4498 86.5799 84.1025 87.3420 95.4708 100.1575 103.2236 105.4721 107.2583 108.7381 110.0101 111.1063 112.1079 113.0493 114.0850 114.4824 115.0188 117.1381 91.0521 101.4815 99.1085 96.0420 96.3207 120.6036 119.5684 120.8573 120.6331 120.3740 120.7713 121.1403 121.5588 120.4809 121.9854 121.9871 122.4780 122.8587 123.1444 122.7168 129.7347 124.0058 125.1746 133.3785 114.3288 113.3511 111.0146 112.2607 122.4634 114.0439 123.0824 105.4026 103.8217 102.5411 105.2146 104.2118 105.1662 104.9468 105.0669 107.3352 112.6923 112.0352 111.7912 112.9500
101.6800 100.3414 96.1675 89.7398 87.5028 90.3438 96.8980 100.7761 103.5673 105.6881 107.4143 108.8540 110.1022 111.1870 112.1491 112.9940 113.7579 114.5081 115.8894 110.1335 105.7438 102.7985 94.8124 93.1182 117.6919 119.2318 119.2299 119.5188 119.9600 120.3836 120.8251 120.2884 121.3113 121.6772 121.6337 125.0201 123.7463 122.9310 123.4887 124.0801 125.0800 125.0707 113.6349 124.7366 106.9228 104.7841 104.9582 106.4341 105.0182 107.3202 110.4390 110.6121 109.8657 112.1530 107.0113 107.8290 113.2551 105.4838 105.6828 106.0529 108.9626 116.1135 116.3373 116.9400
103.8500 101.8062 99.0467 95.5978 93.9146 96.1868 99.4405 102.1352 104.3754 106.2259 107.7929 109.1229 110.2988 111.3329 112.2837 113.1299 113.9113 114.6276 115.1445 115.8518 114.5286 96.9333 101.2407 118.3367 116.9323 115.3045 119.1626 119.7454 120.0684 120.4365 120.7682 120.9493 122.0165 122.4295 121.4731 125.4547 122.5595 122.8693 124.3368 109.9551 119.3348 112.7151 116.5635 119.1615 105.6948 117.6253 107.7093 124.4228 123.7293 107.0101 126.0185 100.1440 122.9678 102.2970 104.1021 112.4692 118.2381 105.4001 105.6381 104.8823 108.0118 120.2802 121.0919 120.9900
104.2900 103.4767 101.7145 100.1760 99.5050 100.3156 101.9166 103.7500 105.4538 106.9853 108.3508 109.5451 110.4815 111.6655 112.5037 113.3142 114.0612 114.7576 115.4045 116.0927 116.4513 115.7084 110.4457 115.9128 116.8282 119.0732 119.2932 119.7427 120.1072 120.4752 120.8048 120.7657 123.0547 106.4588 120.6986 117.8740 117.6226 122.3443 125.5674 127.9333 107.7967 110.6149 111.6726 109.8932 128.4468 118.1650 121.7893 116.3754 115.4006 118.7347 124.6545 125.4157 125.7536 125.2973 111.4452 114.4040 109.2695 104.9853 109.9794 128.4763 130.4207 131.5410 132.1734 131.7800
106.0600 105.1606 103.9694 103.0549 102.7225 103.1533 104.1255 105.3552 106.6303 107.8652 109.0222 110.1103 109.6453 111.6910 112.7244 113.5607 114.2627 114.9373 115.5621 114.8076 115.5250 116.9781 93.6183 116.7889 108.7733 116.5269 118.8041 119.8631 120.2850 120.5059 120.8541 121.1948 121.5871 121.6572 125.4048 112.1094 107.2897 109.8093 124.9528 120.1889 127.9389 118.9086 111.6438 111.9941 108.9970 114.0918 120.7168 123.4861 117.5368 118.2398 116.3890 117.2080 114.2737 113.2685 106.3733 104.5817 105.0455 105.5487 102.6929 121.8506 122.5887 124.2279 123.9819 132.0600
107.8600 106.7339 105.8806 105.3017 105.0990 105.3542 105.9801 106.8473 107.8039 108.8123 109.7594 110.9470 110.8373 112.6595 113.0991 113.8426 114.5119 115.1953 115.7780 111.3308 113.8520 116.1722 103.3448 102.8745 120.9644 120.3461 119.2688 119.8914 118.9985 120.6168 120.9079 121.3610 120.7522 116.1488 118.5784 109.7201 108.8423 113.8779 119.9948 113.9174 107.3735 99.9808 100.8642 101.3790 104.5100 105.6839 112.7852 113.1752 119.0853 123.7771 116.9611 113.8979 104.6008 104.1290 105.0857 114.0354 107.0524 108.3351 110.1551 124.4239 124.2888 125.0777 121.7930 111.6300
107.8600 108.1042 107.4891 107.0879 106.9561 107.1220 107.5653 108.1851 108.9271 109.7283 110.3920 110.0666 109.3075 111.7369 113.6416 114.1594 114.7974 115.3775 115.8093 117.9511 114.2312 118.8275 112.8785 119.1951 119.7760 118.8908 119.5108 119.9492 118.7020 120.3549 121.0890 120.9885 121.6934 125.7903 124.2584 114.9830 124.1333 122.4592 115.1599 103.9233 104.4265 103.2942 101.9197 102.2804 103.6355 105.1349 106.2964 108.6025 112.5172 108.0970 108.4628 107.3383 103.7840 106.1313 108.5789 110.2191 106.5345 106.3188 113.0429 117.2379 115.9086 121.0147 117.2475 113.8800
110.3100 109.3273 108.8785 108.5787 108.4839 108.6093 108.9270 109.3966 109.9701 110.6091 111.2779 113.9482 111.0523 108.4870 114.2544 114.5198 115.1114 115.6555 116.3894 115.3693 117.8213 117.3322 113.8756 112.8590 113.0462 119.5874 119.7516 120.0686 120.7107 120.9705 121.9804 122.3021 128.6850 138.3471 106.3259 114.3586 116.3913 113.8826 122.8213 107.1040 106.1133 104.8382 104.8030 105.8044 106.2921 106.2380 109.2888 101.2422 113.2260 109.3650 111.8933 107.6794 104.3329 104.2180 108.4022 105.5542 105.8754 105.5406 104.0169 103.2595 104.1748 111.2901 103.8760 107.1500
110.3800 110.4297 110.0813 109.8565 109.7856 109.8792 110.1162 110.4903 110.9475 111.4677 111.9906 112.7282 112.7496 113.0084 114.3156 114.9407 115.4233 115.9694 115.2279 117.3064 117.5118 118.8305 109.4607 112.0810 109.7119 119.7031 119.7758 120.0164 120.4136 120.8584 120.3341 125.7778 127.4024 126.5094 115.6313 113.7390 110.8606 117.4537 110.0443 118.5194 99.6287 108.0607 110.8377 109.9381 110.4528 112.4406 112.7507 111.5044 108.6468 106.2629 109.9993 102.8757 103.6342 112.6124 104.8680 104.9133 106.4327 109.0192 109.3773 107.4547 106.9413 106.6640 107.8988 106.1000
111.4000 111.4252 111.1483 110.9714 110.9202 110.9880 111.1756 111.4607 111.8479 112.2773 112.7470 113.2611 113.6278 114.7918 114.7501 115.3081 115.8616 116.0255 115.9222 106.9102 118.2878 118.3149 110.0007 116.7636 120.3138 119.5733 119.9251 120.6612 120.6791 119.2146 125.1295 120.8692 120.1089 111.6252 111.0967 115.8267 109.6173 113.9351 117.1366 109.6115 113.2200 116.7057 117.6885 113.9035 116.6762 115.5164 113.8683 118.0809 113.6571 111.1457 112.3240 109.4382 103.0275 107.4984 107.8541 116.4329 103.8322 103.3162 108.7192 109.3173 107.6446 109.6780 107.2283 111.4700
112.3000 112.3321 112.1037 111.9612 111.9163 111.9758 112.1296 112.3668 112.6749 113.0331 113.4377 113.8668 114.2954 114.7803 115.2546 115.7076 116.1317 116.5570 117.2936 112.8658 117.9984 118.2932 116.8181 119.0719 119.4090 119.7168 120.1268 117.7868 118.5491 128.2821 134.7316 120.4604 124.7548 120.8324 105.8447 109.1169 112.1944 116.8790 108.5319 103.5662 105.5613 105.7589 123.0170 118.5202 119.8412 119.7738 120.8397 120.7790 119.7518 119.6725 123.0717 118.6932 110.8484 110.6808 112.4966 107.1922 104.1929 114.1416 124.5844 123.6766 124.7152 129.6862 105.0851 108.7800
113.1100 113.1548 112.9700 112.8600 112.8201 112.8605 112.9860 113.1798 113.4382 113.7436 114.0983 114.4805 114.8752 115.2873 115.6998 116.1094 116.7010 117.4031 118.0606 117.6918 118.1043 118.5535 118.9934 119.2256 119.5980 119.9487 120.3444 119.6082 124.7193 117.1356 121.2400 107.0655 113.9223 113.2938 110.2036 112.6580 116.4906 111.1168 101.0788 101.9447 100.2645 118.6147 108.6283 105.4095 123.1678 123.1217 122.0966 120.6165 122.3480 124.1758 113.0146 125.0161 122.2375 116.1114 117.3543 115.1431 111.3807 115.0835 124.1116 128.2522 130.7908 115.9436 106.6654 106.1300
113.8600 113.9053 113.7437 113.5962 113.6117 113.6689 113.7713 113.9371 114.1545 114.4185 114.7209 115.0506 115.3987 115.7675 116.1399 116.5249 117.0081 115.0010 108.0999 117.2637 118.3275 118.7420 119.1053 119.4408 119.7616 120.0427 120.4586 120.7195 119.7343 122.7140 105.3472 112.0580 109.2218 109.8329 114.4880 112.0967 111.2563 114.0152 100.9590 101.9734 102.9854 118.1199 117.9625 111.5219 121.6273 119.5212 120.1431 124.6218 118.8270 104.8797 104.3647 105.1362 105.4642 112.5313 106.4363 105.4145 103.1663 129.8330 130.4509 129.5573 128.1659 131.4214 104.7134 106.1400
114.5400 114.6131 114.5302 114.7012 114.4118 114.4127 114.4888 114.6343 114.8226 115.0477 115.3142 115.6007 115.9202 116.2321 116.5911 116.9236 117.0199 118.5077 97.0848 105.3653 118.6623 118.9762 119.3336 119.6835 119.9705 120.1893 120.2110 121.3170 120.5943 120.2364 124.5632 122.4468 107.5780 107.1986 108.9358 112.6482 112.1995 100.2696 110.1089 102.4375 101.2946 116.8363 115.4967 111.1186 116.7493 118.7415 118.5431 122.8354 121.2536 120.1554 103.3247 103.1387 131.1437 109.7072 118.5496 103.7156 104.7952 120.4108 119.6686 119.6411 124.7899 130.9709 133.0923 133.2300
115.1700 115.1977 114.0817 113.1553 114.9243 115.0946 115.1601 115.2798 115.4382 115.6552 115.8864 116.1336 116.4167 116.7248 116.8660 117.3808 117.7886 117.5156 120.8782 118.9256 118.9565 119.2709 119.5475 120.0877 121.2265 113.7647 114.0777 114.4802 106.8517 124.5850 112.7717 114.4109 105.2922 103.1065 106.9808 110.5971 116.8131 111.9977 100.3342 100.7763 100.8266 114.3655 109.9142 94.0225 123.2520 122.4421 106.7785 120.8563 120.3443 119.1252 102.2746 104.2902 102.8365 103.9536 104.9587 104.5291 107.9086 122.7724 126.7732 122.8021 122.2614 122.0506 123.9033 127.1700
115.7500 115.5887 115.2576 116.6492 115.6060 115.7475 115.7811 115.8883 116.0469 116.1660 116.3360 116.6855 116.8587 117.2097 117.2791 117.2913 111.3326 115.8108 118.7591 118.9551 119.0876 119.5202 119.8135 120.0643 119.1134 108.8605 105.7101 98.0022 98.3344 96.5586 102.0980 104.1722 99.6593 99.4451 106.2287 106.9337 110.7960 110.5791 104.3226 104.8871 107.2646 106.1936 106.4810 104.2870 116.6978 118.4449 122.3656 125.3984 104.2074 108.8035 108.3676 103.5575 108.5308 106.5678 105.5150 105.5407 127.5608 129.2272 132.6837 133.5919 133.8267 117.1289 124.4944 121.3000
116.3000 113.0213 105.4776 111.5265 116.0457 116.3389 116.3632 116.4550 116.5377 116.8560 117.3358 116.7237 117.4636 117.5391 117.7382 122.2698 120.7600 102.9222 96.3790 117.1955 119.4872 119.8087 120.0213 120.3896 120.8137 119.6168 99.3618 101.6181 101.5496 100.5035 99.8873 106.3015 103.4771 103.9629 103.2706 108.3620 112.8253 111.9068 110.5632 112.5483 123.7391 129.0413 128.5432 109.1281 105.8315 102.3438 106.9017 117.1385 115.5494 104.6825 119.8556 106.7172 119.8855 114.1447 104.8688 110.3466 132.7255 106.8712 123.6077 118.0833 131.4699 128.5523 132.2583 136.7900
116.8100 111.9004 115.0456 117.4120 116.5998 116.8827 116.9142 116.9936 117.1545 116.5629 115.2969 116.9071 116.7368 119.4264 118.5676 120.2194 117.9429 115.8870 94.9986 118.9604 119.5571 120.0316 120.4939 120.4615 120.4700 123.7873 103.4157 101.8505 104.7183 99.9488 102.6095 105.3969 101.5121 115.4477 111.7041 102.8302 104.8684 111.8080 103.1245 112.0721 110.6183 107.7788 118.4696 125.8456 119.2138 116.3509 106.5555 102.9130 107.5124 103.5539 117.1981 112.4019 115.7683 103.3806 105.2115 107.7031 119.7204 121.3103 130.5148 131.0353 130.1016 120.1396 125.2699 137.8000
117.7600 98.1055 100.7047 114.4399 116.9983 117.4329 117.4267 117.4932 117.5665 118.1110 132.4473 112.2932 97.7257 101.9509 101.2914 119.3949 107.6131 117.7164 111.9114 121.9733 119.8885 120.2694 120.3244 121.8979 121.6258 125.2800 112.3147 100.8933 102.1294 106.1377 103.8764 103.3156 99.2236 105.3061 104.9261 102.9221 104.4291 103.0567 106.7956 111.1441 112.6473 111.9404 118.9271 110.8420 113.6793 118.7047 130.5024 126.2781 109.8414 102.8531 102.3164 104.8752 110.7083 104.7566 104.9087 104.8395 101.6492 99.5105 115.5065 122.4771 127.3409 134.4544 133.7265 119.5700
110.4800 96.5431 96.7411 114.9521 117.4599 117.9431 117.9017 117.9473 118.1705 117.1453 103.7962 97.3655 101.0174 103.4354 121.0768 120.1652 121.3341 120.0076 119.7692 119.6079 120.3120 121.0729 119.8954 131.0505 117.0732 122.4853 115.0357 107.5401 99.8672 105.9084 105.7065 109.2565 107.5037 115.1856 102.9273 101.3431 100.7967 109.5705 112.4964 109.2130 105.3543 108.9628 119.9581 113.5449 113.8764 113.8403 114.0463 126.0465 123.0046 125.1492 114.3776 103.6271 102.1016 111.7866 106.3288 104.6996 114.7189 126.7362 121.3005 125.5087 103.1592 107.0026 121.1217 119.8700
116.0600 102.4183 98.3158 116.3729 118.0787 118.3839 118.4325 118.6140 118.1669 119.9022 115.8013 98.8069 96.9772 107.1782 120.8280 120.0034 119.2768 119.9661 120.0801 120.3433 120.7537 118.1524 122.1975 116.1626 112.0140 114.7140 111.5148 110.6710 107.7784 104.1090 109.0537 109.3979 113.9065 113.9698 114.7600 101.0971 102.2622 107.4295 113.0608 115.3994 112.7067 112.7164 106.4794 110.2575 117.7777 115.5429 111.8963 114.1411 118.0142 124.7904 121.5334 119.6854 117.6236 120.2724 102.9698 111.7630 123.3061 119.4823 132.3287 133.5147 128.0963 134.9910 130.4777 136.5900
100.7300 101.7291 98.5288 115.8614 117.1371 118.8020 118.9004 116.1052 120.3306 119.0108 106.8878 102.4722 101.1165 107.5108 108.9507 120.1897 117.8741 121.3578 120.4168 120.6646 121.0042 121.6097 121.3053 120.1891 117.9331 106.9555 109.1873 114.2020 108.3143 107.8822 104.3768 108.9477 112.5333 102.1932 104.1940 101.9321 102.4595 104.8791 106.3624 112.4362 117.3576 117.8276 116.8315 111.7948 109.9721 111.6505 116.6915 126.1358 111.4992 115.4738 120.5268 115.8190 119.7916 122.2983 119.3978 120.7576 130.0664 100.3514 119.8872 119.0257 124.0381 128.2617 135.6306 136.0000
100.2500 99.2743 99.6639 112.8122 113.8109 115.8626 118.3109 121.1017 98.1671 119.9316 116.9274 106.3161 112.4958 99.1623 105.1549 115.1860 118.3321 120.4366 120.7574 120.9402 121.1246 121.3834 121.5591 121.8371 101.3670 106.9307 117.6308 107.4052 107.0993 110.7702 111.0951 117.4316 110.4502 108.0385 101.0698 101.4368 111.2141 115.8559 103.4572 108.3243 115.5531 103.1893 103.1559 116.5354 117.0571 112.7132 111.1800 115.0200 114.7296 117.7984 110.4891 111.1897 111.2753 123.7824 123.1635 123.5760 124.7990 123.2363 125.8793 132.7723 118.3730 121.7148 126.7651 126.5900
102.7800 103.7012 99.7569 117.6219 116.4511 119.9195 120.7062 109.7817 115.9822 103.7096 104.6166 121.7595 120.2517 99.0852 107.8729 109.3731 120.8031 120.8918 120.9984 121.1919 121.4862 121.5399 120.9124 123.2353 104.9405 102.8203 107.0213 109.6414 118.9326 106.2169 113.7396 112.5187 111.6208 106.3579 106.2612 102.3297 104.8812 117.1105 118.5792 108.1068 108.1365 106.7265 108.9039 112.0296 117.9291 118.3530 119.1521 113.3742 111.2484 113.4476 103.8566 104.9372 108.3665 110.1581 116.6839 124.5759 124.1364 124.9799 125.3127 125.0808 129.1887 136.2499 135.7160 128.2700
103.2600 104.6421 109.4059 120.3300 119.7699 121.3775 108.4535 107.6208 100.0538 113.3361 118.5986 120.9501 121.7819 108.1321 108.7438 122.7893 121.4447 121.1384 121.2645 121.5978 121.8360 122.1859 115.7013 116.2133 120.7307 105.9766 110.3492 118.3039 113.8073 114.5382 116.3206 110.1613 114.1892 114.2624 103.4075 101.3067 111.5496 115.9078 117.7202 116.9642 118.6906 108.4135 113.8860 120.0390 110.1262 113.5804 112.5269 110.8189 113.0588 106.0591 105.6397 111.4483 107.2872 123.0966 115.0388 113.3924 111.8088 119.0644 124.7774 126.2412 126.0981 126.3585 129.7706 134.4300
104.8800 104.1996 109.6611 121.1183 120.0551 121.5671 116.1378 106.5662 98.7856 108.6016 121.0072 120.8972 122.0533 110.6211 118.7710 121.6226 120.9949 121.4640 121.6857 121.6797 121.1270 118.0326 115.7333 109.4672 107.8433 117.7749 108.0713 117.5399 112.7901 113.4987 116.2140 110.9624 113.5430 114.2095 114.2161 104.9616 102.0764 108.6668 116.4588 118.0179 118.4024 119.2214 119.6695 118.0223 118.7111 111.2263 109.3339 103.5909 104.5880 105.4784 117.8792 109.8457 106.3261 121.7695 119.9156 125.4483 118.5098 116.4548 109.0257 121.8299 126.9832 127.3441 127.2962 127.7700
120.7400 120.7157 112.4749 121.1467 120.8874 123.4355 104.2998 109.7017 98.7334 112.4669 121.1357 122.8038 109.7622 124.6639 110.7407 122.4136 121.2621 121.6875 121.7716 121.7263 132.9610 123.9206 113.7571 107.5722 101.0373 102.1900 103.4116 119.1282 119.2143 113.6933 117.2202 116.1026 115.4510 114.2807 101.9931 114.7592 110.3603 109.0342 104.0460 119.5022 115.3218 119.4955 119.8236 115.1228 112.0580 106.8915 103.0981 104.4973 104.7497 104.4659 103.9061 104.8615 110.1008 104.7992 106.8587 120.7052 120.2435 125.9321 113.9000 117.5652 123.4384 127.5665 127.0116 127.9600
121.0500 121.2476 120.8759 121.1100 122.0519 105.3685 118.6040 108.6090 107.3539 103.4775 120.2977 121.6799 105.0034 113.7635 114.9474 121.4458 121.7234 121.9536 122.1506 122.2377 120.6338 123.8639 107.4735 103.7359 110.2314 110.9526 126.7386 113.3804 118.3627 115.0823 120.8778 122.3011 105.9498 114.9468 106.0891 100.9930 116.4993 113.3708 111.3411 115.3988 109.2868 120.4392 120.1243 117.3394 113.5168 104.5252 108.1314 105.3675 104.8156 105.2094 105.4243 105.5134 104.3402 106.0184 109.6641 116.0746 107.5498 121.2976 124.0362 125.2198 117.9837 122.7594 116.5345 122.2100
121.3500 121.4052 121.3371 121.3688 120.8996 123.4207 100.2981 100.3264 117.4635 111.9541 121.1877 108.0964 120.9366 103.6740 116.1682 121.6800 122.1303 122.3154 122.4022 122.5707 122.7013 122.3886 103.0803 102.5626 108.0203 112.5731 108.6081 112.8149 102.6008 116.1627 118.3512 109.3003 120.4406 103.4642 103.9305 105.8579 115.0940 112.7637 115.7371 114.6025 111.0947 111.6872 116.6399 103.9801 98.1426 103.4321 109.7395 105.3308 104.9633 105.0165 105.0789 105.6089 105.5056 105.6307 105.0020 115.7509 120.3710 113.3642 112.9233 128.6471 129.3271 114.2091 121.3354 122.2100
121.6400 121.1208 121.4655 121.6095 122.7810 115.5762 98.8445 105.2765 101.2732 108.2853 119.3655 111.2567 117.3195 114.9118 114.6646 122.4692 122.3364 122.5737 121.8390 122.5554 125.9098 112.3012 118.6071 114.7382 114.6977 115.6422 107.1467 115.7478 108.0760 124.9224 109.1025 106.9441 102.9593 99.8328 118.0611 120.5623 117.5356 104.4471 117.5853 117.5066 112.5025 103.8558 106.5223 104.1523 127.1698 116.4017 103.1578 104.6911 105.0886 105.1726 105.6934 106.3019 106.2074 105.6381 105.8134 104.3034 116.4754 108.4900 123.1851 110.4911 118.9834 109.5360 123.9442 127.0100
121.9200 116.7660 113.6589 123.4901 100.8702 114.6548 99.6901 102.1232 105.8127 105.7606 103.1457 122.0685 121.6914 121.7411 122.6952 122.2666 124.6848 122.4636 130.1945 123.1582 120.1340 109.5205 124.5225 127.0708 104.6578 110.1972 114.4464 110.2655 119.3709 119.3505 101.7567 111.7316 101.2533 114.2116 104.0483 105.1594 119.1398 114.3349 118.9401 118.7588 119.8372 117.8744 103.6122 104.0475 106.7038 111.2284 103.3903 105.1223 105.0882 105.2672 105.3710 105.7755 106.0129 106.7236 107.2222 106.3959 105.3794 107.0453 112.5565 108.3406 123.4919 109.6390 115.6099 114.3500
113.8300 122.2596 96.6909 119.9272 121.1518 109.8533 100.4603 104.8756 102.7756 106.6935 111.6670 122.9322 122.4593 122.4376 122.5371 122.5721 122.9812 101.7311 125.6947 122.9282 123.9172 125.2395 108.2628 123.1532 121.3967 117.9058 117.0558 115.2258 112.4747 107.2235 114.1605 124.2040 120.9438 109.2185 111.7656 113.7915 115.8522 119.8289 117.7974 119.3334 119.5175 118.3259 117.2770 113.8638 104.3329 104.2329 109.9646 104.5489 105.2247 105.3573 105.4804 105.6051 105.6937 106.0404 107.2827 108.0876 108.2837 123.4803 107.0152 107.0077 116.9739 128.2910 115.0925 116.0100
100.7100 114.6505 102.3289 112.5290 109.6917 98.9366 103.9919 102.5111 110.4834 88.2272 123.2428 123.0956 122.8508 122.9606 123.0030 122.8946 124.3588 123.7411 123.7538 123.5955 123.5350 122.4117 123.9898 124.0102 123.9783 110.9592 105.7662 116.9558 119.8157 113.0732 114.8193 106.1696 127.6851 122.5971 116.2692 115.7442 128.2353 116.9537 120.5921 118.5980 119.4075 121.0504 105.8247 119.3243 104.5442 105.7561 104.6038 105.1299 105.3106 105.4606 105.5852 106.0755 106.1044 106.7294 106.6807 108.1510 108.7516 111.7334 111.9568 109.0155 124.9613 107.8597 120.5937 128.7200
100.9600 113.8687 104.8500 114.5390 112.8367 105.1189 107.7671 116.6982 105.2562 125.1621 123.4189 122.8520 123.0917 123.1369 123.1994 123.3106 123.3545 123.5020 123.5130 123.4721 122.4213 124.1804 123.3063 124.2406 124.0322 124.1154 102.4672 118.4435 115.6348 118.3048 119.9075 122.5436 104.0015 125.4569 124.8685 103.9518 124.5386 128.0741 125.0424 122.9624 120.3157 129.2426 113.8140 110.7748 106.0156 105.1869 105.1963 105.3633 105.4182 105.5299 105.7483 106.0837 106.5256 106.6022 108.7729 107.7249 108.2581 109.1423 110.4635 110.1436 114.8621 112.9092 110.0075 129.0700
101.2000 105.9960 99.0085 101.8420 101.4040 99.3536 105.4207 120.0836 107.6381 125.3502 122.7611 123.3012 123.3314 123.3996 123.4706 123.5378 123.6411 123.7088 123.8613 124.2102 117.3021 123.1624 125.7072 110.2321 109.1800 129.3281 117.6572 116.3228 116.5803 117.8417 119.1894 111.9756 104.9287 109.6782 115.4879 117.2188 119.0129 118.0425 130.0965 123.9786 126.6470 123.6876 112.0861 104.7408 104.8090 107.0266 105.1504 105.4185 106.2905 105.9104 105.8432 105.9037 106.7286 107.1539 109.4116 110.1223 108.9193 109.1324 109.8432 110.9523 111.2950 111.9253 121.3259 130.2000
118.3400 100.6035 107.1425 100.9975 100.9026 105.2463 106.4368 108.9638 108.0696 115.3144 123.6809 123.6273 123.5768 123.6396 123.7061 123.7814 123.8564 123.9317 124.0647 124.0053 118.6286 123.3118 118.1938 103.9725 122.9611 122.8285 121.3162 119.3270 116.3532 118.2527 118.3429 110.3319 103.1018 100.2104 106.6926 120.0100 121.1064 119.6499 116.5315 104.5689 131.9748 126.8601 118.8457 104.3717 104.7553 117.9657 104.1273 105.6282 105.9869 105.9955 106.3875 106.9056 106.9597 107.5904 108.0387 108.9277 111.3361 109.9817 109.9820 110.5234 111.9509 111.1592 110.7614 118.7000
112.0600 110.5582 108.1901 100.8025 102.5851 104.0309 109.5410 109.6878 108.8861 116.5196 124.0824 123.7772 123.8200 123.8763 123.9401 124.0033 124.0800 124.1601 124.3011 124.3892 122.6214 126.0956 126.0563 117.3570 124.8882 125.1942 121.3610 120.8997 117.1718 120.9890 119.1363 118.5493 109.8320 105.7251 104.8241 116.4973 128.0831 117.5592 107.9774 117.5014 127.9823 120.1491 122.4066 104.0859 105.7507 105.1604 107.2037 105.5612 105.6687 106.2986 108.8649 107.8294 107.6439 107.6545 108.4131 109.0381 109.6802 111.5403 111.2108 113.5521 111.3297 113.9003 107.2312 113.4400
123.8800 114.0284 110.4893 103.2506 104.9258 105.2661 107.4939 103.5917 107.1211 125.4892 123.8927 124.0770 124.0486 124.1055 124.1624 124.2278 124.3018 124.3741 124.3071 124.9100 124.3399 118.7313 125.2354 124.2368 125.2426 125.5111 126.6157 117.8444 121.0110 116.0768 106.7082 119.8834 125.1917 110.4441 102.5726 103.3802 124.2596 132.1832 123.4708 129.1689 109.5318 105.3152 118.1413 106.7413 105.2635 106.4549 109.7015 105.7745 105.8199 106.0993 110.0998 106.9380 107.6587 108.7598 108.0767 109.2698 110.0977 109.4943 109.7037 117.7225 112.2178 113.0239 109.8527 113.3500
113.7800 113.8130 113.4584 104.2081 104.7644 107.8083 109.4936 111.6925 108.0913 116.0326 124.2021 124.3268 124.2758 124.3269 124.3757 124.4420 124.4888 124.5814 124.4988 124.1791 110.6757 107.3414 119.7841 127.1359 120.5399 106.9231 113.2736 125.6660 120.4903 116.5337 116.9398 121.0652 122.3293 118.3241 104.2089 102.6971 113.1588 132.8902 126.5832 121.2984 107.4325 117.0708 101.7609 104.9751 105.5850 104.1743 103.6243 105.5926 106.1502 105.9693 105.5847 106.4074 108.7002 110.7384 109.9521 109.9118 109.9359 110.7201 117.2557 111.9350 113.6201 112.9997 110.3377 113.1100
113.9500 113.9182 113.2353 104.7308 105.4601 113.1374 116.3597 115.4092 109.1651 119.3206 124.6415 124.4852 124.5023 124.5458 124.6231 124.6811 124.8417 124.8330 124.4723 125.4633 102.1919 107.8986 108.8233 118.7414 129.1043 126.8090 122.8321 119.9185 126.3995 128.5200 114.2705 103.6653 115.2404 125.6610 104.8069 108.9897 105.0368 107.3685 127.7127 122.4497 103.7344 104.4125 111.4666 105.9689 104.4221 102.7509 119.4429 111.7084 104.9626 106.5288 106.2075 105.9095 106.3952 107.1480 110.2923 110.4190 110.4586 112.1085 117.6569 110.1350 113.6440 110.0892 111.2114 107.6500
104.9100 104.8380 113.4739 113.7377 104.6096 113.4254 116.7735 119.6521 111.2270 126.7816 124.6607 124.6818 124.7112 124.7619 124.7771 124.7769 124.7164 124.8957 128.3184 125.2741 114.6128 114.9184 113.4410 114.3548 110.0763 124.4262 110.6504 125.2067 117.9389 125.2049 105.0892 127.8780 114.6879 120.6528 106.0012 103.0118 108.1685 107.8304 106.4003 109.7128 104.0904 105.4324 105.4815 104.7575 109.3089 125.9661 128.9112 126.9504 102.6301 105.2897 106.5380 107.2025 123.2236 112.4767 107.3038 112.1311 112.1405 111.3590 110.5521 111.0525 106.4222 106.8066 113.3571 107.6700
102.7200 109.8472 112.0690 115.5063 105.5165 113.7316 117.0279 119.2281 120.7804 125.3024 124.7991 124.8886 124.9411 124.9750 124.6398 125.1885 124.8378 125.8942 124.8756 122.1835 128.4713 111.0596 122.7578 118.6669 103.7403 107.0160 108.8529 104.3891 103.0096 120.0706 115.2802 108.1773 105.5900 109.6325 111.8994 104.7191 107.1893 106.3985 106.1426 107.6459 105.4134 105.5478 105.7995 104.2568 125.7128 112.3376 120.3351 119.5011 116.6302 110.7025 106.3544 106.4052 107.1216 122.8695 117.1585 107.5849 109.9937 112.3696 112.8876 112.5740 113.4170 107.6147 109.0372 107.7800
102.9200 101.5168 114.3333 115.1487 108.7364 114.0601 118.0380 118.8577 122.3012 125.3190 125.0570 125.0347 125.0789 125.1399 126.7290 121.2496 120.2816 109.5611 110.4488 107.2819 128.1107 113.5152 118.0532 115.8541 113.5511 108.8933 118.7680 118.6066 107.2173 102.7694 107.4464 106.0102 113.2582 106.4648 103.9916 104.8669 105.0153 105.2306 110.1563 105.0087 105.2549 105.6575 105.7280 105.5515 109.2288 105.7639 106.8723 105.0837 107.5328 111.4433 106.0059 107.6233 110.9821 122.7816 118.1966 124.2538 126.3105 111.2319 113.0350 114.3333 114.0987 112.6690 112.7270 107.8000
103.3000 102.7520 116.0635 114.7165 120.3117 118.8910 117.8647 119.0409 118.5399 125.5213 125.5849 126.3361 125.4307 125.2418 125.2389 108.7729 128.3664 102.3140 112.3214 115.4849 126.7328 116.1820 115.6735 114.9194 115.9689 119.3409 125.7073 125.7630 125.2252 124.0286 111.0521 104.9126 106.0997 104.0347 107.7623 104.7587 105.6164 103.7917 109.3723 108.6534 109.8837 106.2503 105.6246 105.7790 105.9069 107.1309 103.4416 124.2291 107.1275 106.7069 106.4033 107.5208 107.8196 108.1514 109.4047 114.2827 125.2240 127.8931 113.3154 115.4175 112.1820 114.6605 114.6333 115.3500
103.4900 102.5057 116.0957 115.3483 113.1734 119.4822 118.4985 119.0645 119.3154 126.1278 124.1711 130.1873 125.3590 126.5586 123.4732 125.6733 117.2245 118.1543 109.4450 108.6448 120.6303 122.3232 124.4887 114.1902 121.3616 112.0493 123.3039 126.4540 127.5566 112.4312 107.1208 106.6784 105.8476 105.2149 104.9318 105.8698 103.3795 113.8473 116.1284 108.9485 110.0308 111.5932 106.4803 106.0577 106.1734 105.7526 111.2483 130.1692 115.0966 106.0662 106.5855 106.6621 107.3008 107.7549 119.1222 126.6533 127.0592 130.3304 120.6883 113.2935 115.0415 115.2809 115.4058 115.5100
109.9200 103.8193 117.5099 115.6601 120.2179 119.3763 119.4347 119.8092 119.7861 125.8413 126.8949 114.3364 125.7690 123.6270 120.8109 106.4438 117.5206 116.3381 117.2968 112.1811 118.4866 126.3736 122.3516 113.2851 121.4545 117.4362 118.8117 117.4083 111.6407 108.9047 105.9664 111.3051 111.9744 104.7062 105.8167 105.2943 108.5428 135.8710 103.5939 109.8882 110.0594 112.1057 108.5562 110.7915 101.0469 123.2600 127.1166 126.8899 128.5271 110.2836 120.4857 114.3825 108.1636 111.5675 110.5321 118.2372 130.0726 130.1239 127.9504 133.1034 124.6864 115.7398 116.0791 116.3800
103.8400 101.2238 115.8993 115.4927 118.7306 115.5357 120.1431 122.1854 120.6872 126.4998 125.7242 127.4285 126.0059 124.5053 106.6310 108.4352 121.1579 109.0614 115.0441 110.7531 116.8001 124.8837 127.1992 114.1674 116.2568 114.5581 122.6065 130.6800 100.6941 109.9137 105.6156 103.5352 106.3984 104.0626 108.2728 104.7079 104.0250 131.3975 104.8152 121.1607 116.1534 110.1759 108.4483 106.2553 105.2830 118.9550 130.0353 113.4930 127.6057 113.1294 131.8278 130.8052 133.6470 137.5714 133.8653 131.1691 125.4546 130.2634 129.6474 129.5254 130.2200 121.3947 114.6431 116.5300
111.8800 122.6163 123.3223 116.4154 122.9029 118.2344 121.1725 107.9945 122.3430 126.1423 125.6000 125.4189 126.1841 126.8445 128.0558 118.0194 122.6836 125.3488 110.0217 122.2862 122.7036 113.0307 111.7093 104.5982 117.9201 105.3167 119.2253 116.1359 119.6748 117.6032 104.2421 105.3626 117.8318 129.7031 111.2706 104.3723 106.0840 137.3714 108.1431 105.4268 109.7698 115.2646 105.2160 105.7236 106.9655 109.5762 118.1311 127.6844 128.8384 128.5028 135.0134 133.5815 136.5665 129.2021 134.0161 121.0501 110.7122 128.7470 130.3458 130.9947 130.9665 133.8479 119.4280 116.8400
112.2400 126.8156 124.7204 117.4051 123.8965 121.6792 121.1728 122.4273 122.1456 126.6270 126.7931 130.9919 125.9154 126.7730 112.1076 116.0895 112.3806 116.7428 109.7351 119.7308 116.2656 118.4060 116.1612 114.4794 118.8140 109.3254 103.8400 109.7934 108.7537 123.3890 106.6558 104.6648 109.6303 107.4771 105.1245 118.5941 136.2096 105.3402 110.2682 106.2695 111.9971 112.0833 108.1165 106.0688 114.6817 123.6273 125.0418 121.5501 128.9432 128.7441 135.8499 134.4244 130.8888 135.4158 132.4404 114.3622 109.2788 113.7721 121.3014 130.7822 130.9514 130.5954 130.5333 128.8200
112.3500 128.1931 117.8949 119.4466 118.3444 122.6475 120.9624 114.8211 115.5276 127.4300 125.8842 128.4627 126.4029 126.6657 127.1899 121.4049 124.2852 126.4220 113.3267 115.9539 111.6173 107.1823 116.2605 105.4714 115.6541 120.7464 123.5870 112.6952 104.3444 110.6999 106.0789 103.5208 104.4406 116.2610 110.5301 105.0106 103.8871 104.9373 112.1866 105.2132 106.0126 118.5626 107.4411 105.8972 114.5356 114.5472 114.2577 128.0165 128.8895 127.1672 132.7092 133.3087 131.2446 141.5986 137.5855 141.3406 118.9621 124.6129 115.2834 133.1065 131.4481 132.7209 130.0267 108.3200
106.6400 119.1827 115.7336 119.6180 124.4728 119.3534 115.0524 116.9709 115.5819 127.1314 126.5698 126.4656 126.6747 127.0505 120.8971 120.4454 123.7717 126.0910 117.9288 111.8163 119.8050 111.6204 104.8888 104.6491 104.0520 123.6044 105.3499 109.5896 105.8036 104.7321 120.8524 104.4649 107.9027 120.9553 107.1600 110.7662 105.7478 106.2998 107.9205 107.1342 106.1020 109.3789 111.3270 111.5039 110.9547 114.2494 118.1015 127.3483 138.8410 134.9431 130.9506 129.3946 129.9862 133.9128 140.0260 129.7763 138.0711 133.6879 120.5637 131.0745 130.6678 113.5100 123.6891 131.6100
113.4400 120.0049 119.3637 112.8135 118.0005 117.4503 127.7864 128.0727 120.3410 122.0225 126.8227 126.8027 126.8195 126.6179 126.9802 125.4302 118.6185 121.2001 118.8907 105.5697 117.7197 120.4631 126.5143 113.9917 110.2541 107.4963 122.3583 107.8419 105.5743 106.3652 106.5663 116.3520 105.7787 130.3351 117.6469 105.4763 105.6438 106.4120 105.6771 108.5036 104.8894 106.6935 106.7633 116.5308 105.1628 113.0442 124.0292 114.4978 134.7306 133.6055 131.8462 130.0238 130.4034 137.3982 138.1252 137.9731 141.3024 139.4342 139.5865 134.2696 131.6681 123.2888 105.3571 108.5400
114.2900 122.5200 121.6079 112.8198 126.2130 124.0655 126.9583 126.5649 127.4475 128.1038 127.0603 126.9635 126.7990 127.3428 126.9822 123.6516 118.2373 121.8770 116.7287 112.8058 116.2680 123.6154 117.7234 110.1994 118.8862 105.0723 112.4142 104.1861 105.8259 106.0290 106.4341 114.8023 103.8026 105.9530 106.2960 108.0147 113.5070 108.1750 107.2949 126.0785 109.4339 107.3052 108.8206 122.9261 127.2056 114.0590 116.2629 116.0949 112.8303 119.6412 139.7309 131.1941 129.5435 110.9559 134.2817 132.5813 142.0081 139.3654 141.8552 141.9005 140.3127 135.7658 126.7960 108.5700
114.7900 130.2004 121.6762 122.7697 121.1286 127.6180 126.8627 127.1175 127.0122 126.7526 126.9525 127.4199 128.1253 126.2279 116.7175 120.1901 117.7348 119.6679 118.5941 119.2850 118.0749 114.0954 120.6017 112.1763 111.3897 112.1726 107.8438 106.0691 105.8526 106.0257 105.2443 104.3889 110.0526 104.7762 109.4578 111.1780 124.9679 103.9850 112.9735 119.4547 107.8257 106.0852 106.5728 110.3225 109.8309 117.4949 115.3516 117.9695 132.3473 112.8709 140.0090 131.7409 134.2401 129.0817 135.7114 139.7096 133.9809 140.8754 133.6427 110.8895 111.7086 139.2196 113.9037 108.6700
109.0900 127.2574 125.0067 128.2178 127.8372 127.3132 127.2288 127.2374 127.2442 127.1696 127.5930 127.6634 117.5133 136.7650 114.8913 129.0724 121.2956 112.7517 110.6442 114.9117 105.9674 112.8753 112.9942 110.0602 105.4791 106.1970 108.6381 105.7550 106.0038 107.6488 104.7063 106.9287 123.7220 103.1067 105.7212 123.4866 125.5663 114.3844 106.8426 107.8269 124.4935 108.4081 106.2891 109.4860 123.5694 133.4358 134.8367 121.5176 124.9039 121.3548 113.3681 138.9087 138.0519 138.8656 135.9716 132.9294 131.4623 138.4847 143.6836 143.9230 102.5787 113.7547 106.0962 111.5300
123.9100 125.2616 126.6321 127.1811 127.2659 127.3062 127.3687 127.3902 127.3945 127.4608 127.4969 112.9807 108.1579 130.4243 128.0987 127.3642 121.9061 121.0356 113.1666 105.0085 112.7292 111.0200 106.1556 106.0654 118.2928 105.3333 105.6969 105.3343 105.7930 117.0026 117.2787 122.4669 111.5225 106.7073 106.5628 119.1089 131.6658 115.7400 106.9049 108.3972 110.9461 107.2054 106.6439 107.9273 110.5239 115.5930 130.6228 137.1391 137.5033 130.7883 123.1028 129.6563 137.6239 132.0642 132.7155 130.1628 132.4626 135.5447 141.2551 143.5045 145.6270 146.1175 106.7889 108.8000
127.5900 127.8794 127.5964 127.5847 127.5497 127.6147 127.6623 127.5504 127.5643 127.5746 127.5831 129.2128 123.9850 123.8996 120.9045 127.1652 117.1254 123.0211 111.3308 112.6857 121.5399 106.4766 105.8761 109.5470 119.2399 106.6608 106.4158 105.3627 127.1135 120.7016 128.8370 125.2271 125.9614 117.3563 110.7632 104.6340 125.4476 104.5340 106.2125 107.6502 116.2046 113.8241 106.9860 107.0807 108.2637 117.7333 135.9339 139.1129 132.1791 116.6251 125.0936 118.5685 121.6478 142.3377 143.2668 121.7868 130.2809 141.2838 142.8918 142.1193 144.8587 116.2517 107.7702 110.3500
127.7300 127.6452 127.6813 127.6805 127.6803 127.8167 127.2820 127.5827 127.6968 127.7347 127.7476 127.4925 127.9785 128.7928 120.3826 125.9219 108.0215 119.1533 108.9811 122.6388 115.5430 109.7839 104.5135 108.0680 114.6591 108.3781 106.1009 109.9826 127.8799 116.1146 117.6541 122.9965 111.5385 116.4087 120.4665 107.5014 108.3620 123.3315 110.3597 112.2495 109.2216 112.7086 111.1945 107.4758 105.3438 111.4112 110.7323 128.6946 107.7169 142.8787 121.4292 131.6280 120.2824 136.3078 141.4159 143.6192 137.2124 132.0873 138.1332 141.7286 139.2275 135.5772 109.3794 108.9200
127.8700 127.8669 127.8488 127.8483 127.7555 128.0653 130.7712 131.3979 127.9405 127.8032 127.9015 127.9781 127.9109 129.4575 118.8981 112.2012 116.8475 113.8610 103.3489 125.8620 117.8335 123.3512 109.8998 105.6779 112.7100 113.7521 108.0494 104.8489 111.3437 129.3466 112.5964 128.6130 125.8892 116.8121 112.4868 104.5731 106.1102 113.7390 109.5064 129.2883 108.2178 112.0308 111.8034 106.7704 114.8692 114.4869 129.7510 145.2939 127.1591 140.3494 135.5034 135.4599 123.4127 114.6078 128.0790 136.6444 142.1106 138.0820 136.4025 124.7175 109.3241 105.2403 109.6890 109.0200
128.0100 128.0100 127.8800 127.8900 127.8900 127.8900 127.8900 142.0000 128.0100 128.0100 127.9900 127.9800 128.0900 128.0900 112.5300 112.2100 106.1600 106.1400 106.2400 124.3000 114.2200 106.3000 106.3900 106.3900 106.4800 128.5600 106.5400 106.6200 106.6900 106.6900 110.1600 128.8500 128.8500 106.9100 114.2500 121.1400 107.9800 112.8600 107.3000 107.3000 107.4500 107.4400 117.7600 115.3200 114.3500 107.7300 114.9500 136.6600 137.8400 138.3200 138.6900 139.2700 129.5000 130.2600 108.4400 142.2600 142.5700 142.6500 134.3000 108.7700 108.8500 108.9100 108.9800 109.0400
