123.5800 126.5700 116.9800 126.3700 119.2200 119.1900 119.2100 118.2800 116.2300 116.2300 105.1800 103.4100 119.1300 103.1500 116.9700 119.6200 115.2600 104.1700 104.1700 117.0500 117.0500 102.1400 116.4200 109.5700 107.1800 107.1800 108.3500 108.3500 107.0200 103.9100 123.1300 108.2500 108.2500 104.2400 103.6300 105.0800 122.6700 122.6900 122.4700 118.3200 109.9500 122.4900 122.4900 122.4800 122.4800 122.7000 122.6900 122.6700 122.8400 122.8400 122.7800 123.0000 122.9600 123.1300 123.2900 123.2400 123.4400 123.5800 123.7100 123.6700 113.1900 123.9500 124.1300 124.0900
123.5800 123.6201 118.0600 119.8680 118.6339 118.8069 118.5602 110.3342 103.7958 110.9591 109.7282 103.9348 107.1506 107.5161 106.1071 117.1756 113.9331 108.2003 104.1822 111.5907 113.7405 113.3323 112.8374 106.1387 109.6374 108.2674 106.6730 105.3918 103.7646 102.0941 123.3640 98.7716 106.2858 102.2215 120.1243 105.6291 105.7119 127.2038 109.6246 121.3337 117.3314 122.8803 123.3113 122.4306 122.4425 122.4162 122.4576 122.5098 122.4102 124.2261 117.4732 110.7707 123.1385 122.9832 123.0417 123.1257 123.2877 123.3595 123.4176 124.0748 120.9253 124.3496 123.9866 124.0200
125.0900 123.8438 119.7021 124.3744 118.3957 118.7478 118.5915 121.1521 112.6865 104.8370 110.2360 104.2744 100.4040 106.2635 113.1041 112.9106 111.2168 112.2755 108.0697 107.6107 104.9482 108.6036 110.0828 104.3133 101.2135 105.9519 104.6783 112.7364 115.0969 111.4819 103.3515 107.3332 118.0014 116.6922 109.0234 104.9145 99.4319 135.2216 120.4450 120.7297 122.9629 122.1188 121.9966 122.1016 122.1021 122.1398 122.1754 122.2949 122.5839 116.6145 105.7136 124.6558 122.5129 122.7036 122.7798 122.7068 123.3113 123.1262 123.0060 123.5541 122.1780 123.6216 123.9133 123.8100
126.0800 123.8144 108.1804 120.3096 118.9479 118.7075 118.2489 117.4500 118.9452 112.9958 105.5132 106.5987 104.0572 107.1691 116.1727 111.1383 110.5666 112.3710 114.1881 108.0385 106.2077 110.0747 110.0299 106.4486 104.9174 104.8892 111.1955 106.0732 112.9419 107.7930 101.7439 123.5015 119.6216 114.8461 107.3433 109.7274 114.2968 109.8002 121.9625 119.9424 121.7441 121.7171 121.7790 121.7884 121.8112 121.8478 122.0319 120.5383 121.8217 113.9276 114.7806 122.4407 122.2454 122.4673 121.9793 124.2721 121.8479 123.2277 123.1673 123.4488 122.0726 124.0819 124.1340 123.5800
120.0200 121.6509 116.1268 110.4095 119.5106 119.9441 120.4659 117.4026 118.8681 121.6706 109.2513 100.0404 103.5139 103.0784 104.1017 114.8561 111.1579 110.8589 112.5456 104.2858 103.2091 114.1982 115.4803 109.5585 107.2994 108.6741 105.8656 113.4452 108.5024 101.9063 106.0295 112.2279 121.9861 123.8225 105.9178 120.5374 121.8632 122.7705 122.2592 121.7470 121.6522 121.4920 121.4933 121.4847 121.5145 121.4721 120.6020 116.2891 122.3324 115.5351 113.3171 122.3868 121.9919 122.0782 123.6410 115.3223 104.9412 125.2433 119.7471 134.7904 107.7704 123.8189 109.6303 123.3200
119.7300 120.4636 118.8243 116.5542 108.5957 104.6964 116.9048 116.8645 115.7421 105.0065 117.0952 114.1724 102.9900 103.7136 105.5594 111.9113 110.2108 110.8490 110.1355 108.0027 108.9692 107.3710 107.6061 107.2720 105.4628 104.6041 102.8891 111.9268 118.0813 120.4527 116.7923 119.8359 122.3063 115.4628 123.6277 122.4782 121.1174 122.3976 120.8829 121.1415 121.0560 121.0312 121.0444 121.1629 121.1859 121.1842 121.3218 121.4484 120.8557 107.2641 105.5383 123.4518 121.7003 121.8900 121.2257 107.0098 111.3120 120.2758 112.5260 114.6137 121.0672 121.9284 122.9928 123.2800
120.5500 120.1494 119.5817 116.7340 116.2078 119.5583 110.8248 118.1597 118.3595 114.9190 118.3943 110.3070 100.4550 101.5073 117.9436 108.3676 108.4537 106.8348 109.8825 108.8014 110.9873 107.8547 107.3877 110.3656 106.0229 107.0574 104.3800 103.5142 100.9479 125.0344 120.9079 116.2443 121.6232 107.0734 116.2441 120.9134 120.9991 120.8384 120.8297 120.8723 121.1299 120.8756 121.0713 120.7752 120.8410 120.7587 122.1002 115.8489 125.9178 111.3857 123.9829 120.9901 121.5137 121.2568 123.3848 105.9929 123.6843 114.0026 122.1984 123.5571 114.8156 122.7087 123.1838 123.0600
121.4000 121.0635 120.3586 116.7787 120.9028 115.4607 117.8722 108.0867 116.6500 119.7120 120.4111 113.3590 104.7539 108.8444 102.4788 109.7038 107.3331 106.2979 105.9079 110.1366 111.3745 110.4861 106.8693 105.4842 101.3131 100.8529 104.6660 105.9599 102.2452 118.1731 116.7820 121.3384 121.2009 114.5262 122.4230 120.7753 120.6630 120.6020 120.5295 120.4850 121.8547 106.5640 122.0784 120.2810 120.3864 121.9903 113.4503 116.5669 124.9202 116.3840 120.6150 121.1963 121.1189 122.0191 113.1700 122.7709 121.6500 122.7247 122.6018 122.8549 122.0386 122.7251 122.2505 122.7800
117.0100 113.4017 122.0853 115.2833 116.0839 115.8394 115.6071 114.5547 112.7358 114.1815 115.2640 115.0575 116.8643 101.7722 102.1927 104.8772 106.2123 118.5624 110.4284 110.1587 100.6519 104.6816 107.1010 103.9175 112.5538 109.5313 107.6714 108.3203 121.3406 118.3672 117.7743 117.7361 122.1592 111.4179 120.8932 120.2870 120.3153 120.2447 120.1835 120.1429 120.0919 121.2053 120.0518 120.0978 120.0177 120.6110 103.8947 122.8303 116.9152 120.5640 121.8259 121.3705 121.0667 122.2999 105.6295 122.9900 121.0283 121.5446 121.9240 121.8976 122.1372 119.0890 120.6985 122.7300
114.5600 116.4228 112.0075 115.9115 115.1328 116.2198 115.4149 115.2480 116.2031 110.9996 108.1209 117.4270 118.2644 116.3250 106.9476 107.1800 108.9529 110.0967 102.6632 102.5157 106.3302 106.9863 104.1277 104.3595 108.3222 107.5293 120.8735 115.0064 135.7696 119.4743 121.5575 120.3611 120.3558 121.5155 119.9775 120.0852 119.9491 119.8807 119.8183 119.7719 119.7412 119.4925 119.7380 119.7282 119.6958 120.7166 118.3928 120.6324 118.0366 120.3804 119.0021 102.6244 120.7914 118.7222 105.5454 117.1984 121.2769 121.1045 121.7050 121.7526 123.1257 116.5126 124.8773 122.5000
118.7800 118.6062 119.2479 120.5927 110.8528 114.0034 112.7501 114.9990 116.8306 115.0663 112.2748 116.6799 116.7340 117.6916 124.5923 115.0435 112.2566 121.1425 104.0822 113.7673 110.0100 105.0892 105.3218 103.2264 106.0613 116.4557 120.7281 123.4846 125.3153 119.2567 120.3519 120.7883 119.9300 120.6419 119.6302 119.6830 119.5930 119.5059 119.4352 119.3777 119.3495 119.3659 119.3222 119.3254 119.6982 119.3532 119.6379 119.5824 119.9816 119.6044 121.6121 120.2790 123.3173 108.4221 123.0696 112.2377 114.0473 121.5681 121.1394 121.1205 122.7144 106.5280 118.5183 106.3300
117.7600 117.4465 118.6746 117.1712 119.7289 118.6031 114.3668 113.0270 112.2704 119.0734 118.5249 117.7612 110.2451 112.6851 120.4890 110.5282 112.3983 106.9085 106.5486 105.5521 124.3784 109.7217 110.1101 106.5673 111.4224 117.2260 120.7247 120.5741 119.9389 120.5355 119.9831 120.6098 98.2680 120.9751 118.9637 119.3574 119.1654 119.0650 119.0158 118.9771 118.9333 118.8969 118.9006 119.4481 115.2858 119.5947 119.1557 119.2251 119.3118 119.4800 119.3210 119.8420 102.4471 109.0635 119.2928 115.2928 121.9127 121.0920 121.1020 121.4236 121.6863 122.3242 116.9901 100.1500
116.5200 116.8517 119.5844 113.6367 117.0247 117.2826 109.3211 114.0921 111.0417 113.0514 118.4584 113.6508 112.4175 111.9093 109.9944 111.5487 113.2227 110.7621 104.9680 106.4452 110.9660 118.8282 106.3070 112.3080 123.0983 121.8352 120.9211 120.1831 120.0745 119.8972 119.7751 121.2282 107.3714 114.7081 119.8399 118.8843 118.8817 118.8333 118.6427 118.5230 118.5042 118.4731 118.1902 118.6022 104.8506 120.1825 118.7043 118.8125 118.9403 119.0743 119.2722 120.2161 117.8287 119.1216 106.9252 112.0584 120.1001 120.3351 120.8021 121.0197 121.0604 122.1827 106.3263 108.3500
116.5600 112.2553 118.5703 117.5250 111.7829 113.0444 113.4552 113.9140 112.3473 109.3547 106.3363 109.6756 110.9969 110.7597 107.7064 102.6462 113.2796 105.5086 113.6112 102.4978 102.7093 118.3608 111.5841 109.1790 119.2938 121.4925 120.1772 120.5706 120.0633 119.6015 119.3649 120.0803 114.9886 109.2012 119.1256 118.5403 118.3472 117.8445 118.0924 118.1964 118.0247 118.0234 117.8870 119.3426 119.4240 118.0815 118.3222 118.3831 118.5407 118.6877 118.8947 119.0202 119.3787 119.5862 117.5771 118.9445 120.6474 120.3184 120.5829 120.7744 121.0265 119.5973 110.4180 103.5100
120.1900 111.1312 115.0332 118.9932 116.7124 112.7309 112.4956 112.0707 113.4915 114.7796 109.6238 114.1612 108.1128 110.1722 113.4386 113.2568 115.0144 106.0756 104.7986 106.0522 112.4902 122.7916 121.1374 122.2467 121.6386 121.6656 118.5135 113.1435 119.5761 119.2059 119.0478 119.2624 118.0636 118.7794 118.2456 118.0470 117.9591 118.6036 125.2279 117.4554 117.5422 117.5453 117.4683 117.2871 117.4203 117.7385 117.8231 117.9581 118.1104 118.2756 118.4565 118.6668 118.8402 119.2569 118.7358 119.5794 119.7545 120.0166 120.2731 120.6098 119.8423 129.1186 119.9895 121.2500
125.4800 123.1119 123.1349 115.0775 118.0733 113.2061 114.1854 112.6771 111.4900 111.2996 114.0567 117.1602 104.9803 108.7251 109.2535 114.8693 115.5546 102.1301 102.7468 105.4533 104.5095 121.1401 120.6739 119.9844 119.9996 115.5892 119.6381 117.7659 119.3083 118.9024 118.6663 118.4295 118.4829 117.8474 117.8344 117.6582 117.4178 117.2397 116.9155 117.0514 117.0350 117.0350 117.0571 117.1248 117.1677 117.2306 117.3498 117.4985 117.6652 117.8535 118.0600 118.2694 118.5228 118.6945 119.0798 119.2823 119.4769 119.7662 120.0259 120.2355 120.5223 121.8197 118.4237 121.1700
125.4500 125.6524 126.0190 115.9154 113.5051 106.9599 112.4802 113.6080 112.6683 110.5127 115.0322 111.9111 116.0352 112.6201 108.4206 107.8158 101.1140 100.3148 102.0032 107.7182 114.6112 122.9809 120.3048 120.2081 120.6886 119.6134 119.2622 119.4397 118.8620 118.6165 118.3360 118.0558 117.7614 117.5820 117.3449 117.1529 116.9577 116.8214 116.7842 116.6572 116.5146 116.4885 116.4917 116.5282 116.5991 116.7107 116.8483 117.0145 117.2002 117.4089 117.6274 117.8662 118.1212 118.3777 118.6523 118.9131 119.1908 119.4706 119.7431 120.0176 120.3469 120.4644 120.5765 120.8800
113.7400 116.0644 122.3849 114.7072 118.8058 103.9876 103.2642 112.1988 110.2792 111.2404 112.1513 110.5158 111.1120 112.3043 107.1123 109.9618 104.2767 104.7718 105.1160 112.9780 111.9203 121.5468 119.7962 120.0199 119.6619 119.4088 119.1361 118.8807 118.4371 118.1951 117.4512 117.7150 117.3788 117.1470 116.8840 116.6034 116.4712 116.2700 116.1128 115.9996 115.9436 115.9172 115.9119 115.9760 116.0706 116.1751 116.3210 116.5026 116.7067 116.9406 117.1964 117.4514 117.7315 118.0097 118.2990 118.5987 118.8873 119.1815 119.4746 119.7722 120.0545 120.3400 120.5194 120.8000
112.8600 112.3102 112.7276 117.4342 113.9277 113.3879 109.5249 108.7602 106.2334 110.8130 113.2192 111.9192 115.2561 109.8329 104.6710 110.3724 103.8388 110.9870 119.2075 104.8133 101.3589 110.7526 119.7430 119.7720 119.4962 118.6560 119.7150 116.5166 117.8097 117.6031 117.3406 117.2909 116.9558 116.6079 116.3846 116.7319 115.9199 115.7389 115.5429 115.4203 115.3311 115.2899 115.3062 115.3226 115.3613 115.5520 115.7511 115.9764 116.2244 116.4876 116.7289 117.0297 117.3266 117.6360 117.9529 118.2674 118.5815 118.8980 119.2099 119.5170 119.8299 120.1220 120.4359 120.7300
113.8200 114.4960 114.9578 117.6051 112.5276 111.8619 112.5655 108.8218 108.4652 112.0739 109.0197 105.8068 116.6584 107.0216 103.4006 105.5839 104.6800 114.9155 114.9892 117.4978 107.7597 121.3339 113.9497 120.0636 119.1309 115.3653 109.9542 108.0725 121.9058 117.1285 117.2377 116.8270 116.5196 116.1329 116.8788 109.2010 116.1277 115.1434 114.9195 114.7689 114.6780 114.6297 114.6184 114.6919 115.1810 114.8983 115.1665 115.4015 116.0270 115.7390 116.3116 116.5775 116.9207 117.2581 117.5949 117.9351 118.2786 118.6181 118.9492 119.2743 119.5957 119.9112 120.1501 120.4300
114.2800 110.5613 111.0216 112.4731 114.3471 111.0747 111.2908 111.7967 112.1251 108.2332 108.7159 107.7013 108.3584 107.4378 117.4078 110.3924 103.0406 110.7908 121.0986 116.5311 122.2239 120.8823 119.7492 118.9698 119.0424 121.8853 104.0579 114.9447 116.0550 117.1139 116.6583 116.4180 116.0385 115.4285 117.0422 95.4985 109.6748 114.8227 114.1054 114.0776 113.9551 113.9150 114.3647 108.6650 114.6069 114.3105 114.4297 116.1896 109.2474 116.9799 115.6681 116.2193 116.4980 116.8694 117.2381 117.6101 117.9723 118.3365 118.6870 119.0356 119.3710 119.7088 120.1789 120.3500
114.2500 108.7119 112.9743 111.7665 110.9270 108.6980 113.4054 107.2918 110.2169 114.4016 111.6480 109.5559 109.3597 109.0293 106.4514 105.3207 101.0601 116.9394 119.3521 116.9704 120.3896 119.6386 120.2757 120.5839 119.9698 117.7468 115.9449 105.0768 117.1936 116.7275 116.4268 115.9681 115.6044 114.7145 116.0036 99.6348 103.6443 113.9071 113.7476 113.3223 113.2040 113.1335 113.3460 114.1431 113.0541 113.7743 114.5355 114.4957 100.2714 110.4812 115.6224 115.6387 116.0885 116.4835 116.8818 117.2872 117.6727 118.0587 118.4343 118.7979 119.1498 119.4922 120.4730 119.9700
113.0500 114.7857 112.6331 114.8438 112.0175 109.8621 109.1899 105.9222 102.0519 107.4860 106.0895 111.5473 114.8306 108.9796 105.1239 106.6256 104.0734 120.7155 116.1905 118.8619 119.8662 120.3812 110.0422 110.1856 110.2892 112.0658 117.4924 114.1436 117.1684 116.2209 115.9924 115.5425 115.1341 114.7115 113.9279 110.2131 116.5957 110.1744 110.2180 112.4048 112.3366 112.1258 111.4183 106.4167 113.0119 112.9593 98.5722 113.7015 100.7739 109.9107 114.7455 115.1807 115.6605 116.0976 116.5325 116.9656 117.3926 117.8008 118.1862 118.5730 118.9458 119.3202 119.5438 119.9100
111.7500 108.9268 114.2313 113.5277 113.1517 111.0981 110.9431 109.9965 107.5933 107.0838 104.2349 107.7666 109.8596 100.4861 107.6778 106.6209 112.6346 122.9189 107.1939 121.2687 119.4620 119.8521 111.4089 104.6001 93.5838 107.0869 126.0558 102.5770 117.5513 115.8655 115.6199 115.1039 114.5504 113.9373 113.3128 112.5199 112.5397 111.7740 111.8796 111.6897 111.4633 111.1206 104.6597 92.3757 112.8043 114.1080 107.3997 114.7446 113.3737 115.4590 114.4721 114.7407 115.2304 115.7127 116.1917 116.6488 117.0846 117.4910 117.9535 118.3476 118.7493 119.1080 119.5082 119.9100
102.9500 112.6813 88.8629 109.9430 112.3387 112.0938 105.2439 108.2673 101.9090 108.4373 108.8742 108.0835 104.5475 104.5240 109.4109 114.5208 116.7492 116.5704 104.8743 120.7047 119.3513 119.1660 119.4548 116.9693 112.3626 97.9429 121.6561 106.8552 117.4517 115.5523 115.2112 114.5504 115.4021 116.8576 112.9588 112.2279 111.8922 111.4225 110.8761 110.5482 110.2317 109.9577 106.2965 111.3602 110.8413 111.8044 112.0916 111.7389 112.3087 112.9856 113.6573 114.2660 114.8166 115.3425 115.8576 116.3682 116.8056 117.9502 117.6747 118.1555 118.5599 119.0501 119.4238 119.5300
124.9400 124.3096 134.4005 121.3840 120.0351 113.0274 108.9844 112.8581 109.2313 113.4833 109.2295 108.1050 105.8452 106.4699 104.3044 108.5108 121.0570 113.8394 119.1764 120.7648 119.4656 119.0801 118.6752 118.5988 118.8232 114.1711 117.1001 120.1938 116.0550 115.4405 114.8212 114.1849 113.6092 104.5881 113.2879 111.6532 111.0501 110.8457 109.6389 109.5787 108.8956 111.9028 112.1026 108.7266 109.6893 110.2259 110.5958 111.2738 111.9941 112.5612 113.1841 113.8053 114.4089 114.9810 115.5305 116.0632 116.5165 117.1851 117.4791 117.9531 118.3973 118.2845 119.0298 119.4800
124.9200 125.0258 123.1521 124.1238 117.4369 113.9269 109.1829 103.8895 104.5785 112.6406 107.8757 108.1548 117.5221 105.6403 99.5619 114.2821 109.4951 124.7821 119.4019 119.7551 119.3781 118.9586 118.5540 118.0872 117.5692 117.5501 116.9758 115.9482 115.5894 115.0900 114.4811 113.8937 113.4894 112.6369 102.4525 106.3973 110.8583 109.8839 104.2859 108.2373 107.8123 107.7693 107.6406 107.9715 108.3450 109.0051 109.7040 110.4552 111.2163 111.9497 112.6743 113.3572 114.0195 114.6393 115.2327 115.7919 116.3280 116.9580 117.4612 117.8742 118.2236 118.5241 119.0712 119.4300
124.9100 124.6980 124.5121 124.5728 115.7347 110.0349 112.7553 111.6199 106.4750 110.8600 106.6157 103.6061 103.8242 102.3576 100.7661 111.7248 107.0698 108.7593 123.4875 119.6639 119.2267 118.8406 118.4066 117.9816 117.5115 117.0131 116.5042 116.0048 115.4158 114.7985 114.1615 113.4563 112.5393 113.6756 94.6509 94.3195 111.3093 108.5274 107.5710 106.7262 106.1614 105.8377 105.8881 106.2656 106.9788 107.8118 108.7235 109.6264 110.5254 111.3715 112.1758 112.9408 113.6525 114.3273 114.9583 115.5641 116.1083 116.3538 117.4535 117.7355 118.0612 118.5347 118.9404 119.1100
124.9000 124.6727 124.2453 121.8055 107.5327 124.4686 118.4360 104.2067 110.8603 108.0893 108.2999 106.7342 108.5180 105.6158 102.0679 101.3414 103.3972 117.8447 120.1495 119.6187 119.0856 118.6795 118.3194 117.8588 117.3606 116.8734 116.3010 115.7594 115.1971 114.5506 113.8699 113.1357 112.3042 111.5400 115.1098 106.9427 91.5550 107.8485 106.1867 105.1544 104.2329 103.6859 103.7728 104.4146 105.4046 106.5284 107.6909 108.8030 109.8529 110.8224 111.7242 112.5558 113.3294 114.0441 114.7118 115.2845 116.3113 118.4488 124.1384 117.4908 117.9271 118.4281 118.8475 119.0700
124.8900 124.6856 125.5439 111.6297 107.6456 108.1698 109.7346 113.8306 116.9506 105.0690 112.0380 102.7702 105.3733 117.8476 112.1269 108.3869 122.1498 120.1091 119.9061 119.5197 118.7787 114.7213 115.8043 117.6975 117.1845 116.3673 111.5960 115.8667 115.0336 114.3371 113.6243 112.8534 111.9891 110.8070 113.3748 108.7829 109.1135 101.8408 103.2525 103.2573 101.7305 100.8864 101.0263 102.0813 103.6249 105.1914 106.6768 108.0224 109.2402 110.3261 111.3234 112.2197 113.0539 113.8082 114.5104 115.1686 115.9351 115.6497 116.0922 117.3965 117.8860 118.3389 118.8242 119.0400
124.8800 124.7727 121.5039 110.7875 112.0002 110.5643 109.7959 109.1622 107.1412 110.3510 104.1888 108.6004 114.5978 112.6780 118.5978 109.8389 121.7200 119.5827 119.7605 119.9604 119.7703 114.4663 113.7682 116.6912 117.5541 116.6415 116.3436 115.4807 114.8817 114.1695 113.4311 112.6161 111.7235 110.7641 110.4292 108.6675 106.7742 105.5561 103.4735 100.9597 98.6187 96.5383 96.9140 99.2731 101.6623 103.8675 105.7391 107.3400 108.7142 109.9317 111.0033 111.9613 112.8351 113.6231 114.3566 115.0376 115.7239 116.4852 116.9770 117.3149 117.8056 118.2437 118.9546 119.0100
124.7200 125.3080 116.6596 111.8686 112.5567 109.6293 111.7614 110.1973 110.8160 108.7874 99.4830 102.1416 113.2757 106.2590 105.7503 109.2530 121.4872 120.3278 119.7939 121.4379 111.5487 118.8295 118.6059 114.6224 113.9122 116.7650 115.9717 115.3722 114.7745 114.0636 113.2962 112.4583 111.5320 110.4837 109.1566 107.9166 106.4575 104.4898 102.0571 98.9572 93.9353 89.8973 90.4476 95.5076 99.7883 102.7489 105.0039 106.8250 108.3374 109.6423 110.7728 111.7778 112.6840 113.4960 114.2483 114.9394 115.5674 116.1174 116.6960 117.2592 117.7567 118.2127 118.6426 118.9900
124.7200 124.6185 124.7855 118.4675 113.0625 111.8297 113.1821 111.0237 109.4547 106.9841 101.8325 102.7333 100.3512 102.7438 119.5515 119.6730 118.5689 119.9427 120.2174 111.3767 104.7472 119.9279 118.1470 111.0277 111.6576 116.8917 115.8587 115.3993 114.7231 114.0077 113.2301 112.3824 111.4309 110.3745 109.2015 107.7821 106.0861 104.0193 101.3102 97.4212 89.8885 85.1944 85.9132 92.1522 98.5881 102.0914 104.5998 106.5540 108.1461 109.4947 110.6530 111.6862 112.6098 113.4358 114.2010 114.8915 115.5461 116.1605 116.7099 117.2370 117.7354 118.2018 118.6600 118.9800
124.7200 124.8637 125.3728 119.9268 110.8652 115.9291 110.5946 110.4642 105.3640 107.0988 99.9779 103.6706 101.2660 98.3440 105.2353 120.4351 113.4577 121.5720 120.0616 104.4546 114.3342 118.5246 119.0528 118.6698 113.7107 116.8893 115.9753 115.3727 114.7253 114.0077 113.2346 112.3853 111.4411 110.3767 109.1713 107.7723 106.1102 104.0439 101.3460 97.5200 90.1105 85.3083 85.9802 92.3485 98.6534 102.1212 104.6185 106.5680 108.1535 109.4989 110.6621 111.6856 112.6092 113.4390 114.2027 114.8992 115.5412 116.1439 116.7007 117.2358 117.7349 118.2047 118.6526 118.9700
124.8700 120.1481 116.1962 114.1550 111.3982 111.9495 111.3774 105.7558 108.4658 109.9684 104.4322 104.5776 102.1491 103.1399 104.6452 105.6958 113.8036 114.8032 120.2656 112.0964 117.5770 119.3273 117.3274 117.6856 117.6353 116.5828 116.0277 115.4290 114.7792 114.0733 113.3037 112.4730 111.5434 110.5109 109.3488 108.0059 106.4287 104.5346 102.1647 99.0867 94.2648 90.2909 90.9836 95.9475 99.9259 102.8285 105.0615 106.8638 108.3679 109.6614 110.7880 111.7909 112.6946 113.5051 114.2569 114.9449 115.5875 116.1802 116.7424 117.2657 117.7620 118.2291 118.6781 118.9800
124.8700 120.8228 110.4127 110.8486 108.0561 108.4474 108.2804 105.6789 109.1533 109.2995 107.7016 103.3481 118.7412 99.4102 97.9415 96.8038 120.5969 117.2755 119.8099 120.5626 119.2109 118.1417 118.2147 117.6601 117.1295 116.6656 116.1043 115.5092 114.8721 114.1858 113.4472 112.6327 111.7479 110.7605 109.6613 108.4317 107.0160 105.3731 103.4644 101.2529 98.9626 97.0043 97.3799 99.5579 101.8547 103.9961 105.8220 107.3930 108.7575 109.9581 111.0258 111.9815 112.8457 113.6395 114.3702 115.0421 115.6708 116.2559 116.8063 117.3245 117.8131 118.2780 118.7167 118.9900
111.5800 111.9170 112.8190 115.4790 112.0712 108.7648 108.7963 108.9367 108.0948 107.6021 108.6713 101.1064 115.1454 109.6002 98.0114 119.9830 120.9569 120.0211 119.8274 119.3784 119.0249 118.7184 118.2241 117.7752 117.2816 116.7766 116.2330 115.6400 115.0196 114.3570 113.6420 112.8687 112.0268 111.1145 110.1045 108.9888 107.7636 106.3902 104.9119 103.3723 101.9749 101.1295 101.4350 97.6440 103.7972 105.2822 106.7710 108.0910 109.2911 110.3789 111.3544 112.2514 113.0778 113.8243 114.5357 115.1811 115.7918 116.3656 116.9015 117.4085 117.8924 118.3430 118.7753 119.0100
111.5900 112.8647 116.0944 102.2827 108.9744 113.0216 107.3735 103.0998 103.4254 107.7940 102.6744 99.7790 119.1472 111.1893 119.5539 121.4003 120.9078 120.4042 120.0416 119.5870 119.1699 118.7203 118.3002 117.8574 117.3935 116.8486 116.3266 115.7770 115.2035 114.5652 113.8898 113.1597 112.3850 111.5353 110.6281 109.6492 108.6042 107.4935 106.3140 105.3094 104.3009 103.8941 104.2976 102.6284 105.9968 106.6223 107.7889 108.8749 109.9086 110.8743 111.7608 112.5888 113.3574 114.0747 114.7389 115.3636 115.9530 116.5029 117.0203 117.5192 117.9853 118.4323 118.8588 119.0400
124.8900 112.9474 110.5959 111.6842 113.2347 110.8008 109.6892 107.4361 106.0635 101.3598 105.5364 112.5925 113.9618 119.2817 122.8440 96.8071 114.9099 115.0836 120.8222 119.6313 119.2187 118.9066 118.5014 117.9623 117.5349 117.0530 116.3802 115.9638 115.4191 114.8288 114.1864 113.5068 112.7885 112.0206 111.2159 110.3623 109.4642 108.5751 109.1810 106.8407 106.7269 105.9704 106.0279 106.4431 107.0694 107.9297 108.8063 109.7068 110.5863 111.4214 112.2245 112.9785 113.6877 114.3575 114.9821 115.5759 116.1334 116.6703 117.1681 117.6568 118.1056 118.5457 118.9692 119.3500
109.1200 108.9446 112.5956 109.5027 110.5910 110.6155 111.6996 110.0647 112.2661 104.8980 106.0503 116.5838 100.2568 99.9732 102.9759 105.7345 127.7370 120.8242 120.1144 119.7618 119.5414 115.1707 118.5450 118.0194 117.5638 117.4636 113.4718 115.8011 115.6367 115.1240 114.5106 113.8906 113.2268 112.5417 111.8234 111.0872 110.3430 109.6793 108.9862 104.0486 107.9414 107.6605 107.7018 107.9815 108.4747 109.0985 109.8007 110.5392 111.2752 112.0341 112.8133 113.3842 114.0529 114.6694 115.2560 115.8220 116.3492 116.8645 117.3470 117.8059 118.2419 118.6409 118.9975 119.3900
115.5000 111.4447 115.3780 109.9625 111.3193 109.9889 109.9003 107.6901 104.4030 102.9543 103.0223 123.4254 106.3447 124.5559 113.1426 120.4285 119.6833 120.5026 120.2124 119.8914 119.4949 119.3393 118.6276 118.2155 117.6956 123.1297 111.4213 112.4464 116.3538 115.4781 114.8548 114.2901 113.6938 113.0720 112.4438 111.8031 111.1316 110.4567 110.4946 109.5125 109.2817 109.0835 109.1060 109.3225 109.6850 110.1651 110.7283 111.3530 111.9080 112.5117 112.4293 113.8568 114.4478 115.0102 115.5594 116.0887 116.5886 117.0702 117.5339 117.9845 118.4964 118.7891 119.5525 119.4400
110.0500 108.9247 109.6849 109.8847 109.3720 109.9310 108.9670 107.7489 104.9636 104.1269 102.4340 119.9600 116.2398 118.1196 121.6984 121.6533 121.2659 120.6895 120.3313 119.7872 119.3204 118.7682 119.9077 119.5322 112.5481 107.9051 119.0573 107.9311 116.7154 115.6768 115.2394 114.7170 114.1810 113.6063 113.0668 112.5507 112.0540 111.5569 110.7571 110.6900 110.4684 110.3048 110.3217 110.4819 110.7706 111.1503 111.6141 112.1208 112.7930 111.8555 112.4273 114.4045 114.8568 115.3680 115.8874 116.3786 116.8525 117.3088 117.7426 118.1396 118.5663 118.8185 113.1486 119.8000
113.0200 113.1885 110.5790 110.1518 110.4650 110.6927 105.5268 110.2597 108.4457 104.3560 104.9217 123.1437 122.0200 120.7716 121.3891 121.2463 121.0458 120.7607 120.4463 120.9913 118.5841 119.0806 110.3670 119.5194 105.1948 120.1850 117.4621 115.7330 116.7076 116.1178 115.6705 115.1007 114.6175 114.2263 113.7056 113.3476 112.8793 112.1195 113.7946 111.7108 111.3809 111.3850 111.3918 111.5121 111.7466 112.0601 112.4113 112.8682 113.3278 113.9028 114.5698 114.6718 115.2861 115.7518 116.2243 116.6735 117.1214 117.5525 117.9638 118.4606 118.7671 125.8090 112.7997 119.8000
113.0200 113.5173 110.7737 110.4013 111.3890 111.9004 105.3120 110.4025 104.2905 102.2028 105.7999 111.8116 110.2901 122.1663 122.2212 121.5807 121.2200 120.9040 120.5415 122.1748 121.4198 120.0199 108.2143 120.7297 120.2148 117.2222 118.2122 118.0967 116.2277 116.4083 115.9708 116.1965 114.6692 115.1271 112.7006 116.7692 112.4796 111.4671 103.0244 114.4438 111.7412 112.3565 112.3467 112.4400 112.6106 112.8388 113.3301 113.5156 113.9468 114.3742 114.7901 115.2649 115.6923 116.1294 116.5682 116.9885 117.4041 117.8223 118.2056 118.2295 119.2890 116.0747 121.3006 119.8500
111.3700 110.5047 111.5457 112.9404 104.3353 107.9018 109.0874 109.8322 106.2863 106.7153 109.7478 109.9766 98.9565 123.1046 122.1582 121.6096 121.3410 121.0281 120.6229 120.7071 107.6947 111.8774 108.1286 116.1270 110.3318 121.0713 121.5597 107.9117 118.2212 116.4012 111.3093 111.9499 117.1357 115.4994 107.8936 114.0279 114.3414 111.4380 114.3446 113.1887 113.2985 113.1795 113.1952 113.2794 113.4141 113.8517 113.3175 114.3945 114.5252 115.2261 115.3262 115.7114 116.1155 116.5323 116.9273 117.3094 117.6948 118.0867 118.5214 118.7573 118.7465 110.2232 118.2909 120.2200
110.5600 107.1920 109.6984 111.5804 107.1900 110.2978 110.6670 106.3396 103.5143 106.5847 109.2088 126.9892 118.7319 122.3788 121.9723 121.7598 121.4998 121.2168 120.8438 120.5490 114.4334 112.5708 110.7118 117.6059 115.8610 115.7665 96.4636 103.7909 101.6292 105.0352 101.2895 111.2454 112.4760 110.4246 96.9189 103.0719 107.3257 90.8452 117.0068 114.1619 113.9774 113.9658 113.9771 114.0387 114.1684 114.5221 116.6833 122.4498 111.8073 115.5581 115.7558 116.1892 116.5338 116.9440 117.1925 117.6217 118.0284 118.3444 118.7265 118.7207 119.7456 115.4392 118.8304 110.1600
110.8800 108.4649 110.0456 110.5711 110.8773 108.8072 107.3241 106.1013 104.3179 103.3590 105.4139 125.2351 123.0684 122.3599 122.1754 121.7414 121.5711 121.3612 121.0569 121.1540 121.7212 123.1330 113.9048 121.5653 119.7856 118.0056 114.3684 120.2104 105.7475 88.9331 100.7437 121.2655 116.5398 106.8976 97.8226 97.8109 98.9531 99.9161 116.1139 114.8314 114.6968 114.6793 114.6851 114.7486 114.8609 115.0010 115.3732 119.1989 115.3678 114.3258 116.9396 116.6255 116.9883 117.0799 119.6885 117.9834 118.3320 118.6762 118.6136 123.0091 122.5633 120.5615 120.7627 120.3600
117.8300 110.7003 110.3861 109.8397 109.9332 111.1014 109.2573 107.9525 103.8526 108.3612 121.0802 123.4253 123.6281 122.3007 122.0983 122.3753 121.3605 122.1023 121.1675 121.0789 120.4203 117.1398 103.6078 118.9488 119.3892 119.4486 119.6839 119.0418 111.2080 115.7235 118.3816 105.2188 108.5647 115.7772 103.6984 101.0545 115.2216 117.3839 115.7025 115.4804 115.3711 115.3395 115.3491 115.3981 115.5066 115.5646 116.8037 105.9216 100.6450 104.6687 115.1667 117.0693 117.3876 117.6314 118.3060 118.2615 118.6369 118.9286 119.1412 120.1121 116.8350 120.5136 120.5766 120.6600
117.3300 106.2212 110.5398 110.6299 110.5841 113.6024 111.4792 107.9891 101.0390 107.8015 124.4210 101.8792 122.8941 122.3666 122.8608 122.4327 96.6195 113.2178 121.4176 120.8144 121.9813 109.5493 115.5518 120.3083 119.6671 119.4248 119.1762 118.8270 119.0196 115.4770 97.9896 100.1449 113.8913 117.9620 106.5033 108.3450 117.6620 116.1440 116.1992 116.0641 115.9924 115.9623 115.9594 116.0083 116.0853 116.2574 116.2384 116.9672 96.9681 111.5553 117.3098 118.3060 117.7431 118.0411 118.3453 118.6564 118.9327 119.1106 119.7632 119.7328 119.9995 120.3570 120.6434 120.7100
111.6000 111.9514 110.0887 110.9547 110.0123 114.9547 107.3625 110.5632 103.9777 102.7652 122.4762 101.2010 107.8253 100.2276 117.4726 114.5432 101.7919 123.5736 122.2981 107.2886 121.0472 120.8960 117.6843 118.1346 120.3661 119.7109 119.4576 119.3502 118.8074 118.4305 125.2735 111.8095 116.9626 117.5216 117.7159 119.0587 116.6640 116.9187 116.7147 116.6297 116.5638 116.5304 116.5372 116.5736 116.6468 116.7501 116.8676 118.2923 107.7438 106.3619 98.9867 117.6914 118.2847 118.3871 118.6731 118.9448 119.2032 119.4743 116.8395 120.4526 120.2057 120.6155 120.8534 121.0300
117.0600 115.9343 109.9889 109.6405 108.0847 110.3462 108.9148 103.0021 103.0755 105.7517 104.1716 98.4295 125.1786 125.0535 106.6777 120.1516 117.3467 119.3649 121.5583 122.9522 122.3720 117.0776 118.4340 120.5157 118.5196 119.5408 118.3293 120.1531 117.2550 119.7803 118.5807 118.6017 118.9219 117.8940 117.7753 117.4990 117.5079 117.3453 117.2399 117.1552 117.0971 117.0707 117.0776 117.1101 117.1796 117.2572 117.4222 117.0564 117.8560 95.0830 116.6470 118.7670 118.3974 118.8029 118.9567 119.5728 119.9283 119.6842 122.2563 120.8520 120.4231 120.6374 120.7906 121.1000
114.6100 116.4561 110.7890 110.5766 110.8326 109.5242 107.5765 101.6933 101.6380 104.6356 125.2437 115.9674 121.1338 122.8373 106.1585 109.2781 119.4922 121.8749 118.8882 100.5373 116.5357 98.4360 97.0647 109.2419 109.1723 120.9126 113.6439 119.8919 111.3146 119.3597 119.7235 118.8905 113.7827 120.0746 118.3519 118.1209 117.9347 117.7704 117.7355 117.6502 117.6124 117.5868 117.5847 117.6176 117.6730 117.7567 117.8643 117.7856 118.2964 122.7425 118.0075 119.2399 118.9367 118.8506 120.2827 116.1351 119.7266 119.1650 120.2366 120.5371 120.9950 121.7828 121.4473 121.3900
110.3200 114.7208 109.6452 110.9151 110.0297 108.9772 105.6927 103.9395 104.1163 106.2066 118.5851 121.4609 123.9897 125.9039 124.8608 107.3679 114.2086 116.2685 110.4476 100.4022 100.9657 98.8955 107.2571 96.4294 117.0537 119.9531 120.6436 120.7919 104.9196 121.4019 119.7030 113.2429 108.6345 106.8000 119.0381 118.4919 118.4584 118.6860 118.1772 118.1329 118.0121 118.0568 118.0589 118.0895 118.1422 118.2142 118.3176 118.4434 118.5810 118.4013 118.9447 118.7890 119.2208 119.4994 119.1306 112.1454 120.6990 121.0283 120.5636 120.6989 121.2728 104.5159 122.0130 121.7400
110.3200 106.6142 110.5534 108.9803 106.5347 104.0117 105.7187 101.9271 104.4447 101.5822 105.3706 109.6329 124.8891 114.2629 120.1417 125.9968 119.7936 108.7950 109.2540 118.1903 104.8481 101.5368 114.3854 97.5303 124.9448 120.5179 120.4730 120.9793 118.3883 119.7636 119.6617 105.3799 121.0007 118.6042 122.4119 109.5825 118.6565 117.2516 118.8439 118.5788 118.7903 118.4067 118.5253 118.5399 118.5918 118.6586 118.7483 118.8486 118.9723 119.1884 119.2564 119.4746 119.6134 119.8230 120.2642 120.6563 101.9162 119.6311 121.2133 121.1266 121.3863 123.3477 123.2396 100.0900
105.7600 108.5059 111.6941 109.3303 109.3863 105.8672 102.0484 110.7337 109.5918 102.6571 112.5821 117.1061 124.1928 114.7101 109.1858 112.3435 115.4144 126.4570 106.1533 118.5407 106.7059 106.4172 100.8692 106.5280 113.2654 120.6865 121.1988 120.3970 119.9078 120.6486 120.1059 115.6415 117.1327 119.2908 122.0697 118.7373 119.4652 107.3005 119.5042 119.1139 114.1128 119.4610 118.8657 118.9767 119.0177 119.0714 119.1529 119.2528 119.3676 119.4879 119.6418 119.7904 119.9594 120.1276 120.3481 123.5353 107.3371 119.6864 120.9646 121.3076 120.8125 121.9291 121.9512 100.0900
112.8200 112.4761 111.5053 108.2956 105.8413 109.7674 111.2898 111.2594 115.5687 103.9974 111.8316 115.5257 126.4023 116.8625 113.1845 104.8299 122.5964 115.4796 104.0457 107.3438 115.2348 110.4328 118.3609 123.9470 121.3472 117.0823 120.9778 121.1517 116.3031 116.0296 120.4152 119.5275 120.3367 120.4112 104.3938 99.6593 104.3014 95.6092 120.4163 119.5462 100.2872 117.4133 119.0438 119.3991 119.4239 119.4772 119.5487 119.6420 119.7397 119.8584 119.9929 120.1349 120.2807 120.4472 120.6748 121.3148 120.9323 122.0848 121.1431 121.4508 121.7470 122.8521 109.6714 122.3400
110.8500 110.7393 110.6024 119.6447 116.6908 114.7183 114.1830 117.9712 104.0364 109.0108 101.9683 101.3321 114.7535 111.8456 118.0276 120.8830 123.4144 120.1505 107.7880 109.6755 122.9583 106.4840 118.3299 119.5846 120.8636 122.1177 120.9173 124.3282 113.6206 123.6424 120.7507 120.6043 120.3815 121.9663 103.1188 95.8176 98.6826 114.5111 120.1510 119.9381 117.5317 119.5942 119.7735 119.7861 119.8102 119.8614 119.9273 120.0058 120.1054 120.2285 120.3235 120.4656 120.6113 120.7605 120.9042 121.0327 121.2559 121.3282 121.4368 122.9124 121.3047 121.6293 120.0461 122.3700
111.5500 111.6502 106.5862 102.4576 113.5190 112.2680 114.2147 113.0614 108.4132 107.5063 108.6322 102.9584 110.1798 100.1021 118.6929 114.2453 115.4882 122.8594 113.7929 113.1339 109.9789 104.8733 121.0896 113.6281 122.0421 121.6771 123.2438 127.0608 95.9417 120.3133 120.1384 120.9637 120.8383 121.2985 120.2125 109.8698 96.2973 120.8636 120.5165 120.0375 120.1995 120.1292 120.0904 120.1521 120.1751 120.2187 120.2866 120.3585 120.4387 120.4822 120.7487 120.7844 120.9195 121.0527 121.2105 121.3633 121.5389 121.7989 121.7323 119.7049 114.2631 124.4780 115.8010 103.2900
104.2500 103.9753 104.0009 120.1580 126.4859 114.3875 124.7204 110.8687 110.2426 104.9542 105.2735 103.3089 100.7646 122.8599 123.9494 122.9746 117.4008 104.3011 106.6043 113.1978 101.1423 104.4901 105.0444 121.5850 123.1364 122.0299 119.5080 101.4651 103.5178 123.6570 121.0381 121.1536 121.0961 120.7155 120.7992 122.7362 120.7633 120.7657 115.1882 120.6696 120.4423 120.5067 120.4869 120.4508 120.5365 120.5996 120.6539 120.7161 120.8482 121.4273 120.5548 121.0898 121.2234 121.3709 121.4944 121.6418 121.7860 121.9777 119.5440 122.8031 120.7406 106.0673 123.1927 103.7700
126.2800 126.9339 127.4457 116.5693 118.0030 125.2797 126.4463 110.9862 109.9575 116.2581 104.9063 103.2729 107.2506 126.6346 121.7407 114.2477 122.7989 123.4978 114.9839 120.4435 98.6462 103.6424 103.4252 107.8136 124.8282 123.8334 116.1152 95.0153 122.8921 121.9963 121.7188 121.4225 121.3637 121.3465 121.2085 120.7098 120.6448 121.5523 111.2965 120.0636 120.5046 120.8735 121.1361 121.4970 120.8600 120.8342 120.9109 120.9383 120.7830 113.0279 122.7129 121.2295 121.6676 121.6357 121.7678 121.9083 122.0383 122.2171 122.3008 122.6205 124.5967 122.8482 100.2785 126.2600
126.4300 125.2949 126.3036 126.0769 127.3816 113.2055 127.7195 120.7290 116.5152 115.7995 112.1413 104.1313 119.4171 112.3281 114.8862 111.4588 112.2987 113.1857 116.7427 126.9400 111.8988 100.6361 115.1306 123.4975 123.0388 128.6135 104.7206 107.2965 124.0595 121.9538 121.8813 121.7758 121.6713 121.5485 121.4740 121.5294 121.0320 100.1142 109.2642 121.1466 120.5623 121.2376 121.6682 113.1557 122.0894 121.0903 121.2641 121.9279 121.5998 114.5015 120.5329 112.1299 121.8168 121.9503 122.0424 122.1680 122.3094 122.4381 122.8414 122.4573 122.8513 118.5742 103.9282 114.0600
126.4700 125.6970 126.3420 126.0278 126.3757 119.2942 118.3429 118.2687 115.9943 116.9318 109.0806 105.2035 116.2738 113.1591 110.0215 99.8016 108.5673 117.2334 120.2588 123.7188 109.6419 124.8006 122.9176 123.0297 122.1239 123.3386 95.8988 131.6704 122.7605 122.3019 122.1904 122.0423 121.9599 121.8695 121.7874 121.7005 122.7485 120.7560 96.0327 121.9436 121.0206 121.5576 122.0033 109.2571 121.7433 121.2954 120.6529 110.9656 122.5735 122.2713 103.2706 123.7254 122.1310 122.1744 122.3116 122.4271 122.5490 122.6525 123.6203 128.4663 123.1822 123.4286 113.5612 108.3700
126.6200 126.2894 126.3219 126.3847 125.7686 126.2073 109.8935 128.4498 131.3690 111.5394 106.2739 112.9844 105.4306 100.9572 102.8066 105.8044 111.2183 114.7927 123.7477 123.2885 124.8428 123.3429 122.9631 123.3035 122.2967 125.2323 112.9552 116.0723 116.7613 121.7985 122.3032 122.3285 122.2309 122.1552 122.0730 121.9608 121.1975 120.5291 95.6662 120.7382 121.5993 121.8537 121.8159 123.4173 123.2381 121.8557 122.1494 118.6271 121.1957 123.1210 117.7902 124.3015 122.2935 122.6059 122.0289 122.7568 122.8154 122.8667 124.5484 109.5365 121.6397 115.7906 115.7530 106.0400
122.7700 126.5400 126.4300 126.3200 126.2100 126.0800 125.8500 125.7300 108.6300 108.6100 118.6700 118.0100 116.9100 102.8500 102.7100 116.7900 116.1000 106.3700 113.3200 107.3800 123.9200 123.7600 123.6300 123.3200 123.3200 123.2100 123.0200 119.6400 120.9400 120.9400 122.5800 122.4200 122.4600 122.2800 122.3200 122.1100 122.1400 122.1600 99.9300 121.9500 121.9600 121.9700 121.9700 121.9500 121.9400 121.9300 122.1600 122.1400 122.3100 122.3100 122.4600 122.4600 122.6300 122.5800 119.5800 122.8800 122.8800 123.0300 123.2000 116.2100 122.7600 102.1900 108.9300 108.9300
