117.4800 121.1500 119.4200 118.0300 117.6700 119.3900 107.0900 107.0900 107.3700 116.8000 102.1100 104.8100 102.9900 112.6200 115.0800 116.6200 107.2300 117.0300 117.0600 113.3100 109.4600 108.6300 112.7900 113.0400 113.0400 110.5200 110.5800 113.9800 99.7700 101.3600 106.5300 103.2700 109.1300 104.2500 114.9000 121.4000 121.4000 121.4000 114.3100 121.3500 121.6000 123.0000 104.7500 121.7600 121.7200 121.9100 122.1000 122.1000 122.2700 122.4300 122.3800 122.5800 122.7200 114.3600 113.1200 123.1800 123.3600 123.4900 105.5400 106.5900 110.9600 124.0900 124.2600 124.3600
117.4800 119.1198 120.9546 117.4471 117.3148 118.2892 114.7121 110.2690 106.2863 108.0001 110.3031 103.3824 102.8115 104.9087 111.9650 105.7790 107.3935 109.1959 109.5957 109.7095 108.3531 109.9277 116.1112 112.3597 112.4969 106.3594 110.4141 99.8398 101.6422 105.3939 103.7295 104.1975 109.0007 103.4823 111.1870 101.5537 118.2468 112.1015 122.1632 118.7555 118.8815 120.9703 117.2805 122.2633 121.5607 121.6971 121.7868 121.8978 122.0268 122.1392 122.0188 121.3849 121.8152 108.1585 111.7847 110.4950 126.2208 105.9780 108.8866 110.4485 109.1336 124.2686 124.2041 124.3600
117.2000 113.4036 113.0552 119.4327 117.4181 118.6642 118.9000 113.5221 105.0106 107.0474 111.4942 105.2575 102.1782 100.9609 111.7793 105.0270 110.2514 105.4546 107.8391 109.5070 106.8808 106.2693 101.0426 108.3919 114.2684 106.4665 99.1446 102.8480 113.3460 107.7592 101.8425 103.8538 116.0668 120.0315 106.1017 97.6717 104.2966 112.5758 118.6727 122.0278 119.7199 121.3242 121.3140 121.1004 120.8927 121.4245 121.4985 121.6154 121.7331 122.1390 121.8915 124.8226 113.8316 113.7206 113.9918 122.7555 115.9263 103.3849 109.8729 109.7519 111.9022 124.1238 123.7103 124.1600
116.9800 109.3809 112.1704 117.1775 120.5362 119.7815 118.2624 117.9610 113.5997 108.2917 111.4620 104.9917 103.8850 102.5197 109.7484 110.4352 109.0024 107.3489 104.6868 107.5621 106.7285 100.9130 113.4608 113.6063 115.5436 114.7635 110.3678 105.8910 100.3534 100.7591 102.9404 108.8877 116.2364 119.1286 102.3279 118.2810 121.7526 117.8997 110.1938 120.3502 118.7623 120.7760 120.8448 120.4662 120.7927 121.3239 121.2134 121.3234 121.5681 121.4092 121.6978 107.9974 114.8954 114.4678 122.0104 120.1702 108.0706 105.5514 107.2688 111.2395 121.1732 124.1371 123.8765 123.8900
112.8500 115.3115 118.0215 109.8913 111.3126 117.5731 118.6585 116.0793 115.1059 109.6146 108.4721 102.5267 101.7809 105.7242 99.4988 110.1099 109.9789 108.4094 105.9749 104.6430 106.4593 98.6432 112.6618 108.6104 111.6672 108.9748 110.6491 100.9065 107.9457 109.8658 98.7386 114.1520 121.2583 121.6657 105.1807 112.3006 116.6865 120.0223 120.0505 120.3116 120.4706 120.3517 121.0194 110.2804 115.7198 121.0424 120.9095 121.0156 120.9296 123.1956 122.1476 115.7071 119.6110 114.0300 124.0017 102.4689 100.6943 107.3282 111.8013 113.7322 115.5005 125.2932 125.7984 123.6700
114.3700 116.6212 111.7631 119.5005 103.7414 115.9583 114.5663 117.7696 117.5748 109.9036 109.0936 109.3876 103.2803 100.8379 108.3201 102.2130 107.9785 107.8607 107.5580 104.4831 109.0948 107.7383 109.6817 106.9706 108.8047 108.9699 107.5572 105.1179 108.2458 108.9970 112.6128 120.7537 119.2759 120.9419 102.6550 122.9338 120.3223 119.9210 121.5208 119.7889 119.8797 120.0041 120.7796 119.9080 121.6100 120.2056 120.5797 120.7589 121.4366 107.5410 105.3705 122.6858 117.8559 123.1130 109.4782 117.1456 99.5721 106.8037 104.0400 106.8195 104.8593 104.1358 116.1993 109.3600
106.4700 112.1551 116.7508 114.2029 114.7846 112.3955 106.7074 112.7183 115.4130 109.8035 108.9819 109.7166 99.7786 100.2311 103.6783 107.1544 107.7932 106.9401 106.8440 107.3685 105.5227 109.0899 109.3022 108.0395 104.9128 107.3482 108.3426 101.2655 99.9911 111.7664 108.3462 119.8474 120.9391 117.4518 95.6640 114.2496 114.8037 119.3804 119.3708 119.4839 119.5262 119.6354 119.6183 119.8625 119.7601 120.1464 120.2506 120.3321 120.9229 113.3070 114.9915 109.4480 119.9366 106.4710 119.5784 106.1940 110.1226 102.7630 118.4467 123.7672 119.0110 125.8390 122.8520 123.3900
111.9000 113.8796 120.0551 112.3441 115.6594 117.1663 113.3938 103.6504 114.6245 109.6237 109.3803 110.3802 109.2717 106.6803 99.4284 102.2536 109.0140 103.9813 105.9371 107.9393 104.8272 105.7451 108.0867 108.1059 101.6949 109.8855 105.7422 109.0736 117.0308 110.3993 120.7124 121.3143 102.2480 107.4936 119.1521 103.3888 116.3821 118.6698 119.1028 119.0578 119.1312 119.2334 119.3731 119.4794 119.6488 119.7788 119.9228 120.1069 118.2653 117.1610 113.7171 111.9539 125.1727 108.8103 101.0521 106.0096 106.0231 105.3971 122.4593 122.3404 122.4550 122.7093 123.2735 123.3300
115.7600 112.0103 117.6188 118.6452 114.6284 112.6518 114.4546 115.5046 103.1583 108.6495 108.2779 110.6443 113.1569 105.3123 99.4965 101.7754 103.9575 105.7743 104.8168 109.4424 106.7382 103.6481 106.1084 101.9093 101.0130 105.7680 118.7925 112.0694 127.7904 115.1221 121.8679 119.3822 119.0459 113.4492 117.5498 121.5076 118.7216 118.5765 118.5673 118.6468 118.7315 118.8366 118.9496 119.0907 119.2572 119.3886 119.5755 119.5208 121.4940 129.3851 127.2620 121.3127 120.8413 123.0846 115.2743 100.0518 103.1227 113.7233 123.3691 122.2893 122.6142 123.2185 118.3653 107.8700
104.4300 114.2979 114.5289 110.3231 112.0894 115.1608 105.7618 113.9210 118.2269 109.5650 109.9773 109.6229 113.4689 110.1628 112.1495 109.1405 108.8170 103.3616 115.0446 107.5458 104.7139 103.4047 101.5107 101.2550 108.4422 105.6354 121.4505 119.4539 123.1388 118.8656 118.0149 118.1341 118.0593 118.1617 118.4379 117.6522 118.0018 118.0670 118.1247 118.1999 118.3031 118.4122 118.5360 118.7084 118.8111 119.0661 118.4940 116.8195 120.1956 118.6006 116.4524 119.8658 108.7152 118.4783 101.4910 100.0458 96.9674 114.1706 121.9196 122.1759 122.4496 122.9021 111.1988 123.0400
106.9100 106.4646 106.2860 113.0860 114.5831 115.6818 112.0596 111.5105 111.7729 116.6095 110.3969 99.2153 110.8316 108.8810 110.9272 106.6031 106.2300 103.2450 109.7849 101.9481 99.9421 100.7516 97.0984 105.2061 103.5442 109.6961 119.6620 117.0426 118.3333 117.7891 118.0793 117.6965 118.2289 118.6625 117.4405 117.6556 117.5702 117.6069 117.6595 117.7401 117.8871 117.8747 117.6002 118.1241 118.4485 118.5815 119.1483 119.4273 119.3142 114.6369 105.9644 101.1202 113.6020 103.8693 100.1111 104.8938 111.6444 113.0348 122.6031 121.8575 121.9532 126.8430 112.2327 106.0900
114.5500 115.1690 107.8692 105.6596 109.5558 112.8379 109.4175 112.4804 111.4773 114.4909 108.6853 109.1436 105.4480 108.3213 106.6079 108.2354 105.1305 104.4586 99.1890 103.4230 106.0267 113.6469 115.7393 105.0663 111.3260 115.2940 118.4539 117.9610 117.8440 117.6475 117.4559 117.9502 114.3846 106.0494 115.9532 116.6807 117.1557 117.0980 117.1527 117.2458 117.4122 117.4661 113.3274 116.0631 118.0244 118.2871 118.4099 118.7462 120.4564 108.4013 115.7831 108.3023 113.7247 105.1984 99.1149 106.2703 105.0012 122.5491 121.3224 121.8474 121.4795 127.6759 106.6210 106.0900
114.8500 116.5975 112.8310 113.3322 110.7650 107.6766 111.1242 108.0244 111.7117 103.4196 111.1768 108.8850 109.8988 108.7894 108.9156 102.9406 105.3487 109.1916 101.0833 101.3910 110.9774 116.9279 109.1153 98.6264 116.6328 119.0008 117.7617 117.7094 117.3923 117.2019 117.0639 119.1056 95.6032 97.8147 112.7431 116.5501 116.5393 116.5685 116.6434 116.7683 116.9048 116.6655 113.2100 119.9649 117.6470 117.8575 118.1780 118.2771 117.5087 114.1271 121.3030 109.8144 96.4150 103.5483 112.8222 106.0617 105.5157 120.6696 121.1506 121.5946 121.9405 122.0204 115.3412 123.9600
114.8500 111.0284 113.7586 108.6427 115.5029 111.2202 108.0773 104.8174 108.7031 113.9649 109.1864 105.3855 107.2998 100.6034 109.8757 106.3246 107.4470 106.5184 100.1034 100.8317 107.5135 107.5744 120.3659 101.3149 115.1799 119.6705 117.6056 116.7410 116.8218 116.7115 116.4403 117.9598 103.6195 108.2149 117.1243 115.9631 115.9677 115.9962 115.7919 116.0878 116.3468 116.4255 116.7506 116.7198 117.3625 117.4483 117.8524 118.0289 123.1720 121.3463 97.9441 118.5716 105.1580 109.3289 108.7334 112.6552 116.0712 120.2269 121.1617 121.4371 121.5858 122.9265 111.0402 100.4000
113.8000 118.1963 112.1799 110.0138 113.6503 108.4765 113.6992 110.4030 105.8662 102.1337 107.2847 116.1111 108.6920 105.5245 102.6754 107.6636 106.9873 102.6746 101.2520 102.4794 101.9395 115.8239 121.0425 121.7104 115.3116 114.5456 116.7114 109.9717 116.2794 116.1692 116.0367 115.6623 116.8357 116.8800 115.4172 115.3806 115.3459 115.3898 114.8790 115.6600 115.7628 115.9855 116.2022 116.5197 116.7306 116.9819 117.3440 117.1135 117.5494 111.1777 114.6903 115.7871 117.1267 120.5238 115.4481 104.0926 121.6733 120.8671 120.9732 121.2306 122.1454 122.7523 109.8493 102.0900
114.8600 119.2528 114.4369 112.1670 112.2032 110.4581 113.1096 107.6063 110.1260 107.2854 98.5766 102.8268 107.4201 107.7242 106.6238 105.0343 108.0739 102.4153 103.6360 110.0693 101.3019 108.0726 116.4853 113.8900 117.0979 116.2985 115.7802 115.2788 116.1875 115.5551 115.3836 115.1958 114.7957 114.6026 114.7241 114.6645 114.6768 114.7316 114.8937 115.0308 115.1778 115.4197 115.6786 115.9491 116.2661 116.5833 116.9290 117.4063 115.7236 112.8757 106.3505 114.3939 119.7811 119.0917 120.8697 116.7409 120.1967 120.5475 120.8426 121.0611 118.6186 118.0815 121.0473 123.2800
120.0700 119.8365 119.4289 110.9467 111.0031 113.4558 113.4298 112.4815 105.6060 110.4036 112.5656 108.0741 118.4006 100.4289 106.3817 106.0532 106.4322 100.8495 111.4298 109.6647 115.0676 103.0269 106.8400 117.9702 116.7068 116.7313 116.2574 115.7480 115.4331 115.1379 114.7922 114.5313 114.3374 114.1653 114.0093 113.9479 113.9597 114.0167 114.2268 113.9391 114.6217 114.7904 115.0989 115.4400 115.7760 116.1301 116.5054 116.7716 117.3421 116.9132 115.8417 120.6627 118.5814 121.1272 103.7896 104.1290 121.2056 120.3010 120.6348 120.8689 121.1100 121.4843 121.8198 122.0500
114.3500 113.1515 112.0062 110.9598 110.0649 110.0860 106.9182 115.3120 110.4519 109.3335 108.6836 102.0528 107.9367 104.7423 98.3051 102.8422 102.6209 102.5169 109.5601 102.2456 116.0487 118.1840 116.9381 116.7650 116.3981 116.0352 116.0561 114.9098 115.0244 114.4934 114.1617 113.8488 113.5891 113.3876 113.2463 113.1766 113.1813 113.3059 112.2886 116.2207 113.9185 114.1131 114.5498 114.8869 115.2727 115.6728 116.0693 116.4776 116.8633 117.2762 117.6344 117.8204 118.6672 95.4614 115.3431 119.6807 119.7688 120.1609 120.4691 120.7630 121.0940 121.3667 121.6693 121.8100
114.5000 114.3643 113.2699 113.7630 110.7389 110.3617 111.3130 112.0964 108.7568 107.9399 108.9141 107.4408 106.2083 105.6588 108.6684 108.7861 96.8662 101.5596 113.3783 100.9396 101.9179 118.8538 116.3472 116.5174 116.0342 114.6708 111.8897 115.2234 113.7249 114.2501 113.4774 113.1249 112.8200 112.5706 112.4020 112.3097 112.3260 112.3913 113.8184 105.3072 121.6145 113.4927 113.8964 114.3209 114.7576 115.1945 115.6446 116.0879 116.5148 116.9698 117.3898 117.5685 120.6503 105.5844 120.4507 118.9854 119.6398 119.9646 120.3074 120.6386 120.9503 121.2522 121.5590 121.7600
115.2500 114.2521 113.0305 111.4202 109.6941 109.5830 109.5070 108.6104 110.5534 108.1682 111.6614 106.3736 110.7050 100.6166 106.2385 103.5544 102.6136 109.1554 117.1186 111.4590 101.1716 114.4579 116.8062 116.1632 115.8444 117.4180 94.2810 109.8055 104.3883 113.1606 112.7779 112.3386 111.9785 111.6820 111.4695 111.3552 111.3928 111.5725 107.7445 90.0028 99.4464 112.4676 113.2886 113.7411 114.2274 114.7193 115.2137 115.6912 116.1634 116.6186 117.0673 117.5478 117.8768 118.6066 119.3918 119.4594 119.1612 119.9237 120.1476 120.5762 120.8654 121.1755 121.3798 121.7200
118.9700 110.9215 110.8264 110.2106 110.3218 109.3010 108.8729 108.7761 107.8194 107.8688 107.4587 106.3689 108.5002 107.7255 110.0836 105.0052 103.8155 113.0242 115.4093 116.1734 114.9210 117.2610 115.7699 115.8977 116.0361 108.8904 98.8783 93.7163 107.2182 113.6104 111.8379 111.5543 111.0618 110.6893 110.4317 110.2830 110.3606 110.6351 105.0929 96.4444 112.9961 113.1929 112.6377 112.6278 113.8314 114.2384 114.8000 115.3576 115.8590 116.3299 116.6424 117.6840 118.7433 116.1063 113.9118 116.1882 120.8768 117.4907 120.2580 120.0736 120.4345 120.8009 121.8387 121.4700
118.9300 114.3907 112.0969 110.6692 110.0968 109.4596 108.0059 110.1113 109.8154 107.5586 107.2516 108.0337 107.4988 107.4284 105.8546 109.8781 98.5338 105.1514 115.4174 114.5541 117.3250 116.2846 117.1238 111.8265 116.8252 96.1456 98.7065 98.8754 115.6693 111.3607 111.2496 110.6279 110.0513 109.5896 109.2521 109.0435 109.2750 109.4810 104.8152 113.3837 102.0185 111.2732 111.9702 111.7308 113.1281 113.7549 114.3539 114.7564 115.4425 116.0273 116.4068 114.4683 112.2159 104.0165 102.3937 107.4265 112.9814 109.6891 120.8485 121.5418 122.1084 121.9370 116.8050 122.6400
105.1800 108.2388 106.5886 107.7981 107.1368 105.0196 108.9404 110.4170 114.3087 107.9701 105.5144 107.7104 107.5141 106.7145 105.1371 104.2127 103.3789 111.0633 116.6220 117.7696 116.7990 116.4456 109.6671 99.6004 101.8421 93.7193 95.0033 105.5930 112.0603 111.6180 110.3562 109.6589 108.9811 108.3501 107.9001 107.6404 107.7760 109.0368 109.0322 105.1909 113.6928 110.0204 111.2838 111.9517 112.6330 113.3256 113.8597 116.2638 116.2153 115.7459 119.0922 97.1525 99.2340 98.3377 103.8558 112.0826 103.3706 117.7550 111.8050 113.3623 112.3493 117.0761 109.7086 111.2400
104.8600 109.3678 103.5912 104.6524 103.1780 104.7397 103.9183 103.5068 105.3923 102.1683 106.2559 107.1308 99.0769 101.0845 101.5153 101.6589 106.5447 113.2205 103.6628 120.8185 116.4404 115.6440 115.3268 92.1763 102.0898 91.1413 103.1384 95.2310 111.0577 109.8223 104.6297 110.1131 107.6175 106.9367 106.3148 105.9504 106.0319 106.4206 105.2546 108.1747 111.5495 109.6258 110.5159 111.3282 112.1327 112.9526 113.8200 106.1374 115.7030 116.6288 103.0283 109.8099 96.7598 99.7359 103.1019 112.2094 108.8936 111.9896 103.2927 103.9285 108.9213 111.9556 112.9425 114.0900
112.7500 117.5685 106.3432 103.1679 109.7892 109.7855 107.1103 105.1806 96.8616 99.6333 103.1838 101.6794 97.5992 97.2777 108.0901 98.4903 112.8407 113.0660 111.1811 117.5951 116.3954 115.5043 116.3513 89.7317 92.9127 94.5596 110.8610 100.9968 111.3242 109.1747 101.4857 107.7781 106.4127 105.3296 104.3997 103.8602 103.9041 104.4482 105.6293 106.5366 107.6079 108.7189 109.7909 110.7770 111.6652 112.5100 113.5141 108.0110 115.1884 117.6439 94.6129 103.1700 99.7679 103.1921 104.0591 104.2260 106.3543 105.9974 105.1089 109.5256 112.4793 108.1188 115.1702 114.8700
109.1700 113.9213 111.1986 117.4965 112.2394 111.4820 109.5356 113.4991 112.9792 114.9280 106.1801 107.2555 98.1834 100.8138 103.5609 105.7077 117.9134 111.7264 118.9439 117.0693 116.3351 115.5282 114.7092 108.8260 108.5850 105.8512 107.1293 98.6092 111.2890 109.4284 108.5410 106.3949 105.0393 103.4715 102.0253 101.1046 101.1441 102.1185 103.5786 105.1218 106.6249 107.9452 109.1386 110.2686 111.2622 112.2187 112.5728 113.3982 93.3841 118.0729 97.9408 100.2471 104.0688 104.8600 104.3490 106.3831 106.6844 107.5703 104.4434 110.7662 110.2275 112.3525 107.9933 114.0900
110.0300 109.6218 109.4722 109.6546 107.6916 107.6342 103.1686 106.8251 103.4809 117.9237 112.2658 110.1142 98.1655 98.1542 95.5369 114.7933 101.7233 114.5924 111.7821 116.6894 116.1696 115.3889 115.4350 115.3527 114.5849 113.9214 111.6417 109.6144 110.0122 108.4888 107.0416 105.4919 103.6168 101.3750 99.1690 97.0031 97.1287 99.2604 101.5663 103.7661 105.6357 107.4122 108.7073 109.8501 110.9337 111.9078 112.0436 117.9103 97.0031 101.4594 101.2477 103.9464 100.6706 106.7380 103.3478 103.7464 106.2752 106.5202 104.7728 105.1412 112.4327 107.0366 114.2300 114.4200
110.0800 109.2473 108.3709 107.6532 106.8968 106.0374 104.4505 101.7360 100.1003 102.1750 102.4156 104.2929 103.2952 103.6353 103.0137 103.4464 105.2377 104.6828 116.4449 116.8577 116.1627 115.5036 103.3781 112.1380 114.3008 94.6405 107.8193 109.0565 109.4009 108.1707 106.5788 104.7135 102.3844 99.3431 94.8825 90.3240 90.4491 95.3343 99.5889 102.5734 104.8642 106.7069 108.2197 109.5389 110.7994 111.4306 104.4668 108.8586 91.4515 94.4748 99.3773 98.4406 103.0928 99.9474 106.3860 107.0482 106.6867 105.8769 115.4782 118.3895 104.8536 120.6043 111.5875 121.0400
123.4200 123.3959 119.3413 115.1157 108.2923 112.9242 106.6324 108.2473 107.8330 106.9694 104.5546 102.9848 100.4072 99.0388 98.9667 98.2630 114.9160 113.5414 118.1138 116.7340 116.0909 115.6378 115.5129 114.2283 112.9469 113.3994 112.3488 110.4962 109.2679 107.9223 106.2656 104.2431 101.6214 97.9428 90.7324 85.7050 85.7184 91.4346 98.2493 101.8374 104.3842 106.3881 108.0381 109.3648 111.1203 107.8077 106.6915 90.3335 92.5517 95.9851 98.9609 103.3402 104.8123 99.9341 106.1384 103.9670 118.1758 103.8935 112.7067 96.9296 100.0851 107.3729 108.0527 108.8100
123.4200 121.6352 114.5893 109.6031 108.8184 112.8013 107.5735 107.4291 107.5275 105.9105 104.8457 104.2825 101.3881 102.0187 99.3240 96.7910 112.3071 113.6785 114.1902 115.2070 115.4866 111.5383 114.9159 113.6446 113.3748 112.0081 110.7284 110.4103 109.2433 107.9096 106.2663 104.2358 101.6061 97.9132 90.7056 85.2720 85.5973 91.2996 98.2331 101.9244 104.9029 106.5254 107.9965 109.4893 108.4005 110.9251 106.9249 91.7110 93.2758 95.9590 98.6278 103.5690 104.7418 101.0637 101.0208 104.1418 118.2572 106.2265 112.3437 98.8797 99.3567 108.2144 108.4599 108.8100
108.5800 113.2198 113.5069 111.2819 109.8080 109.3443 109.3975 103.3539 106.8005 106.1934 106.2154 102.3455 98.5496 111.7207 105.7722 100.5798 97.6728 101.2164 99.1009 109.6701 105.3809 98.7397 107.6053 114.2875 113.2331 109.7384 109.2799 111.0062 109.4646 108.1280 106.5505 104.6894 102.3543 99.2832 94.6059 90.1954 90.2937 95.1338 99.5235 102.6618 102.3278 106.1959 109.3943 109.4141 99.8640 110.1311 85.3489 96.2105 98.2066 96.7956 97.8535 103.2379 103.7122 103.2420 103.8605 102.3997 112.4837 114.5920 109.5560 110.8091 110.6077 110.7371 107.9266 112.8100
112.1900 113.9117 110.7494 106.4794 106.9408 107.1294 106.7807 107.4716 106.4978 106.7016 101.1313 101.9320 105.0431 99.1696 110.3773 106.7124 116.3276 120.2411 106.1205 117.8475 115.9121 117.3330 106.2263 115.6825 114.0075 113.6422 112.2978 108.2458 109.9655 108.5233 107.1080 105.4807 103.5711 101.3784 98.7985 96.7360 96.8797 99.1247 101.4260 103.9148 100.1046 101.7208 99.4146 114.0923 96.6661 90.1239 100.0870 91.6912 105.9465 97.0320 98.4872 104.0703 102.1200 103.7492 102.8265 102.8994 102.5392 106.9162 108.5305 121.7690 110.5562 109.6285 110.9055 112.8100
112.2000 119.6074 114.4927 109.6707 107.2758 107.5747 107.9304 108.6037 107.1283 105.4357 101.8241 105.6244 104.4371 101.7084 106.1844 100.6106 112.9661 117.1317 117.7426 116.7147 114.9877 116.5344 116.8578 105.0252 110.7101 112.9319 112.0107 107.8681 110.3091 109.0686 107.8266 106.4724 104.9707 103.4154 101.8994 100.9690 101.0122 102.0246 103.5487 105.0815 107.2893 105.3738 100.1555 110.2982 98.4174 94.2043 107.5310 93.9965 107.3579 97.9351 100.5176 104.3195 104.2782 104.2561 102.6012 102.7074 106.2500 113.3550 110.4224 120.7372 112.4487 110.0094 107.1024 113.8600
112.7400 115.2727 115.5944 109.5295 109.2751 110.0407 103.5376 102.9802 106.9764 105.3030 107.6400 100.2161 101.0036 101.7432 110.3722 112.0998 117.8888 117.0912 117.3167 116.3680 114.1525 115.4258 114.5951 109.1427 109.8057 113.7795 112.7137 112.1507 110.6328 109.7023 108.6477 107.5202 106.3718 105.2810 104.3189 103.7548 103.7861 104.3826 105.3398 106.4330 107.2588 106.7439 103.5173 102.4530 99.2740 98.1244 93.9578 97.5316 98.4644 96.2970 99.6787 105.3044 104.6183 102.8556 102.8911 102.4744 109.2368 118.1904 110.7570 112.0870 111.1427 105.1396 110.3179 121.3000
116.1500 110.3452 106.4052 107.6392 109.6219 108.0820 103.6143 106.1330 108.2418 102.6315 102.0106 101.4806 101.6651 98.9221 95.9099 115.8095 116.4370 114.7575 117.6997 115.9888 116.1751 115.9444 116.6940 115.8478 113.8312 113.1003 112.7593 112.0207 111.2492 110.3905 109.5095 108.5873 107.6928 106.8786 106.2397 105.8803 105.8977 106.2754 106.9305 107.7695 108.8591 109.9952 83.9341 90.3568 96.4920 98.4228 110.5419 97.6532 104.3177 104.6572 100.0961 104.7204 101.4144 101.8802 102.9480 103.6973 109.5347 110.7950 109.7162 113.3374 116.8250 110.0218 118.1135 112.7500
109.6100 112.5670 108.0685 108.5415 109.4437 111.8861 110.0649 106.9837 106.6065 104.6445 103.7772 102.8198 118.8234 115.2050 98.1292 111.2386 117.0335 124.0183 117.0852 117.4729 116.9475 116.2981 116.6020 116.6988 116.2677 116.0263 114.0197 112.5715 111.8535 111.1111 110.3605 109.6123 108.9118 108.3002 107.8355 107.5838 107.5973 107.8650 108.3467 108.9505 109.6609 110.7615 108.8621 107.2415 103.5461 105.2189 106.9833 98.6806 107.4187 108.3714 106.2250 106.3843 106.6127 105.7325 101.9870 102.9324 107.7880 117.5243 112.9318 110.2476 117.1166 120.2266 115.5802 121.3500
111.5600 110.9858 109.5952 111.0707 105.6264 105.2189 105.5326 105.7491 106.4995 106.1085 103.2011 99.8839 120.7420 108.7408 103.7403 108.3017 125.6304 101.4579 120.3107 116.6922 116.0942 116.5604 106.7437 97.8766 97.0168 96.4380 110.7398 113.0723 112.4781 111.8303 111.1877 110.5770 110.0196 109.5462 109.2013 109.0162 109.0165 109.2165 109.5690 110.0588 110.6059 111.1003 112.6094 105.3399 104.4893 104.4597 107.2999 105.9528 108.2051 108.3887 108.5553 108.7647 106.9584 107.5139 106.8533 109.0541 109.6060 122.4399 111.1244 117.9884 117.5976 112.7101 115.5415 121.3800
110.6500 109.2374 107.6287 105.2179 102.1487 109.3794 106.2510 107.3005 106.9077 104.5204 101.9220 102.8155 111.9490 110.4588 121.6283 102.1458 122.3562 115.5567 118.2619 118.2366 119.6588 116.0340 110.0946 93.5557 113.5669 92.0243 116.6297 113.3361 113.1372 112.5289 111.9851 111.4833 111.0262 110.6445 110.3815 110.2441 110.2689 110.4194 110.6856 111.0679 111.4695 112.1544 113.2959 107.6830 102.2503 101.2985 98.5557 103.1973 108.8742 108.5040 108.9032 109.4601 109.9731 109.3790 105.3547 108.3092 107.4396 108.4531 110.1210 117.3371 111.0997 112.0087 112.1126 121.6200
117.5100 117.5968 105.8478 108.4315 109.5917 108.5246 108.0266 108.2931 106.8778 99.4133 102.8679 102.7923 118.5156 120.3648 118.6800 97.3154 116.7408 118.5129 119.2376 104.2652 100.1693 121.6038 99.4280 110.4465 116.6981 114.3428 115.0140 114.1538 113.6819 113.2031 112.7427 112.3150 111.9461 111.6379 111.4306 111.3158 111.2977 111.3438 111.5521 112.0410 113.0071 112.7173 113.7143 109.6182 100.9672 94.2908 97.6926 96.6669 100.8390 108.9991 109.1968 109.7484 110.4300 111.0473 111.8439 111.3735 107.5777 108.9586 108.5726 110.0190 112.0429 111.0867 121.2205 121.6600
117.6200 112.8939 110.0255 109.3092 109.0642 109.2715 104.8785 109.2189 105.1504 103.1703 104.3583 112.6306 106.8084 121.9128 119.3671 119.1927 115.8555 120.4245 118.3992 108.7854 114.2801 117.0697 101.7252 118.9247 115.7403 115.5097 115.0286 114.7221 114.2282 113.8540 113.4620 113.0983 112.7874 112.5358 112.3648 112.2772 112.2933 112.5938 112.4304 112.3272 112.6961 107.4743 108.1657 111.2564 106.4926 115.2768 96.0007 95.0214 101.9262 99.9254 109.4995 109.9770 110.7840 111.1387 111.9582 112.8474 113.5957 112.8102 110.5548 110.9865 111.1619 112.1161 111.0808 112.7300
116.9600 114.8439 109.8917 109.5320 109.0593 107.4238 109.3807 108.8104 109.3652 102.6589 101.4909 122.4106 103.1855 117.1443 94.8279 114.7164 119.0199 119.5425 109.5371 118.5852 117.5605 118.4691 117.4933 116.7295 116.5050 116.0991 114.5838 115.3002 115.5180 114.7769 114.1451 113.8205 113.5597 113.3501 113.2094 113.1205 113.1287 113.0570 104.3198 113.9231 115.1207 115.1313 106.2978 97.9680 111.7409 97.3253 116.5983 100.0113 100.8633 103.0478 104.0102 108.8634 110.6014 111.1883 112.4295 113.1900 113.4334 113.4483 115.3304 114.5822 113.0877 113.0444 109.2298 99.7400
117.6600 111.9420 108.8124 108.9129 108.9866 112.7507 110.8825 107.3076 102.6263 100.3359 96.9269 118.2570 111.0564 101.1110 103.4051 104.5192 112.6961 119.3292 119.3651 120.9179 115.8508 117.1440 117.2886 117.1277 116.7653 116.7023 114.8222 114.8051 109.7385 115.8794 114.7382 114.4986 114.2835 114.1041 113.9931 114.0035 114.0566 114.0440 112.6792 115.9300 109.6701 94.5838 96.4275 102.5985 93.7905 101.9334 111.5083 106.2204 96.7252 101.5719 106.9429 105.8318 112.0977 111.0840 112.9661 113.4410 114.1258 114.5469 115.0169 116.2518 116.4863 115.7364 110.3144 114.0400
109.1600 109.2989 109.9191 109.5037 109.0948 108.5240 107.0977 102.4967 108.4927 102.5666 99.4192 107.1831 114.5328 106.7997 115.5593 122.6601 122.8861 119.3311 119.2775 114.9750 118.6459 115.7015 119.4268 117.1501 117.0742 116.7017 117.2264 112.3972 113.8772 115.4620 115.4141 115.1639 114.9322 114.7910 114.6742 114.3069 114.4227 114.9190 110.0177 105.4535 117.5456 94.7756 95.8770 96.1338 103.0184 90.1497 99.5218 110.5434 117.3165 108.1683 106.8884 107.1868 105.7725 110.2421 111.4473 113.6024 114.1129 115.0321 116.5074 117.9323 116.5991 118.0720 98.1994 115.9000
109.0800 111.2311 109.0644 109.0699 108.5439 108.7146 106.3086 102.9782 101.6948 101.9872 104.9537 111.1119 109.3566 115.3810 113.5740 119.4260 120.9336 119.9398 115.8461 113.4921 107.4894 122.0609 122.0421 118.2558 118.9087 116.7942 115.0355 98.7740 111.9239 116.1322 115.6453 115.5666 115.5773 115.4113 115.2794 116.3325 116.3796 115.4853 109.0437 118.5336 106.8786 95.3701 100.6316 99.0314 100.0864 97.8695 102.2438 118.3109 118.6475 113.7665 106.4518 107.0656 107.4240 111.7326 110.2955 110.8719 112.8684 115.9947 110.6694 106.9811 112.2465 107.0509 109.7082 117.4500
108.9200 108.7738 108.7525 108.8418 108.3690 108.0144 108.9391 106.5547 103.4423 98.2823 115.4717 105.2957 118.6852 100.3019 109.6323 114.1430 119.4780 123.0274 117.5717 122.4026 101.0265 117.3893 109.7444 113.0571 114.5730 104.6139 99.9331 91.7930 119.6373 116.6921 118.3415 116.6829 116.3979 116.2721 110.8310 93.1800 92.7466 116.7025 103.3621 100.3927 93.5357 94.8915 99.7866 96.9453 101.3910 109.7995 120.5090 117.9282 118.2691 116.2165 109.9443 105.6391 103.9574 110.6421 113.0320 113.5341 111.7312 114.3699 119.1121 112.5198 101.1192 100.5049 120.7769 117.4500
110.0300 109.2261 109.3231 108.0923 107.6495 107.6533 103.3942 107.1556 101.1077 100.4082 108.6928 104.5371 117.7391 114.1043 107.4926 119.0704 115.3911 104.2648 104.1428 117.6563 117.3753 116.3480 100.0068 105.2833 103.5732 95.4181 95.1368 110.6462 115.4615 100.0810 100.1929 119.6438 114.7281 115.7758 96.0189 94.1169 110.0388 111.9224 109.6384 94.3948 96.6410 95.1624 96.9215 101.1090 114.4105 99.2788 105.6600 114.2978 109.2437 117.9551 105.3945 115.2177 100.8293 110.5299 110.7920 114.4588 114.3590 113.0488 113.3354 103.9176 115.8424 102.8458 108.1247 100.6100
109.8900 109.8162 108.4185 108.0857 107.8310 107.7481 105.3352 102.1850 100.7259 100.5230 99.4090 103.6845 117.8648 121.5177 119.1832 122.6690 119.2246 108.0011 101.9814 117.3384 119.1324 108.0347 101.7276 103.2212 114.5342 110.2151 110.4612 115.7937 99.9157 97.4154 97.8733 110.5443 119.4791 114.9082 95.0076 94.9615 94.1717 94.4105 109.8147 94.8755 94.4901 94.1800 95.7428 95.6191 100.9358 101.4558 109.0167 115.8434 116.9048 116.4580 117.1665 120.7397 119.8480 117.3152 101.0049 109.0702 113.9631 114.4417 115.4232 104.3476 110.5341 118.9175 119.4912 118.0100
109.0500 109.1242 108.7900 108.1054 107.5549 107.3314 104.7588 101.3010 100.8942 100.6872 99.3147 112.1280 118.6889 123.4942 111.3739 121.1996 110.0872 104.3667 104.9476 122.8505 113.7544 106.2847 100.9584 115.7065 121.6743 118.4837 118.6302 118.7569 96.1785 94.0566 113.0593 97.7147 105.6686 96.3649 96.4199 95.6411 95.1326 102.8970 96.9157 100.7961 97.0027 116.3484 96.2049 100.3982 99.3894 102.2480 101.9307 111.8606 107.9608 107.6475 113.6444 120.5205 120.5030 121.3049 113.1622 110.1774 119.9753 112.5841 114.6066 116.6371 114.9057 116.5971 118.4894 120.3300
109.6100 109.2436 108.4603 107.9797 107.9532 103.3902 101.5258 102.9588 100.7169 102.6572 106.0388 113.2516 110.5265 109.2963 110.7540 111.5051 110.1724 116.3167 120.6757 120.9712 120.6656 120.5669 100.7436 114.5424 121.4609 119.4333 119.2413 119.8455 118.3914 106.9447 115.1931 98.0417 116.0987 110.7070 101.5845 94.4834 102.3722 119.9427 113.5046 99.4690 96.0439 103.1012 96.1445 102.8820 103.7447 108.9803 101.2705 97.8678 102.9508 98.8563 97.3499 104.6210 121.3883 120.5634 121.1338 120.7572 122.3922 121.5941 114.7540 116.3303 116.6098 115.1973 115.5528 120.6500
116.5300 108.4120 108.8387 108.3396 107.6133 107.9127 104.7029 101.1912 101.1169 101.0768 98.7641 113.3328 111.7249 100.4581 119.4460 114.9802 106.0856 100.4201 121.0192 112.4244 110.5779 120.3912 104.1879 111.1985 116.8706 111.6935 118.5459 117.4223 118.8159 95.5755 116.7783 99.2612 116.0583 119.8728 108.5975 107.4597 112.9859 119.3624 108.4153 100.3207 99.3414 97.2038 106.4861 104.3266 105.9218 117.0535 116.4150 109.0760 104.4485 98.8233 98.3876 97.8733 120.0670 121.0182 121.2999 122.2494 121.4723 122.7178 115.2362 116.1219 115.5290 116.9754 115.8060 115.4000
109.6300 109.5461 109.0774 108.9721 107.5110 104.0919 104.4495 103.0787 102.8466 101.0385 101.0346 99.1949 111.3865 116.6453 119.1430 98.8869 122.6107 114.0651 114.4778 120.0781 113.1168 131.3377 120.9918 102.8875 122.1079 121.3451 115.4129 117.4094 110.5921 108.0339 103.0813 99.4622 116.6547 118.6110 120.9880 120.3306 119.7749 118.6585 118.3051 120.9680 110.5182 100.1734 115.6684 105.5381 105.7821 115.2778 119.9067 112.3605 110.2789 108.7747 97.1947 117.6973 122.3128 121.1773 121.1979 120.9793 120.6447 123.0781 122.6029 122.7644 124.1130 119.8564 119.2815 118.1800
109.0400 111.2446 109.3784 107.5541 102.4352 102.6856 108.1632 106.7458 102.1077 102.5076 104.4429 102.4944 118.1021 119.5678 115.2702 101.7069 111.1967 112.8040 107.2768 111.7264 112.2579 98.8917 115.3156 110.0842 122.5105 108.0521 103.2874 106.5737 109.7775 105.1421 102.4983 101.5648 118.8027 119.5413 119.1341 118.9237 118.8140 119.1608 119.4222 119.1933 114.1254 107.6385 102.3381 106.8923 106.7860 114.0974 120.0075 116.7274 110.9461 111.3574 104.8754 123.9981 120.7689 121.7164 120.9742 128.0097 115.3684 115.0602 122.3378 122.6064 122.6426 125.1438 111.5627 119.0400
111.5400 107.2309 106.3059 102.2743 104.0182 109.0491 101.0880 101.9396 106.1753 103.4441 112.5898 118.9303 124.3418 120.2489 106.2728 109.7880 107.9331 114.0125 105.6576 113.8514 108.6233 95.3071 103.3996 101.1586 101.4163 106.0646 102.9467 103.4287 116.4903 104.4495 105.0746 109.5215 114.1834 114.5302 120.1464 120.6148 121.0778 120.5959 120.1218 118.0811 114.0402 107.2818 97.8112 97.5759 91.7426 119.3189 118.8865 121.9161 108.5672 110.3776 120.2410 122.0662 121.7600 121.7304 122.0170 124.8616 116.6569 117.4933 124.3587 122.9660 123.0808 123.5001 113.9025 118.2600
108.7900 106.6661 103.4629 105.0128 107.3743 108.0359 104.5571 103.9585 105.6054 110.2955 118.0578 122.6660 124.9055 112.3064 115.5376 124.2918 120.3226 115.1840 101.2323 100.0163 98.7716 100.0906 100.3111 103.1940 103.6380 113.7391 105.2655 104.6189 100.7382 106.8985 102.8452 109.0258 121.7827 119.1341 121.0022 109.8110 114.3489 107.8781 119.4510 110.0315 110.5122 100.5431 97.7303 99.1309 116.4009 121.9594 120.9783 122.0438 114.1887 112.1391 111.1040 114.5926 120.3249 121.9897 122.4378 124.0983 107.5210 110.8481 121.7029 123.0712 122.8338 124.3207 105.4775 118.2600
123.8600 105.4032 106.7643 107.1125 106.1597 107.5605 108.4091 105.1309 107.5319 111.5663 112.9613 124.8333 107.6914 117.2593 99.8340 116.3059 115.4624 117.1231 108.0309 99.5426 110.0723 100.3620 101.2365 106.1513 103.4065 115.5188 109.7393 104.9273 98.9401 111.5704 104.1922 120.8904 120.4751 120.5116 120.9989 113.4729 126.7071 111.2958 113.1922 116.7623 106.8454 101.8042 102.3852 105.3362 104.1122 122.7617 121.1339 121.2533 121.7888 111.4119 112.4216 112.0846 120.7319 123.0449 122.1537 122.5199 116.5216 105.5295 123.9775 123.0537 124.0193 122.8747 121.5482 102.0000
107.6400 107.3166 108.7452 107.8157 108.7312 108.4080 107.3526 100.9614 120.3816 120.0307 106.3833 117.7609 107.2579 104.8564 111.5749 116.7890 115.3343 98.6153 100.6687 103.6934 113.1533 104.7189 105.3371 106.5303 108.5478 107.8255 108.1979 104.6924 105.8099 107.8129 110.3374 122.0086 120.9190 120.7826 117.6742 97.9290 101.6410 97.7878 106.2106 121.0900 107.6104 98.2931 103.7447 109.9475 115.4766 121.9318 121.4981 121.6495 121.9970 119.1146 112.5503 113.5419 113.5813 123.0106 122.6387 122.8721 122.7449 123.7418 123.6995 123.4891 123.7449 114.2147 110.9078 124.0400
107.6400 109.9289 110.1336 105.1099 110.5786 107.8161 112.6184 118.3619 116.3442 109.0534 99.0315 116.6231 108.1924 108.1292 105.5856 109.5809 117.3229 103.7431 104.3223 112.9802 114.4116 106.5973 110.0002 106.7766 108.3809 99.4134 104.1790 100.7272 111.3562 109.3126 110.7652 122.5344 120.9127 122.6342 100.4933 125.7058 108.6004 105.5752 113.7209 121.6206 124.0988 102.4082 105.5388 118.8782 119.9488 121.2670 121.8626 121.8585 121.9530 124.0568 112.1944 113.7594 110.8074 123.0766 122.9166 123.0774 123.1958 122.9410 123.9261 124.4489 123.7514 124.9641 97.5941 103.3800
110.8300 110.4926 112.0292 109.4052 104.2044 109.4421 113.2423 127.3055 109.7977 103.1991 116.2937 115.2151 104.7590 102.4135 105.0543 116.6528 103.9400 106.8393 112.8454 116.9592 110.4469 108.5708 113.8204 115.8409 117.7425 103.9384 115.6169 101.6433 112.9554 104.3342 113.6985 122.3901 121.4153 116.7749 121.8113 121.1742 108.8090 104.9760 114.5829 121.4766 119.4641 99.8735 107.3163 108.8006 111.0968 123.3440 122.1465 122.1506 122.3198 123.0060 121.8037 119.9280 108.7817 101.6564 118.3838 123.5656 123.3615 124.0582 120.2103 117.5771 120.8733 124.6786 122.8820 106.9800
111.9600 113.3746 107.5852 115.2728 121.4132 121.9919 121.3341 118.1679 111.1529 122.0255 116.3357 104.5990 101.4573 110.1203 121.1504 113.1616 104.4839 105.8677 103.1678 97.3363 110.1288 105.4178 102.7883 103.3150 108.1340 103.9817 112.4617 113.2423 112.3435 112.7936 122.7995 121.7134 122.3858 122.7680 121.5595 122.8851 114.8437 100.8906 118.2419 121.8391 119.7065 103.5968 105.6938 110.9282 112.9984 123.3046 122.2080 122.2974 122.5178 122.5415 123.6347 119.2247 112.6362 113.8093 124.2993 123.2724 123.3172 123.7372 122.8627 124.9829 117.5084 105.8973 111.6591 118.2000
116.1600 115.7833 123.4122 123.4662 123.2207 121.7165 122.5874 109.6925 118.5122 116.1352 103.4923 102.4510 105.2025 107.0760 113.0630 112.0339 110.7900 107.3163 117.3347 102.3136 114.5717 101.2256 99.7750 101.0649 101.6254 111.4150 105.6905 112.3146 112.3754 123.5343 121.9184 122.9460 116.0217 122.2859 122.0574 121.7243 124.2049 104.5648 112.9310 106.1269 119.3835 99.8105 103.6091 110.0924 110.7321 119.1349 122.4057 122.5917 121.4737 121.6517 107.2289 125.6313 111.6627 113.6544 122.9182 125.0987 123.9911 123.8676 123.8019 124.1502 124.5048 123.4677 104.5660 104.9500
116.6800 119.2052 126.6858 122.1514 123.0352 123.2857 122.2667 124.2038 117.5427 113.5861 105.6714 106.6310 104.2403 101.6776 102.9081 108.2606 109.0871 110.5003 104.3381 110.8725 114.4558 105.4487 103.1210 118.9962 111.4709 116.3893 109.6490 115.6681 113.5423 123.7307 122.6264 122.6976 121.5589 122.5007 122.3771 122.2309 122.6199 107.6858 104.0910 101.7303 127.2285 109.7425 111.0998 114.4241 100.7383 115.4506 122.8162 123.4555 123.2645 123.3102 113.9856 125.7988 109.7326 112.7118 106.9841 104.8209 121.6140 124.1401 124.2745 124.4253 124.1179 121.4333 120.2627 117.7000
122.7300 121.4619 126.3423 122.8898 121.5532 123.8171 124.4555 121.9488 113.0275 107.8580 108.6400 105.1676 101.6386 104.9919 104.2627 104.3405 104.1657 104.5643 109.9106 117.0739 118.5741 101.6937 108.5732 106.2744 109.1362 117.9257 117.6313 115.2565 114.6804 119.5312 122.6371 122.8527 122.7534 122.6901 122.6410 122.5701 123.2831 120.1783 103.3634 100.6597 105.4330 117.7347 112.0815 114.2138 108.8363 115.8895 123.9027 118.5370 123.1424 123.3905 124.8145 123.9365 125.5217 123.1545 114.2143 108.7026 110.8713 127.1449 124.0021 125.1817 128.0813 126.2827 115.7287 117.7000
122.8100 123.4033 126.0096 126.0655 125.7579 126.0703 123.7107 120.4516 116.6988 109.4347 109.8875 102.2047 104.1623 104.4400 104.6926 101.6912 102.4847 100.8806 112.0386 120.0267 118.9247 104.2289 111.1222 107.1519 111.5410 118.0961 117.7491 112.1292 115.2467 120.4983 124.0343 121.4064 122.9950 122.9542 122.9287 122.9414 123.9119 111.8679 107.0939 102.6313 101.0222 119.1397 118.6725 113.7134 117.4586 114.9467 123.9596 121.1582 122.1229 123.6757 123.7550 123.8487 123.6600 120.7024 111.0524 113.3750 105.3618 122.1431 125.6360 118.3932 114.8576 117.5693 113.0005 116.7100
123.7100 123.7100 126.1900 125.9500 125.8300 125.7300 121.7000 116.1700 111.6500 109.6100 113.3700 102.9900 114.5500 109.1300 102.6400 102.6400 102.3800 102.2100 121.2900 119.3500 119.3500 101.9100 112.7200 112.7200 109.1000 117.6000 117.7100 109.2100 101.3100 101.3400 123.1500 122.4300 123.2000 123.2000 122.9900 122.9900 122.9900 107.9600 123.2100 123.2000 103.2600 123.1400 114.2600 114.2100 108.2600 113.9000 123.5900 123.5900 123.7400 123.7100 123.8400 123.9700 124.1300 111.7600 111.7600 112.1800 124.4800 102.6200 124.7400 113.1100 112.8800 124.1200 116.4400 116.4600
