122.6800 127.7900 125.0500 124.4900 121.1000 121.1400 121.4000 121.6300 120.0300 120.3600 122.1200 100.6200 122.5600 122.2300 118.3700 114.2800 110.8000 111.3600 115.1500 109.9800 109.0700 109.4400 108.2200 106.6900 106.1000 105.2200 105.9400 117.0300 116.3100 115.9200 115.5200 96.7900 114.2000 100.2700 112.6800 112.2700 112.2700 110.8400 110.2800 109.5000 109.7300 109.7300 108.7300 108.7200 109.6900 109.6900 110.2200 111.0200 110.8900 112.1800 112.6900 113.2200 113.7200 114.2100 115.1600 115.5200 115.9300 116.6800 118.3700 103.4500 111.5400 113.7300 118.6400 118.9300
122.6800 124.0224 126.4464 120.8271 121.0199 120.1707 108.0364 116.8630 108.4999 109.4267 112.3712 116.1140 119.1147 122.6100 114.6131 113.9492 111.0686 111.4937 112.2805 106.9537 108.6828 109.3364 106.4863 107.8219 110.1204 113.0264 106.1686 111.3203 109.3156 112.2906 95.7269 97.7024 102.7972 97.6062 94.9710 101.7026 107.4538 110.9950 109.7715 109.4873 110.6612 108.1344 108.0141 108.0928 108.3609 108.8524 109.4278 110.0786 110.7748 111.4962 112.1821 109.7910 109.2766 114.2672 114.7687 116.4636 116.8410 116.0397 107.3179 111.7082 110.0300 117.1008 119.0745 118.8700
122.1600 122.3952 123.9807 121.8394 120.8028 120.1486 115.5647 113.0895 114.8979 104.0901 97.4408 111.8681 116.8518 117.6980 116.2023 111.9366 110.7777 113.2429 109.5630 108.0209 104.7164 104.9328 109.5066 111.6024 121.2541 113.9246 104.5530 103.7826 101.8167 111.0693 113.7335 99.9443 99.8663 101.2763 96.3986 86.8101 102.2984 105.7643 109.5035 108.0031 109.6403 106.6390 106.4980 106.5596 106.9251 107.5266 108.2753 109.1026 109.9485 110.8427 111.6100 111.7248 111.7529 113.8119 114.7727 107.9020 111.2625 116.5826 97.5081 111.1770 117.1907 117.8459 118.5920 118.8300
125.0400 122.9549 110.5107 114.4308 115.0976 124.5854 111.8681 113.9957 113.8333 117.1819 115.1017 102.2151 120.1131 119.7478 116.0380 114.9424 114.4791 116.6059 114.0303 112.5181 101.7588 103.7342 105.2040 102.5634 104.2762 100.1872 96.6361 102.7195 101.8581 107.6172 112.1922 92.3230 101.0091 104.3270 93.5883 111.9181 111.4083 105.9969 108.1936 101.2843 105.3607 105.0448 104.5593 104.6312 105.1724 106.0215 107.0377 108.0856 109.1107 110.1073 110.9524 112.2665 112.8697 113.3675 114.1354 110.5883 113.9480 116.9188 107.8640 106.9682 117.9942 117.7514 118.4816 118.7800
125.0300 121.7031 114.9770 117.5970 114.2989 113.7724 108.6750 105.9652 106.3247 102.6765 106.4709 104.7566 103.1183 108.6080 108.1022 117.2925 113.7009 115.1103 103.4006 99.6611 98.3619 97.3691 95.6643 115.0546 102.4790 102.1753 113.9173 98.6516 112.9762 106.0547 120.2377 106.4106 109.0456 110.8112 110.1658 114.2925 111.4590 109.5226 106.6273 103.3155 104.5682 102.6850 101.9925 102.1322 103.0302 104.3356 105.7094 107.0700 108.3074 109.4556 110.5326 111.4495 112.3539 113.1817 114.1601 115.5268 118.5107 121.9872 116.5025 108.4031 117.7708 117.9525 118.3631 118.7500
125.0300 124.7938 117.7095 118.7806 116.5355 111.5486 125.3413 110.3860 105.0145 105.6289 103.1620 102.1621 99.9048 102.6945 105.0076 108.4079 108.1584 114.3313 104.5276 104.8445 108.0590 107.4630 102.1114 104.7421 110.5977 108.2044 105.4190 105.4886 115.4083 95.0495 114.6826 113.9694 114.2843 113.0935 111.0747 109.7486 108.0996 106.9443 105.7078 103.8391 101.8367 99.8983 98.5097 98.7673 100.3957 102.4293 104.3758 106.0688 107.7472 107.5214 110.2364 111.1187 112.0632 112.9080 113.7201 111.2139 118.3232 120.4471 105.1608 114.5712 117.3977 117.8367 118.3092 118.7200
119.9000 119.7656 118.6587 126.1732 118.2880 126.8670 119.6194 118.4269 119.5751 120.2971 119.7868 109.3099 100.0975 108.2277 112.5146 111.3043 111.6682 110.8931 110.5475 106.2596 106.0053 105.4502 102.0782 100.8574 99.1161 99.6189 115.9521 103.1715 116.2544 113.3973 113.6276 93.2221 112.7351 91.3959 107.3365 109.0873 108.3820 106.5820 104.7135 102.4867 99.6409 95.9064 92.2687 92.9434 97.0975 100.4804 103.1609 105.2752 107.0335 108.4110 109.7406 110.8491 111.8252 113.0730 113.1462 124.0823 123.0376 102.9798 104.5475 117.5551 117.0803 117.7779 118.2352 118.4000
125.0200 119.1959 123.2861 119.3242 118.7894 118.6391 120.2328 104.0634 122.9569 107.3987 100.5709 100.2821 100.1272 100.1264 98.6935 111.4168 111.4209 109.9477 109.7254 109.0494 123.4928 96.7557 113.2773 99.4383 98.0680 98.3724 104.3805 117.5852 115.5019 114.3677 113.5102 114.4223 95.7259 93.5465 89.5255 113.7197 105.7204 106.0123 104.1478 101.4721 97.8956 90.9716 86.6376 87.3380 93.1915 98.9539 102.3027 104.7352 106.6430 108.2142 109.5538 110.6844 111.6637 112.4994 113.9034 98.8638 100.3863 102.4352 113.1784 116.4804 117.3174 117.7525 118.1245 118.3800
119.7900 119.5870 119.5416 119.2697 119.3953 119.7834 117.3970 119.8607 126.0015 118.6964 119.2272 99.1225 100.1371 100.2908 98.6138 115.0967 111.5505 111.8088 110.7346 110.9355 117.9489 108.2137 101.3322 105.0508 104.2588 98.3913 104.9158 108.8604 108.7416 115.0660 113.0865 93.2139 97.0379 99.3552 91.2558 114.6774 106.4964 105.7812 103.9881 101.1937 97.2570 89.3355 84.4147 85.4239 91.7574 98.5083 102.0628 104.5904 106.5341 108.0450 109.3177 111.5511 112.3181 110.7373 113.0380 101.8031 101.1548 104.3075 113.7316 116.6570 117.2431 117.6865 119.1677 118.3700
125.0200 125.4116 124.6712 123.4360 124.0856 125.0144 111.6563 108.5300 123.6229 111.6589 114.4482 99.4721 100.3980 100.3425 101.6109 114.9574 110.9894 122.2413 112.0823 116.9311 116.0857 99.2645 103.5277 105.8217 111.7472 105.0745 119.1881 116.7557 111.8746 114.7565 114.4377 115.4634 114.0915 109.5338 110.1879 108.4103 107.9233 106.2801 104.2810 101.7583 98.4073 92.4667 88.2913 88.9190 94.4943 99.3854 102.5443 104.8862 106.8711 108.5823 109.8949 108.1918 107.8851 104.2247 100.5615 102.4996 105.5593 112.5592 118.7624 116.7364 117.2120 117.5785 122.4214 120.5500
125.0200 124.6569 125.0154 122.9873 123.3525 125.6002 128.1316 126.7103 118.3416 111.9431 112.0306 101.5019 102.0973 106.3380 119.6845 115.6597 111.7531 114.6358 109.3185 106.6813 100.0712 106.8877 101.8551 99.6135 109.1130 112.6367 116.2435 113.5512 102.7433 114.0756 113.7731 113.1099 111.2829 111.3539 110.5712 109.6446 108.1929 106.7514 105.0140 102.9244 100.3626 97.4965 94.5913 95.1680 98.4528 101.1244 103.5535 105.4862 107.3844 106.6696 113.7505 111.6384 94.2451 96.9020 110.7337 96.5430 104.8793 112.9837 115.8108 116.7449 117.2653 118.2038 121.8019 120.5500
125.0200 125.1536 122.6186 121.9025 124.0769 125.0037 117.4562 116.2711 96.6569 99.4866 102.1375 98.8917 102.4705 114.1225 118.3042 113.9899 111.7242 108.2650 108.2566 105.9165 106.0252 111.3411 105.6093 106.5811 118.5842 105.7640 117.2452 116.6829 117.2057 115.0046 114.4477 113.5977 115.8656 111.8250 110.8573 109.9108 108.7710 107.4484 105.9950 104.3528 102.5932 100.8973 99.8221 100.0177 101.3302 103.0948 104.8413 106.3772 107.9878 107.6515 110.2504 110.1291 99.9839 104.0592 104.0363 105.0517 106.8880 103.2482 115.7295 116.8119 117.5035 117.8737 121.4472 102.8200
125.0300 124.9183 118.8417 116.7160 112.3403 116.3106 117.0857 116.2633 116.1069 111.5477 111.5835 106.2089 105.1984 109.9017 108.1862 106.5546 107.8967 110.7954 108.4117 106.3620 109.3705 101.6765 106.4439 106.9879 121.1353 105.0744 117.7306 116.2308 115.4274 115.1027 114.5687 114.0594 114.3381 111.8980 111.3906 110.4256 109.3734 108.2644 107.0629 105.7926 104.5898 103.5349 102.9356 103.0385 103.7953 104.9242 106.1734 107.3998 108.4971 110.4254 111.8654 97.8402 111.1939 106.2486 105.4681 103.0847 105.1028 112.7797 117.1337 116.2859 117.1822 117.6900 119.2701 104.8500
125.0400 126.1507 119.2194 114.8341 113.6209 116.8441 117.4519 116.4952 123.6747 113.9521 115.7151 110.1370 114.1785 108.0208 110.1548 99.0436 111.4173 113.9295 107.8377 109.8992 111.4321 104.3929 104.2959 109.3914 118.2741 107.6835 117.4511 116.5033 115.9408 115.3678 114.5035 113.3089 117.6317 111.9756 111.8941 110.9583 110.0133 109.3418 108.1689 107.2108 106.3122 105.6165 105.2503 105.3161 105.7869 106.5527 107.4682 108.4307 109.4035 109.9772 110.8546 110.4899 99.4394 102.6023 99.9193 104.2259 103.4131 103.9565 115.3893 118.7974 118.5772 118.0202 120.1366 129.9300
111.1600 119.3132 121.9579 122.6458 117.1449 115.0033 115.1116 115.9754 114.5871 115.1251 117.3580 115.4998 121.8661 114.1470 115.4748 109.2179 112.9238 102.8810 108.6035 110.3443 107.4455 104.7232 101.2882 116.7875 115.6495 117.0616 117.1857 116.6354 116.1086 115.5661 116.1849 115.1138 120.1983 114.0768 112.4436 111.6218 110.7072 109.6278 109.2187 108.4650 107.8164 107.3281 107.0752 107.1156 107.4378 107.9882 108.6749 109.4418 110.2479 111.0672 111.8243 112.6459 114.3959 111.8214 107.7465 103.6007 109.0047 107.9196 106.4876 106.8811 105.8644 119.1765 116.5761 114.7700
120.6600 120.1942 121.5199 120.2102 120.8619 121.3977 115.2392 115.2832 115.1686 116.7063 119.4750 119.5598 121.7200 112.7094 107.1656 103.0259 105.5289 104.1400 100.8021 111.4702 105.0562 99.0530 105.2541 121.4727 129.5115 116.6154 117.3764 116.9272 116.4287 115.6252 111.2375 110.1633 107.4228 104.7740 113.5711 112.0883 111.4603 110.9400 110.2945 109.6478 109.1160 108.7575 108.5835 108.6106 108.8479 109.2571 109.7829 110.4002 111.0449 111.7351 112.2652 113.2010 114.0210 114.6410 112.4116 114.1934 109.8256 102.8175 108.6995 103.1825 103.9624 109.6556 116.0324 116.0100
119.3600 118.6149 118.4340 119.4333 121.8574 116.0418 115.4171 114.8143 114.2402 114.0761 115.1467 113.4443 112.7513 103.1696 105.2407 106.1771 102.0406 98.8863 105.4526 106.0005 107.1912 109.9333 104.9570 122.6812 119.7857 118.7510 117.7549 117.0708 116.6230 116.4414 117.2166 100.7492 106.2589 113.6571 113.5375 112.8083 112.2617 111.7687 111.1320 110.5460 110.4151 110.0352 109.8696 109.8898 110.0727 110.3785 110.8002 111.3022 111.8327 112.3869 113.2064 111.6868 113.6561 115.5004 115.4801 116.0003 116.0032 116.0639 104.4863 104.5911 104.4040 107.5062 97.1120 116.7700
118.9400 118.4377 117.5923 119.8338 121.3055 116.4357 115.5223 114.9528 114.4883 114.9553 105.5110 109.0501 107.6071 102.4767 107.9261 105.8222 108.9381 113.3592 121.0478 109.4119 107.3794 104.2060 116.9693 119.4603 116.6876 101.1787 123.9008 116.9998 116.7514 115.5850 100.0906 111.8346 114.0965 111.6273 114.2733 113.4311 112.9619 112.5277 111.3654 112.5109 110.6221 111.0375 110.9864 110.9996 111.1198 111.3900 111.7392 112.1318 112.5913 113.0810 113.5740 113.9681 115.4431 111.3167 113.9103 116.1172 116.6400 117.2135 117.4224 115.8271 105.9113 105.8995 113.2195 100.3900
118.6300 118.3367 118.8365 120.4436 121.0114 120.6471 121.4958 110.6729 109.0490 116.3690 105.8404 106.5405 103.4962 105.3504 115.1144 113.3178 113.6550 105.7036 113.9815 108.9273 110.6999 120.7865 120.1638 110.4138 107.9194 118.9248 122.8527 117.4933 117.5511 116.5917 117.3198 111.4272 106.0798 115.3994 114.5567 114.0267 113.6127 113.1535 113.7114 115.9619 114.0393 112.0287 111.9756 112.0206 112.2294 112.3731 112.5955 112.9235 113.3000 113.7287 114.1591 114.6542 114.7297 115.5681 116.2631 116.3764 116.8914 117.2554 117.5175 117.9843 119.1282 117.5186 101.5214 113.7400
119.2200 119.1638 119.5702 120.7211 120.8594 109.9954 118.8277 116.0842 115.2940 115.2247 109.7769 115.5896 121.5008 115.8568 114.1402 123.6561 114.9249 109.1999 106.5059 104.0431 107.5960 123.6235 105.8113 106.6239 110.9450 113.9657 100.9066 114.9355 115.7596 116.8341 113.5066 118.2547 115.9694 115.5889 115.0181 114.6195 114.2440 113.8909 113.3183 104.3767 113.8913 112.8939 112.8639 112.8636 111.9886 112.4359 113.5050 113.4831 114.0784 114.3765 114.7343 115.1703 115.5251 115.9788 116.3532 116.8012 117.1941 117.7031 117.7737 122.2339 118.4111 119.3579 120.6744 116.1800
120.0700 121.6855 122.0896 123.0881 125.7679 117.9946 116.7818 116.6002 117.5344 117.7238 122.5508 117.9323 114.4316 118.2483 111.4897 123.7367 97.3214 99.8492 106.6058 111.4660 112.6116 126.4515 119.8849 120.0411 120.0262 116.5935 98.1190 110.4122 106.6683 110.2909 105.4925 115.2366 116.3556 115.8792 115.5348 115.1887 114.8536 114.4972 114.5963 114.6430 113.8809 113.7453 113.6678 113.6365 115.9698 108.1956 114.0404 114.4633 114.0249 114.7729 115.4260 115.6605 116.1387 116.4060 116.7663 117.1520 117.5201 117.8777 118.2534 118.5265 119.0223 119.4975 119.8269 120.0500
121.4100 121.9549 121.7912 120.6897 121.7015 117.4755 117.5878 117.4110 116.4962 120.3105 123.3747 116.8703 114.5764 110.6738 100.1853 103.8228 100.4379 102.4090 96.7534 107.6057 121.1979 119.7708 120.1131 119.5532 119.0621 119.1817 119.1121 115.6612 119.1582 119.1107 117.4350 118.8465 117.6244 116.3203 116.0111 115.7256 115.4266 115.1878 114.7858 114.6322 114.5799 114.4618 114.3607 115.3544 111.6450 105.3749 117.6539 116.6541 117.9093 115.2354 115.4760 114.3456 115.7670 116.7943 117.1555 117.5013 117.8549 118.2002 118.5120 118.9709 119.2229 119.9309 118.3785 120.0500
121.4200 123.8031 123.8253 119.9186 118.0864 117.2376 115.9838 120.7606 123.6466 123.0114 118.3722 118.9239 109.5414 111.5801 100.7160 100.1923 98.7896 106.3637 113.4497 120.5607 120.6962 120.6873 120.3154 119.9830 119.6833 119.4509 118.4450 119.0100 118.3427 117.4535 117.5021 117.4546 115.7413 116.8860 116.5764 116.2499 115.9808 115.7387 115.5500 115.3771 115.2312 115.1337 114.9666 115.3451 102.7357 100.6495 121.6112 118.5902 105.6244 116.4958 116.8492 119.4731 116.9669 117.2510 117.5350 117.8504 118.1734 118.4873 118.8052 119.1365 119.4193 119.6536 118.5497 120.4400
125.4900 125.9255 121.7695 125.9027 121.9977 122.0498 121.0283 125.5728 128.4496 121.1837 117.0063 117.4261 102.2611 98.5218 100.3928 99.2408 106.6362 123.7731 132.8420 118.0798 121.3502 120.7233 120.4700 120.2032 119.9316 119.5990 119.3099 119.0636 118.7551 118.4490 118.1775 117.8372 117.8174 117.0831 116.9782 116.7401 116.5036 116.2914 116.1100 115.9554 115.8441 115.7661 115.5269 116.0854 113.6749 105.4508 115.7152 117.1866 110.5376 117.5138 118.5808 116.7576 117.2872 117.6439 117.9086 118.1876 118.6075 118.8044 119.1625 119.4049 119.6981 119.9805 120.2773 120.4400
125.0600 126.0423 121.2501 125.4241 125.3755 125.1995 124.8122 123.5659 124.3568 109.1610 107.6099 104.0883 101.1908 99.8204 109.4980 104.4248 109.3375 113.9909 113.9061 121.1426 121.3111 120.9349 120.7057 120.4248 120.1535 119.8810 119.5961 119.3136 119.0192 118.7449 118.4780 118.1857 117.9093 117.6659 117.4437 117.2165 117.0035 116.8197 116.6612 116.5230 116.4173 116.3485 116.3239 116.3254 116.5884 117.0130 117.2164 116.5832 117.6280 116.8950 117.2338 117.6371 117.7052 117.9845 118.2608 118.7221 118.0491 118.4732 119.3844 119.6674 119.9588 120.2447 120.5152 120.8100
113.8300 124.8649 124.2519 125.1662 124.9280 124.8254 124.3529 125.5933 126.3154 100.3769 99.4591 102.1854 97.7551 121.1920 115.7744 119.0433 116.0673 112.4595 116.4465 122.1266 121.4431 121.1696 120.9117 120.6545 120.3921 120.1274 119.8619 119.6021 119.3437 119.0813 118.8266 118.5881 118.3377 118.0955 117.8767 117.6709 117.4858 117.3223 117.1561 117.0656 116.9628 116.8995 116.8753 116.8763 116.9100 116.9052 116.9349 117.2220 117.2688 117.5664 117.7032 115.2257 118.3900 118.4220 118.6516 118.1231 124.5719 122.1370 119.2675 119.9544 120.2012 120.4729 120.7321 120.8900
125.7300 125.8038 125.4656 125.2725 125.0809 124.8674 126.2186 107.2990 105.9634 115.1998 104.5168 114.9695 125.6647 117.7109 113.3506 101.8197 113.2808 129.1696 121.1035 122.0288 121.5903 121.3775 121.1314 120.8887 120.6376 120.3889 120.1407 119.8876 119.6426 119.4032 119.1669 118.9342 118.7048 118.4983 118.2889 118.0972 117.9896 117.7482 118.0243 117.5255 117.4668 117.4133 117.3958 117.3922 117.4282 117.5093 117.6310 117.6941 117.8284 117.9831 118.1862 118.4463 118.4998 118.7534 118.9935 119.2434 120.6664 119.1117 120.1941 120.1644 120.4692 120.7076 120.9551 121.1800
125.8900 125.7051 125.5585 125.3497 125.1620 125.0447 124.8966 112.3045 102.0158 103.2915 115.6814 114.4487 117.0420 113.7835 107.2616 113.7224 110.0276 117.6007 122.5118 122.0679 121.8078 121.5904 121.3439 121.1103 120.8799 120.6434 120.4035 120.1740 119.9441 119.7207 119.4992 119.2839 119.0804 118.8823 118.7022 118.6051 118.3712 118.5775 119.5524 117.9900 117.9462 117.9040 117.8811 117.8860 117.9205 117.9798 117.9585 118.1186 118.3026 118.4186 118.5449 118.6839 118.9429 119.1420 119.3433 119.6038 119.7828 120.0084 120.2344 120.4791 120.7068 120.9467 121.1949 121.2500
125.9200 125.7731 125.6205 125.4557 125.2625 124.7776 126.8866 102.8431 109.1453 122.9514 119.0024 118.0178 113.9762 120.2315 126.0577 109.4019 119.1616 112.5364 122.7644 121.9150 122.1439 121.7649 121.5631 121.3442 121.1211 120.8979 120.6778 120.4605 120.2442 120.0355 119.8286 119.6256 119.4375 119.3429 119.0522 118.3587 118.7641 118.5525 118.4928 118.4932 118.4047 118.3685 118.3469 118.3510 118.3498 118.4359 118.8913 119.8012 118.6799 118.8178 118.9771 119.1403 119.3104 119.4910 119.6898 119.8725 120.0976 120.3026 120.5147 120.7408 120.9585 121.1530 121.3825 121.5500
125.9500 125.8872 125.7132 125.5412 125.3554 125.4038 125.7161 128.9992 129.9123 126.6977 115.8010 113.6130 114.3825 115.7587 113.4087 107.7026 107.9441 112.5628 118.0565 117.9872 122.2312 121.9614 121.7859 121.5678 121.3458 121.1466 120.9508 120.7308 120.5429 120.3282 120.1444 119.9557 119.7796 119.6363 119.3355 125.0296 118.9976 119.0995 118.9953 118.8964 118.8365 118.7999 118.7894 118.7211 118.9258 118.8629 118.8993 118.9753 119.1003 119.2188 119.3566 119.4989 119.6604 119.8357 119.9996 120.2408 120.2844 120.5998 120.8045 120.9912 121.2100 121.4419 121.5989 121.6300
126.1000 125.9748 125.8083 125.6386 125.4586 123.7150 119.5562 123.9337 127.8609 115.8200 120.6762 118.6536 120.9773 113.5235 108.2048 106.5685 109.4745 109.9072 112.4834 117.0999 123.0408 122.1422 122.0433 121.8111 121.6502 121.4741 121.1692 121.0121 120.7515 120.6055 120.4573 120.2827 120.1196 119.9803 119.2720 121.5630 119.0529 119.4643 119.3794 119.3173 119.2685 119.2271 119.2296 119.1483 118.0737 118.8256 119.2508 119.4431 119.5132 119.6051 119.7302 119.8625 120.0085 120.1682 120.3473 120.3615 121.7809 118.3542 121.0662 121.2766 121.2988 122.0048 118.3594 121.9000
126.1300 126.0638 125.9029 125.5966 125.9380 117.3497 118.1692 120.8186 121.5700 114.7821 116.9282 134.3818 114.5876 109.0936 120.4570 112.1991 125.5683 123.1910 123.9925 123.1142 122.4632 122.4148 122.2970 121.8386 121.3166 121.2357 121.4147 121.8870 121.2189 120.8354 120.7638 120.5998 120.4462 120.3490 120.2519 119.8741 119.9767 119.8301 119.7762 119.6784 119.6073 119.6091 119.6573 119.4664 115.4410 116.4480 119.4351 119.8299 119.8743 119.9734 120.0823 120.2108 120.3483 120.4882 120.6365 120.8206 120.3208 111.1607 121.7868 121.4964 121.6990 121.7777 114.9502 122.1600
126.3200 126.1579 125.9909 126.0906 125.1168 119.9350 118.2293 121.7725 126.8246 113.2366 117.1179 116.1155 108.8770 112.9378 121.3611 123.6747 122.0999 123.9354 122.8503 122.9131 122.9308 122.6013 122.4199 122.6082 123.8456 119.8705 121.7338 122.5353 122.2456 121.1089 121.0607 120.9095 120.7750 120.6248 120.4943 120.4045 120.2971 120.2154 120.1325 120.1465 120.2181 120.0269 120.0650 119.8097 119.8576 117.0139 119.9923 120.2067 120.2362 120.3240 120.4263 120.5414 120.6721 120.8057 120.9528 121.0941 121.9824 121.4609 121.6469 121.7697 121.8839 122.9038 122.6017 122.5000
126.3200 126.2436 125.9919 126.1994 119.6605 119.0477 119.7913 127.0518 117.2205 116.3317 116.2012 116.1162 114.3046 110.4195 117.5596 123.1691 119.5451 121.2598 123.6424 123.1560 122.9983 122.8083 122.7260 122.1846 124.7053 122.1533 121.9767 121.8753 121.6385 121.5108 121.3516 121.2074 121.0760 120.9524 120.8379 120.7276 120.6405 120.5519 120.7366 117.7871 120.5815 120.2767 120.3790 120.3674 120.3307 120.7476 120.3768 120.5317 120.5879 120.6636 120.7638 120.8669 120.9836 121.1126 121.2475 121.3858 121.4937 121.6852 121.8245 122.0241 122.1724 122.3540 122.3658 122.7500
126.5100 126.3616 126.4195 126.6606 120.6141 121.0296 126.7419 136.0197 127.4505 124.6276 123.0323 108.2999 110.0191 102.5239 124.5207 119.3759 113.0092 120.7217 123.5394 123.3651 123.2007 123.0340 122.8302 122.7374 122.2701 122.3805 122.2413 121.5641 121.8925 121.7725 121.6254 121.5020 121.3753 121.2564 121.1556 121.0592 120.9674 120.8874 120.9904 120.9789 120.9097 120.7882 120.5773 120.7123 120.6814 120.6694 120.9897 120.8812 120.9066 120.9937 121.0824 121.1820 121.2956 121.4100 121.5383 121.6672 121.8175 121.9683 122.1127 122.2566 122.4190 122.5895 122.7610 122.7800
126.5500 126.2662 126.2354 121.6502 122.6213 115.7237 121.8478 129.4023 131.1007 135.0704 126.0694 117.1184 106.4639 118.7411 126.4300 121.2613 123.3758 124.5681 123.6905 123.5586 123.3860 123.2323 123.0846 122.9006 122.7345 121.9705 122.0166 121.8886 122.1851 122.0242 121.9078 121.7812 121.6690 121.5553 121.4598 121.3661 121.2932 121.2272 120.9149 120.8204 108.6908 120.9778 120.7977 120.9925 121.0097 121.3437 118.8714 121.3504 121.2712 121.2973 121.3905 121.4899 121.5912 121.6997 121.8147 121.9430 122.0741 122.2151 122.3504 122.4991 122.6492 122.8021 122.9643 123.0600
126.7000 126.5125 127.0534 120.9061 123.8720 118.7434 120.7125 120.0592 121.3461 105.6555 119.3464 111.0350 108.7640 117.8965 123.9470 124.8657 125.2643 125.1460 124.1519 123.7390 123.5845 123.4319 123.2842 123.0474 122.9082 123.7271 130.6274 126.3615 122.2537 122.3449 122.1742 122.0575 121.9481 121.8467 121.7524 121.6729 121.6049 121.5498 121.2416 121.5008 103.3740 119.8409 121.1638 121.5053 121.1934 123.0088 109.4541 122.1248 121.5530 121.6093 121.6967 121.7835 121.8797 121.9791 122.0869 122.2086 122.3322 122.4634 122.5977 122.7335 122.8812 123.0284 123.1764 123.3000
126.7300 127.1125 121.0687 122.7157 120.3270 121.0476 119.1046 117.1476 111.0360 113.9890 105.6546 123.0605 121.5426 117.2465 126.5585 124.3605 124.3687 124.2709 124.0804 123.9112 123.7796 123.6378 123.4705 123.5184 123.0011 114.3623 112.9712 121.2588 122.7994 122.5824 122.4371 122.3310 122.2261 122.1313 122.0464 121.9675 121.8993 121.8363 121.5996 122.3378 122.5659 121.7123 122.7196 118.9402 121.4929 121.5012 123.0230 122.4793 121.8525 121.9085 121.9907 122.0741 122.1581 122.2558 122.3588 122.4707 122.5906 122.7086 122.8375 122.9688 123.1080 123.2458 123.3889 123.5300
126.8800 127.0673 122.8334 120.0404 119.7417 118.8508 117.8911 118.6661 116.1215 119.6110 109.3128 126.7068 126.4116 124.5783 124.8506 124.7641 124.5392 124.4010 124.2572 124.1166 123.9768 123.8337 123.6589 123.8182 122.4371 118.5805 121.9707 123.4113 122.8497 122.7981 122.6945 122.5879 122.4960 122.4016 122.3232 122.2513 122.1872 122.1369 121.8928 121.5405 121.8128 121.8575 125.5365 127.5683 123.7567 117.4950 121.8843 121.9828 122.1477 122.1922 122.2723 122.3498 122.4295 122.5214 122.6244 122.7290 122.8339 122.9498 123.0717 123.1990 123.3225 123.4596 123.5943 123.5800
126.9200 122.8291 120.7226 120.8331 118.6259 119.8370 124.5561 116.2994 106.4136 113.1309 122.4223 125.6261 123.3603 125.5166 124.7002 124.9191 124.7088 124.5801 124.4323 124.2960 124.1617 124.0271 123.8932 123.7316 123.6674 123.6348 123.4795 123.3488 123.2301 123.0552 122.9444 122.8433 122.7554 122.6762 122.6004 122.5301 122.4315 122.3883 124.3192 122.7692 122.8187 122.3750 120.4470 110.0965 111.5059 123.3514 122.3082 122.3962 122.4494 122.5436 122.5434 122.6220 122.6935 122.7857 122.8732 122.9730 123.0797 123.1900 123.2998 123.4217 123.5411 123.6712 123.8000 123.8300
127.0700 127.3877 124.6994 121.8032 103.1152 120.6142 112.8863 109.2769 111.1631 134.8141 116.7696 116.3023 128.4805 125.0470 125.1803 125.0332 124.8856 124.7465 124.6118 124.4666 124.3374 124.2070 124.0841 123.9461 123.8234 123.7707 123.6181 123.5216 123.3943 123.2914 123.1898 123.0957 123.0145 122.9318 122.8671 122.7976 122.6525 124.2268 123.1659 122.6640 119.0103 123.2625 108.6523 110.9723 125.2247 122.7056 122.5744 122.6566 122.5905 122.4374 122.7921 122.8760 122.9581 123.0382 123.1290 123.2138 123.3189 123.4229 123.5288 123.6386 123.7747 123.8828 123.9942 124.0600
127.1000 126.9568 124.3430 121.1083 120.5814 116.4455 110.1178 110.2771 124.0974 120.8936 116.7952 115.6969 124.8911 125.3494 125.3122 125.1675 125.0488 124.9139 124.7980 124.6602 125.1191 124.6616 124.2509 124.1569 124.0467 123.9554 123.7908 123.6120 123.6377 123.4595 123.4283 123.3370 123.2646 123.1883 123.1144 123.0850 122.9085 122.9473 122.4375 123.3891 112.4272 123.8156 118.7622 116.4392 123.8550 122.5944 122.8983 122.8621 123.2812 127.2600 123.4137 123.1595 123.2017 123.2879 123.3658 123.4581 123.5487 123.6492 123.7598 123.9364 123.8896 124.1334 124.2061 124.2600
127.2500 127.1948 126.0199 121.2733 123.4398 113.8424 109.1311 112.3258 104.3182 112.7740 109.6706 121.3842 125.0683 125.5360 125.5831 125.3367 125.2064 125.0870 124.9617 124.7748 124.7502 117.7778 124.0208 124.3376 124.2627 124.0818 124.8955 124.0629 125.2062 123.7847 123.6975 123.5870 123.4850 123.3839 123.5954 123.3105 122.9665 122.7430 120.9396 121.7680 121.8168 123.4994 124.4692 116.4067 122.7646 122.9723 123.1704 123.0658 122.1645 119.9554 123.4082 123.4686 123.4484 123.5242 123.5994 123.6878 123.7876 123.8514 124.0494 123.5211 124.8227 124.2599 124.4047 124.5400
127.4300 127.1013 127.6309 123.2393 123.4279 122.2103 103.7512 107.4133 114.5755 119.3631 125.1492 112.8001 121.8553 125.8451 125.4995 125.2650 125.4242 125.2397 125.1363 125.0281 125.2633 126.5269 125.6046 124.9099 124.5050 124.1041 118.7400 116.9529 124.0227 123.7365 123.6167 123.7995 123.7253 124.2316 121.3946 123.2134 124.3273 123.6710 126.1906 132.2254 113.9059 123.6049 123.5285 123.9592 126.3611 123.2216 123.4085 123.1907 123.9190 120.2882 123.6808 123.7253 123.6873 123.7705 123.8305 123.9112 123.9960 124.1247 124.2086 125.6795 128.1419 124.2761 124.6636 124.7400
127.4300 127.3835 127.1794 127.3326 127.6571 120.1609 108.5516 118.7245 115.2448 113.3836 101.0314 126.4781 126.1315 126.0864 125.8119 127.0735 125.2424 125.4790 125.2892 125.1981 124.9622 125.2017 124.9318 120.9314 124.9145 124.5043 125.8771 120.2435 124.6396 124.2994 125.7539 123.9510 123.9915 123.0775 109.0967 109.8050 121.3559 124.2211 113.0675 124.3693 115.4727 118.1833 125.2271 123.4414 124.8439 123.5160 123.6506 123.7551 123.5981 124.1319 123.7264 123.8760 123.9115 123.9313 124.0869 124.1273 124.2099 124.2895 122.5758 125.0736 123.1417 120.5722 127.4544 124.9300
127.6100 127.4210 127.5964 126.4524 125.2759 116.5467 119.8394 120.3891 113.5214 112.4852 120.8291 130.3832 125.8260 127.5148 111.8113 123.1416 126.1278 125.5323 125.4760 125.3518 125.2979 125.1392 125.3992 123.4301 125.0752 124.6111 121.4555 104.5530 124.1794 112.6796 110.2379 125.0640 124.6496 125.4295 111.8580 123.7796 121.3491 125.4861 109.0293 106.0304 118.1090 111.9018 125.1380 123.6868 123.7384 123.8870 123.8494 123.6380 124.0079 123.9528 124.0828 124.1210 124.1609 124.4474 124.1664 124.4498 124.4161 124.4804 125.5264 119.2084 123.7310 111.2264 125.2823 125.1200
127.6300 127.9243 124.3434 127.2161 121.7532 124.3487 131.2867 119.4608 112.0078 114.5389 103.0840 124.8665 126.1376 126.2159 123.4338 123.6246 125.7748 125.6909 125.6306 125.5325 125.4302 125.3390 125.2095 125.1428 125.0653 124.7877 125.2984 125.5476 124.9136 114.3047 115.8716 131.9971 132.6422 125.8301 107.4171 110.3462 109.3159 115.8736 109.5067 123.3415 117.4580 123.3420 124.2248 124.1302 124.0881 124.2109 124.6650 127.3418 124.0258 124.2231 124.2583 124.3165 124.3821 121.3165 126.2924 124.3101 124.6636 124.6968 125.8199 113.9727 126.0532 125.2082 125.7086 125.1600
127.7800 127.6939 127.0520 126.6490 116.5574 122.1076 122.3220 117.3934 116.5767 106.5629 116.5334 115.7288 127.2640 126.5849 126.7888 126.4511 126.0309 125.9044 125.7982 125.6944 125.5983 125.4935 125.4069 125.3142 125.2661 125.1010 124.8912 124.7671 125.2497 124.8001 127.0952 116.2510 127.7761 125.5397 120.4952 112.8006 125.1034 119.2898 112.9432 124.9983 124.3516 124.3658 124.1889 124.2634 124.5025 122.6291 122.7383 125.6772 124.2511 124.5317 124.5326 124.5379 124.4255 127.5053 129.8467 124.8825 124.8556 124.9051 125.8679 112.3915 114.3694 125.1688 125.2623 125.3600
127.7900 127.9620 125.8752 118.5785 116.9391 122.4774 130.6540 127.1722 113.9947 105.7762 116.2440 120.9521 116.8095 118.5878 127.0294 126.1147 126.2061 126.0507 125.9596 125.8618 125.7655 125.6753 125.5831 125.4921 125.4004 125.3252 125.2716 125.2622 125.1871 120.0708 119.5044 107.2862 122.4144 124.7198 122.6181 119.5411 125.2343 125.5421 125.6674 124.3838 124.5444 124.5433 123.9657 130.9745 126.5717 114.7763 124.5487 118.1586 125.2039 124.8636 124.5696 124.7996 124.9760 124.7544 124.5399 124.8678 125.0780 125.0788 124.9298 127.6151 124.8491 125.7319 125.5335 125.5600
127.9600 129.1997 120.2134 117.4454 120.1721 124.3048 119.3025 112.2100 109.6492 111.9947 109.2239 105.0069 121.5865 127.7672 126.5172 126.5137 126.2311 126.2731 126.1270 126.0326 125.9619 125.8539 125.7480 125.6689 125.5881 125.5136 125.4157 125.4064 125.3267 125.8578 115.3415 112.5645 124.5934 124.9216 124.3200 125.7369 124.8462 124.7034 124.6384 124.8391 124.7887 124.7694 124.9327 123.4578 124.3114 125.6163 125.7042 125.2076 123.9241 114.2119 125.1967 125.0015 124.9814 125.1086 125.2255 125.2487 125.2144 125.3232 125.4129 125.0584 125.5155 125.5560 125.7594 125.7500
128.0900 123.6703 119.5529 118.5504 119.3822 110.6130 113.3378 108.2539 114.5637 118.9033 107.1684 111.7874 124.8166 126.7362 126.8667 125.7935 126.9729 126.2183 126.2742 126.1906 126.0201 125.8088 126.0008 125.8591 125.7512 125.6558 125.6250 125.5660 125.2322 115.0722 112.1651 118.4455 125.6012 125.1221 125.2213 125.0035 125.0704 125.0789 125.0669 125.0156 124.9843 125.0099 126.1053 113.6976 125.8623 124.7451 124.7765 124.8458 125.1259 125.6165 125.2549 125.1928 125.2225 125.2558 125.2908 125.3586 125.4426 125.4976 125.5676 125.6321 125.7080 125.8069 125.8635 125.9200
128.1300 124.4774 123.1686 118.1187 119.0693 115.5156 108.6272 115.5116 114.3566 105.5814 104.9052 116.8967 128.6688 126.4472 126.6765 120.5490 126.5880 126.7274 126.4148 126.0573 125.9840 128.1038 125.8718 125.8985 125.9374 126.3455 125.5515 125.8577 129.7265 117.7242 114.2197 126.5186 125.2970 125.4494 125.3555 125.3303 125.3028 125.2648 125.2005 125.1913 125.1827 125.2250 126.7467 115.7955 126.2419 124.8813 125.2708 125.2790 125.2656 125.1573 125.2399 125.3790 125.4122 125.4618 125.5108 125.5677 125.6213 125.6827 125.7536 125.8188 125.8927 125.9619 126.0433 126.1200
128.2700 128.3333 128.8468 119.2126 116.6007 120.6732 107.5150 125.3049 114.1942 110.8481 120.8120 130.9846 128.0298 126.9575 127.3712 126.8239 127.4613 126.9744 123.8261 128.0053 126.0084 113.1109 128.7910 126.4924 126.5196 125.7752 121.1886 124.1379 135.0921 126.6005 122.9624 126.3952 125.5899 125.5834 125.5260 125.5707 125.5937 125.3105 125.6510 125.4850 125.3907 125.4454 125.3262 126.3766 126.3272 125.2598 125.4128 125.4444 125.4715 125.5271 125.5542 125.5671 125.6077 125.6512 125.7027 125.7576 125.8139 125.8716 125.9302 125.9922 126.0673 126.1356 126.2160 126.3000
128.4300 128.4146 125.2650 118.0116 116.4581 108.6867 113.2539 119.1188 111.9525 108.3636 125.9213 127.3112 127.3171 127.1858 127.0139 127.0864 127.5243 126.9428 116.2990 125.4532 117.5397 114.8578 115.5739 127.5578 122.3825 127.6390 126.2705 126.2310 115.5625 125.3422 126.2675 125.8592 125.8309 125.7692 125.7902 125.2987 129.6326 127.1534 125.3470 125.4970 125.7009 125.5450 125.6379 125.4408 125.3723 125.5664 125.6220 125.6416 125.6659 125.6887 125.7143 125.7642 125.7981 125.8420 125.8849 125.9356 125.9950 126.0536 126.1090 126.1694 126.2414 126.3111 126.3782 126.4800
128.5600 120.9703 121.6563 117.7292 121.8222 116.3122 114.2731 109.4108 114.5249 124.9922 128.6363 127.4388 127.4137 127.3233 127.2723 127.1317 127.0368 127.1997 129.0148 125.4778 127.7455 126.1869 111.1713 109.0595 113.6754 118.7333 126.7842 126.2853 125.3745 126.0196 126.0794 126.0729 125.9911 126.0613 125.4939 127.5658 126.1650 131.5950 128.1755 126.0374 125.2011 126.1443 125.8247 125.8121 125.8454 125.8260 125.8187 125.8373 125.8594 125.8890 125.9130 125.9424 125.9873 126.0290 126.0752 126.1174 126.1705 126.2255 126.2813 126.3457 126.4042 126.4804 126.5544 126.6500
128.5700 119.6202 125.0305 118.7604 119.4395 114.7736 124.6421 114.0788 120.1311 121.8199 127.6811 127.5522 127.5492 127.3940 127.2756 127.2815 127.3194 128.0689 116.0850 104.7724 127.0100 130.6849 127.8752 126.1473 113.6470 119.5047 126.7706 116.8689 125.8732 126.1496 126.2948 126.2289 126.2600 126.0727 126.4202 113.3984 112.3190 109.5706 127.2630 125.9605 126.3186 125.9590 125.9949 125.9718 125.9824 125.9938 126.0065 126.0280 126.0371 126.0685 126.1052 126.1338 126.1671 126.2066 126.2546 126.2956 126.3475 126.3968 126.4608 126.5044 126.5749 126.6472 126.8074 126.8200
119.1600 119.8354 118.4610 109.9866 113.2657 114.5139 128.8743 126.9629 126.4985 127.7302 128.2242 127.7485 127.3657 129.4260 128.5112 127.1756 127.3291 122.8329 112.1446 126.5992 127.0045 121.7609 116.6372 126.8211 128.7904 120.9679 111.8869 118.6892 127.1284 126.3527 126.4708 126.4112 126.3796 127.0397 115.9044 124.6274 106.1922 118.2612 126.9108 126.1944 126.1311 126.1808 126.1703 126.1716 126.1766 126.1844 126.2035 126.2417 126.2768 126.2552 126.2782 126.3152 126.3466 126.3853 126.4254 126.4715 126.5226 126.5671 126.5986 126.7305 126.7175 126.7866 126.8514 123.3500
119.7400 125.6616 122.7793 114.2611 118.2867 120.1618 127.8365 128.1664 128.2847 128.0462 127.8776 127.8082 124.8126 121.6492 126.0916 127.6284 127.1831 128.4547 127.9958 127.5056 128.1681 114.2178 121.9785 127.9250 123.3493 121.5842 128.0290 118.6758 126.6028 126.6716 126.6276 126.5867 126.5536 126.8549 127.6951 110.6131 122.5418 128.0357 126.1690 126.3049 126.3759 126.3594 126.3438 126.3450 126.3622 126.3671 126.3828 126.2966 126.1961 126.3399 126.4669 126.4933 126.5270 126.5636 126.6009 126.6485 126.6857 126.7284 126.9714 126.5115 126.8984 127.0141 127.3246 126.9800
128.7900 128.7360 128.9278 127.7779 127.8398 127.1937 129.0709 128.2383 128.1633 128.3894 126.4390 129.6822 125.7883 114.1510 127.7056 127.4416 127.6688 127.2934 127.3107 127.3534 127.3462 113.2519 103.6176 113.5673 119.0997 128.0585 126.9259 127.4550 126.8941 126.8044 126.7953 126.7625 126.7280 126.5079 127.7189 127.2242 127.0692 126.4560 126.8981 126.9123 126.4950 126.5406 126.5505 126.4864 126.5263 126.5494 126.5736 126.4280 127.3110 127.2269 126.5973 126.6779 126.6973 126.7306 126.7702 126.8127 126.8535 126.8857 127.3488 124.9308 127.1027 126.8544 127.2011 127.1400
129.0100 128.9201 128.9100 128.8550 128.4018 128.7921 128.4666 128.4668 128.2273 129.6322 126.3076 129.7278 127.5445 122.5679 125.1903 127.8993 127.7761 128.0327 127.4818 127.6775 125.0365 105.8203 114.0065 107.2914 126.8349 126.4154 127.3385 127.0193 127.0495 127.0066 126.9614 126.9215 126.8882 126.7958 126.6135 126.6643 126.8800 126.8428 126.7860 125.8800 126.6197 126.7173 126.8163 127.6547 126.7260 126.7093 126.7654 126.5884 125.2954 118.1427 127.0808 126.8645 126.8666 126.9004 126.9388 126.9796 127.0206 127.0639 127.1662 127.2179 127.1893 128.0504 127.1307 127.3000
129.1200 129.0603 129.0119 128.8863 128.8609 128.7361 128.6483 128.5542 128.5579 128.4463 128.2923 126.5136 110.1032 114.1294 128.6333 127.8173 127.9609 125.6888 129.2806 127.6078 129.0757 106.7913 110.1189 120.1178 128.6253 127.3585 127.2675 127.2688 127.2130 127.1858 127.1275 127.0828 127.0543 127.0390 127.0361 126.9711 127.1112 127.2442 117.6239 126.8364 126.6431 126.8960 127.6642 127.7183 126.5546 127.0107 126.8937 126.8688 127.2306 126.4467 126.9982 127.0475 127.0269 127.0681 127.0981 127.1348 127.1587 127.2182 127.2191 127.3730 126.9459 128.2483 109.9250 120.3100
129.1600 129.1759 129.0795 129.0151 128.9188 128.6256 128.7890 128.7413 128.6073 128.5555 128.4570 130.2207 126.4022 117.5010 122.6703 129.2779 130.4695 110.6098 124.9299 127.8628 128.4935 111.2935 112.1828 127.1904 127.5512 127.4058 127.4749 127.3878 127.3687 127.2245 127.2753 127.2687 127.2168 127.1844 127.1556 127.1744 126.6964 127.2274 112.9655 127.6186 126.9963 126.9468 128.8215 114.9816 127.5517 126.8148 127.0773 127.0861 127.0592 127.0754 127.0358 127.1864 127.1980 127.2260 127.2625 127.3048 127.3758 127.3040 127.8327 126.5292 128.2924 123.2079 116.5290 121.2100
129.2800 129.2310 129.1877 129.1395 129.0214 128.6243 120.7426 129.2749 128.7146 128.5003 129.0441 120.3718 105.5329 118.7018 116.4990 110.9667 123.0057 112.9842 127.6435 127.8082 128.7959 118.4242 109.3566 119.4210 127.4437 127.5757 127.4596 128.1782 127.4438 128.3092 127.4910 127.3773 127.3745 127.3487 127.3228 127.3165 127.1326 125.9204 126.8464 126.9652 127.2630 127.2617 127.0860 128.8213 128.6186 127.1150 127.2394 127.2527 127.2656 127.3093 127.3580 127.3467 127.3581 127.3871 127.4261 127.4478 127.4656 127.7435 129.3736 118.5140 128.4105 119.7731 112.1697 111.5800
127.6000 129.3200 129.2400 129.1700 129.0900 129.1100 128.9300 128.9500 128.7800 128.7900 128.7000 128.6200 128.5600 128.4500 128.3800 106.9700 128.3100 106.2400 128.1600 128.0500 128.0800 128.0000 127.9100 127.9100 127.8200 127.7200 127.7500 130.5200 111.8800 127.5600 127.5800 127.4700 127.4900 127.5000 127.3800 127.3900 127.4100 127.4100 127.2900 127.3000 127.3000 127.3100 127.3100 127.3100 127.3100 127.3000 127.3000 127.2900 127.4200 127.4100 127.3900 127.3800 127.5000 127.4800 127.4700 127.5800 127.5600 127.6600 127.6400 106.5300 133.3300 111.4500 113.2900 113.2900
