123.4400 125.5400 125.7300 124.1500 125.0500 117.9300 108.8200 120.7100 119.5000 119.3200 119.8700 118.0900 102.9800 110.4700 102.7100 120.1900 113.0800 115.0200 114.0400 102.0100 110.8900 118.1400 115.5500 107.9900 108.0300 111.8300 106.2800 106.4200 109.3100 103.1400 103.4600 99.9400 101.1400 101.1700 100.8800 121.6500 121.4400 99.6600 121.2600 121.2900 121.0400 121.0600 122.0700 121.1000 121.1100 121.1100 121.1000 121.0900 121.0600 121.3000 121.2700 121.2400 121.4600 121.4200 121.6200 121.8000 121.8000 121.9800 122.1400 122.1100 122.5000 122.4500 122.6400 122.6100
123.4400 123.9258 119.6757 126.0906 125.8333 119.4774 114.8879 115.0297 119.6552 118.3843 120.1513 108.2371 111.3538 106.0942 110.8070 120.4345 113.7986 113.2473 110.9104 106.8133 111.7590 111.7099 111.8592 107.8427 105.3254 108.8877 108.3089 107.0485 103.6393 103.2445 102.5320 100.3040 104.3652 102.6154 101.8082 101.1457 101.1816 105.2386 122.6629 117.3282 118.7770 120.9281 121.0459 120.8333 120.8289 120.8382 120.8552 120.7273 121.1703 118.7145 121.3520 120.9851 121.2058 121.2997 121.3832 121.5433 121.6473 121.7626 121.9515 122.1650 122.5440 122.1293 122.4573 122.5300
126.7800 122.2793 121.6226 117.0996 121.6191 119.8328 118.0459 112.3560 113.1814 114.7914 115.6432 107.0064 116.5221 103.2317 108.2167 109.8875 114.2353 116.4538 112.7444 111.1480 109.0374 108.4620 106.1161 109.1806 101.4857 103.8175 105.4265 112.3037 114.2513 101.4215 103.0967 108.1019 112.3817 113.4125 100.6055 106.5449 112.1708 130.3255 122.0721 120.7345 121.0565 120.6272 120.4911 120.4942 120.4897 120.4956 120.5196 120.1589 119.8634 102.8116 120.4596 120.7469 120.8902 120.9765 121.1958 121.0963 121.3306 121.5169 121.6585 121.8632 122.9886 122.0335 123.6076 122.5300
126.6000 121.8943 124.9755 124.9731 111.3887 119.6258 117.8769 117.0528 113.4164 117.6309 113.5804 108.0132 103.1482 115.8057 106.4193 110.0519 113.1304 111.5545 109.8967 109.9579 113.4680 108.5626 104.5025 110.6073 101.7533 110.3122 110.0809 110.3914 112.3621 99.7615 104.4410 115.4044 109.9488 117.8856 103.1087 117.5889 119.6158 112.7118 119.9784 111.1173 120.7897 120.1351 120.1594 120.1380 120.1272 120.1324 120.1722 120.0698 120.3555 99.1859 119.3124 120.3777 120.5573 120.7473 120.2925 121.3229 121.4448 121.1593 121.3127 121.6619 126.0330 121.9759 112.2719 99.9800
126.6000 123.4261 123.3565 98.5545 101.8699 122.7958 107.0849 117.4608 117.2503 117.5489 114.3601 117.9984 101.0074 105.4072 105.0606 109.0582 110.1253 110.8893 109.3876 109.1141 109.9424 115.7916 106.2048 104.4612 107.6243 111.5914 109.7874 113.5804 100.0135 99.8622 117.0120 107.8220 119.2013 122.1262 122.4284 115.4307 109.6523 120.7495 120.6885 120.3159 120.6506 119.8342 119.7940 119.7641 119.7535 119.7956 120.0366 115.0469 120.3526 112.4132 120.4952 119.9089 120.2505 120.3980 121.3389 114.4629 117.9648 121.1343 122.1580 112.4797 111.5565 121.7120 118.2895 121.9200
126.4100 126.6794 120.9995 119.5888 104.2670 121.6335 115.4144 108.6878 116.8179 113.5185 116.9801 119.2187 113.4796 104.0921 108.3935 109.6091 109.1759 110.9210 111.5169 110.9001 108.7866 109.2610 107.9772 108.1066 106.4639 108.9511 103.3336 106.9434 120.7743 116.4416 111.6781 115.7691 123.3322 119.2146 120.0472 120.4402 120.6263 119.4705 119.5505 119.5391 119.3870 119.4397 119.4021 119.3655 119.3400 119.3839 119.1546 121.5831 103.4029 104.9765 118.9018 119.3560 119.8760 120.0013 119.4832 109.1864 122.9553 118.8779 127.5083 116.3929 109.2334 118.2255 116.8980 121.6700
126.3800 126.0645 119.4812 120.7306 117.1389 119.3641 118.0454 116.9248 117.9032 109.2075 116.1444 107.4684 116.5620 112.0991 112.9957 109.3756 109.7070 108.1871 111.1934 111.1308 109.3424 110.8545 107.3697 108.1219 107.1579 104.9541 103.8802 100.8703 98.7029 114.5823 113.9630 115.8041 121.3023 102.7055 117.3095 119.6200 119.4817 119.5268 119.4088 119.2304 119.1555 119.0561 118.9999 118.9549 118.9496 118.9899 120.5973 105.6164 102.8904 103.5921 118.3075 119.0010 119.4949 119.5733 120.6238 121.5062 120.5001 118.9970 121.5885 112.2323 108.0950 117.9523 121.0294 121.3700
119.7200 122.0953 120.5965 120.4906 120.9149 118.1712 117.4556 117.4125 116.6602 116.7618 108.0976 120.1610 100.7320 106.8986 112.4548 110.6694 109.8641 106.1362 110.5274 110.5661 111.1990 109.7860 107.5704 112.3726 108.9169 105.1243 105.1378 104.3350 111.0796 123.5050 115.3558 124.9255 113.7815 102.9227 119.7472 119.4044 119.2523 119.0600 118.9137 118.8137 118.7086 118.6328 118.5748 118.5278 118.2161 119.2800 110.8935 105.8712 116.9959 105.8849 118.8186 118.7932 119.1850 119.2408 119.2039 119.6110 119.8434 120.0085 120.1957 121.1008 121.2487 120.7689 121.1502 121.2800
119.3100 120.4975 122.2629 121.3219 118.9274 117.9297 117.1267 116.6661 117.3427 115.3664 114.9811 102.5176 102.2611 101.7021 103.1385 113.0266 110.1179 111.7702 109.7945 108.0472 109.4287 111.8095 107.6974 102.0373 103.5382 102.3306 107.5215 109.1531 123.2363 120.7144 119.1369 117.8582 99.6687 120.8068 118.9148 118.9031 118.8626 118.6746 118.5284 118.3943 118.2810 118.1937 118.1259 118.0565 117.9344 118.5365 105.7219 118.0009 117.3114 119.5143 118.3758 118.4606 118.5707 119.3949 119.2088 119.6741 119.4426 119.6976 119.8880 120.0836 119.9376 120.5421 123.0485 120.9800
126.1700 119.9887 120.5609 121.5860 120.8153 117.0988 116.6905 116.7592 117.7197 115.6891 113.8725 107.7264 101.0064 101.7285 110.2294 109.8108 109.3219 110.3760 104.4143 109.0235 103.4098 108.7634 108.1842 107.4672 105.3150 109.7062 107.6016 114.1773 116.6424 120.1777 119.6963 119.0858 120.3174 106.3963 118.9043 118.6679 118.4294 118.2579 118.0969 117.9508 117.8250 117.7302 117.6525 117.5984 117.5479 118.6482 117.6260 117.8707 117.7682 117.7381 117.9952 117.9928 119.7696 115.2870 119.6590 115.3052 119.3532 119.3353 119.6054 119.8389 120.0405 120.4015 108.0297 120.5900
120.7500 121.5871 122.4809 118.1372 117.4391 116.8417 116.3843 115.9741 118.1840 117.7199 123.1061 129.9861 101.1044 107.6925 98.9866 107.7494 110.6145 107.6523 110.8307 106.9933 103.7657 107.5815 107.7976 109.3291 115.2891 115.8254 117.8580 116.3920 118.0584 120.1074 119.4187 118.5787 118.8061 117.1710 119.5995 118.1973 118.0282 117.8300 117.6470 117.4886 117.3447 117.2354 117.1504 117.0989 117.0674 116.9828 117.0780 117.1439 117.2532 117.4231 117.5346 117.5489 118.3006 106.7094 118.6301 119.4269 118.5628 119.0352 119.2558 119.5774 119.5448 121.2875 124.9089 120.5900
119.4000 120.4825 117.6198 121.6203 117.1683 116.8120 116.8152 115.2655 115.8476 120.1161 121.9849 117.6967 122.2189 120.9360 105.8641 110.5481 106.0281 105.1308 98.7153 106.0042 99.1177 108.2153 110.1667 107.4417 106.0355 116.3364 120.1305 120.1557 119.8744 119.3745 118.8864 119.6753 119.6392 117.9251 118.0508 117.9173 117.5824 117.3812 117.1777 117.0018 116.8445 116.7207 116.6217 116.5620 116.5304 116.5453 116.5786 116.6607 116.7642 116.8915 117.0522 117.1502 110.7433 125.0810 119.3680 114.0272 119.4084 118.5217 118.9804 119.2196 119.5042 119.8499 114.6856 100.5000
123.2400 125.5898 118.0589 121.4677 119.1842 117.0960 116.3442 116.0946 116.8147 126.8671 125.4612 113.8191 118.4546 116.1764 113.4371 113.5692 108.8657 98.2359 99.1567 95.1180 104.0000 114.8277 117.3239 110.1030 111.0343 122.0316 119.9871 119.4135 119.2615 119.0837 119.6974 110.6956 117.4537 118.1515 117.7046 117.4053 117.1493 116.9114 116.6871 116.4869 116.3125 116.1697 116.0621 115.9909 115.9543 115.9675 116.0048 116.0911 116.2170 116.3682 116.5522 117.7487 112.5750 117.7922 120.5224 108.9977 117.1476 118.4342 118.6393 118.9246 119.2970 119.6734 117.6267 100.5000
123.2400 120.7454 117.9423 117.4070 119.7436 117.9598 117.7247 115.8781 115.4843 124.6821 109.2414 116.2844 120.3240 115.6085 110.9246 111.9091 126.4210 106.3865 101.1308 118.0214 107.7079 109.9793 104.5618 106.1547 123.2224 111.8219 120.4291 120.5500 119.2472 118.8664 119.6291 106.1562 111.7088 117.0844 117.2237 116.9651 116.6856 116.4131 116.1726 115.9399 115.7479 115.5879 115.4598 115.3826 115.3378 115.3446 115.4044 115.4978 115.6374 115.8111 116.0388 116.1359 117.0810 116.5058 114.7362 117.7438 116.2240 118.0379 118.3084 118.6228 118.7690 119.6002 105.2073 119.7600
119.2100 114.4053 121.3262 117.1561 110.8013 119.9502 120.4010 119.5145 113.8006 114.7405 108.3998 118.2269 108.7090 114.3498 112.7522 109.0524 114.2750 109.2317 106.8763 114.7248 102.3271 120.4559 101.1376 120.5147 117.2952 123.8852 103.1263 110.4658 119.1569 118.4634 117.9313 115.9070 112.1151 117.4546 116.8455 116.5279 116.2129 115.9076 115.6243 115.3686 115.1467 114.9624 114.8230 114.7213 114.6771 114.6856 114.7466 114.8622 115.0259 115.2119 115.4532 115.7415 115.9405 116.7115 115.0514 116.9551 117.4295 117.6216 117.9800 118.3118 118.6628 119.5590 114.9976 119.4400
119.1200 116.6741 119.5750 115.2672 112.4132 107.9463 108.2566 112.6662 118.1043 112.8643 116.6974 116.1873 110.5135 111.7672 110.4455 109.6347 107.2850 107.8033 108.1040 121.9064 114.1424 122.4894 116.7903 119.7483 119.1265 119.8718 114.9278 115.8046 118.6807 118.2840 117.9018 118.4430 117.5542 116.9113 116.4055 116.0698 115.7147 115.3749 115.0567 114.7669 114.5072 114.2966 114.1266 114.0170 113.9637 113.9757 114.0419 114.1769 114.3630 114.5948 114.8660 115.1622 115.5179 115.8183 116.1985 116.6569 116.9076 117.2918 117.6496 118.0130 118.3982 118.7130 119.4346 119.3300
119.3600 116.3822 115.4532 114.1156 113.9569 115.1678 114.7020 113.5590 116.3330 106.8613 105.1075 103.4165 108.2445 111.3658 116.0509 101.3316 103.3354 109.8030 109.7840 128.4105 129.2064 120.4970 120.9324 120.8763 119.7963 119.3773 119.3588 118.9153 118.3353 117.9786 117.5171 117.1671 116.8052 116.3781 115.9929 115.5887 115.2022 114.8321 114.4389 114.1264 113.8180 113.5766 113.3774 113.2458 113.1792 113.1954 113.2802 113.4373 113.6545 113.9204 114.2384 114.5832 114.9487 115.3396 115.7255 116.1297 116.5299 116.9302 117.3243 117.7120 118.0877 118.4477 118.7877 118.9800
125.6900 125.5988 122.0074 114.6139 113.2000 115.2889 105.7318 118.4060 117.4206 114.3025 117.0625 105.7163 107.0053 109.8380 112.7693 111.8594 105.6284 109.3118 104.4083 124.0133 119.4994 120.5391 120.3138 119.9214 119.5763 119.2410 118.8203 118.4386 118.1463 117.7012 117.2704 116.8626 116.4313 115.9935 115.5605 115.1200 114.6841 114.2212 113.9784 113.3890 113.1575 112.7994 112.5594 112.3959 112.3184 112.3401 112.4396 112.6353 112.8906 113.2124 113.5725 113.9682 114.3918 114.8222 115.2641 115.7028 116.1469 116.5835 117.0081 117.4248 117.8219 118.2162 118.5983 118.9000
125.6800 125.7441 119.2993 114.1258 114.2597 114.9670 113.4641 111.0933 110.6549 113.3742 110.2427 115.6718 112.5205 117.4713 108.8370 105.0307 100.4800 104.7267 113.1461 118.8995 120.1138 122.0565 120.0558 119.7361 119.3889 118.9414 119.3877 118.0443 118.3372 117.2960 117.0007 116.5339 116.0746 115.6062 115.1301 114.6267 114.1427 113.6540 113.0875 110.7095 112.3200 111.9421 111.6620 111.4667 111.3709 111.3953 111.5174 111.7499 112.0669 112.4427 112.8710 113.3327 113.8146 114.3072 114.7971 115.2884 115.7616 116.2349 116.6904 117.1398 117.5659 117.9876 118.3854 118.5300
119.1300 119.5026 119.3994 113.2366 117.0463 116.2899 118.2258 112.6293 112.2636 110.7377 112.2442 117.9963 111.1863 110.7965 115.9251 121.0945 103.7898 105.8126 116.6060 109.5264 119.6130 133.6346 118.4580 119.7276 119.2511 118.1882 125.7044 116.9342 116.5723 117.8736 116.9079 116.1875 115.7294 115.2077 114.5795 114.0502 113.5936 113.0365 112.6149 111.8531 111.5901 111.0043 110.6728 110.4202 110.3017 110.3292 110.4925 110.7819 111.1651 111.6247 112.1341 112.6708 113.2267 113.7828 114.3282 114.8647 115.3894 115.9030 116.3892 116.8615 117.3209 117.7622 118.1398 118.4500
115.6900 121.5183 116.0021 117.2214 114.5440 116.6999 115.4648 112.7505 111.2045 113.6023 117.2985 119.2455 111.9044 99.0533 99.8541 101.6811 103.4155 108.7337 125.2021 113.3859 121.3688 119.3723 119.3160 119.5026 119.1354 118.7989 117.6889 116.7902 117.4494 116.3264 116.4983 115.9268 115.4292 114.7653 114.8517 113.7231 113.1205 112.3821 111.7631 111.1594 110.5324 110.0123 109.5560 109.2375 109.0820 109.1185 109.3309 109.7014 110.1810 110.7487 111.3600 111.9869 112.6305 113.2552 113.8687 114.4602 115.0300 115.5832 116.1054 116.6115 117.0888 117.5561 118.0857 118.3800
117.4400 125.1549 127.1697 124.1741 119.3145 113.9170 119.1596 116.5404 117.2843 121.4554 124.4491 112.6493 108.6926 108.9917 108.5949 100.1208 102.4282 118.5081 115.1112 117.9958 120.1871 120.3095 119.7128 119.0170 118.6380 118.5417 117.6346 117.8103 117.4432 116.7226 116.1826 115.6488 115.0778 115.0014 107.2910 112.8502 111.9952 111.8121 111.0533 110.3019 109.5669 108.8836 108.3079 107.8773 107.6679 107.7074 107.9986 108.4914 109.1142 109.8249 110.5520 111.3005 112.0354 112.7382 113.4265 114.0726 114.6897 115.2831 115.8360 116.3698 116.8756 117.3477 118.1590 118.3100
125.4800 124.5056 120.7753 114.7091 113.0262 117.3344 120.9980 115.5520 114.2557 109.5490 112.9961 113.0095 119.8140 122.6638 111.8001 107.7498 110.5567 108.0362 118.6130 119.5457 120.2599 120.0549 119.7495 121.7669 120.0677 120.7402 120.3923 118.8578 116.9812 116.4717 115.9549 115.3910 114.8140 114.4577 104.7158 115.1996 112.1316 111.2352 110.3056 109.4255 108.5244 107.6534 106.8728 106.2772 105.9750 106.0377 106.4534 107.1230 107.9433 108.8347 109.7339 110.6071 111.4569 112.2450 113.0060 113.7123 114.3758 115.0068 115.5946 116.1523 116.6905 117.1882 117.6391 117.8900
103.4600 111.9805 112.2600 116.3731 112.8640 111.6744 111.7724 116.6811 106.9364 111.3082 107.9757 109.8090 107.9938 111.9818 103.2086 110.6105 109.3207 108.6343 121.1956 121.3193 120.2098 119.9250 120.5159 106.8844 111.8231 107.1082 106.3398 115.4608 116.7305 116.4047 115.7786 115.1804 114.5356 113.7327 114.5211 113.0984 111.9281 110.5741 109.5829 108.5456 107.4344 106.2949 105.2182 104.3415 103.8719 103.9709 104.6100 105.5719 106.6844 107.8155 108.9198 109.9455 110.9026 111.7891 112.6179 113.3790 114.0918 114.7630 115.3862 115.9732 116.5237 117.0670 117.5922 117.8400
103.4600 114.1865 107.4745 115.7205 110.8084 114.0621 112.6328 117.5743 109.9543 119.4586 112.8034 111.7472 107.7381 100.1710 101.2416 101.1399 106.3403 106.2514 120.0621 120.4850 120.1868 119.8736 119.4750 115.1824 112.7203 117.8531 110.6708 107.6570 117.1339 116.1565 115.6044 114.9955 114.3093 113.6465 112.5532 111.4646 110.8357 110.0724 108.9374 107.6983 106.3265 104.8325 103.3035 101.8820 101.1027 101.2743 102.3311 103.8265 105.3617 106.8092 108.1380 109.3280 110.4109 111.3895 112.2882 113.1055 113.8569 114.5549 115.2049 115.8156 116.3757 116.8761 117.3135 117.8000
118.1600 118.7776 116.8583 116.0569 111.8060 112.0485 115.7452 116.2220 118.6677 115.2177 114.2150 113.8478 114.8042 110.6621 108.1932 100.9216 117.6180 113.9165 117.5910 120.4208 120.1762 119.8062 119.4143 119.5953 121.8568 102.3790 123.6229 118.2117 116.6822 116.0656 115.4871 114.8516 114.1446 113.1853 112.1074 111.8578 110.7810 109.6154 108.3638 106.9376 105.2893 103.3694 101.0977 98.8693 96.9194 97.4363 99.6179 101.9184 104.0562 105.8845 107.4540 108.8082 110.0042 111.0618 112.0182 112.8847 113.6744 114.4039 115.0725 115.6876 116.3442 117.2649 118.3994 117.7700
115.6300 115.8592 115.0481 116.4807 116.2227 110.7001 116.0316 114.1895 106.1895 113.5759 110.7642 115.7583 103.3296 103.2810 102.1297 109.8392 109.7045 124.1679 120.8551 120.7291 120.1274 119.7699 119.3850 118.9219 118.3218 116.5307 117.6934 117.5441 116.6425 115.9877 115.3960 114.7550 114.0696 112.4615 119.0735 110.7722 110.4828 109.2953 107.9405 106.3468 104.4328 102.0458 98.9908 94.0622 90.2504 91.0458 96.1433 100.0618 102.9439 105.1413 106.9287 108.4277 109.7132 110.8320 111.8341 112.7250 113.5436 114.2799 114.9723 115.6071 116.2232 117.0518 117.2920 117.7500
125.4400 124.8470 125.3027 117.7937 111.8643 112.5033 116.2106 113.3594 113.0880 112.8350 115.0978 113.5082 110.3061 105.9156 102.0426 103.1293 105.4360 111.3172 116.1219 121.1671 120.0539 119.7449 119.3624 118.9500 118.5521 118.1280 117.6349 117.0384 116.5465 115.9671 115.3504 114.6960 113.9752 113.1897 112.4759 111.2334 110.3389 109.1224 107.6996 106.0269 103.9363 101.1942 97.3469 89.7941 85.3449 86.3147 92.5962 98.8299 102.2499 104.7172 106.6397 108.2210 109.5534 110.7128 111.7282 112.6451 113.4857 114.2246 114.9312 115.5660 116.1761 116.7180 117.2655 117.7300
125.4400 123.7148 122.5008 117.9487 111.8640 110.4443 112.9749 113.2004 111.8089 110.5958 110.7482 113.9770 113.2223 107.3951 103.1905 109.1116 101.4539 112.0780 121.2260 120.5177 120.1266 119.7576 119.2765 118.9340 118.5108 118.0964 117.6051 117.0741 116.5322 115.9659 115.3545 114.6872 113.9787 113.2350 112.3922 111.4434 110.3359 109.0983 107.6831 106.0122 103.9274 101.1640 97.2539 89.5866 84.8680 86.0568 92.4978 98.7876 102.2369 104.7072 106.6293 108.2089 109.5509 110.7059 111.7253 112.6395 113.4751 114.5856 114.8964 115.5661 116.1715 116.7241 117.2558 117.7300
125.4400 125.4098 125.2850 125.3250 125.3203 125.6758 118.8634 119.8526 119.2692 108.5813 109.4882 107.6966 104.1766 108.8923 123.8437 104.6607 120.6096 125.1361 120.7238 120.4846 120.1352 119.7036 120.4807 119.0525 118.5996 118.1111 117.5903 117.1144 116.5738 116.0002 115.3953 114.7343 114.0279 113.2798 112.3640 111.0293 110.4365 109.5063 108.0430 106.3303 104.3958 101.9618 98.6189 93.4611 89.8639 90.6445 95.9269 99.9602 102.8894 105.1117 106.9018 108.4065 109.6995 110.8245 111.8256 112.7022 113.5622 116.0388 115.5171 115.7281 116.1873 116.7625 117.2857 117.7300
125.4400 125.2177 124.9570 124.6621 124.1469 123.3803 113.6964 103.1902 112.9470 101.8132 115.7371 108.1184 103.6340 113.2907 109.1785 114.4434 119.8903 120.1971 120.9352 120.5567 120.3340 120.4638 117.4357 118.7746 118.1673 118.5828 117.5872 117.1701 116.6391 116.0776 115.4755 114.8419 114.1613 113.0949 112.9226 110.9504 110.7097 108.2449 108.4435 106.8388 105.2223 103.2694 101.0539 98.6348 96.5143 97.0769 99.3852 101.8071 103.9816 105.8332 107.4167 108.7876 109.9865 111.0480 112.0087 112.8747 113.6530 114.1846 114.8285 115.7438 116.2698 116.8250 117.3408 117.7500
125.4400 125.2445 125.0428 124.8422 125.5407 114.8324 111.2491 123.2944 121.9181 113.1511 104.6935 107.4718 113.3571 111.2447 117.1406 108.9986 116.6251 121.3316 120.9677 120.3555 119.7088 119.0586 113.7272 122.0056 118.0066 118.0641 117.7382 117.2507 116.7356 116.1836 115.6036 114.9659 114.2590 115.7955 109.9865 110.2377 111.2707 111.4858 109.0936 107.6219 106.2592 104.7320 103.1945 101.6966 100.8687 101.0519 102.1848 103.7194 105.2781 106.7598 108.0921 109.2982 110.3849 111.3730 112.2673 113.0870 113.8497 114.6042 115.2797 115.8304 116.3780 116.9201 117.4195 117.7700
125.4500 125.8051 125.4777 125.2217 115.0148 112.1831 112.6321 112.8068 113.4494 114.4980 100.7457 107.5220 110.2225 105.9581 110.1043 107.5715 119.8254 121.0749 120.9632 121.8984 121.4305 120.7183 119.6383 121.7813 122.2991 118.0393 117.8688 117.3649 116.8602 116.3292 115.7592 115.2049 114.3572 109.8842 105.1501 110.6530 114.3299 118.9662 109.7263 108.2845 107.5308 106.2005 105.1160 104.1833 103.6964 103.8023 104.4705 105.4609 106.6007 107.7561 108.8667 109.9087 110.8710 111.7693 112.5969 113.3716 114.0821 114.7319 115.3628 115.9583 116.5161 117.0332 117.5284 117.8000
125.4600 121.4629 125.2290 120.0454 113.5990 115.4589 109.4727 106.1515 110.1189 111.8704 114.4754 109.4782 106.3341 105.0832 114.2889 123.6355 124.3385 121.4413 120.9665 113.8754 119.5665 119.3277 118.2653 117.5982 123.4568 118.1705 117.9720 117.5010 117.0085 116.4974 115.9453 115.3948 115.1743 104.9037 115.3732 113.3866 112.6474 105.0689 108.3487 108.9545 108.4548 107.5636 106.7662 106.1480 105.8389 105.9032 106.3307 107.0245 107.8684 108.7712 109.6874 110.5715 111.4161 112.2265 112.9752 113.6930 114.3563 114.9917 115.5849 116.1420 116.6836 117.1816 117.6644 117.8400
125.4700 117.1312 125.1145 120.3172 114.9521 113.7128 114.0682 109.7209 114.8933 112.2949 111.6711 106.1333 112.3922 99.5825 121.0348 121.6777 120.8676 119.3718 121.4612 112.8794 120.6163 119.9497 120.5374 119.5450 118.3151 118.4661 118.1484 117.6478 117.1868 116.6912 116.1733 115.6578 115.0286 115.0188 113.6746 113.0147 112.5786 109.3761 111.3936 110.3683 109.5111 108.8140 108.2036 107.7613 107.5382 107.5995 107.9014 108.3951 109.0384 109.7523 110.5064 111.2573 111.9976 112.7123 113.3925 114.0471 114.6711 115.2655 115.8249 116.3546 116.8705 117.3491 117.8136 118.2600
125.4900 123.8644 117.2141 120.3504 112.1891 113.0660 113.7892 110.6012 119.9091 119.8965 113.7083 103.0610 117.7179 114.5343 124.9918 105.0779 119.2987 113.8946 121.4914 121.7542 120.4831 120.1683 119.6911 119.1440 118.8519 119.1569 118.3061 117.8113 117.3811 116.9112 116.4241 115.9102 115.3055 114.6741 114.1337 113.6748 112.9490 112.9186 111.2988 111.1200 110.4978 109.9266 109.4738 109.2020 109.0550 109.0186 109.2424 109.6167 110.1209 110.6921 111.3089 111.9479 112.5911 113.2236 113.8436 114.4392 115.0078 115.5630 116.0889 116.5939 117.0890 117.5442 117.9815 118.3100
125.6400 126.9705 115.3203 118.0230 115.2204 112.6910 113.1872 105.5510 111.5400 107.0473 104.0421 101.7662 119.0622 105.2154 101.9181 96.5092 117.4145 120.6770 121.2653 120.8344 120.6368 120.2803 119.8770 121.7538 99.8953 121.2822 118.1636 118.0282 117.6032 117.1489 116.6819 116.2025 115.7115 115.1986 114.6653 114.0988 113.5615 112.9852 112.5168 111.9528 111.3852 110.9681 110.5757 109.9126 109.8868 110.2469 110.4097 110.7071 111.1039 111.5617 112.1116 112.6078 113.1976 113.7458 114.3007 114.8464 115.3736 115.8797 116.3780 116.8512 117.3265 117.6877 118.1514 118.3700
125.6500 113.6954 116.5456 106.9787 107.4975 110.7834 109.2106 108.2544 108.0109 116.2259 107.7189 103.4985 122.6866 112.6071 115.8366 120.2496 122.3455 121.8746 121.3042 121.0935 120.7572 120.4164 120.1104 119.9923 117.4419 119.1247 118.6721 118.2246 117.8391 117.4005 116.9697 116.5173 116.0558 115.5765 115.0857 114.6166 114.1064 113.5956 113.0549 112.6463 112.4202 111.8651 111.7431 115.4078 111.3996 111.3616 111.4588 111.6802 112.0067 112.3951 112.8100 113.2923 113.7767 114.2757 114.7705 115.2624 115.7449 116.2171 116.6777 117.1136 117.5238 118.7478 118.6966 118.7400
125.6600 125.3878 115.1063 109.6448 108.6685 111.5800 111.2343 113.1521 112.2256 105.7312 121.6643 123.0769 110.5242 123.4207 122.6328 121.8765 120.6867 119.4536 121.4367 121.2256 120.8796 120.5623 120.2656 119.8497 119.6866 119.0413 118.7562 118.6073 118.0149 117.6812 117.2567 116.8357 116.4102 115.9701 115.5275 115.0548 114.8012 114.9055 114.7706 111.1840 113.0349 112.7193 112.4880 115.8683 111.8090 112.4198 112.3834 112.5713 112.8393 113.1614 113.5286 113.9269 114.3573 114.7961 115.2356 115.6883 116.1264 116.5579 116.9915 117.4060 117.8233 118.1518 118.5339 118.8200
125.6800 113.7887 113.4758 113.3495 113.4914 112.3981 111.7518 117.2131 107.9580 104.7447 119.2644 122.4318 120.1292 121.2035 120.2589 100.3526 126.5742 121.8716 121.6275 121.3195 121.0136 120.7120 120.4070 120.0567 119.7941 119.7568 113.3448 117.9272 118.2517 118.0028 117.5540 117.1756 116.7713 116.3672 115.9788 115.4313 115.8500 105.2618 110.4387 111.1407 114.4299 113.4971 113.2915 112.7394 113.1550 113.1286 113.2206 113.3842 113.6048 113.8728 114.1934 114.5422 114.9118 115.3023 115.7062 116.1089 116.5075 116.9093 117.3084 117.6950 118.0855 118.4669 118.8327 118.9000
112.1000 114.6402 113.0717 112.0235 113.6145 111.0546 117.0311 112.5150 108.4785 108.6607 112.4799 121.9960 116.9122 113.9886 124.6191 110.4707 123.2183 121.9641 121.7082 121.4407 121.1522 120.8603 120.5559 120.2485 120.0566 118.5397 120.8183 118.5980 118.7385 118.1510 117.8686 117.5054 117.1431 116.7785 116.3969 116.0712 112.4454 102.0722 115.5646 114.5561 114.5827 114.2324 114.0629 114.0084 113.9062 113.9248 113.9932 114.1242 114.3111 114.5473 114.8226 115.1227 115.4604 115.8059 116.1607 116.5272 116.8999 117.2693 117.6334 117.9897 118.3614 118.6376 119.0159 119.2500
125.8500 110.8184 111.0156 114.8174 115.0665 110.6762 112.2866 109.0167 104.0421 103.4194 102.4104 114.7713 119.9604 124.6980 123.3336 123.7462 122.3113 122.1737 121.8677 121.7398 121.3545 121.0608 120.7300 120.4544 120.2019 119.6616 122.7170 106.9339 118.7338 118.3278 118.2162 117.8316 117.4859 117.1061 116.8047 116.6973 116.6568 117.2127 115.6394 115.2200 115.1235 114.8879 114.7705 114.6674 114.6280 114.6389 114.7018 114.8145 114.9723 115.1818 115.4178 115.6893 115.9776 116.2864 116.6120 116.9442 117.2786 117.6250 117.9468 118.3090 118.5251 119.7200 120.0488 119.6800
109.4900 110.1317 111.6219 111.0072 110.9563 111.7729 106.9653 104.3797 105.8996 104.8267 103.2917 123.9803 118.8238 123.2693 123.9439 124.3119 122.6987 122.2342 121.9989 121.2761 122.2765 120.9945 120.8682 120.5345 120.3884 119.6243 111.7479 105.8908 118.2355 118.9036 118.5035 118.1845 117.9241 117.9664 117.4437 116.9400 116.7466 115.8969 115.8420 116.2356 115.2479 115.6180 115.4241 115.3287 115.2920 115.2976 115.3533 115.4548 115.5934 115.7737 115.9780 116.2166 116.4772 116.7514 117.0479 117.3515 117.6614 117.9459 118.3417 118.7385 118.7822 117.7860 116.6969 119.6800
125.8900 112.1358 111.8211 111.6185 110.9262 111.2068 106.4985 106.0194 113.1614 106.4562 106.9985 122.4679 124.1176 122.6250 117.9164 118.6536 122.7209 122.4057 122.1999 120.7860 122.4916 122.5904 122.1765 120.7912 119.9501 122.3315 111.5502 119.4009 119.4144 118.9042 118.7594 118.5495 118.2251 117.7759 114.2198 118.3033 116.9695 116.9102 116.5118 116.0973 113.6731 116.2514 116.0241 115.9491 115.9112 115.9271 115.9493 116.0473 116.1753 116.3328 116.5175 116.7259 116.9535 117.2110 117.4832 117.7462 118.0499 118.3611 118.1536 118.2012 121.1269 110.4572 117.5752 120.0900
114.7600 113.9970 111.3578 111.4917 111.1844 111.3844 112.4101 110.8791 109.3601 106.8356 107.4910 109.4072 115.1183 122.8458 121.3508 123.7992 122.7680 122.5391 122.2716 122.2158 121.8181 118.5978 116.9218 119.4314 116.0515 110.7800 122.6976 121.0964 120.8093 119.7914 120.0996 118.4621 118.7890 112.9026 107.6138 117.2746 115.3166 117.2935 117.1142 117.1512 117.0193 116.6552 116.5980 116.5223 116.4904 116.4920 116.6535 116.6556 116.7194 116.8612 117.0261 117.2041 117.4305 117.6358 117.8600 118.1058 118.4018 118.6921 118.2400 119.8895 115.7679 110.1591 121.5679 120.1400
114.7900 112.7543 111.7372 111.6645 112.0418 111.6604 112.8694 110.9845 105.7323 106.5351 109.6832 113.2896 120.7351 124.3022 124.2767 123.0727 122.9367 122.7083 122.4429 122.2132 121.9498 120.5789 120.3015 120.7600 117.8220 110.9936 121.1296 120.2092 117.9034 111.8411 113.1840 122.3395 117.0459 105.6262 98.8521 117.3556 104.8596 117.8902 117.4402 117.4233 117.2811 117.2082 117.1131 117.0559 117.0484 116.9556 116.3070 116.5581 117.2286 117.3756 117.5095 117.6816 117.8382 118.1469 118.3817 118.7569 118.7523 119.0248 119.2862 120.7496 117.0069 120.0799 119.9808 120.5000
112.5400 112.4880 112.9502 112.8474 112.4104 112.4193 109.8180 105.7625 105.9466 106.1507 112.2649 126.5646 124.7911 123.7112 123.4421 123.1454 122.6710 122.8396 122.5919 122.3681 122.0905 122.8993 117.1017 119.4102 121.8636 121.6440 120.6233 120.3302 120.9614 116.3468 103.7643 117.6985 111.2864 102.1277 95.4414 102.1672 102.1924 118.8901 117.9618 117.9165 117.7995 117.6882 117.6075 117.5464 117.5376 117.3844 118.0231 118.4576 117.5677 117.9368 117.9623 118.1162 118.3059 118.5299 115.5867 118.4485 119.1031 119.3280 119.9747 111.2241 115.0716 120.7709 120.4050 120.8100
112.7000 110.4381 111.8184 112.3266 111.4570 110.5444 110.7874 109.3576 107.1756 108.1010 120.0154 119.6822 124.9169 123.4993 123.6562 123.2285 123.7217 123.3098 122.6790 122.5865 122.3573 121.5248 121.1919 121.5013 121.1202 121.1805 120.9539 120.6803 120.5496 120.3485 119.9231 106.2677 112.5316 122.4563 99.6705 108.1576 110.7359 118.7641 118.4839 118.3621 118.2492 118.1558 118.0731 118.3182 118.0552 117.9314 114.9232 115.9576 118.0483 118.5525 118.4225 118.5319 118.6893 118.1181 117.8052 119.5996 119.4091 119.6793 119.8220 120.6030 120.7044 120.4410 120.8370 120.8800
113.4600 112.9246 112.0076 111.3209 112.5129 111.8950 115.0268 107.7610 105.6873 108.8832 127.5858 111.8309 121.1536 124.1082 123.7500 125.1196 102.7924 111.4234 124.6662 122.7298 122.5408 122.8087 120.2630 121.6614 121.6161 121.3990 121.1837 120.9571 120.8932 119.1853 112.3948 104.2582 116.2015 118.6108 103.5948 110.6541 119.7618 119.0587 118.7774 118.7895 118.6843 118.5981 118.4985 119.0868 118.4778 118.2880 118.7190 114.7243 103.8037 120.2967 118.7641 118.9264 119.0864 119.2683 119.5378 119.5181 119.8049 119.9823 120.1908 120.3879 120.5969 120.8266 121.0403 121.1900
113.1300 112.9870 111.4776 112.1688 112.0451 112.3179 110.0158 106.2265 107.2255 108.4468 101.4153 124.7311 116.9133 116.8968 124.4961 103.7763 126.9396 122.8580 123.1224 121.7972 117.4830 123.9040 118.6314 122.1677 121.9857 121.6051 121.4325 121.2610 121.1608 120.5715 121.5935 119.2367 120.2263 120.7211 119.8881 121.3453 119.3597 119.4280 119.3064 119.1887 119.1028 119.0274 118.9349 118.8499 118.9121 118.9452 119.0725 116.0945 101.1400 122.3063 119.1679 119.3051 119.4724 119.6102 119.7718 119.9481 120.1099 120.3055 120.5600 120.6820 120.8766 121.0919 121.2898 121.5500
112.6400 112.3720 112.3544 112.9528 112.0691 111.8497 108.3028 108.0946 105.1426 112.0023 104.8175 104.7640 121.2498 125.3476 119.5764 119.4637 123.6886 119.2460 122.4003 123.8190 122.7857 123.0635 119.0729 122.1824 122.6465 122.2152 121.8626 121.6752 119.9467 121.4257 120.6553 120.7082 120.5363 120.2784 120.1465 119.8995 119.9358 119.8018 119.6956 119.5828 119.4972 119.4243 119.3826 119.3518 119.3209 119.3375 119.3518 119.3076 119.2865 121.8386 119.5787 119.6909 119.8417 119.9755 120.1186 120.2701 120.4359 120.5802 120.8014 120.9510 121.1548 121.3427 121.5404 121.5500
118.5700 112.8504 111.9461 113.8122 107.9819 113.8537 110.9778 107.0377 105.7110 104.5982 110.8143 127.4665 125.7308 124.2151 122.2672 101.1987 125.8668 120.9921 115.4796 122.7809 118.4928 107.1653 97.5147 119.3163 105.2363 121.3094 120.1887 120.7816 116.5772 121.2170 121.2437 121.0221 120.8428 120.6777 120.5688 120.4203 120.2531 120.1240 119.9899 119.9459 119.8656 119.8166 119.7677 119.7343 119.7245 119.7234 119.7500 119.7480 119.8115 119.7061 119.9845 120.0646 120.1898 120.3143 120.4514 120.5866 120.7351 120.9076 121.0715 121.2459 121.4148 121.5977 121.7826 121.8400
117.3400 109.4334 110.5281 110.1030 113.6294 112.3720 115.4602 106.0304 110.4453 104.4080 123.1468 124.3121 124.6920 125.8243 120.2699 106.3100 123.0166 120.9973 113.0401 107.5847 118.9764 104.8818 106.2003 122.7991 122.7383 123.7704 122.8254 124.2553 122.4707 121.4334 121.4338 121.2785 121.0528 121.0486 120.9010 120.4596 120.4257 120.7635 120.5155 120.3570 120.2687 120.1404 120.1416 120.1107 120.1018 120.0991 120.1153 120.1617 120.2081 120.3056 120.3374 120.4242 120.5307 120.6405 120.7725 120.9080 121.0437 121.1925 121.3495 121.5095 121.6768 121.8535 122.0251 122.1100
117.3400 111.0248 112.0524 112.1887 111.9874 111.8188 109.3759 109.3470 104.4534 113.5212 120.7211 123.4274 125.0531 123.7269 118.3995 127.4518 126.1021 117.5127 102.3654 127.7985 116.6605 100.5726 114.9729 96.9679 124.2027 122.4671 122.2975 121.8012 120.5208 119.8597 121.7665 122.1720 121.6192 120.8970 122.3382 118.0335 118.0243 120.4271 120.8853 120.6495 121.0392 120.7100 120.5077 120.4706 120.4648 120.4621 120.4767 120.5089 120.5572 120.6103 120.6879 120.7736 120.8612 120.9687 121.0870 121.2032 121.3410 121.4800 121.6287 121.7747 121.9336 122.0985 122.2540 122.4400
117.1900 112.8424 112.8266 112.0475 112.2417 111.8828 104.5819 104.1505 109.6661 116.5508 109.3362 124.0637 124.9946 123.8813 112.6173 124.7918 123.8142 122.9874 103.9759 123.6623 124.0348 107.5616 102.5515 113.3743 111.2733 119.4320 122.6676 122.4087 122.4545 122.2000 121.9668 115.9103 119.2900 122.7592 108.9662 114.1618 114.3634 125.5844 125.6850 120.8780 117.7426 120.9868 120.8662 120.8200 120.8043 120.8102 120.8260 120.8578 120.9002 120.9485 121.0183 121.0920 121.1767 121.2815 121.3885 121.5014 121.6268 121.7530 121.8938 122.0397 122.1839 122.3372 122.4942 122.7000
113.0700 112.5273 113.4152 113.3917 111.6010 117.3695 123.2579 110.6410 109.1807 104.8787 111.2162 115.1175 124.0474 126.4283 126.4281 125.0089 125.0133 121.6952 105.1234 122.3036 124.0065 116.4797 117.6174 122.8767 125.3602 122.6976 122.9324 122.6267 122.8717 122.1447 122.4136 120.6047 121.5258 123.2756 109.2555 108.4785 106.1040 112.8837 122.4907 121.5158 121.0414 121.2039 121.1933 121.1476 121.1432 121.1477 121.1578 121.1785 121.2180 121.2711 121.3337 121.4042 121.4907 121.5773 121.6787 121.7931 121.9001 122.0405 122.1597 122.2888 122.4366 122.5905 122.7998 122.7400
114.3100 114.6742 115.2337 107.9650 112.0491 112.4680 127.0399 111.9199 110.0822 112.1269 116.4971 103.2726 126.0438 121.0477 114.7538 124.7353 124.4616 119.5424 115.2224 123.8810 125.9036 119.9125 118.6104 121.3962 123.2103 123.3420 123.1356 121.3963 112.1151 124.5369 122.4389 122.4039 122.0387 124.2831 104.6893 102.4291 99.0315 101.9163 121.3732 121.5581 121.5656 121.5366 121.4945 121.4799 121.4610 121.4667 121.4855 121.5469 121.5975 121.5756 121.6562 121.7086 121.7871 121.8702 121.9643 122.0682 122.2003 122.2632 122.4648 122.4481 122.6532 122.7200 122.6780 123.0100
115.4600 113.8214 110.3985 102.3236 120.8203 112.8414 115.0798 116.1221 104.2054 113.8407 111.7881 112.5701 121.6410 108.4498 124.5215 124.4975 124.6684 124.6409 123.6112 115.8006 106.8951 118.9934 124.8090 116.1116 123.3779 123.5763 123.5014 125.0685 107.9719 124.0449 122.6831 122.6565 122.4103 114.4602 107.4936 108.2603 111.6293 123.7385 121.7477 121.9797 121.8681 121.8362 121.8030 121.7561 121.7768 121.7824 121.8130 121.4944 121.5473 121.9825 121.8850 122.0098 122.0751 122.1571 122.2369 122.3444 122.4510 122.6886 122.2241 123.1711 122.5497 123.6951 123.4068 123.2700
127.1100 115.2846 102.2196 126.9005 126.8120 125.4721 127.1279 105.8937 115.7896 111.0904 104.2837 108.2576 104.6270 117.2291 125.9306 124.9475 124.6501 126.2091 104.2662 108.4013 123.7143 104.6213 106.7946 124.2095 123.2718 123.6263 120.0234 123.6965 123.6708 122.6712 123.0384 122.8747 122.7545 122.9479 125.1520 122.7023 123.1639 122.2075 119.6512 122.3106 122.0870 122.1456 122.1010 122.1546 121.9003 122.0905 122.1255 121.5551 123.5700 122.3663 122.4479 122.1416 122.3598 122.4121 122.5534 122.5901 122.7030 122.8620 120.0920 122.4637 121.6142 122.6250 116.1343 103.4000
127.2500 127.1028 126.1674 127.4931 126.6399 126.5798 126.8741 120.4634 114.3219 126.2146 102.0441 104.9337 102.1643 122.6630 127.0819 125.2872 125.5067 121.2639 102.1855 109.9575 101.2624 102.7107 102.0823 114.6181 124.5273 127.2303 117.3736 112.0676 123.2923 123.3464 123.2047 123.1445 123.0079 122.7755 122.4072 122.6535 123.3124 119.6014 108.7186 121.6397 122.2957 122.3433 121.6686 121.3305 122.1463 122.3943 122.4889 121.1580 119.0090 140.5886 121.7630 122.5186 122.6671 122.7590 122.5010 122.9384 122.9382 123.1037 123.1633 123.5512 124.5827 122.7593 123.3912 114.1700
127.2900 126.9682 126.9468 126.8895 126.8529 126.9609 126.3401 126.5210 113.3970 116.7546 119.4559 107.9299 116.4849 123.4384 119.7924 127.4765 122.9314 118.4989 120.5601 129.2285 112.7691 102.2215 122.4696 124.0287 124.2109 127.0658 120.5247 112.8557 123.5060 123.4832 123.4585 123.3579 123.2711 123.1977 123.1463 122.9760 122.6940 104.0898 108.9998 123.4891 122.6649 122.3432 117.7051 117.2669 122.4408 122.7133 122.6523 122.6508 122.7525 123.4302 122.6927 122.7782 122.9097 122.7738 125.0747 122.7202 123.1984 123.2998 123.4051 123.2864 124.2149 108.4403 107.4785 118.7500
127.4300 127.3474 127.2372 127.1439 126.9480 125.6000 127.1706 127.1985 127.2972 126.4501 125.2003 124.5899 104.7615 126.1726 113.7607 101.7914 104.4613 111.5314 124.5173 122.9530 102.7382 125.3262 124.9848 124.4770 124.2583 123.4223 119.9641 124.3461 125.3431 124.1572 123.8055 123.4314 123.4869 123.3734 123.3214 123.2814 123.7239 122.6664 114.0675 123.0385 123.2034 122.8514 119.9507 122.9266 122.8230 122.9833 122.9376 122.9312 123.0004 122.9538 123.0894 123.0655 123.1870 123.9099 114.6507 125.8200 123.1579 123.4925 123.6242 124.2952 124.3711 116.7772 106.9516 105.4700
127.4600 127.4155 127.2914 127.1954 127.2197 122.7538 124.0003 126.6107 126.4505 124.6478 122.8196 127.3126 112.2718 105.8547 103.2035 108.7220 101.3668 126.4125 124.7514 124.3159 110.8413 124.8945 124.0677 124.7548 124.7055 126.0091 114.4432 114.2042 108.8449 120.5213 124.1109 123.6023 123.7385 123.6138 123.5931 123.5536 123.1494 118.2544 111.6780 123.5816 123.3640 123.1405 123.4585 123.1135 123.1914 123.1781 123.1877 123.2161 123.2189 123.3053 123.3130 123.3275 123.2370 125.0969 113.0618 121.9107 123.7111 123.8186 124.6317 121.5900 116.8131 117.9007 105.3547 108.7700
128.4400 127.4800 127.4000 127.2000 127.0900 127.0000 126.8900 126.7800 126.6700 112.7100 126.3400 126.2300 126.1400 126.0000 103.8900 125.8000 118.2700 113.5800 117.3100 125.1800 125.2100 124.9400 124.9600 124.6900 124.7100 124.5500 124.4400 125.0200 120.4700 120.3900 124.0800 119.7400 123.9500 123.8000 123.8400 123.6800 123.5200 123.5500 123.5700 123.3900 123.4200 123.4400 123.4500 123.2300 123.2300 123.2300 123.4500 123.4400 123.4300 123.4100 123.3700 123.5800 123.5300 123.7000 114.5300 123.8200 123.8200 123.9600 123.9200 115.9000 120.9900 103.2200 103.5400 105.7500
