117.5900 117.9800 122.7800 117.5700 118.4200 114.7400 115.6000 123.5000 121.4100 116.6500 119.8700 119.8800 122.1300 121.3700 110.2800 105.8800 105.9000 114.6800 120.1100 111.5100 111.5200 105.5300 105.5600 112.1100 112.5500 112.0300 112.4800 115.8600 115.8600 105.1800 105.7100 107.3400 127.0900 106.8300 105.3400 126.9700 126.9900 113.0200 127.0000 127.0100 127.0100 127.6700 127.0100 127.0000 126.9900 126.9800 126.9700 127.1100 127.1000 127.0800 127.2000 127.2000 127.1700 127.2800 127.2800 127.3700 127.3700 127.4600 127.4600 127.5600 113.9800 127.6200 127.7100 127.7100
118.5300 118.2406 120.4443 121.6515 117.8739 115.2956 115.1114 114.4794 121.3574 119.8987 119.1857 121.9599 123.1266 123.7267 108.1782 105.6087 124.7392 113.4335 110.7955 116.1464 114.0225 112.8208 113.9296 113.4342 115.1255 112.6145 110.8029 107.0190 105.8561 106.5688 105.0816 104.3900 109.3593 105.9319 119.0339 118.9745 110.2316 112.8445 121.3718 126.1552 119.3152 126.2014 127.1160 126.9162 126.9182 126.9092 126.9326 127.0252 127.0105 124.7299 125.6813 126.7790 127.1161 127.1419 127.1824 127.2192 127.2606 127.3807 127.1083 127.9919 103.1652 121.8848 127.6671 127.5600
119.3100 116.9334 115.7235 120.7254 114.9925 113.9753 113.5190 113.5376 114.3689 125.3276 118.0630 121.5487 119.8344 113.0895 113.9025 123.1710 122.4208 113.9775 116.0226 116.2060 113.1200 117.8404 114.7084 112.3522 116.8863 114.3822 105.6099 105.0144 107.3882 107.7712 104.9437 112.2092 119.7952 125.4315 108.5673 113.1987 112.8933 121.3955 124.0074 127.2420 126.2035 126.7086 126.6864 126.7258 126.7273 126.7563 126.6963 127.1643 126.6829 118.2900 125.8186 126.4410 126.9714 126.9759 127.0221 127.0837 127.1531 127.0861 126.6344 129.0969 114.4789 131.4396 126.4347 127.4100
117.7000 118.6013 114.7439 120.2888 120.1559 115.5089 113.0654 115.3064 115.2960 120.1179 121.1723 116.2322 120.6455 115.9990 115.3616 116.6907 116.1363 121.5478 115.2097 114.9628 112.3497 114.0940 115.8641 111.2106 112.4700 115.6494 115.7045 108.0801 105.5488 108.3697 105.7123 113.4267 122.2443 120.6193 104.1881 126.1208 124.0475 113.6244 128.3393 121.8588 123.0499 126.5901 126.5636 126.5463 126.5596 126.4473 126.7001 123.7953 126.7479 111.6948 127.7449 126.4068 126.7949 126.7944 126.9528 126.7208 127.8839 127.3523 125.4834 117.9237 106.1986 113.3816 117.0931 127.2600
125.3700 116.9839 114.0015 113.2701 117.0254 119.0785 112.9047 113.6527 113.0071 111.9769 123.5811 119.3925 119.5275 119.5201 123.1109 116.7146 119.8007 123.3264 112.2815 113.9975 120.4684 111.2057 114.5378 111.1558 111.0510 114.7892 107.2680 109.9328 111.9339 105.4141 110.5429 117.9691 126.3947 128.1842 117.1183 122.3798 125.2008 124.8987 126.5837 126.5471 126.6097 126.3820 126.3670 126.3642 126.3889 126.3544 125.0033 119.0195 126.3283 109.6061 124.7348 126.4761 126.6331 126.6658 126.5361 127.8737 119.5594 127.0348 116.8712 112.9701 113.8642 104.3937 114.0239 127.2600
124.8800 118.3374 113.5310 113.1620 119.8468 119.9556 114.7661 111.8447 111.6567 114.2160 121.8934 121.1618 119.6767 121.6710 119.2437 116.6047 110.0061 117.8419 114.7119 112.7474 120.3165 112.3356 112.9829 112.3780 108.7918 107.1367 107.3120 106.9513 111.8301 116.2294 121.2768 127.1377 126.5818 123.7958 126.8298 127.4126 126.1615 128.6683 125.7999 126.1149 126.0614 126.1581 126.1702 126.1772 126.1871 126.3103 126.3965 124.5110 124.6846 105.6134 125.6779 125.7324 126.4991 126.5340 126.2154 124.3287 112.2001 124.0059 113.1205 123.7936 124.3690 118.7781 127.2855 127.1000
126.2800 122.5471 111.9748 112.3033 113.2204 113.4962 118.5561 115.5253 111.7225 111.4972 110.5521 116.2980 121.2637 122.3393 117.8865 119.7775 117.9223 124.7383 126.7312 113.3364 115.5633 111.8338 109.8895 109.0755 106.6530 108.0576 113.7298 108.7810 107.1296 111.6814 106.0631 122.0818 125.4868 122.7120 120.6663 125.6717 126.0308 125.9574 125.9269 126.0060 126.0103 125.9802 125.9880 125.9899 126.0103 125.9696 128.1288 110.7496 107.9383 105.3830 124.5627 125.7626 126.3036 126.3433 126.1861 122.7302 121.5192 113.2472 121.5552 126.7184 120.2934 126.8482 126.5528 126.9100
126.2400 117.9630 112.0099 112.9422 114.0514 113.6701 116.0605 118.6662 111.9718 109.8731 111.3269 111.2341 115.9670 111.4444 120.1074 120.3015 116.1373 124.0786 112.7442 106.1564 114.3632 113.0655 108.2937 109.3707 108.5157 104.8844 110.6779 111.8791 108.5005 108.5697 129.3620 124.3119 126.4012 124.8227 124.9622 125.9346 125.8448 125.8260 125.8160 125.7853 125.7833 125.7895 125.8025 125.7925 125.5387 128.0794 109.4433 117.8922 118.7985 121.0461 126.5119 125.8164 126.0497 126.0979 127.0814 127.9173 126.4127 126.6804 126.7924 126.5208 126.8261 124.6236 127.3422 126.7700
119.3600 117.1084 112.1036 112.2728 113.3107 113.9949 113.3347 119.7703 122.5570 110.1532 111.1801 110.8509 117.5303 114.5321 114.5311 115.9643 113.8218 116.9851 114.4317 106.1027 119.0641 107.3456 109.9056 104.5635 104.4087 108.3084 120.7459 114.7128 121.6088 116.1187 133.1083 122.3409 126.8748 117.9211 126.4682 125.6439 125.6450 125.6197 125.5984 125.5974 125.5983 125.5917 125.6036 125.5939 125.5133 126.4032 124.7606 127.3934 127.4028 125.9545 125.6373 125.8906 125.8954 125.7489 115.6096 121.9035 126.6076 126.1406 126.1958 126.2490 126.3478 119.9011 127.9164 126.6000
125.5400 117.5996 115.7048 113.1220 112.8353 112.9862 113.2159 110.7877 123.5561 114.8291 109.9944 107.4807 112.6444 116.2499 116.8371 115.3641 113.5095 110.7150 106.3337 116.1807 129.7916 107.3581 110.5842 105.8128 109.9328 123.7675 116.8311 121.5218 126.4863 126.2986 125.0100 125.4455 125.3807 126.3307 125.7721 125.4830 125.4304 125.4332 125.4315 125.3979 125.3938 125.3942 125.4049 125.3932 125.4057 125.1932 125.4767 125.1248 121.8747 126.0170 125.6094 125.6359 125.6843 126.2580 122.9737 110.5350 128.0872 125.9761 126.0423 126.1390 125.5750 126.6907 112.9487 126.4300
116.5400 116.6055 117.9790 114.6670 112.2101 112.0086 112.6340 112.3816 115.8054 120.2849 112.2014 109.8120 106.7873 112.0639 118.0053 105.7311 116.9975 114.0710 111.1200 104.6286 119.8495 117.7373 117.0947 104.7619 105.5523 121.4585 126.2912 125.8123 125.7764 125.3567 125.5286 125.2808 125.8752 125.8396 125.2180 125.2613 125.2775 125.2128 125.0855 125.2112 125.1857 125.1896 125.1981 125.2621 124.9037 125.7361 125.2357 125.5906 125.7828 125.3354 125.4112 125.4501 125.4984 125.0388 129.2193 110.0868 127.7916 125.8703 125.8718 125.9812 126.1281 119.8537 125.4204 126.2500
117.0900 119.6603 117.2628 115.5824 110.7421 109.7338 111.0524 110.7565 110.7000 110.4355 116.2125 112.5759 107.9656 109.8180 115.8170 115.6159 112.6524 115.8060 111.7980 112.1301 129.5393 120.6767 121.1500 127.2604 121.6675 128.9124 126.3324 125.3255 125.2644 125.3137 125.2324 124.8723 125.4279 117.5887 125.8083 125.1063 124.8937 124.8369 125.4514 124.9085 124.9946 124.9852 125.0272 124.4887 126.1416 119.8344 125.0250 125.1285 125.0595 125.1757 125.2147 125.1944 125.6652 124.4090 115.8253 113.1813 127.4243 125.6894 125.6956 125.7698 125.8192 126.1566 127.6945 126.0400
116.5200 116.9246 114.0599 106.6046 104.0776 104.5330 105.7982 109.2255 111.6385 110.5313 115.2926 111.0946 107.5742 109.0160 106.9815 118.1608 112.9480 117.7656 112.0556 101.7001 110.3012 109.0952 126.0256 124.0485 104.7613 116.7064 123.7817 125.2459 125.5866 125.0654 125.0581 124.3643 126.1159 106.5287 126.0752 124.8668 125.2268 126.1687 117.7820 124.8883 124.5246 124.7674 124.6614 125.9171 104.9474 117.8093 124.3905 125.0340 124.9276 124.9593 125.0059 125.0249 125.0776 124.5472 122.9841 117.5237 125.7323 125.4810 125.5115 125.6113 125.6700 125.7960 125.6433 126.0400
116.5200 114.0967 115.9758 113.9927 104.6408 105.0892 108.9532 102.2685 115.7294 108.6520 108.8357 110.3312 110.6579 106.8047 109.2201 107.3452 107.3870 107.5315 115.0892 107.6424 103.5882 107.8846 125.9266 127.2701 124.4577 125.3157 126.2466 125.1752 121.1787 125.4339 124.8181 124.2422 126.9714 118.8933 125.0620 124.5924 125.7260 115.8557 113.8929 124.2612 124.2381 124.5610 124.5269 124.3391 118.2138 123.7651 124.3866 124.7366 124.7104 124.7556 124.7972 124.8211 124.9407 124.7377 126.5816 125.7182 125.1758 125.2598 125.3391 125.4235 125.5147 125.5997 125.6982 125.6900
105.5400 118.9660 115.7379 115.4854 113.9604 106.0135 109.1901 115.6838 119.0859 108.8167 110.0865 109.8851 115.4068 107.8769 107.9150 107.4171 112.9937 108.1709 118.2852 117.8457 107.0204 124.4011 126.3485 119.7837 122.8728 122.5037 125.1129 115.9005 119.5034 124.9368 124.6160 124.5011 124.2143 118.3431 125.1227 124.4051 124.8818 110.5035 109.5919 124.4674 124.0599 124.4097 124.3050 124.4445 125.0121 124.3596 124.4331 124.4455 124.4898 124.5326 124.5886 124.6551 124.6952 124.7790 124.8622 124.7648 124.9984 125.0679 125.1504 125.2465 125.3300 125.4231 125.5264 125.5100
105.3900 117.9583 118.6575 113.6031 114.4252 110.3957 104.4441 109.5274 112.8932 110.0558 107.9944 108.3445 110.1453 108.2960 107.2680 106.6048 109.0415 106.9631 110.8890 117.5730 102.8379 121.2732 110.1520 116.2073 125.6643 124.9010 124.1883 125.0556 125.6586 124.4073 124.3987 124.1612 125.0246 122.4649 124.5111 124.2376 123.9391 122.4417 112.7956 122.6497 122.2649 123.6020 123.9773 124.1206 124.0784 124.1821 124.2250 124.2328 124.2723 124.3312 124.3703 124.4239 124.4901 124.5563 124.6349 124.7297 124.7885 124.8769 124.9664 125.0554 125.1517 125.2499 125.3438 125.3000
105.3900 118.9021 120.5264 120.3104 114.2470 112.8930 110.3549 104.3376 108.6622 112.8933 107.3039 108.7401 107.0800 114.9727 109.0413 106.3124 104.6070 104.9190 106.9182 113.0612 102.4048 124.2768 112.7093 126.7552 124.7265 124.2921 125.3177 124.0684 124.4772 124.2198 124.2323 124.1465 124.0157 124.2066 123.8365 124.9668 118.2713 123.5820 112.4976 108.6654 110.6271 123.0379 124.2795 124.1867 123.8655 123.8071 123.7576 123.9833 124.0051 124.0471 124.1515 124.2152 124.2771 124.3456 124.4250 124.5014 124.5883 124.6812 124.7701 124.8615 124.9692 125.0700 125.1695 123.9000
120.2500 120.0927 115.8843 111.1844 115.2159 116.0113 111.7468 117.0588 116.1138 114.6436 109.3031 106.9835 106.6555 109.3919 112.2878 106.4705 104.5264 107.0505 108.1643 110.0194 106.1564 111.1343 125.3374 123.9380 112.4012 106.3794 122.1283 124.4283 120.0260 125.0355 123.9103 123.9167 123.7665 123.7520 124.0348 123.3226 105.4712 108.0466 112.0733 109.2004 108.7235 119.0252 119.6781 121.6004 123.5283 124.4133 124.5168 123.4212 123.8980 124.0371 123.9295 123.9717 124.0582 124.1268 124.2141 124.2974 124.3818 124.4759 124.5708 124.6703 124.7790 124.8828 125.0516 125.0700
117.7500 117.9762 119.7167 115.1175 111.5152 111.3933 112.7262 110.8132 111.1549 114.1413 110.2652 105.7898 107.1512 108.0808 107.6167 110.7784 104.1101 103.5060 107.9204 115.7918 107.1295 107.1752 123.1084 124.5253 116.2994 108.8529 106.2953 121.2348 106.7587 120.1355 123.6390 123.6945 123.5679 123.1981 124.0146 116.0215 115.7067 109.3117 110.3161 108.6036 109.7950 108.0660 114.9978 122.9463 124.2378 113.0020 124.2678 124.3728 123.3244 123.0098 123.6727 123.7658 123.8316 123.9100 123.9922 124.0842 124.1728 124.2662 124.3769 124.4778 124.5870 124.6999 124.8027 124.8800
115.5800 114.9747 116.1467 114.7479 113.2007 109.5587 117.1356 112.2221 111.4148 109.5836 108.1138 107.4107 107.7792 106.2835 105.5164 105.8223 104.8445 102.4691 103.0994 102.9834 111.1597 120.9855 124.8781 123.4795 120.1007 104.8067 105.6624 108.7289 100.8865 126.8246 124.7910 123.3976 123.4875 120.7354 116.2809 115.0618 114.9127 104.3288 112.4041 107.3647 110.4080 108.8335 124.2160 120.3984 120.7698 106.8244 123.6085 113.2243 125.3125 124.5775 123.4944 123.5269 123.6014 123.6826 123.7674 123.8616 123.9625 124.0669 124.1904 124.2828 124.4071 124.4879 124.7228 124.6700
118.8800 110.5749 115.1781 115.2402 114.3251 114.3252 109.3317 116.7691 111.2765 111.0696 108.5828 105.7067 106.6940 104.2173 104.9668 107.7822 105.0136 104.7074 104.2061 115.9055 125.8605 115.0511 124.5514 123.7953 121.5507 105.6289 103.7577 108.9138 113.2144 122.2250 107.4782 124.5296 122.8563 125.2534 108.5130 105.7823 106.1341 107.6618 100.4954 111.1593 107.0803 110.6511 116.5604 114.4279 106.0354 110.9941 123.0293 108.0791 105.6490 119.5542 123.2460 123.2949 123.3637 123.4407 123.5455 123.6393 123.7504 123.8711 123.7950 123.9973 124.2202 124.3039 124.1035 126.2300
118.8800 108.2547 114.9756 114.4306 113.9154 112.8992 113.6984 108.5084 108.2229 110.9126 109.8573 107.5032 104.0176 103.1279 106.0194 102.5193 106.7337 109.2770 104.5647 110.8071 123.8724 124.4670 123.5640 124.6136 114.3781 103.1398 104.7801 122.4972 125.0999 119.9981 107.9444 125.0132 123.5468 122.0922 110.1452 99.4747 101.9711 109.5356 106.4882 103.9881 107.7585 109.6997 118.3088 105.7499 105.9792 102.5856 109.5720 112.7743 126.1132 121.6838 122.9600 123.0471 123.1172 123.2519 123.2988 123.4191 123.5841 123.5022 123.6044 125.1497 123.5293 124.0608 121.2634 124.4200
115.7700 118.3919 114.6393 108.7482 112.2681 111.7771 111.9179 110.7159 108.1374 108.4323 109.3563 109.1205 105.7677 104.3341 102.7018 102.3687 102.8893 103.2538 113.5475 108.3174 125.9428 123.9670 113.0611 101.4284 102.0000 109.0820 105.3244 123.8654 122.1207 124.7687 122.4925 123.7901 112.3610 123.9987 117.7758 114.2982 112.2103 100.9100 104.8536 99.9026 106.8001 113.7463 111.3842 115.9647 103.6634 104.4142 122.9864 118.9518 121.7612 122.0705 122.7005 122.7902 122.8412 122.7560 123.0922 123.1500 123.3213 124.2660 122.0453 122.9735 117.7031 124.5064 124.1204 124.2100
115.7700 113.1765 109.8482 113.2824 114.9154 112.6255 110.8036 110.8057 107.9887 108.8853 108.6447 108.4566 108.1457 103.8990 102.3822 101.6157 101.2798 112.7887 124.7593 106.9900 112.6273 114.6390 116.1588 114.4768 101.5003 109.2775 105.5841 117.8582 122.8122 122.5774 108.8950 124.2637 111.9036 114.0674 106.0391 99.9864 112.3127 107.0371 110.4333 107.7650 103.5505 108.1722 103.1388 107.7383 113.5045 122.0990 116.6397 115.4479 124.0465 121.9650 122.4954 122.5687 122.8502 123.8395 122.8011 122.9035 123.7922 124.0252 106.5097 123.2299 124.4102 127.5494 123.3352 123.9300
114.7900 113.1749 107.3394 109.9237 115.0747 113.6030 110.8444 110.3121 106.7347 106.4636 111.6339 107.9608 108.6714 106.4637 103.0475 105.7005 114.1810 105.5078 109.5079 115.4426 115.3571 106.0300 122.8626 120.4998 100.9861 100.6500 118.6213 109.4286 122.5132 124.6318 117.1852 124.6802 111.3269 110.2905 110.3234 101.6932 118.0130 115.8312 108.5880 104.2428 102.3230 103.5034 105.3559 115.6818 122.9864 122.2140 122.0396 122.9590 121.6198 122.3583 121.5127 123.1968 111.3946 121.9248 122.5613 122.7803 111.7138 122.4143 123.2285 122.7573 122.6410 126.0737 123.6371 123.7300
114.3000 114.3837 113.3261 111.6273 110.3749 113.4274 109.5562 105.5273 103.2075 109.8314 112.0766 105.9417 107.2878 105.9490 105.7456 118.9043 118.1287 114.2417 107.8086 116.6839 124.7261 118.0682 125.9250 122.3936 121.8678 104.6196 107.6714 114.3804 122.3735 121.8495 123.2552 121.2720 121.7823 110.2656 121.0613 100.3425 113.6487 114.7540 114.7152 115.0694 99.9829 98.5286 126.1874 121.8657 121.2055 121.3537 121.4599 121.4606 121.7643 121.5877 117.8228 123.2693 120.8714 123.5060 122.1949 123.2608 120.3500 123.0937 123.0697 122.9959 123.2313 123.3262 123.1909 123.4900
114.6300 114.1955 114.3730 113.1594 112.1306 112.7677 110.0529 103.9629 109.4924 115.6057 111.9403 103.5967 102.5554 106.7090 103.3797 101.8105 101.4367 108.2335 106.0540 116.5310 122.3862 116.0738 120.3451 104.4228 126.0142 123.7405 99.9617 113.9058 121.7139 121.7864 121.0939 113.0010 121.5092 116.1483 100.0402 106.3872 113.0037 107.1070 109.4847 101.2750 98.9509 97.6377 122.4645 120.8102 121.1344 121.2151 121.2394 121.3215 121.3628 121.6757 124.9922 121.5306 121.9518 121.7628 122.1959 121.2689 112.7574 114.3786 122.5921 122.8016 122.9507 123.1172 123.2695 123.2100
114.1400 113.8911 113.4010 112.4672 111.9849 111.7383 111.9556 105.8648 107.7565 108.7509 109.2977 102.6548 102.1690 103.3581 104.9646 108.2611 99.9980 111.2153 112.2854 108.6830 123.8795 109.7851 109.6492 104.7181 108.5010 108.9200 115.2375 121.5360 121.4918 121.2881 121.7898 121.9048 121.0821 121.6678 110.2038 99.9324 106.5351 107.1527 122.3828 122.6615 96.5718 104.8182 122.0298 120.6599 120.7567 120.7938 120.9637 120.9722 121.0788 120.9648 121.1402 121.4793 121.5162 121.6699 121.7924 123.1557 115.0758 114.5907 123.8221 122.3371 122.8051 122.8821 123.0855 123.1900
115.0200 112.8254 112.3840 112.5418 112.0530 110.9896 110.7305 111.0600 106.9905 107.0597 108.2108 107.8867 104.4199 100.2852 107.0655 110.0021 99.2701 104.5212 113.0740 110.5048 109.1471 108.7147 111.7897 100.1284 94.0115 109.0976 114.4692 121.9988 121.3974 121.2019 121.1093 121.9117 120.7141 117.2435 106.8544 108.8820 101.4876 105.5905 111.3194 120.4291 105.1112 121.6775 119.9763 120.3561 120.4340 120.8043 120.3622 120.6579 120.7389 120.8752 121.0056 121.1020 121.2456 121.3497 121.8965 119.1167 110.0825 110.2695 117.7818 122.6280 122.5169 122.4782 122.8549 122.9500
112.6400 118.9529 115.2008 109.2290 112.2462 111.5889 110.7485 110.0070 110.3260 107.1810 104.4226 107.0124 107.1944 102.5030 102.6776 106.4849 101.7876 106.0760 109.4573 103.4339 111.4688 110.5199 110.5147 113.9479 113.3378 102.0369 107.9544 122.7664 120.9998 120.7689 120.5373 122.0320 104.8217 114.2903 101.7414 115.2334 118.7472 104.1213 108.1881 118.7731 113.8910 118.6461 119.8954 120.3271 120.4157 119.8032 122.4149 118.2149 120.4668 120.5390 120.6580 120.7947 120.9334 121.3697 121.8199 108.9161 110.8300 112.4878 118.4340 122.4690 122.2535 122.8875 124.1096 122.8800
110.6200 109.2806 116.2812 115.9868 108.7027 110.8492 110.7249 110.2588 110.2387 104.3771 108.0628 101.6878 103.5322 112.9142 107.5568 110.5309 118.9163 121.2359 115.3691 108.4691 110.1108 109.7087 106.9984 106.4717 100.9969 118.6530 117.1548 116.2964 120.8189 121.0033 119.4891 115.1719 107.6585 104.2369 99.7926 118.9069 111.5307 105.9226 112.8310 120.8381 116.4809 119.8929 118.6530 116.4360 127.7563 119.1101 119.5474 119.9903 120.0006 120.2232 120.3358 120.4807 120.4975 120.8687 114.7475 110.1352 111.1938 112.7268 115.3683 121.9128 122.4282 122.2953 129.4908 122.6300
112.9400 113.1812 109.8195 110.6677 111.2738 111.1644 109.8160 109.7426 108.3767 105.6631 101.6650 101.3113 103.8460 106.9047 100.3981 100.5722 101.9500 100.0539 117.6898 117.0371 108.7750 108.4904 108.4733 107.1126 103.2659 95.5023 120.4174 114.2163 120.3577 103.6722 123.4173 110.0026 110.8255 99.8041 105.8703 116.8394 107.0992 106.9059 119.9636 118.8893 101.4748 116.6258 111.7375 113.6392 118.2855 119.5716 119.5175 119.5860 119.7282 119.8414 119.9997 120.1073 120.6738 121.0163 113.9228 111.0857 117.3841 121.7659 122.8992 121.5026 122.5213 113.2153 124.1492 122.3100
113.1800 118.5739 112.4697 108.6592 109.6941 110.2978 111.0347 109.8801 107.0306 106.4713 107.1519 105.3244 102.6602 101.5967 101.3734 100.7555 100.8184 104.1637 107.1736 112.0278 101.4876 105.2593 108.9525 105.7370 103.9464 100.4250 119.1504 118.9752 120.6004 106.1011 120.4038 117.1174 110.8676 102.2573 117.2815 110.7538 100.3670 109.2382 112.0181 119.1073 91.5688 118.0507 114.5901 118.9649 118.6767 119.0478 119.1005 119.2114 119.3426 119.4959 119.6614 119.8331 119.4840 112.5462 113.1121 115.6661 116.8639 121.1278 121.1410 121.1404 122.2435 111.5630 121.8151 122.3100
113.2500 112.8436 112.6572 110.4416 108.1663 109.0183 109.6684 110.5792 111.6108 106.6444 102.5123 105.6328 104.4845 104.6874 101.8068 101.7864 100.5531 110.3907 119.4417 119.6882 111.8377 102.7022 112.1861 101.3594 98.9856 97.5279 124.6573 120.3714 122.5415 114.9437 118.1807 119.3333 118.8895 105.8093 111.3948 95.1777 97.1768 112.9344 109.5835 118.4380 97.2603 104.7941 120.1513 118.1684 118.5250 118.5744 118.6817 118.8801 118.8062 118.9979 119.2744 120.1028 118.7259 114.2459 114.4779 111.0963 117.8901 120.5341 120.9329 121.2272 121.4339 121.8228 122.5587 121.9700
113.2500 112.8502 112.8013 110.8362 110.1336 108.3544 108.2282 107.9875 108.7725 110.4246 104.0014 103.9508 100.6428 101.5019 100.8985 101.3329 100.4671 106.8105 111.8234 116.3258 125.7412 125.3801 122.7325 116.5490 105.6840 100.4292 103.4292 113.2972 107.3263 108.3770 119.2455 118.6186 118.7906 110.7238 111.7128 112.9823 110.5664 97.1014 114.3352 117.9125 114.5278 116.2238 117.9542 117.9573 118.0209 118.1464 118.2699 118.2391 119.0677 117.3299 119.4308 120.8564 106.2222 108.8224 107.1838 112.3035 120.0557 120.7445 120.6572 120.9327 121.1129 121.3494 121.5434 121.7200
112.9100 113.6225 111.1159 109.6187 109.8561 108.7598 108.3958 105.6611 105.6122 104.5343 103.7975 109.1913 110.1067 108.9543 100.0454 100.8531 98.8988 101.0141 103.3852 112.1238 110.1096 121.1810 120.4054 119.2183 98.7570 99.8090 107.3506 121.8532 119.7459 117.6446 118.5574 118.4364 118.5827 119.7493 98.7334 120.0599 119.6606 104.5521 111.6264 117.3973 124.8350 117.6673 117.3962 117.4700 117.5664 117.6767 117.8175 117.9175 117.3119 105.7709 107.5541 114.1074 107.6630 106.0554 98.7391 119.7812 120.6145 120.2088 120.4501 120.6954 120.9451 121.2258 121.4445 121.6300
111.0800 111.1611 109.7622 109.4537 108.2398 108.9455 108.3987 107.9979 103.8926 101.6431 101.9237 114.7787 118.9866 117.7149 102.4274 100.4809 101.7506 110.9686 102.4092 110.4050 100.6121 111.5293 117.8484 119.7609 117.5083 99.9060 115.9674 113.3183 100.2398 122.5571 118.3253 118.1615 117.7628 119.0698 102.1447 110.1445 115.8202 116.6777 106.0322 117.2671 116.6861 116.9044 116.8949 116.9755 117.0753 117.1927 117.3314 117.5229 118.0340 119.4135 114.3919 103.3382 109.9160 108.8989 117.7031 119.4016 119.5247 119.9464 120.1842 120.4498 120.7055 120.9252 121.2033 121.3500
110.4800 110.5826 110.0401 109.1156 108.3911 109.3228 109.5209 108.2805 106.2249 101.6406 101.5492 114.7419 112.2053 113.4369 123.3740 96.5168 98.4674 104.3678 121.8200 117.1644 107.9639 107.9205 110.6889 119.9308 121.7536 103.8341 102.7743 120.7781 95.2385 117.7332 117.8814 117.7062 117.3993 117.6214 106.6511 110.1761 117.0351 116.6752 101.0330 115.2687 116.0480 116.3230 116.3621 116.4284 116.5421 116.6485 116.9278 118.3763 116.5433 118.5136 111.0723 101.1507 102.6795 108.8305 119.6966 119.1289 119.3364 119.6712 119.9325 120.2202 120.4100 121.2165 120.7924 121.2800
110.6500 110.6836 109.5986 109.5481 108.9956 109.1503 108.3262 108.1003 107.0813 102.8906 101.8437 111.1357 114.7057 114.9760 110.3535 120.0117 120.9418 116.3497 121.1384 120.8974 110.0038 119.2646 108.0781 106.2604 121.8008 117.1728 117.6342 118.1089 110.5066 116.5518 117.6219 117.2487 116.9318 117.0653 116.4927 118.1052 115.9304 113.9394 120.8113 116.4130 115.4401 115.7452 115.7740 115.8605 116.0054 116.1636 115.6549 119.2493 98.9121 120.1536 106.9823 106.8581 115.0220 118.8193 118.6075 118.7984 119.0846 119.3899 119.6802 120.0379 120.0347 119.7542 107.4993 121.0100
120.4600 110.2339 110.1736 109.4476 107.7691 109.2357 108.7131 100.4090 112.2231 101.1900 101.8934 116.4044 113.2050 107.5117 115.6227 108.7711 114.1682 118.1228 120.6838 121.4608 116.9171 119.5076 107.5875 113.5655 103.2675 99.3673 118.7500 118.2796 118.0257 115.9573 110.0570 117.4425 116.3854 116.2476 115.9905 115.3826 116.1478 114.1659 113.2856 114.6293 114.8546 115.0977 115.1657 115.2998 115.4493 115.4015 117.7782 108.5431 94.5486 97.2621 100.0122 101.1335 117.6311 117.8762 118.1302 118.4873 118.8040 119.1249 119.4406 119.7521 120.2768 114.8347 104.6882 120.9200
109.7700 109.6477 110.8246 109.5180 109.0800 108.2831 108.9898 106.4962 103.0451 100.9206 100.8976 119.1100 105.9983 109.2083 112.9439 113.5494 121.5205 119.6707 120.5872 121.3564 101.1208 113.7153 112.1153 104.2388 104.4985 103.6424 94.4537 113.4780 117.3855 103.7912 107.6297 117.1491 116.0730 115.7158 115.4195 115.1938 114.8498 114.8846 114.7053 114.7392 114.3881 114.4429 114.2978 114.5991 115.1664 103.5497 110.8489 102.5317 101.2081 101.5959 99.0909 114.5896 116.8261 117.4320 117.8128 118.1695 118.5198 118.8631 119.1938 119.5214 119.7802 120.6400 121.2753 120.6300
109.8700 110.2566 110.5086 110.3344 110.2392 110.5975 108.9494 105.9918 107.2493 102.4448 105.6519 108.5369 118.7285 103.3872 112.9040 112.3363 121.5910 107.2891 117.9947 100.1739 117.8844 107.9327 118.9233 101.9338 102.9408 107.4240 103.4184 111.3945 118.7405 119.1734 116.4993 115.8662 115.5398 115.2276 114.9384 114.1891 114.3580 113.9972 113.8178 113.6536 113.6532 113.5328 114.7999 114.1640 114.9252 113.8821 114.4991 111.5536 104.0932 109.9382 103.0980 119.3019 116.5335 117.1785 117.5075 117.8983 118.2382 118.5974 118.9510 119.2934 119.5936 119.4956 119.8217 120.5600
109.8400 110.5949 110.5330 110.2827 110.1860 110.9727 106.1898 109.2830 105.6655 103.6697 118.6907 114.4030 112.6561 111.7201 110.8027 114.5338 119.0780 110.1733 104.8592 100.9820 97.7585 98.9485 116.0245 112.4093 112.0183 114.3088 104.7578 97.7884 109.0628 116.3116 115.7580 114.6885 114.6292 114.6822 113.6818 115.3467 113.0694 113.2926 113.0847 112.9403 112.5382 113.9331 104.4991 113.7238 110.3005 113.4826 114.0229 117.4133 113.9572 113.8025 100.9746 105.2844 116.9481 116.9150 116.8755 117.3783 118.0151 118.3495 118.7171 119.0705 119.6170 121.2122 120.9125 120.5000
109.8200 109.8436 109.8048 110.2216 110.1339 110.8288 101.0104 109.3705 103.5364 103.7943 116.8665 118.4446 110.6466 109.3262 111.5603 107.5774 106.4005 106.1142 104.3297 102.7600 100.5784 97.0299 96.9864 114.7221 106.5633 106.2172 98.7329 100.6259 97.8670 108.5489 115.4240 115.1155 115.8005 101.2796 94.7501 105.9690 115.6209 112.9905 112.2890 112.0704 111.8646 111.7199 110.7715 112.7135 112.4204 113.1236 113.1936 113.9653 112.2642 103.9736 97.8441 105.1993 116.4061 116.4582 117.0929 118.3179 117.6783 118.0987 118.5252 118.9805 118.3568 113.1780 119.6106 120.1400
110.1900 110.1750 110.0657 110.5630 109.1543 109.3883 104.9753 101.3379 102.3154 102.7605 105.8918 116.5118 106.2591 106.9660 109.2278 105.7667 113.1461 103.9996 108.0307 104.2016 100.9939 105.5178 114.8570 101.5355 102.1143 121.1093 111.3615 106.7347 98.6851 96.3965 92.6941 107.5806 109.7011 93.3418 97.8097 93.0681 105.7439 98.5376 112.1351 111.0757 110.9291 111.1204 111.1520 111.3363 111.7007 112.1226 112.5588 112.9213 113.9327 108.2806 96.6692 101.8407 117.7817 117.0241 119.7041 118.2868 117.4173 117.8149 118.3598 121.1211 120.6996 115.6742 119.6228 124.3500
109.9400 110.1952 110.1991 109.9435 109.6228 109.5060 108.4134 105.3209 101.4869 101.1729 113.6616 115.8373 118.8342 115.5247 120.2049 102.5827 99.6075 115.8784 114.4051 116.5823 95.8713 95.6964 115.0492 104.9618 115.4678 118.9237 117.7747 114.3282 109.0853 91.2338 94.0571 99.2957 93.4362 100.8803 109.4479 95.5184 98.4094 107.1585 112.0440 109.9921 109.9329 108.8799 110.1353 110.3464 110.7556 111.2648 111.8052 112.3947 112.7223 101.4657 97.6451 93.4362 113.7521 112.4578 98.1364 115.2559 117.1431 117.8190 117.0024 118.9608 108.9895 105.0585 122.6764 119.7800
109.9400 110.6023 109.1861 109.5585 108.2893 108.1846 105.2407 103.5483 102.6663 105.9547 123.1221 108.4885 121.5224 121.3641 104.1588 121.8181 101.9470 116.8744 92.9306 121.1050 100.8649 115.1811 113.9968 90.2406 104.6250 117.5277 116.1941 116.2811 116.6295 113.6622 91.0445 98.7018 94.7122 92.4303 108.6013 111.4970 110.2766 110.7351 108.6844 108.7241 108.5855 108.6184 108.8118 109.2184 109.7450 110.3556 111.0227 111.4775 113.9474 101.5723 113.2165 112.7876 116.1141 115.5990 112.3214 116.3446 116.8818 117.1887 124.5187 112.8833 104.2151 99.1665 111.2735 100.7500
111.5600 111.9433 109.3942 111.7102 106.3395 104.9706 112.5566 100.1378 101.5177 104.8972 114.8793 104.8668 107.2211 99.2146 121.5381 123.8046 100.1599 119.6726 117.7807 119.4770 118.7870 119.0466 113.4856 119.6425 114.8606 116.8902 116.1919 115.2091 115.9852 92.7769 105.2871 104.9422 89.8864 89.3187 113.8480 111.5401 109.1641 108.2555 107.9053 107.3100 107.0390 107.0758 107.3963 107.9415 108.6290 109.4026 110.1630 111.1461 109.0432 99.8715 102.8350 96.3383 114.5392 104.6885 117.0434 116.2520 116.8579 117.0009 116.6977 101.2764 100.4464 99.4510 98.3165 106.1800
109.7400 109.2740 109.5907 110.4968 109.2426 108.8161 106.2902 101.3048 104.6635 121.1848 106.3452 103.7533 102.3025 99.7970 101.4724 100.9700 122.5786 119.3602 119.7731 117.6557 118.7251 118.3282 117.9274 117.3660 116.9940 116.4536 115.9589 115.3242 115.0039 114.7944 92.0663 100.8866 98.2808 88.5972 88.9359 96.2562 109.6262 107.1792 106.2908 105.5939 105.2232 105.2740 105.7378 106.4973 107.4089 108.3841 109.3566 110.3010 111.2273 110.8655 112.7669 114.1308 114.5349 114.9956 115.3455 116.0635 116.5382 117.7485 108.0068 110.5224 98.1945 98.4690 105.0968 104.6200
110.7500 109.7241 109.8441 110.3921 108.4986 106.6555 105.7438 101.5180 101.9170 106.6811 101.1343 104.1908 126.2414 101.8235 118.5025 121.6604 119.7438 119.5564 119.4501 119.1446 118.7881 118.3435 117.8396 117.3162 116.8309 116.2652 116.0029 115.5743 114.9965 92.6456 113.4789 95.1034 89.7854 115.3438 94.1596 99.8861 107.3655 105.7919 104.5600 103.5066 102.8865 102.9794 103.7152 104.8405 106.1052 107.3496 108.5549 109.4942 110.9235 106.8172 112.6242 113.0576 113.9843 114.6201 115.5171 115.7880 116.3319 118.7395 99.1448 96.5963 100.1015 104.2616 107.8516 100.2600
107.9400 108.4068 108.6680 109.3223 108.8219 107.3614 111.7576 102.2682 105.3134 112.9580 116.9511 108.1707 120.9817 120.8201 116.2234 117.3552 120.3952 120.0922 119.0725 120.1054 119.4282 117.0296 118.7336 117.0628 116.6775 115.9921 115.0534 114.8964 93.5899 116.1060 107.3834 113.0160 112.4789 110.1291 103.7005 102.0116 106.4421 104.3629 102.5736 100.8662 99.7561 99.9334 101.2325 102.9965 104.7459 106.3477 107.7725 109.0215 110.4717 111.6513 112.1244 113.0147 113.6811 113.9562 114.1528 115.9221 105.7212 109.4046 116.8231 119.2825 120.6866 113.6059 116.9385 115.2500
111.4800 112.0350 106.9212 106.9705 105.5927 105.1937 100.7222 100.0262 100.8255 116.7908 101.2543 113.3239 110.6534 109.9478 105.3384 105.7959 105.7488 115.0570 104.8198 113.4147 112.5354 114.2234 119.0288 117.5526 117.1084 115.5737 116.6013 101.8342 100.6882 117.5957 112.8680 112.0415 110.1916 109.5133 108.7796 107.1072 104.9412 102.9853 100.3835 97.4225 94.5326 94.9923 98.1609 101.0065 103.4546 105.4603 107.1285 108.5733 109.7706 110.8223 111.8622 112.8670 113.7480 104.2268 114.4970 109.7882 94.4145 119.7942 110.4586 118.2237 118.6200 119.0766 111.3402 100.3200
110.8200 109.8711 108.2858 104.5739 103.4405 102.5426 100.6564 107.3909 102.0374 103.6607 99.6208 116.3921 113.2089 108.5472 111.8092 123.6309 110.2968 104.4637 116.5730 105.2151 98.4640 105.0432 112.1613 110.0968 113.0652 115.0775 113.2405 108.0132 108.5590 106.5103 111.3926 111.4210 110.5460 109.3358 107.4577 106.1371 104.2493 101.6821 98.4151 92.6000 88.0019 88.6468 94.2106 99.2649 102.4406 104.8094 106.6868 108.2473 109.5741 110.7240 111.7327 112.7069 113.3014 114.9513 115.5973 110.9823 103.2710 104.9012 97.1812 110.4238 119.4490 118.9668 113.2024 99.0700
108.2800 108.9067 109.2854 105.0654 106.4173 104.3626 100.8652 111.9348 99.0616 100.0594 98.7603 116.4104 112.8715 120.9901 114.7612 120.3017 120.9759 122.4045 112.4064 120.1222 107.1081 107.4782 93.4418 92.3760 118.4796 107.6080 112.2257 87.8971 90.0806 86.8489 105.7972 111.8539 110.3190 109.1814 108.5921 107.1430 103.8848 101.7515 97.3655 89.5220 84.5901 85.2719 91.6476 98.4014 101.9847 104.5340 106.5028 108.1055 109.4561 110.6288 111.6614 112.6160 113.2938 113.5358 115.8431 95.1611 119.4644 90.5778 95.3832 92.3854 120.0360 118.4434 110.0191 117.7800
107.3800 107.6347 105.8900 110.7271 104.0271 104.2640 99.4162 99.2800 110.6440 98.6830 108.2771 117.0032 119.9448 123.7541 117.8663 123.4224 120.8523 121.7407 117.1454 119.6391 112.5264 120.2544 109.8736 107.3558 117.5310 107.4942 117.3331 102.9777 96.5936 103.8513 111.1362 111.6117 110.4927 109.2860 100.8434 98.8272 105.0829 96.1399 98.5035 91.2479 86.6076 87.1719 93.1436 98.8921 102.2389 104.6944 106.6083 108.1790 109.5183 110.6787 111.7009 112.6139 113.4562 114.2231 115.6368 107.3980 118.1870 107.4368 109.2058 108.1888 118.9287 118.3715 111.3927 119.2600
103.1700 103.9748 104.6166 117.2601 110.6087 116.2190 108.0313 101.8393 113.7993 99.3403 110.5544 109.1685 113.3736 111.9560 117.9590 107.5418 117.7320 107.7254 117.5170 115.9538 116.2948 113.8520 118.3857 118.0406 112.4832 109.5966 96.6672 113.8861 108.5223 113.4095 112.3139 111.6158 110.5928 109.8058 100.8073 86.8270 103.4240 95.2479 100.2514 95.0588 92.4090 93.0257 97.1391 100.4623 103.1328 105.2490 106.9880 108.4554 109.7250 110.8370 111.8269 112.7138 113.5313 114.2638 114.9150 116.6862 116.6078 118.0496 118.9979 119.6518 119.9090 121.2571 115.6695 104.1800
102.5700 101.8957 101.5103 105.3749 118.8466 111.0981 113.6453 99.3790 101.1987 110.4265 113.3440 113.3946 105.4108 108.4745 102.8044 116.2665 109.4914 114.1963 111.3619 119.2414 114.3628 118.8278 118.8119 118.2388 120.0904 98.0780 112.2743 111.3787 110.9510 121.5956 114.5942 111.8097 110.8864 109.8058 110.1100 102.3423 104.7570 103.5172 102.2325 99.8972 98.6282 98.8104 100.4155 102.4412 104.3678 106.0850 107.5799 108.9004 110.0652 111.1047 112.0805 112.9519 113.6747 114.4168 115.0621 115.5794 116.0825 116.4457 116.9246 116.9092 120.0593 99.6933 108.2720 116.4600
102.5700 107.1065 107.8771 104.3013 115.6273 108.7734 115.1630 100.7761 100.9606 100.2045 104.2121 104.8281 119.4468 111.3992 120.1412 121.0856 118.1848 120.1758 119.8512 118.4738 118.3326 105.1491 102.8806 106.5889 96.7793 99.2052 103.8714 101.0752 102.9797 114.2771 112.9922 112.1998 111.2514 110.2183 108.9786 108.2578 107.1982 102.5422 102.4314 102.7028 102.0681 102.1767 103.0612 104.3363 105.7201 107.0673 108.3177 109.4642 110.5119 111.4561 112.4466 112.2226 113.9890 114.5869 115.3143 115.9127 116.5341 118.0440 117.9845 117.9966 125.4541 100.8867 102.6303 97.5800
102.5800 101.3871 113.7109 111.9222 123.6497 110.6035 111.6308 103.5054 101.0303 107.2169 107.7083 111.0629 129.4527 116.7209 121.8770 120.4838 120.4159 120.3334 119.7667 118.8105 119.9409 98.2487 105.1500 106.0245 103.9915 103.9835 108.8523 97.2303 96.5131 114.6903 113.0432 112.5864 111.6892 110.8243 109.8937 108.4452 108.6811 99.5978 102.5233 105.1417 104.6120 104.6551 105.1918 106.0433 107.0490 108.0991 109.1191 110.1099 111.0285 111.8913 112.6934 113.3917 114.1515 114.7745 115.9369 111.5600 114.5798 115.8616 114.5125 109.3999 118.3833 96.5909 104.6379 104.5300
116.8600 120.6230 121.3439 113.3834 111.3271 109.2712 107.0548 111.0726 108.5602 103.7745 106.3491 105.3728 122.1013 118.8257 120.9538 120.9144 120.4829 113.8699 118.6253 106.3976 109.7219 109.1834 111.7846 97.9570 96.3325 94.3655 103.5645 100.2523 114.7502 95.5213 115.4600 112.8743 112.1677 111.4191 110.5940 109.6698 108.7360 101.0866 105.1864 106.8802 106.5680 106.5816 106.9457 107.5393 108.2906 109.1182 109.9589 110.7903 111.6009 112.3671 113.0953 113.7899 114.4387 115.0580 115.6603 116.6634 103.1452 117.0993 106.9424 114.0218 117.3154 117.3339 119.7184 122.7000
114.9000 116.2443 115.0086 112.9243 111.8886 120.3405 122.3425 123.9456 98.4629 100.5690 103.3579 104.3635 114.0763 109.7782 120.6814 120.2730 119.4989 116.8431 117.4807 119.1901 112.8647 107.8571 104.2624 104.7682 102.1357 100.1586 115.1686 97.7271 114.2283 115.6457 113.8290 113.4034 112.7088 112.0302 111.3424 110.0852 95.8670 89.9028 108.3648 108.3493 108.1522 108.1665 108.4242 108.8604 109.4404 110.0856 110.7825 111.4878 112.1875 112.8738 113.5351 114.1641 114.7700 115.3477 115.8959 116.2547 118.2467 119.2004 105.5292 119.6132 111.0374 110.4953 117.9225 104.1700
127.9200 121.9286 125.5806 125.1679 124.6644 120.7398 111.2634 121.6416 109.2975 107.1401 125.2618 115.8068 118.8567 113.5776 112.5997 110.4685 112.8463 110.4104 122.2371 107.5183 103.6722 105.5565 106.6707 105.3424 100.2032 102.0300 107.3128 118.3887 91.8708 116.1602 114.4689 113.7526 113.2514 112.6503 112.3674 110.1039 99.0817 111.3012 109.8323 109.6423 109.4980 109.5106 109.6976 110.0353 110.4800 111.0099 111.5882 112.1817 112.7906 113.3978 113.9835 114.5664 115.1211 115.6550 116.1716 116.6925 116.9764 117.3461 119.4339 117.4279 120.8749 103.3104 123.6643 118.9800
111.8600 111.7851 125.0508 123.7403 123.5386 125.9486 115.8677 123.7089 124.9341 123.8778 121.6626 111.5976 103.0785 98.9239 97.6537 101.6596 108.9454 108.4764 120.4626 110.6035 104.8882 104.8488 103.7150 105.3595 99.7438 99.9995 104.4015 118.8094 115.8792 114.3494 114.9792 114.1605 113.8509 113.2501 113.0196 112.7166 113.5650 111.6573 110.5383 110.7952 110.6619 110.6710 110.8183 111.0766 111.4383 111.8725 112.3524 112.8658 113.3925 113.9265 114.4569 114.9774 115.4864 115.9808 116.4659 116.9495 117.4164 117.9009 119.2663 110.9055 112.9759 104.2233 114.7815 118.9800
139.7400 124.6500 124.5000 124.1900 124.0300 123.7000 123.5300 123.3600 123.0100 122.8300 122.4600 122.2600 115.2500 100.5800 99.4500 99.6100 118.2500 113.7800 120.0700 106.0300 105.2800 103.9500 103.2100 102.7300 96.3300 99.6400 102.9800 105.6300 102.1200 104.3500 114.9600 114.5400 114.1300 113.6400 112.6200 112.6200 112.1600 111.5800 111.7000 111.7000 110.9400 110.9200 111.7000 111.5800 112.1600 112.1600 112.6700 113.2300 113.6400 114.6100 114.5300 115.3600 115.7500 116.1400 116.5000 117.1900 117.5200 117.8400 118.4500 108.3500 120.5500 98.9600 103.7900 101.8100
