120.7700 120.7900 114.2400 120.8000 120.8000 120.7800 120.7700 120.7500 120.9700 120.9700 121.1600 121.1600 121.1200 121.3200 121.5100 128.2900 128.2900 121.8500 122.0100 118.8900 111.8600 122.5700 122.6900 122.8900 123.0100 123.1900 123.3300 123.4900 123.6500 123.8300 123.9400 124.2500 124.4100 124.5200 124.6600 124.7900 125.0900 125.2000 125.3300 125.4600 125.5800 125.8500 125.9600 126.0800 126.3200 126.4400 126.5500 126.7800 126.9000 127.0000 127.2200 127.3300 127.4400 114.4100 127.7500 127.8500 115.8700 120.5500 118.6500 113.6100 108.5000 128.7200 128.8100 128.9000
120.4600 106.0416 112.4188 120.9357 120.5686 120.5139 120.5668 120.6083 120.6691 120.7486 120.8345 120.9315 121.0435 121.1865 120.8964 122.0796 121.7344 121.3011 122.4241 123.0266 106.2549 109.1206 123.7314 122.4395 122.9515 122.9989 123.1894 123.3982 123.4391 123.4809 124.6919 124.1313 124.2960 124.9472 126.2602 128.3036 125.2535 125.2518 125.2497 125.6000 116.2233 122.2417 126.0944 125.7318 125.6339 126.4885 121.7410 116.4886 128.3583 126.9586 127.1528 127.6151 129.2076 111.5741 109.6675 110.8803 109.4840 115.5538 118.4295 108.2807 111.5760 122.6619 128.7495 128.9000
120.1200 119.5887 120.5751 120.2779 120.1739 120.1440 120.1776 120.2498 120.3271 120.4037 120.4937 120.6049 120.7229 120.8044 121.1868 121.0972 121.1865 121.7264 120.6426 129.9141 118.0120 112.8304 112.5881 124.0360 122.3825 122.8796 123.0522 123.0480 123.6326 124.5760 109.3653 125.3695 124.0873 116.9319 116.1163 109.1204 119.4799 125.3196 112.2285 127.4224 118.8970 123.6712 125.8977 126.8598 128.3060 129.0540 126.2404 107.3211 127.3563 126.7178 127.0431 126.1419 124.4485 104.4904 135.1442 107.6704 108.3840 109.8790 110.0131 105.7301 109.8978 127.6570 130.0630 128.7700
119.7800 124.8656 120.4991 118.8283 119.7625 119.7658 119.8789 119.9093 119.9666 120.0555 120.1509 120.2660 120.3869 120.5326 120.6407 120.8317 121.0322 121.1846 121.0429 125.3196 115.4534 114.4119 106.6477 119.1470 122.6969 122.5986 122.8098 122.7398 122.6529 116.7404 114.6911 124.9602 124.3096 121.9218 121.0966 110.6673 116.5676 107.0505 119.6564 125.3169 120.0510 125.1121 125.9773 119.8867 112.0766 112.1453 114.4736 116.8719 127.4625 127.0018 126.8218 126.5431 128.3757 115.9954 125.6420 120.4123 105.5711 105.0428 105.5566 105.3591 113.7264 120.0373 116.7594 113.0700
119.4200 119.1608 114.7280 110.7178 120.5024 119.4678 119.3133 119.5003 119.5935 119.6839 119.7930 119.9211 120.0567 120.1981 120.3578 120.5162 120.6879 120.8905 120.5214 126.6563 128.5994 110.2672 116.1677 121.0241 122.2124 122.4088 122.7293 121.1797 120.7627 119.9001 124.3776 118.0544 117.3625 125.2834 124.2504 118.8955 118.2787 121.8881 125.4365 125.2467 123.1027 126.2133 125.5479 110.2638 103.5639 109.5797 111.3315 106.1055 127.8412 126.6252 126.9124 127.4514 127.7597 126.0467 128.6463 108.2517 110.4382 114.2759 116.5507 112.2186 117.0134 116.9926 116.2382 119.7400
119.0500 118.9746 117.4347 111.0435 115.0354 122.0949 118.7924 119.1843 119.2003 119.3023 119.4254 119.5505 119.7085 119.8744 120.0271 120.2084 120.3902 120.5949 120.7660 120.9907 121.1584 120.6255 121.7991 121.8145 122.0400 122.2268 122.4084 122.4388 122.7507 123.5685 118.1154 118.7248 102.2689 126.0044 123.5254 124.7313 123.9799 124.5068 125.6395 125.6379 126.1065 111.8562 104.3382 109.7461 125.3164 126.4072 125.7770 125.1132 127.9300 125.9179 126.6208 126.8845 126.6630 128.0945 121.6959 106.1346 113.7349 106.5768 107.9595 118.3915 116.0679 113.7192 115.3768 119.4800
118.6600 118.7330 114.4155 109.9278 113.4932 118.5051 118.6894 118.6823 118.7980 118.9185 119.0171 119.1730 119.3312 119.4725 119.7022 119.8862 120.0819 120.2899 120.4914 120.7337 120.8027 121.6756 120.7504 121.6206 121.7964 122.0219 122.2248 122.5090 122.6946 122.8369 123.0668 124.5038 111.3428 119.6207 123.8331 109.2731 121.6151 124.5595 119.6858 116.0728 122.1282 98.9555 118.8282 125.3382 120.1917 120.4738 122.8646 103.2506 106.4959 117.8210 124.3211 126.8154 127.9355 113.3079 106.8663 110.7812 105.9731 120.7033 118.7281 116.8932 113.9842 127.5228 127.3390 123.0600
118.2500 118.3245 117.3101 120.1043 118.8106 118.1627 118.1522 118.2661 118.3617 118.5020 118.6532 118.5433 119.0753 119.1968 119.3534 119.5591 119.7725 119.9929 120.2055 120.4670 120.5052 122.2816 109.9653 121.3057 121.5035 121.8322 122.0471 122.2856 122.6034 122.6608 123.3508 122.4922 122.4728 102.9975 108.4583 101.7697 107.8262 118.5798 125.4630 111.1561 119.3491 103.7004 127.7642 125.3249 123.5742 128.6930 107.8520 127.3297 113.9662 126.0760 126.5468 127.7977 104.1175 113.9816 115.9424 118.7161 116.9899 118.1017 118.3166 129.0546 128.9055 129.1321 121.3035 128.4200
117.8200 118.8775 104.7834 118.1136 118.1619 117.4875 117.7194 117.7987 117.9209 118.0661 118.2164 116.8676 117.9977 118.7851 119.0019 119.2206 119.4503 119.6826 119.9225 120.1556 120.3646 120.4882 118.4939 123.3048 121.1515 121.6411 121.8593 122.0739 122.3460 121.8514 121.2924 113.1018 102.5252 119.9947 121.0200 106.3597 104.3091 126.6978 124.1071 123.3321 122.3670 117.5220 122.1218 126.1378 125.0088 123.2927 112.5688 113.4505 115.4420 127.4821 125.4736 105.8597 105.2730 112.1511 114.7377 116.7009 117.3899 122.6248 128.7589 127.5704 127.9047 128.2502 128.9130 112.6000
117.3700 109.8639 109.7984 104.8382 117.6811 116.8876 117.2197 117.3236 117.4558 117.6027 117.7390 118.0692 118.2775 118.3308 118.6328 118.8772 119.1258 119.3728 119.6312 119.8920 120.1354 120.5178 120.5835 121.0526 121.1447 121.4092 121.6892 121.8175 122.1484 121.0069 113.6640 110.1723 128.4594 113.8627 99.9796 126.5664 123.7199 123.8869 122.3847 122.4279 122.5345 117.1556 103.2578 120.4970 106.0255 115.9639 114.9093 123.8133 127.3497 121.2275 120.5189 113.7830 108.3998 108.2701 111.0726 117.6920 111.7179 121.0187 127.3035 127.8716 128.0478 127.4583 125.4928 126.7300
116.8900 111.3578 108.1501 112.4265 117.4632 116.8813 116.7050 116.8079 116.9604 117.1321 117.3364 117.5103 117.7765 118.0078 118.2677 118.5189 118.7794 119.0595 119.3448 119.6043 119.8869 120.1099 120.5322 121.2559 120.9673 121.2273 121.4877 121.7345 122.1344 122.2223 124.1383 124.0036 122.5055 128.1223 118.6922 123.5667 123.7940 125.4288 121.5931 114.2920 110.0244 102.2980 110.2030 111.1831 116.7247 114.1492 124.4283 125.9890 126.8419 117.9205 124.0172 128.7687 108.3618 117.1136 118.8144 112.3734 110.0582 129.8481 127.7874 127.9020 127.9872 128.7314 128.6957 129.3100
115.8500 116.8101 118.4484 113.6072 105.2088 117.2991 116.1676 116.2669 116.4399 116.6556 116.8223 117.0422 117.1313 117.6355 117.8734 118.1677 118.5071 118.8308 118.9798 119.3385 119.6189 119.9049 120.3311 120.4298 120.7639 121.0340 121.3077 121.5743 121.8421 122.0523 120.6429 120.4170 115.3755 120.4913 122.3572 123.1636 124.0762 114.5083 123.6774 105.4068 111.6268 105.3588 108.4611 112.2676 115.2181 111.6648 117.3661 126.1585 126.6399 125.0398 127.5827 116.3672 109.6545 123.7942 111.7218 107.3384 124.5253 126.3816 127.5480 127.9438 128.0069 127.9263 130.9538 114.0900
115.2800 115.1317 113.7583 110.8673 106.3599 116.1491 115.6056 115.6929 115.8935 116.1291 116.3619 116.5834 118.2938 116.9078 117.5372 117.8051 117.9324 117.8282 118.9187 119.0568 119.3538 119.6750 119.9503 120.2539 120.5667 120.8487 121.1317 121.4037 121.7072 121.9418 119.9077 121.7267 124.8972 121.1905 111.9040 124.5988 124.7166 113.9569 125.4916 108.5368 113.6912 107.1929 111.4868 115.0666 115.3924 116.7123 122.7463 125.9974 125.9134 126.8625 128.3299 124.3986 117.5709 114.4716 111.3768 108.1674 109.4621 126.6156 127.1911 127.8777 128.0162 127.8159 130.1706 130.4800
114.6500 114.7438 112.2591 105.0887 115.8225 114.6354 114.9247 115.1004 115.3223 115.5322 115.8063 107.4749 112.8954 117.2384 117.0618 117.3503 117.9591 114.7461 118.3227 118.6263 119.1386 119.4357 119.7518 120.0632 120.3665 120.6614 120.9547 121.2418 121.5325 121.6876 122.6346 121.9541 118.7316 109.2493 116.2573 113.4397 122.9503 123.2340 123.0989 109.4136 112.4314 108.1776 117.8270 123.7417 122.0346 126.4573 126.2782 125.7976 126.9527 114.7599 110.8763 126.4756 113.5251 110.3240 108.6278 107.2255 104.9048 117.5617 128.3527 127.7825 127.9266 127.9152 129.7381 136.1800
114.0000 114.0894 114.1437 114.7410 113.8342 114.1229 114.2443 114.4518 114.7022 114.8823 112.4011 119.6068 115.7274 116.2636 116.6724 117.0487 117.6434 118.3103 117.9892 118.5252 118.8325 119.2063 119.5317 119.8622 120.1758 120.4896 120.8245 121.1213 121.3675 121.6580 122.4881 127.2109 120.8698 101.6540 107.7009 122.5323 129.3715 124.2113 114.0397 109.7070 122.9350 115.8635 123.0693 120.9430 126.1451 125.3550 125.4604 125.6603 125.7954 119.7687 122.0546 125.9201 111.1797 112.5577 123.4292 106.6392 117.5634 115.8039 125.3751 127.6740 127.9907 128.0376 132.2506 131.2900
113.2900 113.3306 113.2024 113.0026 113.2627 113.3366 113.5228 113.7594 114.0317 114.7184 114.1200 116.1974 115.9360 115.8758 116.2757 116.8476 116.3911 126.2092 104.8150 119.7725 118.5735 118.9671 119.3169 119.6649 119.9888 120.2909 120.5180 120.8789 121.2020 121.6558 122.3210 123.6917 106.0448 102.1827 121.7013 124.3335 124.0124 119.2846 124.9985 102.5532 118.3095 124.5918 120.2293 106.9250 126.5463 125.3337 125.4796 125.8997 128.1551 135.9413 110.8105 114.6027 110.0374 112.2226 121.9072 111.4049 125.1599 125.9690 127.3826 127.7173 127.9268 128.0088 126.1299 117.5400
112.5000 112.5058 112.3707 112.3693 112.3780 112.5240 112.7336 113.0137 113.3646 113.6654 114.1875 114.5373 114.8838 115.4568 115.8875 116.2622 116.6450 120.4526 124.0284 109.7134 119.0497 118.4877 119.1468 119.4745 119.8286 120.3096 120.7031 120.5350 121.0366 121.5489 118.9724 130.3436 120.7177 122.0630 124.0277 114.2742 117.9663 116.8361 110.7434 112.6660 114.7970 117.0554 115.0857 124.6706 124.7269 125.3098 125.4926 125.2074 124.2666 112.1360 109.1053 106.3821 109.9918 122.4876 123.5047 108.4320 124.9033 127.6117 127.5585 127.7167 127.8758 127.9928 128.6604 137.5500
111.6400 111.5884 111.4333 111.3755 111.4458 111.6077 111.8760 112.2135 112.6092 113.0611 113.5083 114.0142 114.4896 114.9961 115.4687 115.9052 116.5201 116.5744 117.1615 117.3627 118.3192 118.5449 118.9184 119.3031 119.6805 119.6672 121.3858 108.7132 121.6390 121.1105 121.1675 121.7723 119.8847 109.3792 109.8557 109.6947 111.0785 111.6078 102.7469 103.6435 115.5539 121.9665 122.1672 124.1850 124.8965 125.3244 125.7423 129.6587 108.3272 130.9302 110.7590 129.8291 108.9740 111.9644 114.9532 117.0797 116.7965 127.0040 127.3719 127.6873 127.7110 129.2516 117.3580 128.2300
110.6800 110.5768 110.3746 110.3135 110.3907 110.5999 110.9299 111.3423 111.8246 112.3412 112.8952 113.4415 113.9948 114.5416 115.0716 115.6011 116.0927 116.6172 117.0262 117.4243 117.7954 118.3494 118.7443 119.2165 119.1947 128.5499 113.9151 104.5530 104.4554 106.4552 110.9238 118.2314 114.9243 114.7402 109.6449 110.4245 111.8122 111.5441 100.7553 114.9586 107.2639 121.7688 120.6677 123.8938 124.9273 124.5834 125.1777 125.9759 126.9492 124.5465 113.9930 122.9402 112.8096 118.5005 114.8143 117.8303 128.7266 127.3126 127.5015 127.6568 127.8085 128.3575 129.1005 128.2200
109.6000 109.4407 109.1800 109.0909 109.1974 109.4723 109.8838 110.3989 110.9904 111.6034 112.2423 112.8730 113.4945 114.0993 114.6820 115.2447 115.7706 116.3106 116.7755 117.2792 117.7456 118.1612 118.5811 119.0131 119.0358 116.7072 107.0872 103.2254 102.5388 114.8982 106.8227 107.2963 118.0890 112.2984 115.4415 111.9094 112.5778 100.4253 100.0489 113.0561 117.7224 120.6433 125.0394 124.6362 124.8287 120.1772 125.2080 125.1636 130.7524 114.5881 128.1333 124.8985 122.9723 110.5502 117.3127 127.9919 126.8918 127.3830 127.4547 127.6226 127.7871 127.8043 127.8951 128.2100
108.3500 108.1450 107.7955 107.6731 107.8198 108.1885 108.7199 109.3863 110.1090 110.8460 111.5845 112.3125 113.0064 113.6785 114.3089 114.9243 115.4961 116.0535 116.5745 117.0620 117.5355 117.9924 118.4100 118.8511 119.5282 106.0958 116.7663 99.0934 102.0817 108.2145 101.1667 113.3170 114.2279 118.9399 115.7377 114.9743 99.2469 100.8913 102.9926 113.1593 118.5693 121.8481 124.4016 124.7978 125.3903 125.6867 125.5720 125.4675 126.3285 126.1757 125.1252 124.6208 121.8774 114.3652 122.4196 126.4368 127.4480 126.5762 127.5560 127.6820 127.8589 128.0616 128.0496 128.2000
106.8800 106.6477 106.1492 105.9832 106.1798 106.7030 107.4372 108.2895 109.1811 110.0747 110.9371 111.7650 112.5377 113.2796 113.9684 114.6221 115.2320 115.8146 116.3658 116.8805 117.3743 117.8447 118.2952 118.7310 124.7043 116.8352 109.7712 102.7412 115.2357 106.1677 109.7133 110.0919 122.6506 122.7450 123.9011 118.5444 105.4113 104.0660 111.5156 116.2060 115.6194 125.2130 123.9785 122.8191 123.4578 123.3117 123.5762 125.8400 121.5242 121.6173 122.1857 122.4020 124.1257 125.0055 123.6913 125.4780 125.8418 125.9907 127.1235 127.0931 127.4726 127.5310 127.1893 133.0000
105.0800 104.8913 104.1412 103.8759 104.1915 104.9723 106.0149 107.1263 108.2470 109.3222 110.3188 111.2508 112.1164 112.9173 113.6627 114.3553 115.0025 115.6123 116.1861 116.7185 117.2344 117.7270 118.1302 117.4586 123.5056 109.2605 99.9637 109.8151 102.2691 114.1944 117.2552 117.8613 122.7738 117.7288 113.5026 110.0276 104.5315 113.3286 112.4275 113.7310 107.3143 121.5636 123.3665 122.7234 121.9676 121.9138 120.8741 123.3232 124.5515 124.2546 122.2053 120.8399 122.5942 122.5527 124.5589 123.8985 123.7309 123.5948 128.9964 129.9039 129.6630 130.2441 130.0231 128.1900
104.9500 102.7698 101.5496 101.0978 101.6297 102.9021 104.4284 105.9368 107.3314 108.6053 109.7533 110.7948 111.7414 112.5992 113.3956 114.1331 114.8088 115.4424 116.0340 116.5898 117.1153 117.6356 118.0869 116.3555 116.0773 111.9136 116.6112 114.2480 113.5543 113.3820 114.6237 113.6444 123.5851 99.2000 100.5076 108.1959 110.9681 114.2812 119.1162 121.7616 110.4513 106.2440 123.2074 107.5373 122.4250 120.2199 120.0143 119.8285 120.9081 123.2721 123.2203 118.4093 124.6787 124.8314 111.6022 123.8972 124.3810 125.9706 127.1809 132.7341 132.4472 132.3112 133.6216 128.1800
102.7700 100.2768 98.0343 96.9042 98.1828 100.4748 102.7686 104.7879 106.5054 107.9896 109.2763 110.4158 111.4390 112.3564 113.1850 113.9506 114.6539 115.3113 115.9217 116.4920 117.0284 117.5417 117.9082 118.6987 115.0524 115.2246 99.4297 108.5792 109.6834 114.5523 106.8730 113.4115 113.4052 109.9979 101.8672 101.4117 105.6676 114.6852 123.2434 110.6988 115.1665 117.4583 119.7627 115.0291 118.1171 119.5160 120.1035 124.3759 119.0154 115.2069 106.3708 109.5869 108.3820 110.0927 104.3687 120.2393 112.2885 109.1943 125.8952 125.4490 130.9429 131.3911 125.3093 132.5700
99.4200 97.5974 92.2658 90.1442 92.7090 97.9422 101.2514 103.8289 105.8574 107.5260 108.9289 110.1494 111.2164 112.1759 113.0427 113.8256 114.5492 115.2201 115.8349 116.4211 116.9535 117.4699 118.6530 118.7562 111.8407 99.3085 113.3723 99.4957 100.3522 121.1997 108.1521 112.9329 110.4084 107.0450 98.8792 105.5412 98.4860 116.5609 109.8660 105.9881 122.9138 120.5183 119.4972 120.9607 118.5810 118.6669 119.8859 125.1781 120.0790 114.9441 102.8839 103.3870 103.6089 104.0119 104.5268 105.8343 102.8140 111.4736 125.9575 126.3532 127.7500 131.8151 132.8496 132.6500
99.0300 95.0598 87.4216 84.8796 87.9588 95.6662 100.2239 103.2521 105.4883 107.2664 108.7435 109.9989 111.1051 112.0836 112.9691 113.7652 114.4972 115.1712 115.7988 116.3760 116.9956 117.5889 112.7267 118.5400 105.7993 97.6522 115.4167 108.9345 104.3709 108.8494 107.1847 115.0796 109.5724 112.7886 113.0552 111.8839 112.3286 112.6733 107.6583 113.0311 105.2232 121.1671 120.5101 117.6399 118.4359 117.7712 113.8178 125.8911 101.9702 112.8301 103.4401 104.6503 104.6554 104.6900 104.6680 105.1962 104.3039 114.1852 127.4382 127.3412 128.7919 131.9238 108.5262 132.5600
99.0100 94.9207 87.2763 84.9479 87.8703 95.5697 100.1577 103.2209 105.4675 107.2557 108.7338 109.9987 111.0986 112.0816 112.9617 113.7632 114.4909 115.1688 115.7934 116.3765 116.9761 117.7249 112.4832 118.3945 105.2676 97.9588 115.5207 100.1880 105.5998 106.9759 108.2332 112.1841 113.5574 111.3299 112.9647 110.6795 112.5584 111.8411 113.6192 115.7070 120.4941 118.2827 118.5033 117.3494 121.6185 124.8128 117.6159 109.5552 102.6910 103.7567 103.9333 104.3091 104.3886 104.7318 104.7961 105.0545 104.9476 105.7210 102.9007 132.9092 133.8413 104.0521 106.8719 106.1700
99.3900 96.4212 91.6608 89.4734 92.1252 97.6803 101.1183 103.7559 105.8099 107.4833 108.9024 110.1238 111.2015 112.1618 113.0323 113.8206 114.5382 115.2106 115.8331 116.4108 116.9522 117.4365 118.5687 115.7879 112.0634 100.3366 113.9421 106.7256 107.9366 117.7714 121.4827 117.9058 118.4911 120.0902 100.6051 106.4933 100.1320 104.9382 113.8792 116.1981 124.6334 124.2860 124.6788 124.7748 125.1104 124.9810 118.5957 123.2857 109.7711 116.7511 119.2115 122.1664 115.8649 119.4875 106.0075 108.2003 107.9486 104.4179 127.4947 125.2094 101.7979 127.0193 118.9748 132.5600
100.0700 100.0459 97.6280 96.2533 97.7664 100.2449 102.6299 104.6849 106.4357 107.9357 109.2414 110.3845 111.4106 112.3303 113.1681 113.9314 114.6470 115.2964 115.9066 116.4772 117.0206 117.6272 117.9439 119.1493 119.5159 121.0445 120.5101 121.5114 121.2658 120.9981 120.6821 121.5205 121.7487 123.1675 112.6611 112.2216 101.7530 108.8210 113.0108 116.6860 124.3761 124.1154 124.7185 125.7201 122.3229 128.7736 120.3480 116.2448 107.7529 116.2549 117.3905 118.1871 119.1325 116.0747 122.4152 131.3558 123.6724 124.3594 116.4217 105.5668 105.8744 129.7829 126.4863 128.1700
103.2600 102.6048 101.2441 100.7589 101.3340 102.6894 104.2785 105.8246 107.2482 108.5386 109.7078 110.7557 111.7043 112.5764 113.3756 114.1116 114.7870 115.4230 116.0236 116.5787 117.0991 117.5369 117.1215 126.4301 118.5233 118.9965 118.4541 121.1235 119.8592 120.6010 121.1145 121.4919 122.1753 124.8354 101.9729 103.6551 103.3581 127.3531 112.0386 116.8101 124.2787 124.0758 124.0773 118.8120 111.8115 127.4161 117.6024 111.2854 113.7813 134.4752 113.9908 115.9878 116.6947 120.7734 126.3652 120.6453 108.1880 122.9851 122.9720 124.0689 123.6122 128.1356 118.0811 128.1700
106.8200 104.6818 103.9034 103.6247 103.9342 104.7386 105.9358 107.0299 108.1615 109.2476 110.2641 111.2021 112.0755 112.8865 113.6338 114.3275 114.9841 115.5886 116.1690 116.7061 117.1652 118.2967 119.4846 119.2756 119.4608 118.8603 119.9502 119.7530 121.1709 121.0068 121.9806 121.1977 118.6264 116.9898 95.3977 104.5884 114.1606 125.4013 118.5011 125.5253 123.9183 123.5926 125.9929 116.1173 112.6455 111.8805 117.7754 114.8406 118.8094 118.9438 116.4300 123.2182 122.6784 122.4893 123.7471 121.2270 127.0892 121.1620 119.6756 128.6879 125.0377 119.8656 118.7881 123.3800
106.8200 106.4917 105.9565 105.7839 105.9793 106.9880 105.6904 108.1951 109.0897 110.0051 110.8823 111.7091 112.5031 113.2402 113.9394 114.5923 115.2101 115.7913 116.3411 116.8727 117.3116 117.5058 109.1986 117.9341 114.3851 102.7499 120.3196 120.0185 120.9413 121.4620 115.0732 123.7085 115.4612 106.9671 120.9802 111.1465 118.7604 118.3436 124.6598 123.8064 123.9012 124.2732 124.8113 131.8699 115.6736 115.5537 105.8381 110.9687 117.8135 117.9231 118.6466 125.2754 132.6862 121.8798 120.2253 119.1818 117.0850 119.2883 120.7605 122.8762 121.5117 117.8290 121.0433 123.2200
108.3000 108.0052 107.6288 107.5048 107.6312 108.1659 105.6871 109.4784 110.0219 110.7752 111.5247 112.2530 112.9646 113.6331 114.2779 114.8906 115.4628 116.0174 116.5469 117.0311 117.4380 117.5010 110.5139 117.7328 119.3327 111.6068 119.8177 120.3763 120.7772 121.1268 116.9898 116.2789 105.2494 102.4633 112.2138 107.7306 123.0313 112.6039 124.1434 123.6255 124.1843 124.2798 124.1229 124.1887 118.1524 115.9414 123.4468 117.6841 112.6095 113.9349 117.5409 118.4443 119.8442 119.3839 124.0464 119.2517 117.6022 117.9873 119.6857 121.1028 122.4008 123.3619 124.5419 123.8000
109.5600 109.3181 109.0741 109.0090 109.1370 109.3738 109.9985 110.3334 110.9018 111.5161 112.1805 112.8189 113.4463 114.0604 114.6454 115.2115 115.7546 116.2757 116.7695 117.2379 117.7364 117.7761 119.6926 119.7442 119.2350 121.1648 120.4754 120.1111 120.2411 121.6382 121.8983 123.9471 105.6733 106.5363 102.2010 111.3806 116.4703 113.3969 124.8853 123.8731 123.8256 122.5807 126.4052 124.2857 125.9479 124.2278 126.3696 112.8369 107.5947 106.6713 110.8454 113.5561 127.3167 125.1562 133.1902 117.2314 125.1629 124.9600 122.4891 120.3141 121.9032 122.3150 123.0267 124.5100
110.6500 110.3366 110.0971 109.9628 109.3890 110.4775 110.8049 111.2388 111.7526 112.2748 112.8240 113.3874 113.9470 114.4914 115.0321 115.5518 116.0599 116.5417 117.0146 117.4741 117.9009 118.3291 118.4774 118.9339 119.4596 119.6535 119.6361 120.9954 122.4773 121.9296 123.1871 115.7942 106.3706 101.4657 116.9712 120.9854 110.5188 110.6193 123.7912 123.5312 123.5334 132.0670 121.1239 126.3737 124.7782 127.7408 131.2934 115.1377 104.5324 109.1537 107.6320 111.7144 124.8329 127.2294 117.3549 127.1810 127.5919 127.7276 127.8481 126.4195 126.8602 126.9177 127.1682 128.2000
111.6200 112.2230 111.8769 112.2455 110.2031 111.5842 111.7223 112.1713 112.5309 112.9825 113.4623 113.9473 114.4467 114.9403 115.4348 115.9143 116.3790 116.8361 117.2740 117.7330 118.0568 118.4514 118.8857 119.2609 119.7090 118.0997 124.3791 114.9393 104.6151 109.7003 105.9418 122.1223 119.9942 120.1793 116.4815 104.2173 108.5917 109.7869 110.3753 125.6390 123.8977 123.0246 106.0167 104.4729 115.0751 120.3083 118.5366 108.4317 113.1870 115.3505 112.9999 116.4606 116.8627 130.2500 126.4795 117.2408 128.0623 127.3846 127.4881 127.8351 128.2192 128.5220 128.2802 128.2100
112.4900 104.7545 112.0787 108.1805 107.0717 110.6703 112.6756 112.9326 113.2749 113.6615 114.0816 114.5086 114.9499 115.3980 115.8380 116.2802 116.7079 117.1348 117.5371 117.9329 118.6391 118.6554 119.0718 119.5220 119.8295 120.3534 121.3486 112.4817 120.9691 110.8838 121.9641 122.3236 122.9309 119.0298 116.9587 122.5791 123.5458 117.1578 112.0737 121.1129 124.6302 124.0862 129.5772 133.5759 109.6989 103.6330 103.6083 103.7120 116.8314 116.1545 120.0268 112.4525 114.8848 116.5173 127.5353 121.2736 123.7318 127.4648 127.5262 127.6621 128.7830 121.0028 129.0433 128.2200
113.2700 112.1024 111.2254 110.3126 100.7918 113.1476 113.3755 113.6913 113.9781 114.3089 114.6698 115.0480 115.4433 115.8463 116.2467 116.6474 117.0496 117.4466 117.8725 117.8793 119.5966 109.0858 120.6180 118.0019 117.3535 121.8560 107.7113 121.4676 122.0260 121.4279 121.3569 122.0993 122.5084 124.6616 102.4868 113.1195 110.5391 124.0119 123.5305 130.8505 112.4478 126.3545 111.5692 110.8835 112.1526 114.5652 124.4047 112.6460 103.9691 104.3127 102.3288 127.2959 123.7130 121.5332 118.8291 117.5089 127.4384 127.0229 127.2561 128.2943 121.7009 122.1463 128.3684 128.3200
113.9900 114.0982 114.2758 114.7878 110.2707 114.3135 114.1011 114.3848 114.6383 114.9188 115.2406 115.5702 115.9279 116.2861 116.6536 117.0274 117.3931 117.7562 118.1408 118.5075 117.0626 116.0380 120.3783 111.3543 120.8295 120.5356 121.4387 113.7780 119.8149 121.4808 121.8696 123.0829 120.8694 124.4334 103.5044 108.6909 123.9688 124.0906 121.3153 112.6631 126.5504 124.8265 123.1408 105.5037 103.5791 104.8041 100.9443 117.9800 115.4391 114.0966 123.8510 105.2320 107.2908 105.3828 108.8293 120.5367 117.5482 116.8171 121.1698 124.3723 120.6571 124.2109 123.0469 128.3300
114.6500 114.7176 114.4946 114.5633 115.0576 114.7385 114.9230 115.0366 115.2527 115.5021 115.7823 116.0774 116.3953 116.7242 117.0689 117.3953 117.7337 118.0739 118.4054 118.7422 119.3316 115.6751 120.6005 104.7456 120.1345 117.6838 120.8854 123.5318 122.6781 121.9815 121.0363 130.7764 109.5538 120.9729 102.3480 114.7703 124.4765 125.0887 104.5018 113.9978 125.4577 120.5494 126.7558 111.2225 107.2218 114.3533 106.4874 106.8279 106.0602 101.7942 113.9227 123.1965 124.6932 123.8667 112.1260 119.8819 117.5916 108.0366 128.2631 126.9401 125.2982 122.9989 123.4720 124.5800
115.2600 115.3669 115.3149 115.2826 115.2733 115.3881 115.4904 115.6438 115.8365 116.0558 116.3005 116.5701 116.8559 117.1637 117.4586 117.7644 118.0814 118.3932 118.7280 119.0914 120.0352 116.9215 111.0872 122.9366 124.4371 100.5093 113.3391 106.6965 122.2459 121.8882 120.1529 121.6977 122.1555 112.0328 100.6187 119.8261 121.1467 124.1721 126.8002 125.9514 121.3378 122.2854 119.1183 102.7532 102.9670 100.8902 109.7919 114.0566 125.9164 107.2498 108.5431 102.3664 99.6812 114.4110 120.0979 122.4757 119.0680 120.6187 123.6120 125.8749 128.1487 118.9819 98.9066 125.1800
115.8400 115.9756 115.9222 115.9047 115.9273 115.9782 116.0812 116.2205 116.3855 116.5796 116.8025 117.0378 117.2904 117.5641 117.8440 118.1315 118.4053 118.7739 118.8563 119.3264 119.1146 118.5940 110.7061 120.1896 104.9177 107.0002 109.4099 129.8736 114.7655 123.1102 124.9541 122.6257 119.2364 100.4995 108.5447 102.8046 110.9473 123.8540 125.1413 120.9294 116.3306 134.5460 109.9860 110.4757 109.1709 111.8096 108.0207 100.0162 106.6428 109.2350 109.7877 119.6901 111.7148 109.6243 118.9036 133.6399 113.0695 124.2581 123.6934 123.2627 114.3044 124.5425 145.0319 106.3700
116.3800 116.5669 116.5052 116.4822 116.4961 116.5542 116.6396 116.7614 116.9054 117.0791 117.2806 117.4947 117.7226 117.9678 118.2300 118.4788 118.8663 118.6881 119.6556 122.9582 120.1310 120.0336 121.5742 121.4108 123.7923 125.4033 121.2398 111.6805 102.0992 112.1783 113.2148 124.0805 126.8727 114.7004 119.4492 103.6982 104.1911 114.4860 115.2234 111.0790 119.2357 111.8466 106.6841 111.7377 117.3629 119.7590 110.6417 115.6194 118.7585 106.6503 103.6904 114.0783 112.8939 114.7150 122.9158 123.6460 112.1682 133.1472 131.0106 132.7647 105.2456 112.2722 126.1930 123.0200
116.8800 116.9296 116.9037 116.9891 117.0351 117.0867 117.1631 117.2687 117.3989 117.5576 117.7363 117.9279 118.1376 118.3610 118.5927 118.8542 119.0475 119.9052 117.3281 114.0862 119.7241 119.9267 121.0152 103.5445 114.4858 116.8848 107.5353 102.4697 106.0352 107.8110 108.2251 112.4367 112.6052 127.5525 114.5645 120.8619 104.1260 107.7359 113.6096 108.6426 113.0448 98.5173 102.7266 104.5609 114.7767 116.1948 119.9077 125.9143 116.9814 106.2927 103.3725 103.2603 103.3477 102.0104 108.0055 112.6954 127.2865 126.1292 127.7187 129.0427 120.9515 100.9704 131.4022 106.5100
117.8100 118.7214 118.2987 117.4806 117.5423 117.5906 117.6563 117.7567 117.8709 118.0136 118.1695 118.3464 118.5329 118.7480 118.9632 119.2086 119.4163 120.2588 115.5148 97.5657 106.7815 122.2228 121.5260 116.4483 121.6271 119.7705 100.6506 104.0956 101.0388 106.1585 104.5556 108.9297 100.8898 102.7919 115.4987 123.5466 107.1963 106.2880 103.8268 108.0997 109.9577 112.1440 108.9524 112.1883 114.3592 102.1150 128.5710 122.3305 112.2491 131.8821 124.0447 114.4296 104.2746 118.9148 109.5400 107.0893 110.8615 111.4943 128.0591 107.0286 126.0455 117.9565 123.8413 106.5200
118.2400 108.4142 117.8343 117.8081 118.0159 118.0695 118.1316 118.2171 118.3183 118.4428 118.5867 118.7490 118.9367 119.1240 119.2593 119.4180 119.7163 119.9166 122.5425 101.5589 117.2131 103.6243 106.5827 117.7836 113.3691 121.8608 118.8699 120.1841 112.9693 105.3900 106.7788 110.6069 104.6059 103.1384 114.1361 103.0699 104.5554 110.6011 114.2941 113.6161 108.7450 109.1834 118.3243 119.1097 112.9928 114.4632 115.1185 102.8744 103.8803 118.9113 110.1070 116.7691 119.1807 122.4531 107.8906 109.8108 119.6733 126.7135 132.6775 115.2449 112.4634 134.0547 124.6041 123.9000
118.6500 111.3137 120.3772 118.3433 118.4747 118.5261 118.5771 118.6539 118.7486 118.8672 118.9991 119.1402 119.2985 119.3853 120.2351 112.9524 121.5551 120.3085 120.2944 118.9918 123.6704 104.7887 101.7000 120.4395 121.9739 122.0887 122.8422 122.0277 122.3899 119.5919 105.2668 113.7073 107.8223 104.6553 104.5304 101.6114 106.1637 106.5623 108.3590 110.8470 109.8550 108.5071 117.0537 107.4986 119.1150 117.1547 112.2070 115.8634 117.1317 109.4467 104.9574 111.8830 117.3368 124.9544 124.6918 115.2424 114.0749 118.9439 124.4264 118.9204 105.7740 118.6424 133.4116 128.6500
119.0400 106.2779 119.5054 118.7173 118.8915 118.9563 119.0004 119.0740 119.1570 119.2609 119.3851 119.5170 119.6683 120.1758 121.4181 119.4656 122.6094 120.1941 120.7301 120.8435 122.2768 113.0401 98.9053 103.0646 120.2753 122.4941 122.5597 122.8052 122.3938 122.9525 121.0217 103.6950 100.9674 109.7172 111.6446 108.5308 114.5094 116.9685 111.6269 116.0039 114.2498 111.5945 112.4817 111.1506 110.7705 116.6182 115.2719 124.8445 115.7929 110.3527 115.7481 109.0299 108.9541 120.5454 127.5081 120.4932 127.1839 127.8122 107.8683 120.1512 122.0642 124.9236 128.5347 128.6700
119.4200 114.6076 119.5311 119.2926 119.3379 119.3613 119.3999 119.4674 119.5479 119.6435 119.7535 119.8806 120.0201 120.5204 117.2787 95.0033 106.0426 120.9884 121.0103 121.2082 121.4581 123.5135 118.5690 100.0290 114.9879 117.0301 119.3519 123.5287 112.3261 112.2156 113.8908 104.7830 103.6498 111.7269 112.6204 116.6505 118.6088 116.2080 114.5693 113.2801 118.3408 115.6347 103.9001 105.7571 116.1789 115.2023 118.8377 119.0275 125.0814 113.1922 113.7246 128.4401 128.3596 128.1017 127.8230 128.0158 128.1681 127.7293 132.4432 127.2122 118.0446 105.7503 129.6498 128.6800
119.7800 120.2458 119.7354 119.7167 119.7144 119.7539 119.7881 119.8525 119.9219 120.0146 120.1107 120.2306 120.3735 120.0839 122.6335 96.5065 117.4178 121.1562 121.1852 121.0455 121.1767 121.2255 124.7696 109.4075 106.8007 120.9357 124.5312 118.7534 125.7658 115.3666 114.7148 109.2714 105.7922 109.6698 112.6712 111.4756 114.3572 116.1407 117.6426 111.4062 120.1044 130.0238 111.2358 106.4490 104.0349 109.1120 121.0320 121.9576 124.2567 112.7973 125.7523 121.9403 123.6766 126.1612 127.2627 127.3146 121.4433 127.5460 127.3354 128.1644 126.5553 111.9699 113.2123 110.8200
120.1200 120.0925 120.0955 120.0952 120.0967 120.1232 120.1632 120.2173 120.2826 120.3684 120.4621 120.5698 120.6843 120.8885 121.1444 119.9481 119.4496 123.7660 122.0744 128.7718 118.8336 121.5406 118.3863 115.6884 115.0918 106.7504 118.6250 101.0439 106.8494 112.8727 103.2710 106.6446 104.9572 107.0440 113.5640 111.4826 114.7973 120.9293 122.4052 119.2365 120.0556 114.3869 106.4347 102.5695 100.4260 110.5383 115.3516 118.7680 127.7336 124.9771 124.0917 123.2787 122.3262 121.9676 127.7237 124.7142 113.4365 129.4046 128.7738 128.2982 128.2613 127.7097 110.5469 110.8200
120.4500 120.4835 120.4636 120.4586 120.4579 120.4827 120.5186 120.5740 120.6342 120.7088 120.7938 120.8912 121.0073 121.1821 120.9062 121.4661 105.4338 114.9342 123.6148 102.2734 107.7092 121.4169 118.9282 119.2491 111.1685 106.6798 119.0437 119.1754 119.3438 108.1348 108.5679 103.7625 108.4043 107.9217 106.6122 109.0793 110.2324 107.5711 112.7036 112.0569 113.7127 109.3796 109.2614 103.2620 114.6241 117.9471 119.9695 114.6589 114.9699 127.5165 126.0600 126.1145 121.6064 122.4230 127.0570 127.8654 130.5815 120.5124 119.3798 129.0102 127.5487 140.9858 119.2195 113.4100
120.7700 120.8322 120.8097 120.7984 120.8093 120.8307 120.8625 120.9083 120.9655 121.0377 121.1151 121.2143 121.3152 121.4095 121.5984 122.2247 121.5700 124.8523 122.3997 112.6352 126.5307 113.0541 104.9857 117.9368 101.6707 106.8276 115.9892 111.1457 112.5298 108.3799 104.4571 102.7528 105.8591 99.1410 106.8739 111.7575 108.9275 103.3139 102.7178 101.8936 103.2629 119.0715 119.6848 103.8172 115.5227 114.4248 124.4319 122.9159 124.7240 127.1928 124.9709 128.2261 125.5870 124.8618 121.2417 119.0030 123.2169 113.4375 114.6767 129.2838 128.7735 128.5164 117.4482 134.1000
121.0800 121.1576 121.1421 121.1372 121.1469 121.1642 121.1953 121.2346 121.2846 121.3522 121.4272 121.5101 121.5988 121.7209 121.8867 121.8680 122.1487 121.6909 118.7538 104.2570 128.0767 104.0732 99.8316 119.0139 97.1864 108.9803 111.7979 105.7073 109.2224 106.1542 103.1944 106.1982 107.9156 121.7286 113.0331 114.7051 111.2765 103.5362 111.1109 113.3133 100.5331 107.3343 108.3057 103.0773 100.5583 106.4849 122.1663 124.4101 127.9943 126.9411 127.3655 127.2326 127.6682 128.1511 124.9209 115.0413 128.8112 128.5798 128.6054 128.2015 129.5082 114.8311 128.6697 112.6100
121.3800 121.4837 121.4633 121.4549 121.4637 121.4793 121.5111 121.5491 121.6039 121.6657 121.7325 121.8235 121.9136 121.8522 122.0575 122.2802 122.3522 122.6155 119.4887 104.3414 124.0003 122.8730 110.5334 102.3869 122.8985 114.4395 104.8370 104.8448 105.7829 100.9937 105.1997 105.4147 119.9887 121.3772 122.1042 104.6774 109.3358 103.4941 105.3412 119.3823 114.3320 111.7120 103.3177 108.1237 117.4623 121.2476 121.3966 121.3747 122.8758 127.2353 127.5938 127.4748 127.5937 127.7069 127.8532 126.8491 127.9562 128.3107 128.4944 128.7851 129.2439 121.9828 132.5312 126.5500
121.9400 121.7920 121.7725 121.7716 121.7779 121.7937 121.8144 121.8538 121.9021 121.9562 122.0205 122.1652 122.0832 122.5211 122.7767 122.1675 122.4701 123.1765 116.8833 103.9176 127.7424 123.3783 118.4885 101.4481 110.2721 114.8175 111.6493 110.5504 101.1158 102.4928 115.7151 113.8771 111.0433 123.5523 114.6476 115.8967 104.3640 105.3357 113.1857 125.6959 116.4512 107.6763 105.5053 117.1712 120.9226 107.4883 120.2837 122.2927 123.0089 125.2612 123.8039 128.1441 127.7897 127.8735 128.0181 128.2896 128.3041 128.3763 128.5728 128.0228 128.0333 130.4362 116.7092 107.1200
122.2100 122.0858 122.0758 122.0706 122.0719 122.0940 122.1117 122.1537 122.1902 122.2467 122.3042 122.1944 122.2817 118.6088 117.6842 122.9691 123.2409 120.7286 128.3540 103.2096 109.5575 116.1907 122.0205 109.2460 112.0152 110.4870 117.9403 115.3980 109.8510 110.5563 103.1085 116.9021 114.9068 110.4723 113.5995 111.5257 113.7229 115.3886 115.8382 115.4482 115.8984 109.6715 105.2673 124.2687 120.6846 120.2581 107.9239 123.9172 122.5215 122.8944 123.4865 123.8381 127.6839 128.0020 128.0604 128.1760 128.3253 128.4053 128.7151 131.6018 123.0225 126.8736 109.8279 115.5200
122.4700 122.3758 122.3632 122.3537 122.3648 122.3855 122.3989 122.4346 122.4773 122.5208 122.5802 122.4659 123.2129 117.0429 121.9657 123.2944 123.2806 116.6643 126.5562 103.7941 106.5294 112.4220 113.7080 102.7091 105.6464 105.2157 106.2612 105.1084 105.5402 113.2327 114.8898 111.2327 124.2404 111.7322 113.4787 126.3489 120.9021 115.3159 107.2905 115.3372 114.4998 102.8093 104.3932 111.6406 121.9542 122.5962 121.8720 122.9004 123.2021 123.2873 123.7687 124.4501 126.7580 126.9018 128.1133 128.3437 128.2058 128.5344 128.7138 128.0447 129.1459 108.0953 106.2223 117.0500
122.7200 122.6521 122.6424 122.6415 122.6414 122.6516 122.6734 122.7079 122.7541 122.7991 122.8486 122.6583 124.5057 109.0837 122.8042 118.4817 121.7553 123.5747 112.8023 115.4540 101.8086 103.1824 104.8846 103.9826 104.3521 111.6270 111.7846 107.1194 109.1601 110.9275 111.4210 113.5966 119.3173 121.4311 113.6680 110.0044 125.9409 114.4682 104.5961 114.6979 116.9899 106.8995 104.8400 103.4204 114.2870 122.1592 122.6267 122.9488 123.6047 123.8950 123.7871 126.5686 125.4054 125.4595 127.8337 128.3626 127.2151 127.2442 128.8299 129.3153 129.8120 122.6951 112.8202 107.2700
122.9700 122.9251 122.9182 122.9111 122.9115 122.9478 122.9622 122.9802 123.0116 123.0624 123.0923 123.1666 123.0798 124.6310 123.9527 112.9121 124.7662 123.6788 117.8910 125.6063 124.5318 106.4144 106.4734 100.6167 127.0725 110.5184 112.6646 103.4300 103.4206 107.2118 126.4829 126.0014 127.0649 115.3201 103.9496 110.6468 114.0559 106.4021 104.2863 107.2433 117.1209 118.1213 108.4868 109.1596 105.8359 120.0533 121.5313 123.2861 123.9593 124.1848 124.7560 124.7507 127.8475 125.1372 128.9828 126.1627 131.4598 103.7600 127.3506 128.9169 129.2590 127.9981 128.5778 134.4500
123.2100 123.1898 123.1817 123.1731 123.1750 123.2236 123.2845 123.2637 123.3073 123.3007 123.3618 123.4159 123.5001 123.0786 124.8616 101.5026 112.4671 107.8312 112.9007 124.2477 120.8737 103.9253 112.6778 102.8637 107.3124 106.8877 113.0829 103.3950 106.1876 109.1895 128.2658 125.5397 127.0532 115.3076 107.3199 106.9812 114.1395 111.1594 103.8250 116.2414 118.4914 109.8459 116.4858 118.4543 109.4275 117.7637 118.3060 120.1688 120.6530 124.4357 124.4744 126.8562 128.3436 128.3825 127.2430 127.2564 128.3349 131.7141 122.6047 126.8542 126.5753 125.6433 126.1086 123.0000
123.4400 123.4416 123.4357 123.4310 123.4265 123.5269 123.6364 125.1120 123.4778 123.5553 123.6091 123.6702 123.6965 123.6447 125.6293 111.2789 103.2036 111.0963 110.0810 125.0457 115.6062 105.7874 108.2305 110.8617 103.4821 108.3974 121.2895 113.2179 113.6215 103.9942 106.0673 125.3409 120.1922 123.0001 118.6156 123.0774 118.3973 112.6914 111.8867 105.6534 113.9977 117.5970 116.3255 117.4502 118.0656 117.0483 122.1391 119.2891 121.3513 125.7717 125.4373 128.3199 127.0008 127.4429 127.0281 126.8169 127.3776 127.9802 130.4757 121.1125 112.0953 123.7878 114.1386 110.6800
123.6700 123.6800 123.6800 123.4600 123.6800 123.6800 123.6700 123.6600 123.6200 123.8100 123.7900 123.7600 123.9200 123.8900 124.0400 124.1900 102.1500 104.5300 104.5300 124.4000 118.2500 106.5000 109.3500 109.3500 104.2400 105.3000 105.7000 113.0500 115.4000 108.8100 106.3900 125.7300 125.8300 125.9400 122.6500 117.8000 104.4100 115.7500 115.1000 104.7100 104.8200 117.5500 111.2600 117.4900 117.7100 117.9600 127.5200 127.6300 119.0900 127.9300 128.0200 128.1200 125.7600 128.4000 128.4900 128.6700 128.7600 128.8400 128.9400 110.0100 110.8300 125.0000 109.6100 114.6200
