115.9400 105.7300 118.1800 120.8400 119.6500 114.8900 115.2300 111.3300 108.7500 117.8700 113.0600 101.2700 110.9400 118.4600 108.6900 120.1800 109.3900 102.9800 110.5500 111.1300 108.0400 100.3100 109.0100 108.8800 109.1700 108.7000 105.2200 101.7500 106.6900 105.5800 98.6500 98.2800 98.2800 98.7600 98.9600 112.9500 117.7300 98.0700 117.3900 117.4100 117.4300 117.3300 119.4400 117.3600 117.7700 117.7300 117.9900 117.9900 118.2800 118.5300 118.4800 118.7700 118.9800 119.2800 111.4700 109.3000 109.2500 116.9800 123.0200 105.3600 104.9400 121.2800 121.4500 121.6500
111.9300 111.4067 118.6201 118.4600 117.4706 116.4117 117.0090 111.8907 111.7527 113.8939 115.4024 109.3952 108.1748 120.5633 111.6132 117.5820 110.0178 104.1223 104.6415 105.5959 108.6259 102.2778 104.5708 109.1858 109.0801 107.4254 106.7605 102.9632 101.8817 102.9635 98.8482 104.9536 102.9865 102.3549 101.8200 101.2279 110.0462 100.0315 110.0556 114.9245 107.6558 115.6895 117.4743 117.0460 117.3657 117.5092 117.5923 117.7513 117.9306 118.1457 118.3615 118.6449 119.1854 120.0106 108.6768 112.1945 115.1510 112.0981 104.7946 99.6989 107.5696 119.7361 121.3394 121.6500
118.0700 114.4680 117.5020 117.7143 115.3523 116.8424 117.7145 115.6366 116.1699 108.3320 115.6907 104.6593 110.3717 119.8637 111.2319 114.7876 105.5376 115.7893 104.0832 97.2177 111.1680 105.1679 107.7164 102.9739 104.8911 105.3964 104.1376 111.2240 110.3457 102.2140 100.4637 109.0845 108.4613 115.5410 98.0546 100.0403 94.8083 118.4147 119.0955 116.2436 112.5585 116.6563 116.5787 117.7457 116.7696 116.8792 117.1043 117.2969 117.5307 117.5322 117.9558 118.7548 116.7520 108.2920 111.9266 117.5029 109.3502 106.5605 106.5249 102.7631 112.9822 121.0986 121.0771 121.3000
118.0700 115.9915 117.4981 116.2940 113.8076 115.0859 112.3463 116.6090 115.5810 114.5887 113.4758 108.9428 105.4370 118.9565 111.0728 112.5532 117.2181 110.4522 110.8666 109.4908 104.6117 105.6113 106.2554 109.9440 102.7519 100.1787 102.7502 107.9818 111.8550 105.6703 101.8576 109.3640 111.6922 113.8788 113.5760 118.5339 111.1988 115.0890 115.6137 113.8683 116.9039 115.7155 114.7200 106.4090 116.3652 116.3035 116.6033 116.8413 116.9629 117.3068 118.2666 117.6792 115.9804 108.3236 110.2835 117.5839 102.3616 102.5092 102.6332 103.1141 117.9181 120.2425 120.6358 121.0100
122.7600 117.4823 119.5743 117.3618 117.1628 113.6708 111.8056 103.9772 106.1055 114.8420 110.3577 98.4710 108.9498 107.6899 107.2592 110.9063 117.0851 109.9271 101.0285 107.0911 103.5583 116.1351 100.4357 110.2689 105.7404 104.0942 107.1325 103.6529 101.6771 103.4802 117.5004 102.0629 116.7999 115.6547 103.2197 117.6470 97.3477 117.1293 115.2742 115.0246 115.4560 115.4001 111.1224 103.0824 117.2129 115.6356 116.0735 116.3021 117.2324 113.9570 119.4730 100.8098 105.0763 107.6049 110.4750 101.0211 107.3261 99.0747 101.3332 102.3700 113.7718 122.5765 121.9722 120.9400
122.7000 116.2533 117.2784 118.3122 113.0464 119.5383 115.8067 110.2245 108.8474 110.7195 107.2385 112.1612 109.3707 98.4149 104.3792 107.3545 109.1279 109.2506 106.6477 100.5011 110.2386 99.1756 108.5308 103.4084 106.6142 104.3367 101.6086 99.3617 99.5631 112.5841 114.4060 93.3447 114.8924 115.4300 99.0677 116.8397 113.3468 127.1625 114.3995 114.8560 114.8072 114.7677 115.8532 116.3544 114.9419 115.3051 115.4745 115.4373 118.5249 104.7592 96.2071 102.0770 106.7936 103.1062 104.1991 106.5043 104.5273 96.7609 98.6579 103.5064 119.2782 98.6121 112.2160 116.0600
116.8500 116.1272 118.3153 115.3604 117.6676 117.1536 116.0340 114.5737 114.4526 116.6019 104.1071 104.6139 100.3369 111.3250 104.0846 103.3034 106.1887 107.8798 107.7925 105.6008 105.4445 105.4720 100.5251 102.2779 103.2682 102.2107 99.7557 99.4212 115.3584 99.7676 111.8638 106.6182 96.6940 99.6813 101.4572 116.2035 114.2977 113.0984 113.4312 114.1205 114.0713 114.1030 114.0389 114.0630 114.4642 114.6559 114.9181 116.0964 105.4582 115.4275 108.3104 101.0271 97.2373 115.7775 99.7163 106.7628 102.0364 95.9832 105.0685 119.7781 119.7718 119.9452 125.8479 126.1300
117.2100 117.8572 118.5005 117.1566 116.3121 115.9581 115.5678 115.6990 114.5584 114.5012 113.4571 115.1050 105.8247 103.7466 98.4719 108.4087 106.7911 105.9253 106.6358 108.5932 104.2736 107.0855 106.0935 108.8517 103.2138 101.9029 97.4915 100.2470 95.1596 116.7644 117.1581 114.8575 108.1517 108.0121 117.4931 114.1612 113.7392 113.9024 113.6484 113.3511 113.2910 113.2858 113.3793 113.5541 113.7341 114.0137 114.3360 114.7502 112.1991 114.2964 103.9992 101.0697 95.0978 99.8435 97.4026 98.2296 96.7306 105.6712 120.3010 118.9891 119.5316 119.2182 121.9427 98.5100
118.8400 119.0354 119.0826 118.9225 118.3462 117.2783 114.1105 117.5928 117.5003 113.6980 107.4521 100.8851 98.3485 111.0231 103.6587 117.6478 108.2963 107.1366 105.7080 105.7373 106.7313 105.2541 108.2969 102.9635 101.9613 114.7439 102.8531 103.2678 100.9924 98.5009 110.0401 96.7765 116.3540 112.7781 113.7020 113.5839 113.2697 112.8769 112.6628 112.5276 112.4506 112.4652 112.5521 112.7296 112.9806 113.2758 113.7334 113.8784 113.8114 117.5103 109.7873 105.2295 118.7427 119.6948 101.1944 99.8514 98.6758 104.9416 118.4811 118.7167 119.5682 120.0124 122.9527 109.7200
117.5500 117.5323 117.6607 118.0221 117.3272 118.0504 106.8091 117.2657 116.1883 113.0663 115.8710 105.2058 107.8661 101.7770 105.9313 112.0086 98.9099 104.3045 109.0036 99.9413 105.8652 104.0685 106.0824 104.2094 109.0494 114.7098 108.7111 113.6460 111.7932 116.4177 116.4956 100.8736 108.7536 115.9294 113.9103 112.8642 112.4181 112.0885 111.8074 111.6005 111.5093 111.5221 111.6369 111.8611 112.1686 112.5153 111.8810 110.7500 112.6815 114.6641 110.7940 111.0171 114.8002 108.0568 102.9381 102.8744 100.0157 120.0416 118.5583 118.8103 119.1817 119.0393 113.5986 100.1300
118.0100 118.3105 118.1927 118.4229 118.3908 117.5524 115.3003 109.9531 109.1171 109.2147 106.7086 112.2553 112.6651 114.6622 118.5948 109.6479 109.7463 105.2616 107.1605 105.2018 104.0816 97.7205 102.4091 104.5202 107.2003 118.3190 116.8359 108.1423 117.8492 115.2748 114.8045 116.3974 92.4548 100.8125 113.0412 111.7893 111.6299 111.1762 110.8197 110.5847 110.4568 110.4742 110.6204 110.8955 111.2723 111.6064 112.6321 112.7037 113.7663 114.4942 93.3600 96.4128 111.3471 91.4330 98.6343 99.3719 102.7262 117.9449 117.7545 118.6392 118.9564 117.9231 112.5991 120.1000
116.2200 117.0171 114.7504 113.2116 113.5180 116.4691 110.1327 118.3500 108.0474 112.4496 105.9253 102.3373 99.3611 107.9324 112.4643 112.6952 109.5508 114.6755 116.0600 111.1822 104.3494 98.7589 106.5892 101.1512 118.5673 118.0928 113.3559 116.2961 115.0805 114.9833 114.1209 113.2184 100.8980 101.8679 114.0889 111.1577 110.7485 110.1789 109.7356 109.4227 109.2598 109.2778 109.4773 109.8221 110.2841 110.8470 111.3538 112.0208 112.3125 106.7665 111.5058 101.8148 111.7234 104.2270 100.6629 100.4222 97.7333 120.7140 118.1967 118.4610 118.7110 119.2270 110.6876 122.4600
117.9800 117.1890 116.8128 113.7842 114.7855 108.1241 105.8722 111.3756 110.9974 108.6041 103.0271 103.0284 101.5027 105.4020 101.5964 105.8849 104.5130 104.0457 103.4292 105.4699 100.3690 99.6833 101.4486 106.6208 115.8486 115.2703 116.6188 115.4634 114.9928 114.1056 114.0007 106.6460 99.2295 109.4773 111.3806 110.5112 109.7235 109.0860 108.5148 108.0910 107.8747 107.9036 108.1661 108.6250 109.2210 109.9040 110.6287 111.3644 112.3517 112.6616 113.2216 109.7118 96.4943 100.9855 99.9649 99.1757 97.7959 108.6635 119.1522 118.0875 118.7639 119.4935 121.3449 123.9300
108.0400 115.2278 119.2475 121.3510 123.5218 114.4050 116.2805 115.8942 115.0630 108.5916 108.9463 105.1538 106.4847 108.5492 104.8209 107.7445 98.8935 98.7438 104.5393 99.7080 112.7278 96.8358 114.5883 119.8447 115.5523 112.6087 115.9413 115.3464 114.8928 117.5659 104.9167 116.6275 107.7868 110.3458 110.4459 109.5615 108.7258 107.8752 107.1161 106.5340 106.2253 106.2673 106.6421 107.2740 108.0542 108.9133 109.7899 110.6509 111.3332 113.4349 116.1497 111.6096 106.6189 109.1585 97.0048 108.8314 102.7742 99.7109 120.1374 118.1862 118.4100 117.6458 119.9386 123.4700
124.6000 120.7957 120.2688 114.3285 114.7305 115.3312 114.5432 115.3025 120.2665 109.5339 115.1629 110.6966 110.3956 109.9135 109.1927 110.1077 102.1682 97.5973 102.7950 105.0846 106.9779 101.4562 106.1687 122.0226 100.5077 118.2518 116.0631 115.2163 115.8883 97.8082 89.9211 98.9072 103.1513 112.2351 109.7197 108.7262 107.6466 106.5496 105.5133 104.6697 104.1915 104.2593 104.8349 105.7343 106.7936 107.8862 108.9552 110.0476 111.0894 106.7494 92.6080 110.9552 100.0850 102.6299 99.7596 103.8672 106.8129 101.7850 104.3227 120.8743 118.3845 118.2796 108.2546 99.9200
124.5900 124.8422 125.5046 113.9260 112.9324 113.3081 113.7906 113.3512 112.5333 111.3051 110.4905 112.4159 108.3353 107.0552 105.9266 104.0957 104.3045 101.4548 103.2104 103.7759 104.2990 102.9212 106.6160 123.6653 99.1257 118.4618 116.5370 114.9127 114.1361 110.9274 113.2836 100.6847 111.4441 109.8075 109.0731 107.8863 106.5626 105.1327 103.6561 102.3294 101.5300 101.6403 102.5964 103.9819 105.4462 106.8740 108.1304 109.4219 107.7034 91.4135 92.1304 99.2137 99.2876 95.8005 97.1565 100.6599 100.8603 99.5641 103.2741 104.0006 120.5878 107.2286 108.3287 115.0100
124.5800 124.2691 122.4446 112.9919 111.7166 112.0098 110.6574 110.6448 108.9548 113.0280 108.5122 113.2787 103.9113 115.7301 111.5336 107.0940 100.3920 101.6692 117.0137 113.8308 111.2964 94.7826 96.2143 95.7945 95.7405 108.1518 115.5235 115.0843 113.9156 107.6873 107.9535 110.5998 111.3570 109.7972 108.5153 107.1158 105.5217 103.6770 101.5553 99.4107 97.7251 97.9955 99.8878 102.0467 104.1058 105.8657 107.8434 108.8447 103.0730 88.4692 91.4945 94.0627 94.3964 97.0226 101.2138 108.9192 110.4054 115.5125 116.8564 117.2763 118.3105 117.8567 119.8470 119.2900
124.5700 124.3614 121.4158 116.8588 114.9127 111.2465 111.5031 110.8692 108.7831 108.8792 114.3286 106.4695 109.1866 105.6800 107.3371 103.0508 103.2857 103.1416 110.1861 118.2993 116.5284 118.0814 117.7843 117.3523 116.9518 111.8824 115.6558 114.6871 114.1030 113.6792 112.2282 111.4905 110.6083 109.4157 108.0692 106.5155 104.6630 102.3548 99.3877 95.2232 91.1769 91.6935 96.3514 100.0914 102.9558 105.0203 104.5129 105.9186 106.8492 85.9628 112.4023 115.1156 103.3860 94.5852 93.8648 112.5835 110.7271 116.4348 117.3098 117.7222 118.2912 118.5055 113.7049 97.2800
124.5700 124.4845 125.0880 114.5321 112.2317 111.5132 111.0414 107.5099 101.6064 118.5660 112.6988 108.2339 104.9098 104.9996 102.6326 99.2863 100.5184 104.1563 119.2747 96.7029 120.7825 117.7741 117.2562 116.8194 116.1337 115.9985 115.4968 114.6908 114.0138 113.1151 112.1943 111.4713 110.4219 109.2087 107.8098 106.1595 104.1204 101.4593 97.7558 90.5965 86.0400 86.4242 92.5053 98.6733 102.1428 104.5502 106.6647 108.1310 109.8514 111.3219 111.3479 112.7062 114.0094 109.3538 110.2863 115.0557 116.5934 116.7706 117.2828 117.7611 118.2574 118.5570 119.1570 119.2700
124.5700 123.7675 124.1465 114.2370 113.0020 104.5686 103.3841 108.8796 101.8087 114.9742 112.0858 108.2328 104.9830 103.1818 103.2206 101.1852 101.4560 107.0087 116.6047 112.7363 119.9128 117.2928 117.6833 117.2324 116.7484 116.1020 115.6544 114.5612 114.1564 113.2528 112.4608 111.4371 110.3805 109.1838 107.7804 106.1096 104.0405 101.3196 97.5124 89.8650 84.9596 85.5322 91.6635 98.4519 102.0138 104.5069 106.3940 108.0827 108.3923 110.3647 111.8223 112.0713 113.0310 106.9050 110.5507 115.1358 116.1542 116.6769 117.1997 117.7091 118.1836 118.6632 118.9566 119.2600
124.5700 116.4225 116.3938 118.1784 111.6714 110.3632 110.4129 109.2878 108.6118 107.5502 107.4991 107.1299 107.1284 106.4835 106.4044 103.9246 105.2258 120.3114 111.8190 114.9768 114.4428 117.7693 117.4275 117.1065 116.4988 114.5887 116.4535 114.4053 113.6682 113.2528 112.4510 111.5331 110.4973 109.3122 107.9622 106.3670 104.4337 101.9947 98.7459 93.5696 89.2112 89.7044 94.9848 99.5293 102.6084 104.9064 106.7565 108.6751 105.7962 110.8220 111.7553 110.2871 114.4511 96.0472 107.2450 115.4134 116.2815 116.7290 117.2523 117.7474 118.2217 118.6581 119.0714 119.2600
116.8200 115.4488 115.4127 113.7511 112.6177 109.0291 109.9841 110.1454 109.7743 108.5671 109.2716 109.7145 109.2270 110.5692 104.3848 105.3778 103.5997 118.5145 113.6417 105.9904 119.8060 118.1296 117.6822 117.2725 117.2091 103.1957 109.2054 111.5499 113.9338 113.3249 112.6155 111.7142 110.7177 109.6033 108.3462 106.9016 105.2104 103.2095 100.8504 97.6181 95.7429 96.1326 98.8176 101.3642 103.6838 105.6109 107.2414 108.5921 110.2293 111.0837 111.9280 111.4955 114.2450 94.4980 106.6777 115.9618 116.1251 116.7815 117.2971 117.7884 118.2559 118.6961 119.3553 119.2700
111.9000 113.7866 114.0390 112.7017 111.3266 109.8693 110.9285 105.2851 106.9039 108.3391 105.7554 104.8828 107.0632 110.4683 103.1047 103.7820 104.4347 119.7592 115.6782 119.1015 118.3805 118.2516 117.7491 117.3193 116.5206 120.1645 100.7576 116.1712 114.3015 113.6043 112.8312 111.9772 111.0490 110.0173 108.8866 107.6178 106.2018 104.6439 103.0237 101.3993 100.4484 100.5657 101.7117 103.3524 105.0031 106.5345 107.9109 109.1497 110.2242 111.2205 112.1791 113.3065 113.9439 110.8997 116.1158 116.0882 116.3058 116.8471 117.3825 117.8593 118.3211 118.7702 119.2121 121.5900
110.4000 113.5562 107.2049 110.6688 109.9244 106.8719 106.6549 104.4146 102.3100 105.3960 106.5162 107.5556 105.6860 106.8759 105.0694 105.3719 105.1901 118.2917 117.8279 113.9374 118.8333 118.3471 117.8470 117.4199 116.8123 117.2535 119.1443 115.2449 113.7367 113.9073 113.1094 112.3128 111.4638 110.5330 109.5272 108.4385 107.2873 106.0722 104.9210 103.9375 103.3720 103.4434 104.1245 105.1877 106.3566 107.5460 108.6872 109.7552 110.7494 111.6741 112.5704 113.2465 113.9532 115.4910 115.8959 115.6921 116.5322 117.1271 117.4750 117.9581 118.4112 118.8413 119.2051 119.6000
108.5500 110.2648 107.9896 111.7263 110.7012 109.5424 110.2017 112.2469 108.6435 108.8005 110.1464 107.1789 104.7781 108.7069 106.1197 103.7100 105.2608 115.5590 119.8356 118.7588 118.8038 118.4196 117.9807 117.5044 116.7832 117.6800 93.3846 111.6598 115.1072 114.3680 113.4186 112.7110 111.9282 111.0955 110.2257 109.3040 108.3657 107.4371 106.5999 105.9350 105.5854 105.6242 106.0561 106.7716 107.6425 108.5813 109.5131 110.4255 111.3750 112.1196 112.7629 113.5716 114.3524 114.8148 115.4448 116.1071 116.0188 116.1252 117.6917 118.0738 118.5103 118.9031 119.3072 119.6300
102.7600 106.1837 104.1297 115.6206 109.5772 109.7836 106.8640 107.6445 111.7393 108.8397 111.6087 109.0376 106.8616 109.9882 105.8344 111.6746 113.0516 114.0507 115.7580 119.5325 118.9117 118.5401 118.1152 117.6676 117.1016 116.6773 116.7608 110.9483 115.4767 114.5076 113.8086 113.1455 112.4374 111.7069 110.9472 110.1747 109.4126 108.6844 108.0556 107.5847 107.3402 107.3728 107.6756 108.1897 108.8475 109.5728 110.3684 111.0415 111.8433 112.7339 115.4856 113.3677 114.4762 115.1968 115.7585 116.5347 115.9864 126.7001 117.0575 118.2168 118.6290 119.1620 119.5946 119.6700
113.1200 112.5779 111.6525 111.2296 110.8992 110.9334 112.5475 110.3049 111.8165 116.8142 108.1593 110.6656 106.9440 111.8939 110.7182 99.8337 115.9025 116.7903 119.7112 119.4513 119.0817 118.6812 118.2640 117.8283 117.3946 116.9146 114.5559 115.0048 115.2723 114.8207 114.2137 113.6039 112.9766 112.3295 111.6708 111.0222 110.4008 109.8189 109.3378 108.9872 108.8066 108.8323 109.0564 109.4354 109.9349 110.5451 111.1121 112.0792 112.6353 115.0272 102.5182 111.3909 115.1877 115.5183 116.0180 116.5243 116.8950 118.8923 117.8232 118.3580 118.7308 119.0642 118.1591 119.7100
113.0600 112.4368 111.6672 110.4039 109.8915 109.5692 113.7995 110.7746 101.5162 112.2469 111.1330 106.9947 103.5370 100.4885 113.2177 108.2714 113.8865 121.0442 114.8367 120.0912 119.2295 118.8294 118.4565 118.0302 117.6156 117.1136 116.2964 114.6894 115.8044 115.1740 114.6247 114.0793 113.5182 112.9461 112.3811 111.8319 111.3139 110.8547 110.4672 110.2023 110.0629 110.0750 110.2303 110.5365 110.9519 111.4198 111.9715 110.2768 112.5909 100.5857 111.8483 101.6484 116.6781 115.5451 116.3205 116.7820 117.2956 117.6678 118.1538 118.5189 118.9294 119.3456 119.5924 120.0100
113.3000 112.2713 125.3706 124.7958 114.0095 110.9976 107.9606 110.3361 108.2812 108.1451 106.6289 106.4814 108.7103 108.6547 104.1360 104.6155 108.4678 121.3711 120.1600 119.6472 119.3775 119.0033 118.6265 118.3320 117.8241 117.3606 117.0635 116.5522 116.0316 115.5472 115.0592 114.5660 114.0585 113.5557 113.0950 112.5904 112.1799 111.7854 111.4829 111.2675 111.1655 111.2251 111.3865 111.5523 111.8264 112.3050 112.6985 113.2619 116.3912 101.6747 108.7943 105.6943 116.1658 116.1536 116.5993 117.0479 117.5494 117.7892 118.2338 118.6985 119.1146 119.4639 119.8175 120.0600
124.8200 123.7722 121.6049 109.1236 109.9838 108.8976 112.3895 107.8284 111.7097 112.6811 110.0701 106.4897 104.0758 104.7641 104.2015 99.5141 100.6504 120.8722 123.7649 118.4440 119.5009 119.1915 117.7467 118.5954 117.9370 117.6370 117.2489 117.0653 116.3073 115.9711 115.4995 115.0442 114.5973 114.1605 113.6933 112.3448 113.0072 112.6488 112.3934 112.2206 112.1292 112.0471 112.0014 112.3075 112.7219 113.3567 113.7801 113.5909 114.7020 97.1662 115.0720 116.5950 115.7516 116.5267 116.9260 117.3642 114.9525 120.0452 118.8841 118.8827 119.1755 119.5827 120.0347 120.1100
118.7200 114.7667 112.4128 113.1452 110.2109 110.5671 104.0472 109.0268 105.9585 111.9561 110.4611 108.8331 106.4071 110.6158 108.8888 104.3554 105.5831 99.4136 118.6436 114.1155 119.8195 120.0276 111.5049 117.2832 118.1353 118.0288 118.1924 115.3500 116.6129 116.3982 115.9108 115.5269 115.1239 114.7863 114.5091 113.8922 113.7789 113.4345 113.2228 113.1001 113.0473 112.9125 114.6175 112.8041 111.1784 111.3110 98.6893 97.7806 110.9002 117.0178 102.8512 108.3384 117.1826 116.8094 117.2106 118.0079 119.6973 127.2345 115.7932 119.0988 120.0258 120.1549 119.6704 120.4100
125.0100 116.5957 117.8919 114.7422 110.3999 110.1578 109.7277 114.3155 115.1218 108.8980 104.8593 108.6416 99.9768 106.1676 112.9974 111.7287 123.5377 121.1069 122.2294 121.5518 119.8578 119.3424 122.7700 112.1361 120.7282 117.5401 114.4584 102.6166 118.3239 116.6175 116.4027 115.9907 115.6375 115.2932 114.9411 114.6693 114.3831 114.1532 113.9895 113.7684 113.7378 113.7945 107.3332 88.4226 109.6489 116.7465 109.0574 93.2648 104.3994 115.8421 113.7355 108.5004 117.4586 117.1066 117.5754 117.8574 118.0947 118.9822 109.7289 121.0994 109.5763 117.1158 120.4425 120.4700
118.4500 113.9486 116.2345 111.4207 111.1220 112.5971 115.1076 109.7492 110.6039 101.2848 99.9215 107.0498 101.5641 106.4641 118.4923 118.5657 122.0865 116.2000 120.5908 120.1633 120.1532 119.4165 119.7791 96.1753 108.7203 116.5605 109.8987 102.6483 116.7795 116.9526 116.7837 116.4443 116.1274 115.8259 115.5348 115.2695 115.0115 114.8535 114.6310 115.0603 115.0190 114.4567 109.9233 103.7970 106.2858 114.8382 113.4852 96.3782 110.1675 116.3288 116.8743 117.0284 117.1189 117.6077 117.8888 118.2603 118.5288 119.0619 119.8001 120.2247 105.7052 103.4580 119.0446 120.8200
118.5400 119.1221 118.6402 115.3837 113.5826 106.2587 109.0827 103.2701 106.2933 106.8151 110.6367 102.7810 101.6625 112.6237 121.2131 110.7360 106.9028 114.1329 121.4248 120.6168 120.4094 119.9645 118.6744 107.0727 108.2819 117.9789 119.4540 121.3487 117.8382 117.2283 117.2571 116.9075 116.6130 116.3373 116.0758 115.8423 115.6425 115.2330 116.3236 110.3342 115.5666 114.9032 115.2956 115.8195 117.1894 115.6836 118.6376 102.4668 100.3763 121.7035 117.2999 117.2396 117.5744 117.9036 118.2233 118.5338 118.8613 119.1013 119.3389 120.0890 120.0192 112.8062 125.5185 120.8200
119.0900 118.4254 116.7216 114.0568 112.7266 105.9211 104.6725 107.0008 111.6443 112.3937 109.3930 103.7149 100.3348 100.3889 105.6889 125.9832 110.4920 118.1135 121.2578 120.7683 120.5200 120.1918 120.9104 120.7022 121.1096 120.1198 118.7024 118.3994 119.0282 117.8774 117.5901 117.3631 117.0772 116.8242 116.6026 116.4419 115.6347 116.6348 112.2231 115.5509 116.8752 116.8404 115.7839 115.5388 115.2739 116.7644 118.4729 114.4997 104.3452 110.2022 117.3874 117.6081 117.9634 118.2517 118.5552 118.8522 119.1483 119.4703 119.7521 120.0259 120.3210 120.9438 112.0207 121.1700
120.2600 119.9794 112.5390 111.1418 106.8654 110.0658 108.1864 108.5670 110.3409 108.9687 104.3787 100.3452 114.7919 100.9741 114.2769 104.5298 123.2334 123.3800 120.8537 121.0202 120.7513 120.4838 120.0976 119.8581 119.1943 118.8511 120.6777 114.3989 111.7929 118.4780 117.8583 117.7733 117.5204 117.2951 117.0891 116.9456 116.5397 113.8363 109.5766 116.6026 102.4314 97.3027 118.4747 117.5311 118.0963 117.3506 99.5035 118.0725 103.6780 107.7205 118.6815 118.1379 118.3438 118.6016 118.8799 119.1552 119.4263 119.7132 119.9880 120.2584 120.4888 120.4605 121.4766 121.2500
114.8500 115.8495 111.1990 110.6331 109.0934 109.6947 109.3898 108.9569 108.6003 107.5703 109.6637 109.0921 116.7604 120.3975 122.6318 125.1906 109.9595 128.4642 120.7239 121.4656 120.9195 120.7017 120.4409 120.1931 120.5994 115.7965 107.1563 116.2803 120.1278 118.7742 118.4027 118.1759 117.9474 117.7498 117.5664 117.4095 117.1185 117.9020 116.9201 117.1097 93.4498 94.1359 118.8691 113.3349 101.3788 115.6607 109.6017 119.6566 117.1240 106.7899 117.5760 118.3419 118.7637 118.9474 119.2050 119.4549 119.7164 119.9798 120.2381 120.4971 120.7561 121.0665 121.1641 121.5200
115.3300 111.2940 113.2624 111.2974 110.9018 110.2138 109.2514 110.7714 112.4855 110.0186 108.4756 102.3073 102.3224 106.7642 125.2461 104.0281 122.2073 122.4923 121.4757 121.4363 121.1755 120.9315 120.6993 120.2628 120.9768 103.5152 113.2892 120.2737 119.4404 119.1686 118.7826 118.5629 118.3648 118.1813 118.0160 117.8800 117.7493 117.5588 117.1433 118.4275 118.4536 118.6216 118.5179 116.4984 114.3161 104.9152 120.2838 119.8460 117.1734 116.4898 110.5515 118.8482 118.9257 119.2870 119.5152 119.7564 119.9987 120.2448 120.4907 120.7384 120.9845 121.2347 121.4767 121.5900
125.5000 125.6869 110.2330 111.3107 110.8343 110.1174 110.1589 110.3143 109.4298 107.5587 104.8807 100.7156 111.2005 122.4694 120.9190 104.9991 123.4218 121.9321 121.8449 121.6206 121.3924 121.1484 120.9458 120.6224 120.1510 97.0164 121.5586 119.4454 119.4000 119.4124 119.1459 118.9529 118.7663 118.6026 118.4482 118.2931 118.3107 117.9070 116.8112 116.5183 117.7894 117.6140 119.7110 112.0522 99.5113 103.7740 106.5241 119.8134 118.7977 120.0279 110.9002 120.3949 119.2918 119.6141 119.8321 120.0554 120.2856 120.5105 120.7419 120.9818 121.2144 121.4416 121.6787 121.8600
125.5300 118.3718 111.5732 111.2532 113.1161 114.0467 112.0818 109.2850 104.7013 105.3875 113.9075 115.5835 125.3058 124.5361 122.6968 122.8448 122.2286 122.5078 121.8276 121.8553 121.6187 121.3900 121.1726 120.7741 121.2319 119.2531 121.9323 119.7247 119.8847 119.6603 119.4959 119.3217 119.1506 118.9969 118.8629 118.7685 118.4013 118.8930 99.9189 119.6400 116.0324 118.4132 113.9263 101.2735 100.0243 120.5336 115.7152 119.6786 118.9657 119.1966 120.2871 119.4473 119.7337 119.9485 120.1299 120.3387 120.5634 120.7746 121.0004 121.2205 121.4381 121.6637 121.8783 121.9200
125.7000 122.6425 112.2012 113.9926 111.4993 110.7105 108.2689 109.6136 105.3366 103.2383 103.8067 112.3446 112.1766 120.7983 121.5487 119.1297 122.7485 122.2995 122.2096 122.0395 121.4204 121.9902 121.1608 121.3133 120.4849 120.7910 121.3072 120.4961 121.4081 119.9464 119.8505 119.6766 119.5300 119.3846 119.2617 119.1391 118.9814 112.8044 108.8106 118.6732 101.6776 118.2304 112.5372 93.3794 117.6460 106.6620 119.6350 118.9958 119.4275 119.1516 120.3823 120.1074 120.3522 120.2197 120.4314 120.6346 120.8344 121.0348 121.2497 121.4566 121.6662 121.8902 122.1002 122.1900
125.7300 114.9676 113.7268 111.1450 112.5903 107.5183 105.6416 104.0334 103.9355 107.8492 103.5342 102.8970 118.8006 119.3946 118.7020 107.5969 122.3044 122.5747 122.6329 122.3435 119.8903 116.3336 121.7949 121.3804 121.3474 121.1907 116.1327 105.4727 115.6620 120.8388 120.1719 120.0318 119.8831 119.7545 119.6078 119.6449 119.5653 119.1317 119.2455 119.8275 92.9602 111.4084 112.4204 103.3278 118.3170 102.0377 121.5847 119.2421 119.7683 121.6339 114.5958 110.9351 120.6908 120.6203 120.7193 120.9177 121.1017 121.2939 121.4856 121.6298 121.9066 122.0859 122.1908 122.5200
125.9300 113.1588 112.9844 109.1669 111.6243 106.0568 106.3674 107.1395 106.5673 103.4746 102.3647 105.4807 112.4801 126.3266 123.5621 124.8539 124.6992 122.7407 122.6272 122.3522 122.7492 117.7622 122.1189 121.6632 121.3235 121.5074 111.9033 98.9505 116.8175 120.4845 120.3744 120.2969 120.2083 120.1314 120.2034 119.4682 119.0555 119.1358 107.1310 119.2792 93.8482 98.7352 115.5814 99.6636 99.3516 94.2425 112.3017 120.1491 120.1611 120.6827 107.7189 120.9350 121.1407 120.8479 121.0101 121.1864 121.3974 121.4703 121.9158 122.2636 121.6154 123.3881 123.0777 122.7700
125.9300 127.4060 111.2292 111.9673 111.3193 109.3110 115.3732 105.9657 103.1864 101.8303 104.6294 109.8808 107.2566 122.4089 122.8063 123.9045 122.8375 122.9718 123.4602 122.5440 123.4418 124.4431 122.5026 122.7249 121.7732 125.1411 112.8400 93.2490 124.0930 120.6780 122.1726 121.1143 120.6217 120.2484 118.5029 122.2938 121.7937 120.3422 114.2455 117.7181 107.0272 100.7561 120.9594 105.2115 113.2211 111.4195 107.6497 121.5522 120.4560 120.8269 121.7464 102.3582 121.6916 121.2278 121.3015 121.4674 121.6278 122.0391 121.0181 119.9925 122.6713 116.2512 121.6605 122.7700
119.9500 112.9998 112.6852 110.7263 110.9783 110.2038 112.9744 107.7263 105.2909 105.6251 106.2227 103.1585 119.6978 122.2972 124.9032 125.9935 125.3097 118.7049 122.2335 123.8636 112.9875 121.4287 107.0865 118.2798 121.3520 125.9198 118.1439 101.4773 120.9538 122.6526 105.1874 117.7595 119.3460 120.0434 105.5418 100.3497 112.0105 118.5823 96.2464 100.8173 102.1097 102.9224 108.6920 107.5616 110.2758 122.4010 120.2094 121.2982 120.8269 120.9141 119.4980 120.3087 121.7472 121.4236 121.5799 121.7318 121.8914 122.1211 118.3288 124.0655 124.7721 110.2040 124.2520 105.0000
113.3200 110.9543 109.8705 110.4536 110.0278 111.0394 105.3145 107.0974 106.0147 103.2747 102.1285 100.4767 110.3706 122.0390 111.2273 123.9720 109.8058 118.8537 123.0770 122.4336 119.3387 123.5375 117.1268 119.9549 118.9294 102.0594 99.4477 114.9632 119.6404 104.4678 115.3654 121.6198 117.2816 119.9025 102.4820 105.9905 103.8948 120.7991 97.1138 98.7566 101.8685 99.7898 106.4031 111.5021 123.4281 120.6316 120.7556 120.5506 121.0776 121.3015 121.5144 121.0907 121.4243 121.9162 121.8005 122.0468 122.1302 122.4035 123.2714 111.4609 121.3871 106.7608 123.4077 110.1700
118.0900 116.3720 111.0694 110.8381 111.0392 107.2885 107.4152 108.4559 105.2716 103.0886 102.1392 109.7110 104.9968 109.0719 121.0745 123.8946 115.5788 119.1524 113.3120 124.5241 123.5000 123.4538 111.3231 114.1230 126.5336 112.5798 113.5495 119.8836 102.4005 97.6455 107.6982 100.2734 114.6835 111.3192 101.0091 106.1912 105.2286 112.8756 98.4018 99.4660 102.7623 101.9987 115.9817 122.9799 122.6794 121.9145 120.5683 117.7799 118.5830 121.8982 121.5465 121.7545 121.9435 121.1411 121.6206 121.3457 122.4148 122.2106 123.7552 108.2553 124.5467 120.5970 124.5730 107.2500
116.5800 114.0115 111.5616 110.6433 106.4025 109.4893 109.3853 107.5437 103.5740 102.1562 114.9758 110.4870 104.4115 119.6567 124.8625 123.5119 125.4734 124.1927 117.3764 123.5847 123.3789 122.9006 124.1306 119.1657 122.9343 122.2866 122.6716 123.1208 122.1608 118.7157 116.2606 101.7101 112.7289 102.5388 102.6300 103.5216 118.4895 100.3161 101.1356 122.3558 101.3559 106.2099 124.1230 118.7151 119.6660 105.5189 122.7041 109.3751 104.4546 123.0400 121.8531 122.0206 122.1182 121.8101 123.8038 123.7774 122.6527 122.7593 123.4404 116.3551 113.1934 113.0215 123.9616 123.6100
116.9800 111.9624 109.6483 107.2390 111.1816 104.0671 109.3579 106.3029 105.5450 103.3222 115.9574 104.7264 121.3056 113.4736 121.2347 124.2364 125.0115 106.6793 124.5059 123.9127 123.5716 123.3210 123.3160 123.2448 123.0688 122.7799 123.2808 122.3018 122.3118 109.1615 118.7236 95.4487 120.9357 121.6474 106.8959 107.6547 124.2665 112.1888 103.7434 121.4730 98.6039 121.3228 120.3299 109.4414 119.6903 121.5131 123.9614 107.1260 103.7168 122.3124 122.1230 122.3632 122.3597 123.0357 122.8587 122.2390 122.9335 123.0075 123.1540 123.2220 128.3883 123.6615 123.4444 123.8300
111.9800 109.3014 108.1408 116.7132 105.5276 110.2969 107.5299 107.9026 103.6965 103.0888 101.9893 115.2476 111.7736 111.0150 125.8845 126.8560 123.7551 124.8892 124.7953 123.7579 123.7840 123.4353 123.8009 123.2378 123.2260 122.9873 120.8485 124.4200 123.0068 129.7637 103.3959 106.0045 122.8333 123.8407 106.4209 124.9709 121.4006 124.2011 98.8486 121.6471 108.5543 120.6781 121.9107 100.6539 113.4190 123.2054 122.4710 104.8725 122.8095 113.8360 122.3680 122.6341 122.7008 122.6996 122.8407 123.0662 123.0960 123.2348 123.3691 123.5947 123.6226 123.8096 123.8918 123.8600
109.7800 111.1817 116.4703 110.9983 109.3665 109.5977 109.9546 108.1752 103.8966 103.7003 103.7641 104.3636 127.7897 124.4076 122.4472 121.7181 124.9228 123.9267 124.0666 124.4949 123.7004 122.5703 123.3077 124.1865 123.4626 123.3077 123.9632 123.4339 116.1890 113.2581 104.6842 110.8625 123.6930 122.8388 115.0212 123.7907 121.4754 120.6859 98.2182 123.6142 122.8304 123.2737 109.3403 103.3305 104.2101 123.9872 122.6209 121.1070 122.7678 111.5532 123.0247 122.8889 122.8940 123.0000 122.9855 123.4400 123.2895 123.4522 123.5452 123.7114 123.7875 123.9698 124.0859 124.3000
115.8500 113.4659 110.9079 110.3686 109.8518 109.4136 112.7242 107.0195 103.7574 103.0844 101.8103 106.9440 121.9274 126.4487 115.0107 122.4197 125.8464 124.9039 121.3148 119.5263 127.2530 115.2367 113.2024 123.3272 122.7820 124.6778 119.4073 124.2904 113.8130 112.7561 102.1562 108.7990 124.2405 122.2733 124.0350 122.6229 122.5124 121.0649 122.6759 121.9057 122.2034 122.6996 116.7574 117.1321 112.5415 123.7611 122.8394 122.5209 122.8184 117.6454 123.0034 123.1332 123.1778 123.1838 124.6227 121.5527 123.6297 123.7028 123.8678 123.9123 124.0320 124.1561 124.2813 124.3400
114.8900 111.6933 111.4600 111.1686 108.5175 108.6710 103.7288 106.5753 105.8382 108.6539 108.4542 126.2226 125.5682 124.8437 125.9717 120.4291 124.8650 123.7158 121.1366 105.3941 125.3160 104.9058 105.9927 116.2731 111.5054 109.2700 106.7539 104.6719 117.0186 114.9929 115.9080 126.0570 120.7315 115.1605 123.5198 122.9705 121.8552 123.7524 123.6071 123.6881 122.7244 124.3196 123.3262 123.8517 122.5830 123.1236 123.0491 123.0614 123.0636 123.7980 123.2032 123.3509 123.4077 123.5277 123.1059 114.7698 125.1845 123.5023 124.0287 124.1112 124.2326 124.3565 124.4772 124.5200
113.2000 112.4461 111.6561 111.5096 106.3228 107.6045 106.7970 105.9257 106.2781 108.4318 122.0622 125.8083 125.5164 125.9314 123.3754 125.2976 125.2667 124.0203 119.6834 124.7452 114.5872 102.8645 111.5766 112.7564 105.6420 117.6904 125.1364 120.5099 111.3282 115.7443 125.4251 123.3014 121.6906 121.1806 123.3595 121.9835 118.0510 114.4598 117.7260 122.2222 123.8505 110.2954 125.5766 122.9757 123.1941 123.2249 123.2599 123.3051 123.3650 123.3207 123.5098 123.5658 123.6666 123.6444 124.4409 123.2907 110.1322 124.3324 124.2435 124.3161 124.4313 124.5399 124.6679 124.8000
112.3700 112.3553 111.0539 108.8346 107.8934 106.2306 107.2287 106.1461 116.8774 108.0430 116.9729 124.6112 125.5000 125.9509 116.6555 124.7922 124.9592 126.8709 120.1967 118.9080 122.9131 103.2427 107.1704 109.1552 114.0253 119.6052 123.4544 110.9706 107.1357 103.1655 121.9537 123.6863 124.0771 123.4818 125.3232 108.8662 118.1897 117.9058 115.9613 123.7495 109.9585 116.2681 110.9016 124.1409 123.5391 123.4749 123.5239 123.5680 123.6122 123.6739 123.7251 123.7899 123.8438 125.3283 119.5306 124.2596 123.6507 124.4241 124.4286 124.5402 124.6180 124.7355 124.8480 124.8000
112.7300 110.8880 109.9516 107.1440 107.2577 115.2474 113.8230 108.3720 109.7464 107.8520 109.2691 111.7741 127.9599 126.2012 119.1539 124.6328 125.2054 123.8909 108.7244 113.4787 122.1325 109.6890 113.2647 121.4087 124.8740 116.8924 109.0978 106.3549 107.2804 119.0619 124.5723 123.6713 123.8404 124.0120 120.7274 117.4315 104.3627 99.9102 113.3218 124.0935 97.9105 110.0236 114.4625 124.3238 123.8023 123.6689 123.7084 123.7815 123.8500 123.8913 123.9636 124.0112 124.1821 124.0634 124.6728 124.3831 124.2399 124.2162 124.7132 124.6368 124.8373 124.9314 124.7929 125.1800
112.7500 109.7496 107.1129 108.9500 108.4963 111.1535 121.6657 108.9981 110.5465 112.4018 115.4608 104.3408 122.7476 120.7403 121.6094 127.5614 125.2935 126.4113 118.7697 117.1721 127.1481 111.0174 106.1113 113.1550 118.6227 103.3666 107.6082 106.0501 108.6405 126.9263 123.8811 124.1715 124.1402 125.1072 110.8693 104.3970 103.0760 103.2590 126.0132 123.7994 124.2787 103.9568 116.7166 124.3749 124.0180 123.8991 124.1525 124.1017 124.0793 124.1761 124.1577 124.2583 124.3088 124.4148 124.3980 124.5508 124.6456 124.7612 124.6093 125.1790 125.2862 125.1425 125.7456 125.2100
109.0100 116.3282 116.3019 118.9982 105.7135 116.1112 113.8469 122.7129 112.4648 109.8900 105.5493 109.4126 113.9676 121.7211 122.7420 123.1106 119.0890 122.8846 121.3793 120.9090 120.9706 111.3352 113.6869 120.7134 117.1906 117.0343 104.7114 109.0782 110.1321 119.7337 124.5986 124.4023 124.3515 124.8790 124.4777 118.3549 99.2195 110.7364 125.4938 123.9532 109.6915 123.0646 124.5372 124.2864 124.2471 124.1866 123.4458 121.8948 124.1296 124.0989 124.5776 124.4367 124.5311 124.6022 124.6835 124.7477 124.8357 124.9056 125.1840 124.3539 120.6943 125.6074 110.0498 125.4200
120.1000 129.0434 120.5148 115.8957 117.9850 127.8150 127.3455 120.4773 119.8436 105.8413 103.7665 105.3127 106.1622 104.2787 126.2535 125.6464 125.9286 118.9581 120.4409 104.2356 114.7459 107.1673 105.1584 107.3505 104.4836 107.1198 110.6212 116.6607 121.3928 118.1782 125.0427 124.6269 124.5615 124.2894 123.9344 122.5602 117.6946 117.8030 123.3807 124.8309 112.1983 110.3120 125.2383 124.0896 124.3463 124.2796 124.5015 124.6261 124.9443 124.9538 123.8890 124.8651 124.7613 124.7968 124.8756 124.9453 125.0324 125.1796 123.7929 124.8823 123.2417 109.8611 114.5646 103.6100
123.2400 126.7796 121.1324 114.5286 125.9543 127.2115 127.2874 122.8075 106.6051 109.9106 111.6783 106.3410 122.0774 117.9391 127.4286 126.4467 103.4388 125.0679 118.4136 106.7103 115.6753 103.7977 102.3881 111.5719 105.5358 117.7105 116.6577 113.1591 125.9074 125.4071 124.8011 124.8985 124.7739 124.8602 124.6603 124.7887 127.5925 101.7213 124.1044 122.4473 113.7839 125.0029 125.7624 125.1489 124.8653 125.2209 124.6044 124.6457 124.7097 98.7427 126.8441 125.2305 124.9000 125.0572 125.0594 125.1553 125.2474 125.3140 124.3137 125.4488 126.3129 117.6840 105.8476 108.5100
127.7700 127.5145 128.1144 128.0587 127.5738 127.1178 128.1500 119.3714 113.2120 116.0243 121.8497 122.8184 116.2284 119.4017 128.5794 108.4975 111.3682 123.7332 112.2128 125.2872 117.0815 104.7829 104.1015 123.8299 118.7442 123.6625 111.4296 116.6985 124.9158 125.0200 125.0391 124.9727 124.9866 124.9276 124.9353 125.0177 121.4239 102.4336 103.2222 121.4343 125.3069 124.7993 126.3737 113.8851 126.8452 116.8547 125.8572 125.0755 124.9423 124.8204 126.6513 120.9432 125.4217 125.2243 125.2746 125.4700 125.2763 125.4939 125.6250 125.6171 125.2484 127.0159 115.8313 105.6000
127.8200 127.8468 127.6290 127.5250 127.5165 127.2869 123.6270 120.5002 126.4148 128.0254 126.2762 122.1852 107.5774 119.7405 122.3990 112.4792 120.4736 108.3679 117.5201 126.0470 124.6881 106.0421 105.8640 105.3465 118.0815 120.3473 118.3215 122.4108 125.3396 124.8211 125.4600 125.2455 125.1975 125.1782 125.1069 125.1747 123.2567 118.8391 99.7279 125.3575 124.3389 125.0905 126.8743 103.8105 127.2520 120.4151 127.6178 118.6198 125.3512 115.3113 110.2025 127.2603 125.3299 125.7806 115.9361 126.5054 125.2964 125.6422 125.8141 126.1085 126.1840 123.7390 119.5595 108.4400
127.9500 128.0816 127.8617 127.7334 127.4898 128.9146 113.1076 127.4656 127.2444 125.2179 126.6974 120.2922 110.7714 106.8824 114.8576 104.8772 111.0336 102.8326 120.0097 126.0295 109.2285 103.6987 113.8006 112.0809 128.6413 120.5719 118.9745 117.6535 135.2142 122.1163 124.9603 125.4030 125.4695 125.3541 125.3424 125.2153 125.6942 124.1730 111.6069 124.1301 124.8768 125.3459 125.3840 119.8577 124.9946 126.2821 126.1263 96.3146 125.3410 127.9446 115.0145 125.9589 125.4428 126.6296 120.4997 108.7719 126.3924 125.7891 125.9443 122.0376 116.6025 111.8370 107.9578 108.4400
138.2600 128.0000 127.9000 127.8100 127.7200 127.6300 127.5500 127.4400 127.3400 123.9600 123.0600 127.2300 111.0600 122.1900 104.7600 104.6600 104.5800 104.4500 126.3600 125.1300 125.1300 104.1700 126.0600 126.0700 125.9600 118.8700 119.6600 122.8900 122.8900 128.2600 128.2600 128.0500 125.5700 125.4200 125.4400 125.4500 125.4600 125.3000 103.3100 125.3200 125.3200 125.3200 125.3200 125.3100 125.3000 125.4700 125.4500 125.4400 125.5700 125.5700 125.5300 125.6600 125.6400 125.7600 125.7600 125.8800 125.8500 125.9600 126.0700 113.8300 113.8300 113.5600 107.0400 107.0400
