117.9100 102.7000 121.5100 115.8500 112.2200 112.1000 107.4900 112.5900 112.3000 112.3700 111.0600 109.8400 111.3100 100.2600 100.6500 114.6100 114.6100 110.0000 99.1600 118.4300 104.5600 99.5500 111.7700 111.7700 106.0200 109.8300 111.6500 99.9900 108.5700 98.9200 98.9200 104.4000 108.7000 98.2800 102.3300 101.6800 100.7800 96.6900 100.2000 119.0100 118.9700 120.6000 124.8100 119.4800 119.7100 119.7100 119.9300 120.1300 120.0800 120.3100 120.5100 120.7400 120.9200 121.3600 121.3600 121.5200 114.0100 112.9200 118.6900 111.8900 113.0300 108.0900 123.1300 123.1300
117.9100 120.8543 120.0972 116.5600 115.1831 113.2799 110.4817 110.4729 111.3365 112.0382 112.5859 108.9396 109.2914 108.8854 114.4189 110.9347 110.5601 115.2070 105.6164 111.9471 111.0190 102.7942 107.1930 112.9029 105.5805 111.5122 101.5234 102.2665 101.9345 98.2801 97.0386 103.5534 100.8347 103.2640 100.5049 98.3958 100.0601 98.3604 110.2236 118.2854 111.4515 118.0737 119.7511 118.8866 119.3350 119.4632 119.6188 119.8528 120.0065 120.2016 120.3833 120.6975 120.7471 122.0892 125.3009 117.9064 115.5206 116.0676 115.5358 112.2757 110.8231 116.4754 122.9499 123.0700
117.3800 116.0122 117.9589 117.6574 116.6246 114.8851 110.0898 110.9725 109.8413 108.1185 106.2358 100.5727 109.5581 112.1276 113.1251 107.3562 104.1437 109.9291 110.2969 99.3040 105.1439 107.1528 106.0570 107.1534 107.7151 101.1406 98.8922 102.8998 113.9281 102.0000 98.2148 99.0994 114.0922 117.1435 103.1400 106.9953 111.0001 101.8632 103.1796 117.3340 118.3110 118.6369 118.4733 118.8658 118.7516 118.9348 119.2458 119.1951 119.6873 119.9378 120.1247 120.5233 121.4775 126.7161 108.5227 117.2756 116.5786 113.1668 107.8551 107.7542 108.3896 124.5193 122.7410 123.0700
117.3800 120.1934 119.2592 119.0267 118.4812 117.0382 113.3407 112.8441 111.3044 107.6788 107.0963 108.0824 105.7449 102.9832 111.6726 110.9374 108.7822 102.6246 102.7296 104.9305 105.2914 104.9094 110.2652 111.1034 104.4997 105.3677 104.2890 99.7958 102.9738 100.6196 100.5622 98.0197 118.1530 110.6256 97.9287 114.3196 118.8970 112.2355 107.6475 118.0459 114.7531 118.0560 118.2424 117.8121 119.1729 119.2461 118.9021 120.8851 119.5980 119.6032 119.6168 119.7374 118.3274 105.6198 110.0091 113.6656 115.8381 113.8090 106.1086 108.1595 110.5628 122.8863 122.4107 122.7800
120.0300 119.6097 105.9616 116.9966 117.2733 118.4286 116.7869 115.0196 114.0748 110.4434 111.2809 102.4382 100.1926 103.4635 108.4750 110.3473 109.8721 108.4229 104.2978 105.9308 108.6256 103.3931 110.2879 106.1312 109.1461 107.5615 98.0684 99.1756 100.4740 101.3769 104.0478 105.0451 115.8876 120.0107 101.4583 118.4781 116.7776 115.4723 114.7344 117.3744 117.2597 117.5993 117.7647 117.9396 110.7983 111.2134 110.3066 105.6218 115.9324 119.3334 119.9866 120.9065 114.3729 101.8370 117.9820 105.9409 113.6466 101.2849 103.0432 104.5148 112.7394 118.8897 123.0728 122.7200
117.5700 117.7064 115.8344 107.2684 101.9206 109.2685 117.5711 115.1321 114.5660 115.0597 110.8101 108.8848 108.6399 101.1096 111.2656 109.6273 109.6223 109.4273 106.3491 106.2266 104.7622 105.0675 107.5954 110.4813 102.7814 104.2093 107.0668 101.3665 115.6553 104.5490 110.6351 109.4362 114.2650 109.7958 99.9916 122.7568 117.0885 117.3660 117.3638 116.7822 116.9426 117.0732 117.2811 117.7591 117.8748 115.9316 119.7507 118.1698 119.9752 120.2489 109.6771 100.6147 102.5703 116.3911 106.1809 102.3714 104.4699 101.6213 103.2506 102.8812 111.9842 107.2052 123.6667 122.4900
118.3300 119.3480 114.8847 112.0553 110.8881 99.8998 115.1612 113.8115 115.9152 113.6114 112.1332 102.0371 100.1553 97.6601 106.4862 109.5760 109.3872 108.8776 108.5899 106.9259 102.9449 105.0392 99.3701 103.0098 99.8126 104.4325 110.3781 101.1130 99.7394 105.6055 102.7586 109.8097 105.4685 100.7252 95.2106 99.2250 109.1335 115.9181 116.1595 116.2471 116.3973 116.5725 116.8482 116.6884 117.2609 117.5153 117.6148 118.1224 118.6988 111.4415 104.6561 102.7685 122.7185 102.1239 102.9616 108.0196 101.2964 98.7364 102.8964 120.7156 121.5356 121.4722 121.0302 125.3700
118.8600 115.7672 112.9314 113.9112 112.9006 113.0871 112.9339 108.1052 112.5508 115.6121 114.4307 112.8209 98.0377 98.3584 109.7362 108.1005 108.8311 108.4893 108.6585 108.8633 107.6015 103.8529 104.8257 107.7581 101.9851 101.9346 106.0674 103.7544 102.2510 100.8170 116.3579 106.2252 101.6880 104.7903 123.8743 113.5936 115.6350 115.4096 115.5399 115.6715 115.8378 116.0371 116.2560 116.5968 116.7934 117.0684 117.3734 117.6859 117.6636 118.6149 108.5087 102.4453 101.8758 101.1267 98.9138 103.8530 105.3704 107.9316 107.7521 122.9905 121.3501 121.9749 121.7739 122.1800
118.2300 119.2343 113.2408 113.1863 112.2139 112.5678 111.1071 112.6504 110.2042 109.7476 110.1787 105.8117 98.6846 98.9445 98.1267 108.6299 107.9147 107.1429 108.5142 108.7964 107.4175 103.9336 102.9055 100.4200 95.7819 114.2679 102.0487 102.7660 108.0932 109.8892 117.1510 104.2358 101.2181 114.0621 114.6986 114.3550 114.6209 114.8163 114.8966 115.0570 115.2434 115.4759 115.7397 115.9989 116.3175 116.6226 116.9425 117.5748 116.0446 122.5107 125.7804 106.6691 122.4358 115.1280 102.3191 100.5411 103.7675 103.2474 120.1875 120.7213 121.2275 123.8032 124.0019 131.5800
117.5800 117.9331 114.1680 112.4848 111.6619 111.0216 110.5278 110.5082 111.9170 110.4269 106.9364 99.3334 100.3395 111.3143 114.0488 111.9519 108.6807 108.1694 105.0825 106.4485 106.0162 106.1984 105.1035 100.1004 105.8636 115.8249 117.3714 119.9449 115.9632 116.2839 114.3568 115.6830 110.7975 106.6037 114.8474 115.3294 114.6846 114.1205 114.2024 114.3966 114.6128 114.8826 115.1756 115.4971 115.8246 116.1834 116.5922 116.6770 117.6149 112.4195 109.1314 113.9756 104.9460 102.1319 103.5200 98.1689 104.7080 103.4865 123.2909 121.1661 121.1706 122.5197 125.0554 106.6700
117.4600 117.5538 113.7959 112.6802 111.7519 111.4557 111.4538 110.3894 112.0593 109.0981 109.7627 105.5683 105.8509 108.5954 106.0973 109.7423 107.8741 110.8671 99.8481 108.3390 101.1332 103.5823 103.8879 104.1958 107.7642 108.3833 108.9309 112.0825 114.3490 114.5894 114.3055 117.1668 93.6116 100.1261 113.8226 120.6032 114.9114 113.4210 113.4470 113.6889 113.9427 114.2458 114.5864 114.9521 115.3309 115.7103 115.9938 114.3458 116.8190 115.9899 119.4437 95.9127 99.9542 96.3372 99.3475 104.6943 104.7752 105.8766 116.2543 120.4996 121.1002 111.6548 117.8606 111.8200
116.7300 115.5946 117.0264 114.2748 111.3518 111.0811 111.3428 109.2702 111.0389 108.5205 111.8620 107.7812 106.2620 104.7713 102.9805 102.5819 105.4330 112.2675 96.9037 109.8443 99.5212 106.4110 103.4157 102.4358 106.0470 116.8927 115.2121 115.0376 114.4543 113.9669 113.4135 103.1063 90.0622 99.1743 113.7428 111.7862 112.2190 112.4828 112.6834 112.9266 113.2298 113.5789 113.9743 114.3862 114.8097 115.2377 115.7137 116.3558 116.5820 106.9709 116.6862 104.6345 100.3366 105.4432 98.7598 96.7896 99.4952 108.2538 107.5846 121.1098 122.1460 122.2057 120.0816 122.4800
115.2300 114.1926 116.7263 112.6608 111.7681 111.2403 110.1565 109.4432 109.9042 111.8102 111.1415 105.6679 106.6332 105.0075 107.3209 107.1331 100.3558 102.1739 99.3420 99.4869 108.4014 117.3861 100.3975 107.6198 109.8634 113.2992 116.1375 113.6862 113.7859 113.2693 112.8846 104.3719 87.4163 98.1000 112.8563 111.6391 111.4990 111.5841 111.7941 112.0949 112.4568 112.8765 113.3251 113.8020 114.2846 114.7723 115.2946 115.4519 114.7355 108.5931 119.4544 111.8715 100.3152 114.4624 99.5837 101.2192 99.5113 103.3313 117.3062 120.4096 120.7363 121.1777 118.6683 120.8700
115.7900 112.1351 115.8836 110.9418 111.1349 109.8545 109.8051 110.0660 108.3973 109.4673 112.0830 108.3923 105.0704 104.8952 104.0980 106.2590 103.5298 101.6723 105.1005 113.2996 99.3062 106.1654 100.2908 103.6985 102.3186 113.8920 104.3888 113.5427 113.7965 112.6408 112.4518 111.5738 101.7923 111.2868 109.8895 110.4285 110.4054 110.5566 110.8283 111.1918 111.6408 112.1349 112.6619 113.2062 113.7547 114.2998 114.8293 115.2885 116.9541 120.8919 102.0967 113.8044 100.8426 117.8063 99.0938 110.4871 100.4602 103.5045 120.9867 120.2148 120.7021 121.1594 115.2560 120.8700
115.7900 109.8523 116.0573 112.2827 109.6058 109.1161 109.1549 109.0109 110.2716 110.0247 109.7608 109.9117 104.0320 106.2372 107.6604 103.7034 104.0125 100.8146 98.3117 108.5308 95.8032 113.0271 94.1300 115.6850 104.4976 115.6011 108.3509 116.6591 110.3679 112.0068 111.1242 110.4784 111.5996 107.3959 109.1748 109.2149 109.2167 109.4017 109.7451 110.2101 110.7587 111.3521 111.9772 112.5965 113.2064 113.8856 114.4659 115.0503 115.8920 122.4920 99.3631 99.9618 102.0560 115.8145 115.6943 110.0190 100.9099 119.8959 120.3913 120.3305 120.6174 120.8634 122.4324 105.5900
115.3600 114.4896 112.3301 114.2263 114.8807 109.5892 109.3492 108.4939 107.0905 107.7440 107.4558 107.5734 106.5966 105.1264 100.5893 104.2208 103.1085 102.8381 101.5987 116.5760 105.7674 117.1479 112.8118 117.6756 107.9592 114.4827 114.1421 114.9710 111.7883 111.2182 110.4952 109.7228 109.4513 107.9904 108.3123 107.8188 107.8266 108.0760 108.5267 109.1296 109.8044 110.5255 111.2645 111.9858 112.7076 113.2406 113.9620 114.7145 110.5515 96.1897 93.2893 105.5827 94.2220 117.0277 104.2061 103.4636 110.1453 109.4999 111.0546 120.4913 119.7685 112.8568 115.5915 102.9400
114.3800 113.8997 114.5864 113.7711 110.7839 108.6860 108.5961 108.1190 106.0000 105.9770 110.5040 98.7029 105.6114 105.3121 102.3063 102.7161 99.9336 102.7902 105.4870 108.0707 115.5082 115.8205 115.6898 114.8813 113.6765 113.5056 111.5609 112.1352 111.4676 110.4816 109.6179 108.6879 107.8643 107.2044 106.4361 106.1452 106.1681 106.5249 107.1523 107.9368 108.8080 109.6861 110.5519 111.4165 112.1097 113.2676 114.0785 114.3585 114.1111 115.9518 100.7023 99.7206 119.2528 95.6972 115.2617 108.7770 101.9687 113.9807 119.1121 120.0816 120.1897 120.2508 121.4285 128.9300
115.1000 114.6473 111.7290 110.5072 107.1294 105.6818 114.7201 109.6117 110.3138 106.3739 107.9530 102.4107 104.6452 103.3791 101.6922 101.6005 101.8195 102.6456 105.8666 116.9857 114.4608 116.1171 115.2700 114.6665 113.8412 113.1528 112.2816 111.8581 110.7538 109.7571 108.7729 107.6747 106.5742 105.4905 104.6420 104.1125 104.1301 104.6824 105.5829 106.6534 107.7626 108.8487 109.8613 110.8310 112.3649 104.9658 105.5052 114.8485 114.7233 116.5286 99.3705 118.5535 94.6544 97.1873 104.2133 106.3122 102.3686 113.0841 119.5983 120.0341 120.3854 122.1508 102.1542 121.3200
114.9200 114.2933 113.9266 110.6395 109.3642 108.5410 107.6449 111.2675 109.3761 107.8910 102.6264 100.3868 106.2061 103.9365 102.8862 100.9378 100.4975 117.6882 105.6880 114.7878 115.9765 115.8427 115.0949 114.5405 113.5588 106.3048 87.7006 109.7296 109.1000 109.1634 107.9447 106.6108 105.1745 103.6788 102.3042 101.4265 101.4635 102.3764 103.7953 105.2748 106.7108 108.0357 109.2255 110.3347 111.2577 112.4576 113.3075 113.7574 114.1078 113.4202 106.5461 95.2112 99.7010 99.1855 104.3295 105.3974 120.0024 119.4217 119.5875 119.9293 120.3955 120.9643 121.5648 121.3000
114.9000 112.2969 110.9417 108.7846 104.9422 106.3053 108.3558 107.0488 107.3137 106.4391 109.6276 108.9787 108.3562 108.3487 108.0620 103.0206 101.9693 104.2466 116.3176 105.7519 115.7068 115.8541 114.9896 114.2881 113.5022 107.5087 92.2539 92.4218 106.5613 108.6891 107.1799 105.6122 103.7624 101.6168 99.4133 97.5808 97.6713 99.5415 101.7703 103.9064 105.7271 107.3059 108.6817 109.8936 110.8943 111.4055 112.5714 113.5360 112.0353 96.0532 118.5795 114.3834 125.3018 103.0344 95.2481 120.4906 118.1592 118.9670 119.4961 119.8828 120.2770 120.5074 120.7942 121.0600
103.1800 99.1479 99.0861 99.2300 99.1464 99.0665 98.3953 98.2980 97.6924 96.8806 108.5892 103.8051 105.0690 105.3683 103.4530 105.0643 104.4775 107.0149 116.4487 110.5816 107.7987 115.5634 114.9499 114.1196 113.4825 115.3668 97.9629 114.5384 98.5646 107.8056 106.6391 104.7785 102.4864 99.5523 95.3214 91.0294 91.2616 95.7441 99.7795 102.6809 104.9237 106.7455 108.2641 109.5611 110.9038 110.3573 112.7375 113.7750 115.1082 116.2810 115.1017 114.7533 116.9961 102.2769 103.1457 119.0732 118.7036 119.0742 119.4749 119.8540 120.2428 120.6348 120.8523 121.0500
103.1700 105.7676 105.4060 104.2444 104.0665 103.5290 103.1595 103.3056 104.0007 102.9076 101.6862 100.5980 98.1846 97.4761 98.6542 102.5996 102.5591 108.4463 117.5903 111.6517 112.6459 115.5044 114.8795 114.0736 113.4205 109.5120 112.6891 110.2558 111.6203 108.7827 106.2857 104.2718 101.6648 98.0192 91.0460 86.1201 86.2495 91.7227 98.3518 101.8838 104.4382 106.4166 108.0291 109.3952 110.6354 111.7589 112.4925 113.2923 113.9008 114.5726 115.6207 115.9545 117.4434 119.3192 119.2835 118.1196 118.5977 119.0324 119.4458 119.8337 120.2154 120.5793 119.2481 117.4000
119.6800 113.2974 112.6187 111.2618 110.9649 111.1780 110.0823 111.6193 112.0805 110.0449 112.9464 108.6408 101.9530 99.6059 103.1542 102.9199 103.7600 109.8188 118.1151 112.9687 116.8657 115.3094 114.7728 114.1366 113.8406 108.7817 114.2712 111.6189 109.0541 107.8032 106.2515 104.2155 101.5725 97.8207 90.4836 85.2858 85.5018 91.1984 98.1972 101.8090 104.3835 106.3847 108.0046 109.3750 110.5435 111.5758 112.5288 113.3726 114.2123 114.9689 115.5347 115.8335 116.5259 116.7364 117.5974 118.2275 118.6707 119.0646 119.4504 119.8309 120.2176 120.5543 120.6449 117.3700
112.7800 112.5037 111.4815 110.6539 110.0743 108.0038 105.6972 108.3435 109.3119 109.2332 107.5098 106.3433 105.1479 105.0016 103.7013 107.4660 101.4758 106.1278 118.5095 110.4600 116.6126 115.4823 114.8297 113.8201 112.5998 95.4689 99.3729 104.1515 109.4975 108.1704 106.5107 104.6234 102.2326 99.0991 94.2616 89.5869 89.6890 94.6633 99.3109 102.3995 104.8062 106.6322 108.1910 109.5146 110.6650 111.6853 112.6020 113.4231 114.1349 114.7496 114.9518 118.3491 116.0854 116.7856 117.1026 117.9153 118.3751 118.9175 119.4587 119.8508 120.2114 120.5643 120.9310 121.0400
101.4300 111.0203 111.2004 110.1026 110.2882 107.9491 106.7419 107.9204 109.7409 108.2184 106.6287 106.2005 108.8383 106.4818 103.1758 105.1729 105.2782 113.8929 114.1489 114.8346 116.2215 115.5439 114.9343 114.2580 110.3140 99.0833 87.0857 114.6412 109.5140 108.5151 107.0327 105.3822 103.4312 101.1160 98.5641 96.0263 96.3432 98.4458 101.4742 103.9467 105.2968 107.1941 108.5632 109.7975 110.8854 111.8524 112.7534 113.4790 113.9343 115.7366 118.8896 117.4711 118.3187 119.3656 120.0302 119.0772 119.4909 119.7595 119.5104 119.8693 120.2797 120.6502 120.9502 121.2700
101.4400 111.8648 102.0322 110.4293 110.1684 108.9732 113.2161 110.4257 108.0487 107.2452 108.5334 106.3808 107.6717 104.9408 109.7198 100.1868 116.7442 112.8596 117.2500 116.9858 116.2549 115.7037 115.1430 114.3114 114.3420 109.8961 110.2546 99.2997 111.8379 108.9054 107.7269 106.3684 104.8188 103.1828 101.6106 100.6322 100.5580 102.3572 100.9981 101.4482 106.9404 107.8734 109.1069 110.2045 111.2133 112.1233 113.0181 113.9468 113.6273 116.1433 108.6820 119.2624 105.6192 100.0407 101.4280 106.2956 117.6780 113.7459 119.5558 119.9870 120.3336 120.5293 120.9422 121.2800
112.9200 112.7202 111.6309 110.1492 109.8765 109.0884 109.7260 107.5339 114.7055 111.5452 105.9973 105.9050 102.3426 105.1043 108.2906 96.1916 120.1220 111.8190 118.2244 116.8223 116.3890 115.7110 114.9717 114.6789 113.9213 112.9294 111.6552 103.0372 110.9661 109.4074 108.5816 107.4215 106.2281 105.0824 104.0999 103.5118 103.4584 103.1832 95.7904 106.0990 95.4064 109.8025 109.5891 110.6929 111.6188 112.4398 113.1586 114.5095 109.1681 115.7306 97.4344 100.9255 103.0394 98.5396 117.5600 117.2186 120.0906 118.2708 119.5500 119.9706 120.3306 122.7104 121.4660 121.3000
112.3500 110.3990 122.8118 107.0091 115.7282 107.8215 110.8546 111.4285 112.0220 113.8452 108.4879 109.7503 103.9516 98.4346 104.4103 100.7299 103.8715 110.2643 114.0983 117.3381 116.5539 116.1367 116.1478 105.1491 115.8597 114.3514 107.5768 104.5619 112.0888 110.2563 109.4278 108.4827 107.5671 106.7210 106.0542 105.6820 105.5858 106.3713 106.6405 108.0685 108.0198 109.4922 110.4757 111.2394 112.0940 112.8929 113.1527 114.8018 115.8045 104.7242 99.1029 103.2307 99.4003 101.6426 119.7450 118.4393 102.2347 109.8897 120.2770 120.0030 120.4429 120.6837 121.1275 121.3100
118.0500 117.5880 116.9714 109.9508 109.4568 108.7604 108.4067 111.8545 105.0918 98.4452 100.5680 101.9998 101.3831 98.8907 97.4059 97.1739 96.3111 104.5719 116.0167 117.4351 116.2539 117.7768 96.5632 116.6566 115.1338 89.1128 105.1671 112.9443 111.8867 111.0644 110.2667 109.5178 108.7895 108.1664 107.6874 107.4299 107.4368 107.6324 108.2758 108.6751 109.5883 110.2900 111.1026 111.8404 112.8499 114.0995 107.4023 109.8633 93.0744 95.3115 113.2548 91.5642 117.0762 98.3096 116.4379 113.7672 113.1559 119.9922 120.5342 120.3797 120.8994 120.9896 121.1628 121.3400
118.0900 116.2967 115.5926 113.8910 105.0931 104.1166 102.1470 99.9652 100.5934 102.4406 109.3695 108.9709 107.9979 103.9534 102.0801 99.1592 98.2117 101.0382 119.0363 115.5726 116.9039 117.4943 117.0360 114.8685 115.3724 114.1553 113.8581 112.8998 112.3819 111.7784 111.1085 110.4801 109.9106 109.4240 109.0666 108.8760 108.8781 109.1013 109.4444 109.9710 110.4916 111.2028 111.8140 112.4411 112.5246 111.1192 105.9076 95.8664 100.4614 94.5658 94.5745 105.3542 104.0388 100.9581 119.8721 120.5928 119.7985 114.5766 123.3502 117.2725 116.9282 119.5155 121.9565 121.3600
116.3000 107.7517 107.5104 106.8063 107.5361 105.0957 106.0016 111.3653 110.1023 112.2021 107.1053 107.1128 108.1482 110.1307 101.5488 100.2210 101.2035 115.6219 117.1458 112.0521 117.4889 116.8656 109.9346 113.4809 114.5012 92.2281 106.7178 113.8280 113.4061 112.4276 111.9744 111.3914 110.9281 110.5346 110.2642 110.1245 110.1294 110.2790 110.5614 111.0057 111.4799 111.7517 112.5488 114.5261 101.9658 93.9506 91.3321 111.3104 98.3081 95.8273 99.9862 103.0887 113.5151 104.3344 116.0650 114.8669 119.5346 105.0067 119.6607 111.6536 102.6993 104.2702 117.6767 121.6100
116.2800 117.1741 116.2368 115.1102 116.9476 110.0990 109.3952 108.7141 106.0252 107.5972 98.6288 99.1971 105.6814 111.1045 113.2450 109.8988 119.6834 119.3945 119.1700 117.7693 117.4067 117.9747 119.4804 118.3987 115.9686 117.4357 113.3655 99.8929 113.6196 112.9410 112.6536 112.2300 111.8474 111.5385 111.3260 111.2100 111.1937 111.3135 111.5918 111.6651 112.6099 112.9172 112.2236 97.8364 100.3485 107.4988 95.0217 97.8291 96.4516 96.0293 100.1449 100.4951 102.3915 108.6590 103.0631 102.8295 121.9260 114.1370 122.1119 121.1795 123.9349 111.4027 112.2555 105.7400
116.7400 115.6597 116.6023 117.3994 115.9831 106.0733 106.3195 104.9142 99.3618 97.8395 104.9838 103.7590 98.7606 117.3090 113.9537 119.6867 118.5347 118.1204 118.4384 117.9175 117.3461 116.8235 116.9747 106.1930 103.8947 113.4369 113.3817 98.7461 113.7375 113.8182 113.3821 113.0164 112.7000 112.4459 112.2713 112.1770 112.2951 112.4307 112.4522 113.0192 110.6400 112.7132 121.3209 113.7086 96.9279 104.5359 95.2362 98.3104 102.8831 97.7183 107.0713 106.4423 102.5792 106.6669 104.5843 105.0193 111.2991 119.8931 121.5922 120.7400 120.0110 121.6966 117.3041 121.6800
117.0700 116.3795 114.1534 112.2107 107.8074 99.3897 99.9470 104.9987 105.6638 105.5984 112.6588 102.6904 98.5560 105.4310 115.9331 107.3610 108.3969 114.1861 118.9912 119.4926 108.1204 118.5678 116.2224 102.8437 96.6117 110.9537 117.4565 115.5002 115.2256 114.3940 114.0660 113.7457 113.4803 113.2723 113.1228 113.0474 113.1079 111.7865 113.4995 113.4153 108.5051 112.9944 103.2032 107.2195 107.8924 99.8121 94.1568 96.9240 98.8218 101.3017 105.3525 103.3497 103.9388 103.7315 104.8812 103.2459 102.8075 111.5542 114.8165 120.3175 122.1309 122.2155 113.3337 121.9600
118.9700 119.1337 108.6882 107.6926 105.1489 104.6464 105.7092 108.3713 107.3793 107.2066 106.3907 100.0945 99.4654 98.1603 105.4677 99.4729 106.2583 113.2035 119.1514 119.1013 108.6428 118.6756 117.8723 119.2661 120.8990 116.4918 115.6125 115.5073 115.3372 115.0324 114.7016 114.4316 114.2061 114.0277 113.9083 113.8201 113.8866 113.4073 114.1369 114.0532 112.6106 95.2186 97.8728 113.0123 116.3036 105.0499 93.6948 100.1833 96.6910 102.1562 102.2716 104.0494 114.9684 114.6346 111.2391 105.0934 106.8665 109.2578 110.7561 112.1360 113.9557 122.0553 124.4135 122.0100
119.1200 112.6697 107.2930 107.6776 110.2240 110.7080 109.7497 109.5316 107.8001 104.8571 101.2091 99.8060 97.6819 101.4279 113.5992 115.0270 119.2127 119.6558 119.2902 118.8613 118.5902 118.2250 117.6553 117.5544 116.4722 116.4314 116.9659 117.7992 116.1069 115.5442 115.3085 115.0766 114.8761 114.7218 114.6231 114.5698 114.5626 114.6813 114.7715 115.1364 109.7183 95.0473 110.8948 120.3634 108.3306 113.3389 106.5514 98.3061 102.6015 106.8455 103.1890 101.9388 111.3508 121.4929 120.2140 118.3030 117.7965 119.2402 110.1925 110.8831 111.1496 111.8992 110.9247 111.9300
119.7800 119.0574 110.5838 110.8252 111.3108 112.5473 109.4113 108.8929 106.0775 103.1025 101.6203 108.0721 117.4556 115.7388 121.2073 120.7114 122.0783 119.3936 119.3636 119.1058 118.7682 118.5248 118.1872 118.0668 114.3153 114.8323 116.3902 113.8168 116.1819 116.0902 115.8837 115.6763 115.5063 115.3727 115.2848 115.2404 115.2464 115.2884 115.3624 115.2548 109.9996 95.7108 91.5103 109.7086 104.4123 111.6660 96.9302 98.6536 105.9380 107.9025 106.3230 102.6438 102.6585 106.3860 117.1677 115.4346 120.7043 120.6181 120.9226 111.0874 109.1242 111.8179 111.9645 111.8300
117.0600 110.9410 110.4435 113.9715 109.7324 109.1244 106.4530 105.7251 102.2698 101.9597 105.8608 104.1240 101.9588 101.9008 123.9510 112.0362 120.1416 119.7316 119.7947 119.3901 119.1232 118.8150 118.5128 118.2563 118.1828 114.6406 107.3958 96.1364 117.2818 116.7019 116.4239 116.2444 116.0950 115.9759 115.8979 115.8601 115.8500 115.8924 116.4093 116.8900 117.5609 116.4840 95.8355 105.0142 113.5006 113.2213 100.2332 99.8588 106.4916 103.2572 103.8692 103.6241 105.6387 109.6590 109.2008 107.0062 122.1278 120.7586 121.2184 121.6704 117.9491 101.7826 113.1293 112.2400
116.8000 111.5942 111.4112 110.1753 108.6789 107.6795 104.8975 101.7183 107.3522 103.4711 103.9840 100.4479 112.1748 119.7481 121.6993 98.5716 123.6060 120.0289 119.9375 119.6743 119.4071 119.1318 118.7725 119.4295 110.7050 94.6847 115.5170 119.0427 117.0483 117.0318 116.9485 116.7811 116.6492 116.5433 116.4735 116.4435 116.4475 116.3917 116.8984 108.8654 117.4812 117.3095 98.3087 102.2317 102.2177 99.5676 95.2831 105.5670 110.9268 111.6764 103.4566 103.0582 104.5703 109.2111 108.3592 107.7762 120.1764 120.9485 121.1120 122.1111 116.1247 123.3283 116.9142 111.8900
119.7200 116.6009 109.1284 108.6450 104.7715 101.3345 102.0511 109.2645 103.6853 104.2541 101.2526 109.7921 119.0920 120.9423 122.6314 121.3412 120.8612 120.9402 120.0129 120.0193 119.6767 119.4085 119.2913 118.4293 113.8042 91.8678 120.8619 116.8190 117.7788 117.6327 117.4392 117.2908 117.1659 117.0816 117.0155 116.9909 116.9760 117.3695 119.1777 107.8130 118.8702 116.1646 105.4717 100.5088 99.1659 97.3756 99.5220 102.5335 103.9065 124.4257 113.6612 106.1333 108.6283 107.2289 109.0250 108.6012 108.4971 116.5925 121.9445 122.1341 115.9538 122.2536 121.8853 122.6400
124.4800 122.5472 106.6831 101.9673 102.8034 111.6866 108.1855 105.5872 100.3932 103.1930 104.0658 108.2251 113.2189 114.9289 123.1191 116.5448 115.7131 108.9927 120.7523 120.0132 119.8298 119.7544 119.4851 118.9873 120.4278 102.9650 117.6727 118.4217 118.1734 118.2044 117.8433 117.7688 117.6596 117.5807 117.5197 117.5171 117.5096 116.9844 104.3981 117.1571 119.7582 100.6762 104.9050 102.6963 103.6231 103.1033 103.0631 103.7195 104.2428 113.3424 104.6391 114.2731 105.7798 109.6804 111.0179 109.4070 110.0388 112.1940 119.6776 122.6448 104.7526 121.8792 92.4881 100.6900
124.5200 111.9648 108.0493 104.9891 108.8664 106.8190 101.3359 102.8227 108.4368 103.8615 101.9333 103.0893 121.4369 127.7254 121.0810 102.8876 115.6635 121.9366 120.5915 120.5821 120.7724 120.0363 119.8281 119.6019 120.2923 119.5763 120.0115 115.5547 118.6225 116.5624 118.3951 118.2320 118.1240 118.0602 118.0289 117.8527 117.6860 118.1478 113.1290 117.9130 114.8440 98.3531 102.5510 107.0595 103.9017 104.4658 101.5136 107.1222 104.2736 103.5015 106.2205 96.1202 107.4288 111.3365 110.1915 110.9918 110.9774 110.2076 109.0921 119.1409 124.9065 125.6870 115.1710 122.9300
118.5500 118.9859 115.9105 112.0209 108.7924 106.4047 104.8213 108.9608 107.9088 102.2604 103.5124 105.4470 106.4947 120.8026 107.6857 118.1114 123.4537 121.1104 122.6032 106.0900 122.1629 119.8746 120.1821 119.9320 119.7058 119.2752 113.5554 108.2178 118.3183 116.9984 118.8916 118.7028 118.5767 118.4934 118.3150 119.5309 120.1901 118.4821 114.7338 109.7355 121.4730 96.7888 98.4826 97.8389 106.1647 104.2437 103.3124 103.9647 107.4184 103.0533 106.0792 101.9012 100.4608 117.0176 109.0079 112.0830 111.1610 116.0030 108.4700 110.4788 116.7817 121.2049 127.7223 123.2100
118.0600 117.0185 111.2269 109.9552 108.6796 109.1333 111.3395 105.7109 105.1768 104.0986 112.2359 108.8768 109.1658 119.6052 117.2983 127.3206 120.4443 122.2886 116.1089 112.0809 121.1657 123.1545 120.2024 120.2459 120.0196 119.9799 119.9555 106.6509 119.5900 119.2927 118.9897 118.8717 118.9659 118.8654 120.8577 109.3460 106.5952 119.6684 115.8965 116.8635 112.0863 100.8615 100.8619 98.9918 106.5846 105.2239 109.6513 110.7527 105.5522 109.6512 110.0449 107.6565 115.9285 119.6840 113.5238 110.8414 113.3937 124.9786 109.9062 107.1625 108.9754 115.6473 104.6935 123.2100
119.1600 113.9609 110.0753 111.5283 111.5018 115.6778 108.4471 109.4005 108.7437 108.0152 104.1480 97.7521 114.2932 106.2662 116.4660 124.1666 122.2922 121.4309 97.6318 123.3666 121.9294 114.2679 117.9550 120.9270 121.1254 108.2968 115.3256 105.9404 119.8810 120.0631 120.6832 120.6096 119.2614 118.8289 113.2706 95.4864 111.3080 120.3355 110.8677 96.5723 99.0471 97.3422 101.9224 103.0615 105.6709 104.9815 104.7001 111.5453 102.8900 107.0218 112.7778 112.6378 120.5973 121.6638 122.8548 109.8995 121.4900 114.8077 108.6363 110.1754 101.0001 104.3193 111.3192 101.4900
114.7500 109.4153 112.7493 116.2556 115.1230 110.1056 110.3084 112.1276 111.8137 105.5871 100.8009 101.0704 107.0808 121.4172 107.8498 116.1419 117.0637 105.4536 117.2856 121.0378 120.7166 112.5781 118.8378 116.4756 122.1324 106.0871 97.5252 97.3820 121.8148 112.9392 101.1751 119.8946 119.4478 115.7060 99.7764 96.8783 101.1413 105.6384 107.7817 97.9590 98.9504 99.7372 105.0520 103.6713 109.9522 107.7748 108.7498 116.2478 105.8540 108.7246 108.9822 112.2802 113.9157 122.0293 122.2578 120.4283 116.7377 118.7735 121.5714 102.2334 113.7737 104.8366 110.5130 101.5300
115.2500 114.8581 116.6892 112.8410 110.7263 111.4942 113.7911 112.1745 103.3019 101.2081 102.9383 102.8096 106.2656 123.5793 121.1428 114.8425 122.3981 122.6037 120.5098 122.3009 124.1169 123.0589 123.8368 122.7780 114.5915 116.6533 108.5070 110.7576 101.8865 106.9943 98.0695 110.4304 112.8317 108.9625 99.5734 97.3699 97.1068 96.6815 111.0090 97.8886 97.0114 98.5219 104.9846 101.2139 105.3355 106.2077 111.8482 109.0184 111.7830 107.1658 110.3220 110.2450 110.6642 121.2006 116.2903 122.5098 120.8988 120.0848 114.3542 103.1556 113.7756 123.9564 115.3863 115.6700
115.1200 116.4842 111.5519 109.3166 111.8422 111.2934 108.4888 104.2994 101.6743 102.4858 100.0183 107.3720 121.9206 109.0287 118.8801 111.4443 112.4099 122.6505 123.2167 122.0489 122.0904 121.8504 121.4533 121.1556 121.3995 121.9817 121.4075 123.0724 120.3560 110.5130 99.3417 98.8810 114.5647 113.1330 100.8104 100.5151 95.3973 118.5452 99.7332 98.3784 109.7692 104.0277 104.0730 104.8972 105.3814 109.2161 98.9784 107.0768 107.1051 99.8958 109.0500 109.6776 121.9781 107.8821 118.6477 122.6117 122.7359 122.8168 123.2147 115.1225 106.5945 116.4936 115.6818 116.1000
114.9000 110.8830 111.0695 113.6687 110.5159 108.9581 106.4698 102.7440 103.5068 101.4809 103.2229 101.8176 105.7827 103.7658 123.2277 113.3271 121.9197 105.0529 106.8741 122.7849 122.1502 122.0319 120.4813 120.9205 121.6728 121.8399 121.3996 121.0970 121.3421 110.2831 113.4181 96.9130 97.8972 101.2566 101.5988 97.2583 112.7098 119.6794 100.4148 100.9019 97.7311 111.3875 104.8586 106.0536 106.9804 111.4269 109.8675 114.2978 105.2590 98.4429 99.7383 108.9559 112.1219 123.2391 120.0381 122.9612 122.8716 123.0916 123.3153 123.5915 123.5630 123.7181 125.5176 124.0400
111.0900 113.1955 114.3806 110.6908 113.5444 108.3211 106.8554 104.9766 104.1061 102.0694 101.6786 102.9577 108.3180 107.3164 118.9837 119.9283 117.8466 118.2452 123.8212 123.2432 122.2426 121.7631 123.2698 122.2979 120.2006 116.2081 121.3822 120.3410 121.5936 111.1234 119.1755 103.0898 106.4765 124.4273 121.9266 121.3657 120.9348 120.9915 117.7273 103.8332 111.6831 121.2897 106.4918 106.4742 110.2077 109.8740 113.6150 112.2093 110.9531 99.7660 99.2578 105.8747 114.0890 124.6197 122.5376 122.6226 123.2200 123.5425 123.3245 123.5617 123.8821 123.7705 124.0429 124.2400
111.3900 115.1305 111.2630 112.9489 107.4088 107.8328 108.3484 106.7225 103.2924 102.3896 102.1637 99.5935 121.9410 120.5903 105.5215 117.3648 116.4813 99.7907 126.3348 126.2653 122.2477 126.1644 123.0312 122.1967 123.6265 122.7782 121.2957 123.4278 120.2757 104.7320 105.2532 103.1453 120.0149 120.1398 121.0433 121.0765 121.4005 121.4867 115.5618 113.0847 120.0362 117.3352 102.0897 106.4179 110.3763 120.8731 114.6936 113.8105 113.7762 106.7326 99.6025 123.8747 117.3016 123.6328 122.9172 124.0310 120.9843 123.2968 123.6320 123.8769 123.9858 124.0711 124.3807 124.2900
111.4300 113.0443 110.3465 107.5875 108.3087 106.4822 109.9747 107.4994 102.4135 104.4958 103.3887 109.7980 122.9486 117.2218 111.2755 110.0148 125.2623 113.9188 129.1671 117.9252 124.3972 113.4664 117.0054 120.9542 113.7246 116.2239 106.1515 117.5468 121.2538 103.9392 103.8558 100.9576 119.0887 122.3986 122.1419 122.3644 122.4127 122.0183 121.6845 123.0408 102.8093 118.1000 105.3453 106.4363 111.6352 116.4151 115.9291 115.2489 114.3788 114.4901 114.4306 124.1037 122.5449 123.1440 123.3195 122.6758 113.7964 121.6052 123.7699 123.9489 124.3969 122.4618 123.5042 117.6600
118.0800 110.2610 105.6148 109.5987 108.2198 108.9038 105.4722 102.4849 103.4712 103.0149 112.7253 118.9171 111.4202 110.9575 124.6323 99.5448 108.2333 101.1001 112.8057 104.4247 121.3736 113.2807 102.9120 124.1995 98.0607 105.9515 105.8084 106.6494 115.5164 112.1171 107.7954 106.1037 115.3141 117.5004 122.5352 117.8658 118.4788 120.0276 122.4591 122.9999 102.5746 104.5013 101.3143 108.2761 105.6929 108.6843 119.8452 114.4325 115.1626 122.6651 124.7826 122.1713 124.0840 123.3135 123.4505 120.0125 117.9989 124.1458 124.0563 124.1830 124.5260 119.9621 125.3839 124.7000
119.6300 110.1790 109.6134 109.3510 108.9800 106.2517 103.4697 102.8267 104.6957 104.2157 122.5106 124.0707 116.9188 124.6710 113.9791 124.1812 128.8638 131.3214 118.3331 123.2710 105.2988 103.7122 103.4010 104.2115 99.0713 104.1063 102.1821 107.1114 100.2903 117.4712 109.0258 103.2045 117.4536 120.4150 122.5646 116.6553 122.9669 115.6631 121.8609 113.1184 105.7725 100.9722 103.8175 108.1793 111.9213 107.9802 126.6695 118.8157 123.0770 118.1345 122.6959 120.6834 123.2205 123.4828 123.4753 117.4258 105.6600 117.4247 124.5181 124.3346 124.7671 124.3219 123.7766 102.9600
110.9400 110.6274 109.4879 109.0796 105.9272 112.1345 113.2070 100.7076 110.4069 106.2293 114.6953 116.5112 126.4950 118.7853 107.4572 113.3123 129.9815 129.9199 106.6737 102.8094 109.5570 105.0215 100.8751 101.9782 101.2857 104.1851 104.3353 101.2112 102.3419 115.2798 111.5248 123.3083 123.0607 122.6301 123.2382 113.3156 115.2459 113.6973 121.6448 122.3627 105.4806 102.0197 102.1450 111.3891 108.3824 110.8958 114.3258 123.7678 123.3502 123.2877 123.5811 123.6518 123.7293 123.8034 123.8562 123.9616 126.4924 126.9123 124.1006 124.6474 124.4765 125.9735 122.0403 102.9800
110.9400 111.0931 110.9410 105.6483 103.2490 110.5342 124.5321 113.7555 114.5720 109.6131 111.1991 108.4709 119.2456 126.3475 125.3549 108.3745 121.9792 108.9826 108.4018 123.3345 115.5084 118.8757 102.1560 100.9234 110.9960 116.5468 110.3921 100.6807 113.6620 112.9473 106.5675 116.6453 123.3567 123.4468 108.7524 115.1197 104.0066 104.1175 103.6413 123.0678 106.9262 99.6365 115.1482 125.4876 120.8675 114.9657 113.3469 124.5576 123.4050 123.6110 123.6404 123.7345 123.8736 124.3007 124.1363 124.2333 124.0295 124.1633 124.6320 124.7067 125.9048 116.2064 121.2285 125.1900
111.0700 111.1595 105.0404 104.3033 111.3271 110.1274 116.7819 111.4395 106.1088 122.9414 110.6582 112.2469 119.8888 114.3985 107.1380 115.8034 126.7447 117.6699 103.7016 112.4939 118.0036 114.0228 103.7234 101.8971 118.5455 103.6791 106.7435 105.0377 112.3365 109.5554 109.9046 124.7280 123.1392 123.7440 118.0753 125.3618 110.2557 105.4810 115.0795 123.4765 122.1092 104.9756 103.0113 124.8454 124.5206 114.8073 111.4927 118.2803 123.7763 123.8764 123.9791 123.9669 124.1438 123.6893 124.2284 124.4156 124.6261 124.6359 124.8317 124.8899 125.1523 113.4384 103.3643 103.3900
111.1000 108.5983 112.7149 108.9825 118.4998 127.9923 109.8447 126.2982 124.9588 117.1893 104.3041 102.4017 110.6901 115.3231 111.9751 125.6160 115.0541 117.7936 111.9040 116.9374 111.6607 107.1611 112.2963 114.3481 109.2011 104.2118 108.9170 105.5875 115.9540 117.2113 117.2092 124.0903 123.2254 119.2063 118.6729 123.4739 124.7302 101.8180 114.9066 123.0737 117.6357 100.3483 109.4864 125.0020 124.3820 117.9630 110.3697 119.9498 123.5680 123.8892 123.7224 124.2926 124.2951 120.8486 124.8326 124.6301 124.7304 124.8651 124.9515 123.0783 125.0305 125.5126 123.3151 107.2300
106.0700 104.2274 120.9984 124.1046 121.1321 124.0226 119.8968 122.6659 118.5985 109.4781 102.9943 108.1858 112.8456 103.6784 117.2689 124.7417 111.9969 110.0250 116.5373 112.0815 103.9367 106.6631 102.9354 104.1640 103.5542 111.0738 111.8443 109.8303 111.4080 110.6955 125.0727 123.6874 123.6634 123.4921 123.7080 123.4783 126.2787 105.7016 125.4791 126.2677 118.2587 109.8202 108.6632 125.2003 123.6359 125.2815 123.7075 113.4946 124.4553 126.2673 126.0244 123.0034 124.7195 125.0805 124.6509 124.8256 124.9172 124.9969 124.8947 124.7274 129.8679 111.6030 111.6837 120.3700
119.2200 124.5234 124.8850 124.1441 119.7454 123.5482 121.7539 121.6894 115.8182 106.3755 107.5392 105.2281 106.9596 122.3005 130.5769 124.1653 125.3122 126.2324 117.7501 104.1680 104.9393 103.0446 102.5156 100.6760 109.3348 112.7710 112.1348 115.9065 113.9890 118.8459 124.0140 124.1308 122.1928 123.8349 123.8061 123.7642 125.4759 105.1234 108.5778 128.5710 119.0879 105.3850 106.2550 119.6605 125.7737 124.2856 121.5743 120.6441 124.6923 112.0651 112.3961 124.6528 124.7533 124.2843 125.1254 125.3453 124.7812 125.2771 125.2888 125.3905 126.1709 124.9566 121.0835 107.4700
118.6700 121.9271 127.4062 128.4492 124.2557 123.6767 125.7332 125.8761 107.7263 107.7968 110.9425 109.2605 117.0568 124.2770 125.5197 115.3447 114.0826 115.3954 112.1211 109.3255 104.4171 103.1785 102.1498 112.4650 116.1643 114.0496 111.0986 115.3990 118.2219 121.0569 124.3327 124.8260 116.5749 125.1431 124.0462 124.0628 124.8780 112.5287 110.9908 102.7333 125.3397 110.9673 112.0715 112.5725 107.1702 123.6532 124.3088 125.8068 123.4203 113.3232 125.0523 127.2255 124.7593 124.7637 127.8857 114.0255 126.1848 125.2820 125.5648 125.2941 125.1110 123.9669 112.9351 103.9700
120.4200 120.2604 126.4968 126.7866 126.4687 123.4954 123.9798 122.7237 107.5232 120.0186 121.1748 114.4170 104.0731 118.1556 114.2608 109.0423 115.1275 119.7509 109.2307 116.0010 107.9544 103.8114 101.8265 113.1275 117.1229 109.6236 119.0188 120.6610 127.2612 123.5522 124.4842 125.0235 125.3388 124.2960 124.3618 124.3720 124.1225 122.9458 102.2393 102.1304 123.6929 118.2365 118.4894 120.4515 123.2691 126.7605 123.6720 116.6017 123.0843 126.8956 104.5552 125.0288 125.0230 125.0620 127.2172 121.8401 126.5972 125.6518 125.0104 126.7712 126.8094 132.0941 110.8863 118.8200
133.4700 127.4643 127.4049 126.8514 126.7721 125.5410 109.5111 127.1085 120.7226 120.9668 122.6479 113.8970 108.2159 110.6413 105.5553 101.1795 110.2595 104.1407 118.8061 120.1258 109.2323 103.8144 101.9304 122.9833 114.4061 114.4252 118.3196 112.1556 118.8300 118.2747 124.7873 124.6113 124.5017 124.6814 124.6133 124.3369 126.0984 110.9529 119.3249 104.6098 123.4553 119.5546 118.8300 121.5850 124.6133 127.5977 125.9944 112.3475 115.1468 125.5329 126.5044 126.2322 125.2228 124.9276 125.3190 126.6005 125.4632 125.7638 126.4771 127.1468 123.3688 112.5443 108.8953 115.9500
133.4700 133.4700 126.9900 126.8800 126.7800 126.8000 126.5800 126.4700 123.5200 112.5100 117.6300 117.6300 122.1600 122.1600 103.8600 103.7200 120.2600 112.1200 112.1200 110.7900 110.2300 103.3300 116.8000 116.8000 104.6600 123.4300 118.0600 118.1100 116.0000 135.0600 124.8800 124.7100 124.7200 124.7300 124.7400 124.7400 124.7400 124.7400 124.7400 105.6100 124.7100 120.4400 124.8600 120.0200 119.2100 119.2100 125.0900 125.0900 125.1900 125.1900 125.3200 125.4300 125.4100 125.5500 135.5300 125.6200 125.7300 125.8500 125.9500 113.6100 130.8600 104.2600 109.0100 109.0100
