123.9300 123.9300 122.0000 123.4300 123.0800 122.9000 122.5300 122.3400 122.1400 121.7400 108.6800 120.3200 117.5000 117.4400 117.2200 110.7000 114.0200 107.8100 109.3500 112.3200 115.5300 109.8000 107.4900 103.2700 116.3200 116.0400 115.5700 115.1600 114.7600 114.3300 94.9200 94.9200 113.0000 112.4400 112.5400 112.6100 111.8500 111.8400 112.5900 112.5000 113.0800 112.9400 113.5500 113.9500 114.3400 114.8000 115.2800 115.5800 115.9600 116.3600 117.0300 117.3600 117.6800 117.9900 118.6000 118.9000 119.1400 102.0000 104.4000 106.1600 102.7800 105.7700 121.3200 121.3200
123.9000 124.0921 125.1022 123.2198 123.0390 122.8413 122.5956 122.3848 122.2947 122.5996 116.7880 114.3803 115.8594 120.4674 113.4854 109.4209 109.5466 107.3912 106.7024 104.0471 112.3686 108.0909 107.2119 116.0471 108.7693 114.3800 107.6767 102.8621 106.6914 109.6069 112.1967 97.8058 104.2746 112.6303 111.3692 108.3761 101.3028 111.1156 111.8057 111.6206 105.4211 111.8545 112.9797 113.3928 113.9137 114.3678 115.0930 118.5495 115.5350 116.3241 116.7386 113.5382 113.1336 118.1671 119.3114 112.5883 105.1968 104.7546 108.4647 103.8361 101.6963 115.0370 121.7997 121.2800
123.8800 123.3984 125.6934 123.4438 123.2027 122.7008 122.3942 122.9536 116.9645 122.6822 106.8849 101.2556 108.7458 124.8102 114.1845 114.8139 114.0792 108.2514 111.4189 101.1742 106.4283 104.3898 99.5024 102.8327 103.1041 115.5044 101.7996 106.2273 101.0671 95.6293 102.0512 110.6261 108.2330 112.8086 110.5753 108.9204 104.4127 112.4392 110.4191 111.7165 110.4768 111.7520 112.3355 113.1295 113.2113 113.8793 114.4479 117.7325 115.1787 115.9495 116.4351 115.1890 116.0089 117.4808 118.9177 97.3758 105.1001 98.9901 99.8084 105.6797 107.7010 121.8907 120.9453 121.2300
123.8600 123.7402 123.4345 120.9295 122.3147 122.5451 123.0823 122.0123 116.7469 114.0292 117.3006 111.7559 117.8692 118.6715 121.5308 120.2298 120.1757 115.7565 117.1625 108.9197 98.7268 99.1641 109.2095 94.8980 102.2352 107.2081 100.8583 117.2962 112.8282 107.6990 100.9930 109.0961 105.4160 111.8166 109.6596 109.3678 110.3591 112.2906 109.2877 109.3708 105.2559 111.1488 109.5772 110.9665 112.8372 113.3172 113.7994 114.2748 115.0195 115.5065 115.8772 117.2329 117.6864 117.3901 118.9189 113.9531 108.2197 105.9993 100.9472 102.5302 117.9817 120.0280 121.0215 121.1900
123.8400 123.6293 122.9160 128.3231 126.7223 121.0012 123.0641 121.5975 123.6998 120.8584 112.8992 104.8052 101.6481 109.0836 110.5151 119.4932 118.6773 118.8458 112.7081 97.3940 99.4355 102.5904 94.1858 101.4455 100.2616 104.8506 108.4201 110.3857 110.8408 112.9065 112.2725 109.2047 112.2619 108.8480 108.7701 108.2589 107.8391 107.7194 108.2362 108.9307 109.5052 109.9460 110.7386 110.7695 112.0935 112.7879 113.4836 114.1199 114.7047 115.4324 115.8812 116.3426 116.7874 117.3546 117.5921 122.0620 123.3291 110.1393 105.0075 97.0234 118.2540 121.1416 120.7647 121.1600
123.8200 124.4106 118.7315 118.5010 117.5618 103.4314 118.4135 122.1538 114.0997 98.5227 122.2590 101.7296 97.8446 102.0397 116.6548 118.8503 118.9786 118.3715 118.7727 104.6902 107.5059 104.0592 113.5493 102.0734 109.5948 99.9578 109.1044 112.1036 105.5524 111.1528 110.5547 109.9589 108.8438 108.1400 107.3206 106.7705 106.4801 106.5197 106.8280 107.3772 108.1366 108.9442 109.8534 110.7351 111.4846 112.2770 113.0165 113.5677 115.1727 107.4555 117.5882 116.0906 116.6351 117.1364 117.4732 113.5473 109.1352 112.1337 100.1898 111.5419 107.8738 120.5487 120.5762 120.9000
117.3000 117.7008 121.3862 125.1607 115.6565 125.7044 115.0630 114.6198 105.3032 118.1754 116.0392 111.3778 110.2781 112.7356 120.7050 119.1180 118.6724 117.9971 119.1225 105.4874 104.4976 100.7795 104.7699 109.5047 99.2962 101.0256 110.1862 111.7658 111.0810 110.7834 109.9171 108.8635 107.9092 106.8122 105.7757 104.9455 104.4760 104.4961 105.0227 105.8659 106.8878 107.9573 108.9969 109.9889 110.9419 111.8253 112.6387 113.3614 114.2429 114.3671 115.3181 115.9560 116.4634 116.9543 117.6812 109.4610 101.7707 99.5697 100.3340 108.2441 120.5061 120.3652 120.5092 120.8700
118.7500 119.1962 125.7078 120.1580 120.3737 120.8188 114.6830 113.2049 111.7440 111.5001 112.9812 99.4263 98.5138 97.5866 98.9027 116.0653 118.2967 117.8355 117.8452 104.7732 108.2109 98.0182 106.9621 97.8282 99.7955 99.8351 99.3743 111.2630 111.4466 110.1814 109.2535 108.0527 106.7171 105.8248 103.8005 102.7336 101.9136 101.9586 102.8239 104.1169 105.5299 106.9088 108.1737 109.3906 110.3232 111.4784 112.3231 113.0776 113.8385 114.5086 115.0395 115.8477 116.5657 104.0027 102.3867 98.8052 108.7914 108.9364 115.3190 119.7500 119.9790 120.6166 122.5151 128.1200
119.3400 119.7057 120.4451 120.4252 120.2407 121.2071 114.5605 115.9475 117.1470 110.2358 105.0226 98.4771 98.3473 98.9063 102.5137 105.6670 105.7256 104.3911 107.7758 113.4580 104.2979 124.6591 99.9218 103.0083 103.9597 102.7919 114.0225 109.6957 111.0482 109.8582 108.6570 107.1860 106.0364 101.2804 101.9289 99.9018 98.3391 98.4847 100.0888 102.1621 104.1468 105.9158 107.3922 108.7772 113.4022 112.3755 112.1411 112.8026 113.5764 114.6782 112.6033 112.7068 97.4171 102.9348 102.9005 111.1241 118.9720 107.9579 106.5977 117.0981 117.9197 117.2694 127.5907 104.3000
118.0800 118.3177 119.8147 120.4125 119.9909 119.8350 113.8082 114.9743 116.7791 111.1415 110.4858 100.7962 98.9105 107.8606 117.7714 109.6022 106.5501 106.4705 107.9389 108.3663 111.4602 105.3501 105.2801 100.4111 117.7558 97.7647 115.8417 95.4341 112.4515 109.4713 108.1671 106.7074 105.0010 102.7764 99.9520 96.0491 92.1362 92.3934 96.5552 100.1213 102.9014 105.0684 106.8316 108.3736 109.3229 110.5095 111.7322 112.7024 113.6003 109.5344 124.1294 98.6953 97.9281 104.2793 107.0873 109.1633 112.0190 108.6701 101.5646 103.8626 101.8297 102.8604 113.8164 100.2000
118.7800 117.1238 118.2259 118.6829 119.1799 119.0059 114.7641 113.8583 117.8701 110.6258 104.5656 100.6942 103.3845 115.9384 112.6952 112.7990 105.9028 108.1901 107.7188 107.6025 105.0952 105.6917 103.9423 105.4483 115.0955 116.7577 111.7917 120.3232 110.3994 109.3351 107.9236 106.2884 104.2320 101.5749 98.0087 91.5439 86.6122 86.9230 92.3809 98.5686 102.0213 104.5208 106.4805 108.1368 109.5678 110.6587 111.6336 112.3737 113.7421 110.3743 114.8059 102.9035 107.0268 105.1330 112.1209 111.3568 107.6913 112.1960 110.3540 111.5426 110.5710 107.7812 115.4551 98.8400
116.1900 116.7475 114.9256 115.5843 114.5855 115.6993 116.7613 115.6647 118.5844 110.7306 110.8592 111.4896 109.8587 109.0949 116.3465 112.6067 110.4196 107.6204 107.2752 109.9704 109.0313 105.8131 106.7576 106.3003 122.5827 117.3943 112.5765 110.8882 110.3471 109.2498 107.8614 106.2060 104.1947 101.5346 97.7241 90.1479 84.9601 85.0735 91.1710 98.1611 101.8029 104.3981 106.3952 108.0044 109.3522 110.5399 111.5963 112.5151 113.7509 115.3754 103.5781 100.5556 121.2029 100.2074 113.0828 106.2360 115.0327 119.8384 120.5954 120.1561 121.5786 120.7682 121.0674 120.8000
120.8700 117.3174 115.7336 116.1417 115.8786 115.8606 115.3321 114.1617 117.5541 109.8073 108.6671 109.6634 110.1181 110.2497 113.7142 110.9488 107.6255 109.4124 108.2750 108.9349 107.2141 105.6871 105.6033 107.0375 119.1762 117.3467 112.6382 111.7534 110.5538 109.3709 108.0200 106.4232 104.4870 102.0253 98.7524 92.9294 88.6150 88.8187 93.9794 99.1512 102.3276 104.7173 106.6041 108.1717 109.5057 110.6563 111.6757 112.5819 113.4046 114.0777 112.4885 108.9930 108.9329 107.6449 110.0084 117.4274 115.5126 118.6368 118.7126 119.2588 119.5491 119.7335 125.4264 121.2400
120.8800 118.1078 115.8993 115.7888 115.7414 117.4710 117.7139 117.4926 119.0533 114.7677 111.1045 110.5656 111.2401 104.0436 108.6540 99.5365 106.2052 113.3368 108.3577 108.1595 106.5312 105.0662 103.1668 109.1296 118.0994 108.7108 113.1732 111.6928 110.7400 109.6340 108.3759 106.9204 105.2103 103.1861 100.8013 97.6847 95.0357 95.1959 98.2419 100.9828 103.4140 105.4079 107.0784 108.5111 109.7597 110.8570 111.8366 112.7281 113.5339 114.3267 115.3522 116.9590 114.9419 108.9333 111.2474 110.2774 117.3693 118.7323 119.2002 119.5441 120.0101 119.9721 123.4300 124.8600
118.0700 111.3097 116.4760 117.7342 117.2235 117.2145 116.3661 116.7463 114.6101 114.3199 115.8146 109.6178 107.2340 101.7149 105.0543 105.1364 101.0732 108.1754 108.5886 106.2468 106.1746 101.9882 106.0544 111.9688 111.2764 111.7821 112.9123 112.0069 111.0593 110.0326 108.8875 107.6049 106.1703 104.5665 102.7901 101.1370 100.0637 100.2021 100.9994 102.9548 104.7510 106.3284 107.7502 109.0080 110.1471 111.1644 112.0848 112.9336 113.7137 114.3616 114.8825 115.4426 116.7436 115.1906 116.4411 110.4270 116.0791 118.7153 119.1405 119.5355 120.1414 119.2157 126.8749 131.7500
123.7900 121.9194 123.4745 110.3704 116.1094 113.8743 114.4220 113.6442 113.1340 114.1635 115.8500 107.7979 104.8837 103.8421 104.3565 107.8158 104.6313 111.6134 99.6473 104.1944 96.7612 101.1454 95.6779 100.3150 118.4202 113.4499 113.0259 112.3843 111.4692 110.5276 109.5087 108.3993 107.2294 105.9962 104.7520 103.7292 103.0935 103.1918 101.8876 104.8654 106.1208 107.3496 108.5222 109.6172 110.6243 111.5517 112.4026 113.1948 113.9826 114.3955 115.3517 116.0372 116.3356 116.9765 118.1468 117.6685 119.0710 118.7199 119.2244 119.5907 120.2940 120.3309 127.1642 107.0100
123.8000 123.7224 123.1716 121.7176 109.6605 115.0097 115.6599 109.8385 111.4592 108.7445 104.8687 108.8012 106.8919 110.2847 109.3391 112.7078 104.5057 100.3134 95.3615 96.0725 106.0048 106.5306 101.3861 107.8710 115.1133 114.1209 113.5038 112.5721 111.9412 111.0763 110.1879 109.2637 108.2895 107.3451 106.4646 105.7500 105.3656 105.3602 105.9447 106.6254 107.4261 108.3971 109.3632 110.2902 111.1791 112.0020 112.8032 113.4947 114.2969 115.3465 108.2150 115.6305 116.3627 116.9295 116.1435 101.9897 106.4653 119.9187 119.2407 119.6835 119.9890 120.0811 123.8054 125.5000
123.8100 123.5880 123.8360 117.1768 116.3221 118.5786 117.1936 112.1452 107.0325 117.4193 113.3450 113.6571 110.5986 110.6240 109.2449 112.8377 107.8535 98.8752 112.9203 106.9387 102.1564 102.1832 115.5916 114.5009 116.2890 98.6956 116.7624 114.0329 112.4045 111.6749 110.9106 110.1199 109.3389 108.5921 107.9279 107.4261 107.1595 107.1838 107.4514 107.9800 108.6662 109.4132 110.2031 110.9882 111.7600 112.5453 113.1937 113.8644 114.4563 116.3067 101.8051 118.0268 116.2899 117.2365 109.4534 116.5473 118.4771 119.2276 119.4009 119.7367 120.1668 120.4905 120.9354 115.0300
123.8200 123.6761 124.0287 117.9671 124.0810 120.2017 121.0509 112.4336 121.3247 117.8416 112.2611 115.5616 110.8771 110.0559 110.1106 110.7793 112.0587 99.1048 112.1618 110.0850 105.6071 118.7511 118.0329 100.1335 100.0793 105.4255 118.5319 113.0073 113.0068 112.2840 111.6312 110.9587 110.3147 109.7218 109.2184 108.8460 108.6505 108.6664 108.8773 109.2665 109.7815 110.3850 111.0389 111.6617 112.4654 112.1671 113.3051 114.2368 114.8741 115.3075 116.1046 117.1943 117.2806 117.7964 118.3769 118.4882 118.4549 119.0904 119.5446 119.8319 119.3923 120.5252 120.8916 121.1400
123.8400 123.7502 123.5655 122.1594 120.8655 119.3727 116.8980 113.7797 119.9763 119.6437 111.2828 114.3256 111.5908 111.4681 125.7049 118.7668 108.9254 101.8202 106.6288 100.8028 119.0367 115.1705 115.7572 105.4446 108.5319 103.0092 104.4676 115.4927 113.5174 112.9066 112.3353 111.7656 111.2389 110.7569 110.3593 110.0765 109.9252 109.9356 110.0981 110.3999 110.8021 111.2904 111.8354 112.3800 113.0005 109.9211 112.0929 114.8373 115.2247 115.6022 116.0614 115.7704 116.4289 114.6830 118.0825 118.4271 118.9365 119.3077 119.6707 119.9013 117.9110 118.3633 120.8673 121.1700
123.8600 123.8231 123.5537 121.3346 119.6576 120.3416 121.1773 123.0589 116.5894 122.3963 114.7528 114.9707 114.6724 114.3011 112.4507 95.3771 97.1008 103.5241 117.3840 119.1041 116.9791 112.4767 117.6326 117.6638 116.0091 117.4834 107.9692 113.7903 114.0181 113.5348 113.0147 112.5355 112.0866 111.6959 111.3771 111.1541 111.0460 111.0499 111.1738 111.4102 111.7350 112.1330 112.5920 113.0598 113.3965 114.5411 114.5132 112.9390 115.2102 116.5957 116.7130 116.0874 111.6603 108.7634 119.3631 118.5905 119.0300 119.4219 119.7839 120.1427 121.0213 121.4046 120.9233 121.4600
124.0500 123.8578 123.5679 123.7086 120.6130 121.2013 120.1601 121.2152 121.7282 119.3073 119.3782 115.2654 107.8827 94.5540 98.8791 106.1808 104.9707 122.7241 122.7161 116.4199 118.8895 117.6379 117.0366 116.9807 116.2883 115.5000 115.4641 115.6548 114.5808 114.1116 113.6704 113.2619 112.8863 112.5597 112.2986 112.1216 112.0269 112.0277 112.1325 112.3268 112.5907 112.9217 113.3068 113.7174 113.1804 113.6513 114.7202 122.9809 116.5222 110.3143 115.0239 121.7699 112.4714 112.9337 118.7314 118.8174 119.2349 119.5980 119.9427 120.2872 120.4495 120.7234 121.7434 121.4600
124.0700 123.8955 123.6134 123.3050 123.3603 123.3515 123.0493 122.4055 122.2286 114.6373 116.2513 112.4688 97.7114 113.1561 110.4611 119.4537 114.9415 110.7257 129.8946 117.9087 118.5752 117.8803 117.6564 115.3330 116.7051 116.2811 115.8434 115.4754 115.0678 114.6868 114.3052 113.9514 113.6344 113.3541 113.1396 112.9911 112.9151 112.9144 113.0016 113.1572 113.3787 113.6591 113.9868 114.3247 114.6987 115.2703 115.4597 112.8912 105.3164 101.8142 107.4886 117.1484 116.7485 112.9358 119.0408 118.9552 119.4283 119.7729 120.1096 120.4311 120.7664 121.0482 122.0226 121.5100
124.0900 123.9264 124.1583 123.7635 123.2264 122.9506 122.7332 122.4968 122.8898 121.1830 123.1964 117.0443 113.4022 120.2143 112.6535 117.5856 112.6401 116.4200 125.8884 114.7887 119.2674 118.1716 117.8567 116.1712 116.7520 116.7117 116.3528 115.9641 115.6126 115.2548 114.9043 114.5957 114.3259 114.0885 113.9001 113.7805 113.7220 113.7217 113.7913 113.9214 114.1104 114.3485 114.6307 114.9472 115.2805 115.6342 116.1265 116.8445 118.7297 113.2324 117.0025 116.1264 118.5242 119.6743 119.1105 119.3041 119.6612 120.0195 120.2721 120.5948 120.8898 121.1869 121.4133 121.8000
124.3100 124.8661 120.7800 123.8595 123.3403 123.1527 122.8974 122.7011 121.8768 120.4120 120.9287 118.2144 121.4011 116.8598 124.3384 109.0303 108.4704 119.4187 109.8011 117.3902 118.9345 118.4556 118.1204 117.7945 117.8146 117.0657 116.7607 116.4162 116.0950 115.7787 115.4857 115.2079 114.9710 114.7735 114.6109 114.5036 114.4528 114.4569 114.5138 114.6241 114.7936 114.9915 115.2325 115.5118 115.8084 116.1342 116.4604 116.2415 117.2250 117.7571 117.7428 117.8645 118.6483 118.7535 119.0913 119.5847 119.5985 119.9077 120.4890 120.7622 121.0536 121.3387 121.6148 121.8500
109.5300 124.5991 122.5950 123.7623 123.0550 123.2967 122.9697 122.9165 124.6214 115.0263 117.1464 114.1146 120.5590 118.6283 115.6296 107.9665 102.5649 112.2743 99.7815 119.7293 118.9684 118.7957 118.4542 118.1105 117.8081 117.4817 117.1759 116.8650 116.5653 116.2862 116.0307 115.7879 115.5800 115.4044 115.2662 115.1810 115.1297 115.1326 115.1849 115.2836 115.4222 115.6031 115.8130 116.0555 116.3151 116.6028 116.8923 117.2052 117.5209 117.8892 118.3611 117.0889 117.7482 119.2227 119.4570 119.5571 122.7856 120.5335 120.6942 120.9180 121.2123 121.4895 121.7694 121.9000
124.3700 124.3154 124.1309 123.8247 123.5192 123.2879 123.7403 116.9506 112.9628 113.4095 115.4359 116.7239 117.7449 115.3274 105.8908 98.0793 104.8181 117.8418 120.4460 119.4888 119.3962 119.0617 118.7584 118.4659 118.1646 117.8684 117.5851 117.3042 117.0326 116.7779 116.5446 116.3351 116.1550 115.9974 115.8786 115.8000 115.7643 115.7610 115.8023 115.8907 116.0128 116.1709 116.3505 116.5726 116.8026 117.0635 117.2639 117.7393 117.8290 118.4124 113.3535 118.7550 118.9919 119.3636 119.6916 119.9932 120.7259 120.5524 120.8821 121.1119 121.3863 121.6495 121.9152 122.1500
124.4000 124.2484 124.1182 123.9115 123.6826 123.4832 123.5452 119.0860 115.3878 115.0464 119.9629 111.1313 143.7546 118.2486 107.0529 102.7764 114.5620 122.5931 121.6980 119.8685 119.6279 119.3449 119.0706 118.7875 118.5156 118.2468 117.9822 117.7299 117.4832 117.2590 117.0401 116.8561 116.6939 116.5592 116.4555 116.3814 116.3464 116.3503 116.3911 116.4627 116.5731 116.7097 116.8781 117.0637 117.2774 117.4745 118.1275 115.8077 118.6157 118.4269 118.6220 119.1992 119.3578 119.6636 119.9331 120.2592 120.5069 120.7550 121.0317 121.2996 121.5573 121.8267 122.0713 122.2100
124.5800 124.4379 124.2159 124.0089 123.7974 123.5609 123.5385 117.3596 115.6239 114.0997 114.2712 114.0113 112.4346 115.0006 121.4940 111.0763 105.8715 120.8677 106.5587 121.8247 119.8926 119.6445 119.3741 119.1136 118.8575 118.6103 118.3608 118.1220 117.9125 117.7104 117.5147 117.3501 117.2012 117.0833 116.9905 116.9269 116.8976 116.9016 116.9321 116.9958 117.1001 117.2149 117.3546 117.5407 117.7577 117.4963 116.6042 118.5736 116.4801 113.7844 119.7754 119.4058 119.6661 119.9324 120.1905 120.4492 120.7347 120.9730 121.2250 121.4737 121.7387 121.9603 122.1999 122.4500
124.6200 124.5139 124.3202 124.1234 123.9109 123.5992 124.1032 118.5650 120.4899 113.8897 119.0394 111.9545 115.5872 114.5026 109.0920 103.4523 104.8416 110.6688 113.9827 121.2273 120.1102 119.9292 119.6765 119.4399 119.1902 118.9716 118.8315 118.5826 118.3292 118.1368 117.9655 117.8182 117.6901 117.5793 117.5001 117.4379 117.4155 117.4201 117.4469 117.5014 117.5903 117.7033 117.8825 117.9106 118.0074 119.7609 119.9773 120.3326 119.2738 119.7272 118.7921 119.6635 119.9211 120.1997 120.4536 120.6920 120.8524 121.0944 121.5038 121.6603 121.9395 122.2899 122.8135 122.5100
124.8400 124.6303 124.4317 124.2189 123.9487 123.9021 123.7289 118.6772 118.4684 114.3855 124.0963 112.1134 115.1010 113.2038 109.9491 106.8945 111.0361 123.2333 110.7013 120.6893 120.3971 120.2240 119.9661 119.7666 119.5247 119.2075 118.7593 118.7965 118.6922 118.5518 118.4071 118.2655 118.1511 118.0534 117.9811 117.9260 117.9080 117.9018 117.9339 117.9901 118.0696 118.1519 118.0508 119.0019 119.1770 118.1075 109.2413 106.8808 119.3719 119.6848 117.1353 119.8704 120.2485 120.4713 120.6972 120.9580 120.9349 120.9469 118.2589 121.9959 121.9403 122.5667 117.6271 122.8000
124.8400 124.7362 124.5428 124.3494 124.7183 121.4290 121.8635 122.1043 120.9397 121.6747 115.0693 113.9488 109.3396 104.8482 110.4462 104.3210 121.4284 121.1544 121.1848 120.4210 120.7268 120.4930 120.4309 120.1522 119.9242 119.6191 120.1639 121.1453 119.7205 118.7541 118.8247 118.6922 118.5911 118.5010 118.4374 118.3894 118.3650 118.3694 118.3768 118.3885 118.4746 118.6146 119.1880 116.8227 111.7835 120.3936 118.9148 110.2288 119.8012 119.8956 120.0228 120.4750 120.4808 120.7369 120.9512 121.1753 121.3565 121.5779 118.2437 122.5061 122.1518 122.7897 111.2942 122.8000
125.0600 124.8437 124.6383 124.6726 121.0683 117.7341 116.0706 117.5836 116.0166 120.8167 113.4822 122.0935 105.0641 121.3020 101.3780 116.9724 121.8349 122.7211 121.2477 121.2930 120.9746 120.7540 120.5227 120.2726 116.3369 118.4091 120.9559 114.2045 119.2138 119.2253 119.2171 119.1038 119.0014 118.9313 118.8711 118.8265 118.8038 118.8047 118.8164 119.0426 119.0857 118.9259 119.7344 111.4425 102.8242 119.9009 119.7613 118.9182 120.1607 120.6440 120.3554 120.5807 120.7994 120.9865 121.2020 121.4281 121.5529 121.8916 122.3483 122.1729 122.2700 122.8050 123.1560 123.1000
125.0600 124.9388 124.7126 124.8718 117.7141 118.1250 118.1814 119.8279 126.6108 117.0688 110.7568 111.1721 113.4385 102.0314 108.3541 122.1497 122.0980 113.9538 122.5035 121.1720 121.2167 121.0354 120.9256 120.7257 120.3729 120.5339 120.2405 119.7520 119.4338 119.7676 119.6009 119.4925 119.4096 119.3296 119.2800 119.2425 119.2249 119.2265 119.2391 119.0450 117.6877 119.9105 119.8436 120.2528 118.1295 120.5201 120.1113 121.0976 112.2536 120.6690 120.6986 120.8687 121.0647 121.2515 121.4522 121.6479 121.8507 122.0455 122.2216 122.4619 123.2696 123.4889 123.2318 123.3200
125.2700 125.0649 125.0349 124.2535 123.1269 117.7869 118.5182 127.8471 112.6559 113.5418 114.7132 121.8791 107.0791 108.9554 122.8257 118.9696 118.9979 113.3964 122.4898 121.6743 121.5371 121.3075 121.1284 120.9614 120.8062 120.6506 120.4323 120.3443 120.2264 120.0766 119.9676 119.8717 119.7886 119.7261 119.6748 119.6409 119.6229 119.6233 119.6773 119.6853 119.3458 118.6463 115.6078 120.2902 119.9731 120.2184 119.9700 119.7730 114.9018 121.9201 120.8981 121.1443 121.3218 121.5190 121.6924 121.8882 122.0746 122.2732 122.4572 122.6357 122.8584 111.4910 124.2319 123.3900
125.3200 125.2833 124.9262 128.4332 121.3377 117.7403 123.5054 127.1215 123.8774 111.4932 123.2214 103.6552 108.9493 111.2140 125.3583 122.8203 118.1752 123.7485 122.2455 121.8182 121.7559 121.5707 121.4096 121.2398 121.0783 120.9099 120.8173 120.5633 120.4777 120.4435 120.3158 120.2303 120.1570 120.0947 120.0526 120.0153 120.0037 120.0051 120.0914 120.1329 114.0997 109.5953 119.9218 120.5100 120.6018 120.3689 120.1824 119.2908 121.5214 120.9942 121.2873 121.4231 121.5913 121.7624 121.9368 122.1183 122.2986 122.4834 122.6579 122.9209 122.8707 124.2930 123.7891 123.6100
125.3600 125.2758 125.2196 122.4476 118.4370 123.0619 122.9804 122.0058 120.6979 118.8957 104.8903 99.4326 102.4141 116.3323 123.0734 123.0607 122.6827 121.9527 118.2434 122.5901 121.9540 121.8330 121.6743 121.5137 121.3956 121.3215 121.1275 122.5445 120.8796 120.8043 120.6653 120.5802 120.5146 120.4571 120.4153 120.3798 120.3732 120.3786 120.4093 120.4018 119.1728 110.8572 111.9091 119.8807 120.4951 122.1662 120.5421 121.2663 121.1906 121.3917 121.5315 121.6882 121.8480 122.0097 122.1789 122.3517 122.5231 122.6973 122.8722 123.0470 123.0495 123.3326 123.5936 123.6600
125.5400 125.3902 125.2177 119.2804 123.1560 121.2975 117.3471 118.5561 119.8290 105.6669 110.7712 122.2314 122.1365 123.9585 122.9576 123.1475 122.8029 122.6684 121.5503 122.3995 122.2334 122.0904 121.9377 121.7940 121.5926 122.1046 111.4789 120.8316 121.1865 121.1238 120.9931 120.9113 120.8499 120.8012 120.7614 120.7318 120.7107 120.7050 120.7409 120.7628 120.6758 122.8812 117.6198 120.2848 124.1444 117.9223 122.4416 121.6206 121.5305 121.6555 121.8028 121.9513 122.1038 122.2548 122.4154 122.5728 122.7388 122.9077 123.0738 123.2366 123.4253 123.5742 123.7616 123.8800
125.5800 125.4290 125.8404 121.5226 118.4006 117.0379 116.0155 119.0046 103.1631 114.7767 122.3328 124.4448 123.3347 123.9413 123.2758 123.3012 123.1020 122.8879 122.8707 122.6077 122.4885 122.3353 122.1935 122.0540 121.9048 122.8694 113.9449 116.4522 121.5110 121.3996 121.3041 121.2400 121.1760 121.1337 121.0989 121.0727 121.0852 121.1075 121.0988 121.1027 121.1626 120.8961 121.3619 118.8765 115.6000 111.4326 107.6576 122.0923 121.8092 121.9422 122.0741 122.2145 122.3522 122.4986 122.6494 122.8035 122.9543 123.1180 123.2783 123.4406 123.6019 123.7587 123.9282 123.9100
125.7500 125.5749 124.8265 117.6931 116.3942 118.7491 116.6026 102.1293 106.4377 108.7381 123.2596 126.9522 122.8332 123.5340 123.6574 123.4468 123.3042 123.1632 123.0073 122.8659 122.7285 122.5774 122.4430 122.3189 122.1454 121.8079 123.1814 122.0599 121.6829 121.7244 121.6277 121.5547 121.4931 121.4556 121.4149 121.3882 121.4291 121.3493 121.3015 121.4101 121.3022 121.5023 122.4892 109.7583 121.7459 123.6891 121.2457 122.9426 122.1283 122.2099 122.3478 122.4662 122.5931 122.7321 122.8805 123.0221 123.1699 123.3263 123.4746 123.6251 123.7895 123.9382 124.1036 124.1600
125.7900 125.9945 123.0493 119.5726 103.7172 114.2160 100.9321 110.0972 111.3860 122.0794 122.6608 120.6290 117.7898 124.5943 123.7589 123.6544 123.5073 123.3633 123.2255 123.0951 122.9560 122.8189 122.6969 122.5739 122.4717 122.3674 122.0828 122.1806 122.0562 121.9382 121.8788 121.8569 121.7969 121.7611 121.7253 121.6869 121.8533 122.0577 124.9514 121.7521 122.5282 122.2051 122.5627 116.9901 122.2000 122.1709 122.1741 122.1158 122.3481 122.5672 122.4876 122.7282 122.8402 122.9627 123.1054 123.2398 123.3795 123.5235 123.6743 123.8329 123.9707 124.1593 124.2827 124.3600
125.9600 125.6782 125.6465 119.8568 118.6969 111.7953 134.7931 109.2392 125.3805 126.1915 114.0249 108.0943 117.2892 124.3111 123.7921 123.8671 123.7111 123.5676 123.4384 123.3045 123.1826 123.0568 122.9203 122.8014 122.7165 122.6024 122.4097 125.5653 122.2717 122.2732 122.2587 122.1494 122.0963 122.0621 122.0456 122.0796 121.9363 122.0021 120.8481 121.7669 118.7271 115.6919 122.6440 122.5884 122.5925 116.2888 123.0683 122.3779 122.6141 123.9737 123.1350 122.9714 123.0721 123.1998 123.3293 123.4581 123.5930 123.7293 123.8643 124.0315 123.7740 124.3035 124.2894 124.6200
126.1200 126.0610 125.0146 120.3308 106.9756 121.9629 119.1622 117.1215 113.5481 122.8866 110.2820 119.6960 125.4419 124.5039 124.2157 124.0641 123.8884 123.7149 123.6535 123.5279 123.4060 123.2701 123.2055 123.1971 122.9355 122.8854 122.7114 122.5944 121.9210 119.1647 122.5737 122.4412 122.3850 122.3374 122.1495 121.8185 122.9650 122.1811 124.0329 125.8086 122.3085 121.4098 109.6644 123.0761 120.6193 109.2095 124.1199 122.5113 122.8877 122.9696 122.8464 123.2333 123.3022 123.4223 123.5467 123.6664 123.8144 123.9022 124.1687 124.1828 126.2978 125.5053 125.5415 124.8200
126.3300 126.0097 126.4590 121.3230 123.5202 124.3863 111.6917 118.4073 112.8873 114.7991 112.1015 114.3416 124.8482 124.1190 124.3211 124.1219 124.3444 124.3339 123.8854 123.7364 123.6690 123.4834 122.4045 122.9563 123.2427 123.1478 123.0917 122.9420 122.9737 122.9097 122.7217 122.7131 122.6231 122.4949 124.7417 123.6453 118.0622 122.4357 124.3047 117.5760 122.9975 109.3432 108.9116 123.4863 121.1390 125.8170 123.1641 122.7349 123.1219 123.2282 123.3629 123.4176 123.5332 123.6443 123.7579 123.8604 123.9843 124.2453 122.5184 125.6656 121.9032 114.6888 123.4023 124.8200
126.3300 126.2932 126.1328 126.2600 126.3259 125.8014 113.9460 111.0663 115.1560 105.9337 106.3691 120.3044 124.9620 125.5926 125.3865 124.2937 123.1665 125.2644 124.0187 123.9686 123.8048 124.9096 121.2491 124.1026 123.4710 123.4571 123.3047 122.2135 123.7860 123.0772 122.8840 123.5791 122.9110 122.9581 129.4182 111.3960 125.3951 123.0605 122.2351 114.7590 125.3567 113.9750 111.0788 120.7233 122.9343 123.1073 123.2674 123.2037 123.3819 123.4592 123.5473 123.6575 123.7518 123.8142 124.0276 124.0936 124.2081 124.2326 124.2197 131.1112 121.0425 108.8726 127.3527 125.0700
126.5300 126.4060 126.2324 126.0707 125.6415 127.4281 112.5390 112.0319 113.1988 108.3395 125.7867 124.6842 124.6679 124.8705 109.8917 125.0293 121.0362 124.4239 124.2471 124.1675 123.9458 123.5889 113.0819 124.2464 123.6996 123.5257 119.9820 115.9680 117.2975 122.0821 118.7832 128.4141 123.8288 123.8353 114.1136 117.3112 122.9854 125.0469 121.4586 117.3662 116.2419 112.0988 117.1100 122.9753 123.2105 123.2358 123.2820 123.1007 123.4597 123.7363 123.7698 123.8666 123.9350 124.3147 123.8385 124.0710 124.5026 124.5895 123.4598 123.3519 119.0130 115.8614 123.5345 111.7600
126.5500 126.5286 126.2839 126.6700 125.5231 129.1618 122.2685 115.8772 110.8822 109.6013 108.2371 113.9348 126.2231 126.4508 118.8463 123.0868 124.5393 124.5867 124.4795 124.3723 123.9829 124.4652 124.5700 123.9581 123.9370 123.6831 125.0408 110.0768 117.0235 131.3527 106.8371 119.9283 125.8469 124.4269 111.8017 108.7704 122.5390 109.4599 114.9168 110.3517 125.0609 111.3149 125.3814 123.3385 123.5242 124.4218 123.3945 126.0189 124.5385 123.8926 124.0155 124.0756 124.1817 121.9362 127.3050 124.6998 124.4891 125.0136 126.0015 114.7288 125.0243 125.1089 125.2184 112.0600
126.7400 126.6269 126.4530 127.6223 121.4961 128.7422 116.7471 125.2823 110.6691 113.9869 117.2164 119.8518 126.4166 124.3873 126.1647 124.8735 124.8952 124.7754 124.6689 124.5635 124.5175 124.3301 124.2065 124.2342 124.1618 124.1210 124.2179 123.4170 125.2037 123.0181 122.8049 107.3075 126.0140 126.9162 118.9125 122.2372 124.3924 119.6330 118.8952 122.0461 124.7160 117.0199 124.8075 128.6491 123.6121 124.1944 115.1853 122.6697 123.7126 125.0926 124.2214 124.2514 124.3931 125.3300 126.6283 124.5525 124.7807 124.8966 125.0898 122.9637 125.9388 125.3278 125.4734 125.4900
126.8900 126.7822 126.6905 124.4074 115.4851 116.9545 106.4093 114.2084 117.0061 105.5450 109.2174 110.2143 122.0146 118.3600 126.5366 124.8088 125.1440 124.9557 124.8658 124.7645 124.6747 124.5821 124.5140 124.4344 124.3205 124.2965 124.1196 124.0117 123.7377 124.8971 110.2774 107.5210 107.3559 124.8024 123.9130 123.8494 124.0137 124.4208 124.5750 124.0028 123.7374 124.8423 121.3863 116.8848 125.7574 124.1119 124.5460 125.4913 107.4629 126.6543 124.2005 124.5595 124.5823 124.6017 124.6246 124.8874 124.9934 125.0730 125.1550 125.4121 125.3060 125.5416 125.5714 125.6700
126.9300 127.3428 122.4117 115.6701 117.3069 105.5092 120.7769 114.8307 110.0890 104.4410 106.9624 126.0355 106.7617 122.9961 131.2423 125.7805 125.1853 125.1637 125.0683 124.9646 124.8596 124.8446 124.6235 124.5780 124.6277 124.5010 124.5470 124.3569 124.6257 115.9712 112.9972 108.3576 123.6903 123.6863 124.1540 124.1098 124.0908 124.0564 124.0619 124.1655 124.1631 123.8864 121.8158 116.9691 124.9186 124.1651 124.3276 123.0267 112.1210 120.7874 124.7803 124.7575 124.8059 124.8946 124.9897 125.0753 125.1406 125.2542 125.3419 125.4728 125.5605 125.6610 125.7730 125.8500
127.0900 126.7079 127.9524 118.5386 117.5133 117.7561 116.1197 102.2150 105.7915 111.4121 103.0487 105.0440 126.9135 128.1438 125.6177 123.0718 125.9683 125.3522 125.0597 125.1265 125.0682 124.3739 125.3304 125.3286 124.4867 124.7584 124.1760 125.0310 124.2728 125.9882 107.8310 114.8132 123.1410 124.2116 124.3713 124.3411 124.3338 124.3378 124.3346 124.3198 124.2433 124.8267 116.2440 115.6118 125.0866 124.4607 124.6254 124.2512 123.9540 119.3865 125.1375 124.9252 124.9985 125.0762 125.1671 125.2547 125.3392 125.4272 125.5292 125.6288 125.7289 125.8336 125.9367 125.8900
127.2800 127.1467 124.5990 119.5089 116.9290 108.8031 104.0096 111.2644 106.5872 113.3672 106.2564 114.3430 121.6334 125.7955 125.8725 120.6231 125.5955 125.3396 126.3789 125.2738 125.2375 126.6456 116.9687 123.2989 124.9904 124.4745 126.5838 120.7476 127.1843 121.8840 117.7169 111.8847 125.1598 124.5308 124.5760 124.5752 124.6728 124.5715 124.6003 124.6095 124.6123 124.7276 125.4797 126.0024 125.2094 124.7193 124.8150 124.7294 125.0642 123.6516 124.8495 125.1409 125.1869 125.2737 125.3476 125.3445 125.5141 125.6080 125.6989 125.7960 125.8908 125.9959 126.0857 126.0900
127.4200 128.8753 124.0643 118.9926 119.0058 110.2533 120.6597 114.9874 114.9350 114.4825 102.7193 118.0017 129.6991 125.5847 126.0739 125.8122 125.7664 126.0584 121.6181 126.2665 122.2357 124.6688 105.7535 126.1877 124.7978 126.9597 103.2981 113.9608 134.2203 117.7815 125.7522 124.8301 124.7282 124.8567 124.7801 124.5973 123.6641 124.7689 124.5549 124.6248 124.7105 124.6599 124.7503 124.6883 124.7583 124.9608 125.0136 125.0683 125.0682 125.3430 125.2012 125.3182 125.3777 125.4530 125.4911 126.5601 125.6398 125.7861 125.8726 125.9633 126.0580 126.1489 126.2506 126.2700
127.4300 121.5691 124.3419 120.6547 116.7227 115.6430 114.9017 114.2034 113.6590 107.9265 118.1040 127.2429 127.7052 126.2497 126.0597 126.0354 125.9823 126.1778 118.3193 124.6112 121.7260 113.1914 112.2986 124.8497 126.6846 121.1685 122.4570 102.6130 110.9556 125.6411 124.8094 124.9961 125.0771 125.0200 124.8995 125.6082 128.0359 128.4690 125.9770 126.3186 124.8068 125.7145 125.4933 125.1112 125.1890 125.1792 125.2230 125.2683 125.3326 125.3592 125.4452 125.5031 125.5713 125.6399 125.7862 125.8503 125.8162 125.9529 126.0371 126.1323 126.2150 126.3121 126.4073 126.4200
127.6100 129.1967 123.4314 119.9545 115.8832 112.8238 117.0579 111.8125 116.4631 114.8735 125.7719 126.5055 126.1076 126.3757 126.2752 126.1967 126.2030 125.5928 126.8132 126.9756 127.0997 115.2123 112.3379 110.1829 105.1585 100.7199 124.6811 113.1753 112.5586 126.2268 125.3614 125.2672 125.2212 125.1900 126.0438 121.7938 124.9595 127.2198 125.9401 127.0428 123.1638 127.5386 113.6524 126.0217 125.3446 125.3718 125.4191 125.4638 125.5144 125.5758 125.6217 125.6880 125.7552 125.8208 125.8945 125.9843 126.0539 126.1242 126.2082 126.2934 126.3771 126.4549 126.5638 126.6300
127.7600 129.3296 123.8704 119.9826 116.7453 122.4841 122.7970 116.4663 121.1691 122.2259 126.7696 127.0152 126.6694 126.4518 126.5020 126.3442 126.3108 126.6353 124.8987 109.0629 125.7454 127.2087 126.2537 128.5101 122.3032 123.1085 110.2148 113.7697 126.2168 125.1576 125.5054 125.4517 125.5295 125.5992 119.8163 117.9106 114.7866 115.1128 121.4125 124.9259 125.3718 125.4303 125.0179 125.8987 125.5591 125.5632 125.6109 125.6575 125.7026 125.7587 125.8131 125.8724 125.9318 125.9972 126.0695 126.1371 126.2182 126.2886 126.3601 126.4387 126.5235 126.6722 126.6437 126.8000
127.7600 126.9243 116.7492 117.5335 114.1047 116.8970 129.5953 117.2136 116.8114 128.1228 127.4344 126.7678 126.6047 127.5818 126.4000 126.5332 126.4577 126.5297 116.1835 121.9389 128.2198 127.2121 125.6726 125.0565 125.2798 109.5301 119.5802 117.9381 125.4003 125.6277 125.6875 125.7169 125.4821 124.3176 118.3672 123.7614 108.8377 113.7930 119.7320 125.8856 125.5757 125.7077 125.5939 125.5845 125.7335 125.7668 125.8046 125.8463 125.8882 125.9445 125.9949 126.0522 126.1091 126.1758 126.2429 126.3096 126.3852 126.4579 126.6282 126.7057 126.6931 126.6785 127.3294 126.9500
127.9300 128.5835 125.7779 122.8083 121.4324 122.3513 127.6489 124.1617 125.1424 124.9607 126.8903 126.8715 122.4716 118.3840 126.9047 126.7142 126.5997 126.4427 126.9286 127.0557 119.3498 116.6323 126.2120 127.6571 121.4600 101.8243 111.5616 112.4146 126.6246 125.7117 125.8958 125.8817 125.7905 125.1975 126.1206 122.6583 120.5646 108.6623 127.8409 125.6356 126.2141 124.7619 126.1055 126.0999 125.9273 125.9491 125.9892 126.0344 126.0752 126.1250 126.1756 126.2249 126.2875 126.3425 126.4052 126.4698 126.5452 126.6346 125.1124 126.6583 126.7003 127.2967 127.4474 109.1000
128.0700 128.2000 124.4539 126.2515 126.9401 128.2616 126.9475 127.7491 127.4532 127.0682 124.5851 123.5124 139.3526 120.4539 127.0872 126.6406 126.8665 126.7253 126.4653 126.7700 137.1707 107.8937 115.6032 133.1820 116.5457 110.7752 112.2204 120.6807 125.9182 126.2111 126.0693 126.0589 125.9833 126.0479 125.9181 126.6053 126.9170 122.6098 127.5455 128.9313 126.8334 115.6754 126.2887 124.9851 126.0208 126.1675 126.1674 126.2128 126.2585 126.2998 126.3479 126.4006 126.4637 126.5099 126.5775 126.6363 126.7094 126.8424 125.9800 126.9160 126.9454 126.5674 121.4521 127.1400
128.2000 128.0395 128.2747 127.1029 127.9042 127.6876 127.7134 127.6117 127.3925 128.9411 118.7293 121.4082 130.1199 121.8034 124.7031 127.0174 126.6239 126.9336 126.3539 125.8668 115.6791 109.8151 109.2186 122.5087 114.4178 109.1368 121.8713 125.9177 126.2026 126.3261 126.2498 126.2301 126.2325 126.2119 126.1920 126.0291 126.6156 127.0533 135.0520 124.6951 126.4232 127.1706 127.2598 132.8702 126.0622 126.3648 126.4231 126.3728 126.4302 126.4799 126.5225 126.5681 126.6246 126.6797 126.7450 126.7986 126.8759 126.9471 126.9646 127.1308 126.9916 127.6029 129.6117 113.4700
128.2200 129.6764 127.9119 128.1119 127.9023 127.9078 127.8976 127.7897 127.0887 127.5398 128.1780 127.8463 124.3614 119.0650 126.9046 126.9050 130.0850 126.3287 127.8825 127.4768 129.8340 107.6993 105.3139 117.7164 114.9192 130.3205 124.9025 127.2194 126.5449 126.4332 126.4635 126.4259 126.3896 126.3839 126.3442 126.2437 127.7626 113.1779 129.5557 107.0881 126.0138 126.2267 126.8545 115.8869 110.2230 127.6896 126.5303 126.5607 126.6031 126.6513 126.6927 126.7432 126.7939 126.8484 126.9039 126.9643 127.0183 127.0787 127.1687 127.2143 127.3045 129.9851 126.0189 120.9600
128.3800 128.7614 128.2637 128.2666 128.0723 129.0429 128.0568 127.8735 127.8349 127.7341 127.6570 127.3684 130.5924 101.3353 123.0809 128.2411 120.4232 113.0938 126.4897 126.8733 127.2544 116.4642 104.4780 120.0736 111.6284 122.9726 116.9615 127.7580 126.4959 126.7747 126.5809 126.6262 126.5763 126.5662 126.5480 126.5107 126.5752 126.9435 118.7516 127.7153 127.1342 126.6374 126.6227 126.2307 128.0205 127.3614 126.7203 126.7290 126.7750 126.8191 126.8564 126.9089 126.9601 127.0080 127.0617 127.1216 127.1828 127.2643 127.1589 127.5490 127.1833 130.6965 118.8551 111.8900
128.5100 128.5171 128.4614 128.2877 128.1696 128.1435 117.2718 124.6046 127.9092 127.8370 127.8232 127.4825 118.9598 118.9011 112.0985 120.9622 111.3479 114.1092 126.0143 127.2700 126.9838 128.7162 106.8476 108.5000 117.7352 129.3972 127.6286 126.4321 127.7182 124.7219 126.8021 126.7750 126.7630 126.7476 126.7285 126.7227 126.7192 126.5005 127.3298 124.5937 126.4114 126.7472 126.7738 126.8077 126.4234 126.5296 126.8719 126.9020 126.9421 126.9846 127.0221 127.0696 127.1146 127.1680 127.2210 127.2756 127.3283 127.3307 128.0604 126.7729 125.4232 124.3356 112.8847 124.2100
128.5600 128.5600 128.4600 128.3900 128.3000 128.2200 128.1500 128.1500 127.9600 127.9600 127.8900 127.8200 105.7000 127.6200 127.6200 127.5400 127.4500 124.6700 127.3800 127.2800 127.2900 127.1800 127.2100 110.7800 114.9100 127.0100 127.0200 127.0400 126.9200 126.9400 126.9600 126.8200 126.8300 126.8300 126.8400 126.8500 126.8500 126.8500 126.8500 110.3900 126.8400 126.8300 126.8200 126.9500 126.9400 126.9300 127.0300 127.0300 127.0000 127.1100 127.0900 127.2000 127.2000 127.3000 127.2800 127.3700 127.4700 127.5600 127.5400 119.4600 131.3400 131.3400 114.5300 106.6500
