123.4200 131.8300 122.8900 122.7000 122.5100 122.1100 127.0600 121.4800 121.2600 120.8000 120.5600 120.0700 119.8100 119.5400 134.0600 130.8000 118.0600 117.7300 117.0400 109.3000 107.5400 107.3400 98.6600 114.0400 113.5100 98.3900 111.7100 110.2600 109.4400 107.5000 106.3500 105.0100 101.5200 99.0500 95.6100 91.2400 89.7700 89.7700 99.0400 101.5100 105.0100 106.3400 108.5200 109.4300 110.2600 111.7100 112.3500 113.5100 110.2300 96.7200 107.8900 100.8400 94.6700 99.0700 123.5500 106.3700 103.8300 105.0400 119.3600 105.3900 120.8100 123.6700 106.7500 113.6600
123.4200 127.1975 123.6213 122.1596 122.4213 122.1205 123.0290 121.5316 121.0712 120.5831 120.1036 119.5204 119.1480 118.2356 128.8831 123.2602 117.7385 117.6501 117.9922 97.9310 100.3731 114.2820 113.2136 114.1012 114.4339 106.4810 114.2535 110.9137 109.3168 108.1556 106.4082 104.4580 101.9671 98.5268 93.1826 88.3345 88.2834 93.3919 98.8685 102.1763 104.6874 106.6078 108.1262 109.4719 110.5795 111.0614 110.3544 113.4558 114.5735 112.8235 111.3413 107.5435 109.2905 99.1916 107.1090 101.5078 101.5611 108.3019 113.2426 99.6999 111.2988 112.3501 109.7913 113.6600
123.4300 122.6751 121.2723 122.6402 122.3838 121.9971 121.7310 121.5316 121.9412 121.8800 121.9219 122.6898 121.2488 118.3446 121.1790 117.3818 118.1876 117.5481 118.1596 105.7016 114.4518 118.8084 115.0384 114.2035 113.6126 113.8385 105.0763 113.5447 109.4824 108.0796 106.8511 105.1125 102.9962 100.4052 97.0234 93.8010 89.9408 97.7667 100.5697 103.0758 105.1893 106.6933 108.3917 109.6475 110.6936 112.0191 110.6850 114.3496 106.2290 98.2603 118.9150 118.8353 123.2025 106.5648 99.3051 104.4952 106.2238 109.1679 116.7286 102.3964 104.8738 105.0022 109.6781 107.1000
123.4400 123.4072 123.2477 123.0915 122.2123 122.2688 121.9219 121.9069 115.9385 113.5237 114.2709 113.5564 120.5971 120.3120 118.8917 118.8122 118.2015 117.7751 117.9353 118.9562 116.1349 115.1138 114.9403 114.3299 113.5506 113.2471 104.9139 117.3243 114.5798 109.0662 107.5516 105.9985 104.3501 102.5404 100.6844 99.9945 97.4604 100.9150 102.6921 104.7116 106.0648 107.3756 108.9388 110.1924 111.1487 113.3146 94.8728 96.9024 92.9166 108.2925 106.6955 100.8636 107.6011 120.9546 103.7825 109.0880 113.3206 112.8963 113.6885 111.3959 111.1485 111.5715 111.2455 112.3500
123.4500 122.9587 121.8237 117.9450 122.6132 122.2074 121.9078 121.6154 119.8421 108.6147 118.6488 117.2258 126.2700 119.8065 119.3835 118.7135 118.3144 117.8569 117.1939 116.5242 116.3044 115.8418 115.2021 114.5315 113.8719 113.4192 111.4032 112.5007 111.9921 109.4922 108.3668 107.1196 105.8571 104.5491 103.3545 102.5538 102.7705 103.4472 104.5079 105.8892 100.1455 108.9638 109.5564 108.5168 109.5940 102.1819 121.3132 103.5374 111.4495 102.2362 122.6759 95.5729 102.8455 104.8493 104.9200 104.0396 104.9956 107.9818 110.5432 111.4476 112.9560 113.3995 113.4834 113.4600
123.4600 123.0905 121.3275 117.4929 122.4057 122.3419 121.9338 121.8067 121.6854 120.9103 121.9738 112.5610 122.8583 119.4418 119.2907 118.8603 118.4225 117.9779 117.5261 117.0510 116.5208 115.9271 115.2549 114.6964 114.0849 113.4487 112.7106 111.6318 111.0796 110.0328 109.0378 108.0119 106.7828 106.2737 105.4504 105.0448 105.0334 105.4929 106.3377 107.2028 107.2842 109.4700 109.9456 115.1166 111.9019 105.3486 98.5539 103.8276 97.3552 95.6177 121.7449 102.7305 102.2508 103.0189 103.6079 101.0427 117.0548 106.1282 97.6474 105.9751 109.9019 112.6271 111.6931 112.6100
123.4700 123.3178 123.0607 122.4296 122.8250 114.9493 124.1266 121.8122 121.3860 121.2567 121.5247 112.0463 109.4994 120.5515 119.2317 119.0061 118.5318 118.1009 117.6520 117.1842 116.4875 117.2913 115.5833 114.6454 114.1795 113.2704 112.9863 112.3499 111.5726 110.9714 108.5394 118.4632 110.9500 107.4984 107.1802 106.8725 106.8918 107.2205 107.2819 110.0606 109.5416 109.6477 109.6418 96.5093 95.8764 94.8260 93.7132 95.6649 95.4625 99.7664 105.1243 100.2840 111.8658 103.2262 107.1531 112.9623 119.2099 103.0225 102.3191 110.1596 112.1667 112.8586 111.3319 110.8100
123.6600 123.1864 124.0472 113.5740 123.1391 127.2658 121.4047 121.8083 121.7546 118.5943 121.7458 113.3409 106.3996 118.8535 120.2215 119.1616 118.6572 118.2488 117.8269 117.3590 116.8552 116.2026 116.1316 107.8395 116.1078 118.2342 113.6229 112.9093 112.1613 111.6689 110.2044 118.8187 109.9048 109.0051 108.5761 108.4201 108.4705 108.6606 109.0293 103.3658 100.5213 110.6580 108.4904 94.3791 98.9511 93.8326 97.5331 103.2324 100.6540 111.3342 105.3942 100.9978 102.1752 102.4121 111.5205 112.2637 117.1387 98.3687 98.1526 111.7238 109.5516 110.4731 111.1928 111.6300
123.6700 123.3707 124.6988 123.4360 122.4319 122.1572 122.2563 121.8595 121.4552 121.3877 119.9734 117.9977 107.3248 111.8451 121.2804 120.4757 118.6450 118.4964 117.9921 117.5641 117.1381 115.5816 116.8952 111.9720 104.2061 116.7110 114.1187 113.4256 112.8308 112.2295 111.7355 111.2590 110.6196 109.8276 109.6156 109.7259 109.0662 109.9142 110.0629 110.8910 110.9492 103.9580 104.4383 96.8524 100.9338 95.7020 97.2871 99.5599 103.9678 106.7713 101.2632 100.9241 101.5126 105.5058 108.7413 102.8985 96.1818 96.7273 110.9788 110.2615 115.6892 120.4212 113.2858 114.1800
123.7000 123.5413 123.1824 122.9078 122.8244 122.5304 122.2246 122.0576 122.7446 122.2893 111.4327 109.8461 111.6974 106.9600 117.7940 131.5351 118.8864 118.8865 118.2209 117.8416 117.7429 110.2760 116.7394 117.0008 116.4320 111.7686 114.6236 113.1209 113.0567 112.9349 112.4112 111.9567 111.5431 111.2487 111.0010 110.8776 110.8809 111.0087 111.8886 110.2795 103.5196 95.1598 112.9506 108.8424 97.5452 100.9802 100.0777 101.5716 113.5062 117.7373 106.5465 105.5479 111.5000 111.9256 112.5747 99.5254 105.2470 108.2276 109.0803 111.9563 108.4030 110.7120 110.7243 99.6300
123.7200 123.6203 123.3981 123.1298 122.8483 122.5638 122.4565 124.2062 120.4868 121.5410 122.4746 114.2567 113.5224 107.9159 114.9278 120.7396 120.9105 118.6837 118.1907 116.9567 117.6718 116.3291 116.0921 116.2868 110.4930 114.8082 116.8486 113.4746 113.5324 113.5543 113.1304 112.7651 112.4363 112.1552 111.9924 111.8627 111.9629 111.9499 113.0920 105.3574 104.9245 96.6203 110.8442 96.5004 102.9695 100.9736 104.2772 108.6414 116.7439 116.1360 121.4570 120.7878 105.1380 109.8291 108.9564 106.4843 92.0095 108.0870 108.1450 111.9686 113.9219 111.7777 107.6173 111.5300
123.9300 123.6706 123.4244 123.1824 122.9528 122.6619 122.1024 120.8274 116.7326 118.4210 116.2227 115.9961 113.1293 120.3423 117.1077 122.0730 119.0823 119.4471 119.3820 115.7924 117.9402 117.8916 115.4569 103.6822 108.3200 118.3293 114.8395 115.0915 114.7028 114.2191 113.8758 113.4998 113.2387 113.0623 112.4426 112.6680 113.2792 107.3249 107.4281 107.2490 116.9049 102.7193 101.5468 100.2881 115.2072 101.8629 109.8497 104.8822 116.6417 117.7754 112.6063 105.6415 101.4250 111.9797 105.6540 95.2477 103.1600 105.5404 109.0527 108.9319 111.9233 116.9081 113.3022 99.9500
123.9300 123.7270 123.5121 123.2775 123.0528 122.7807 121.4409 122.2571 122.0174 115.4474 118.2102 113.8085 110.8318 117.6564 131.8286 123.8668 117.4053 114.6873 122.2186 122.2294 118.7913 115.0179 112.4568 104.9019 107.9589 112.4762 116.3719 115.7700 115.2033 114.9457 114.3794 114.2529 114.0009 113.8257 110.3657 113.7402 115.2820 95.7144 102.9316 101.9341 98.2401 105.6337 104.9817 109.8292 111.8844 98.0961 114.1304 111.1411 110.2384 106.7747 115.5411 109.2165 103.3030 105.9157 103.8138 102.3169 104.7777 110.6868 113.0982 108.4273 112.8556 114.4780 115.7013 117.8600
123.9900 123.8784 123.5932 123.3742 123.1330 122.8336 122.8997 122.4447 122.2986 122.7960 114.0383 109.0883 109.6858 113.9788 115.1947 111.3790 107.7605 109.3284 122.7254 119.4394 119.0172 108.9370 112.4972 120.5539 114.6709 111.3898 116.2844 115.8851 112.4201 115.4833 115.7847 114.5544 114.7267 115.1246 115.1835 114.4859 115.6247 96.3003 101.3914 100.3983 100.7902 102.8530 102.2490 104.0858 112.0899 103.0553 118.4736 118.5094 110.4969 106.0454 102.5178 109.6254 113.1279 112.5235 133.0424 101.3315 109.4240 107.2252 110.2665 117.5955 120.0909 112.3152 115.4074 115.7500
122.5600 123.3279 123.7091 123.4725 123.2326 122.9791 122.7014 122.4785 122.1737 121.8894 112.2013 118.3774 117.5265 122.6163 109.0384 117.8180 113.8403 116.3437 114.0763 109.6769 113.9826 113.6090 116.7047 107.3829 109.0000 102.2743 118.6868 112.6222 119.3370 110.2167 112.9367 115.3716 115.9033 102.5212 116.5850 112.2515 116.4471 97.0786 97.6353 109.0262 102.9159 105.5543 116.7468 107.3554 104.0903 114.6679 115.8324 117.2010 117.3194 94.7655 94.5610 105.6953 117.5011 106.1129 115.0135 100.4473 123.4290 110.8322 111.4966 122.3963 122.8902 121.6198 113.3519 116.1400
124.2100 123.9479 123.7852 123.5646 123.3413 123.1102 122.8708 122.6283 122.3637 121.8577 121.2079 122.1611 121.5958 121.4082 120.8264 111.5302 113.5233 108.3684 113.4006 101.5328 118.9826 119.0533 108.0502 113.4293 105.2473 100.7839 106.1066 94.7732 101.7708 113.6277 110.4325 116.7410 117.3207 103.3169 116.4561 114.3046 113.7023 103.4437 104.6725 115.4111 104.9424 107.7045 105.1524 103.5038 104.3053 118.2298 117.3949 117.6259 119.0693 116.3213 97.4211 111.4584 103.1909 113.4757 115.5577 116.6991 113.8924 112.4582 110.1722 121.4400 115.4588 113.6815 111.8231 114.9500
124.2500 124.1330 123.8889 123.6701 123.4510 123.2207 122.9948 122.7625 122.5299 122.2655 122.1138 121.8429 121.3579 121.3071 121.1435 119.4216 110.9844 123.0799 129.4610 112.1766 100.7267 105.5793 106.3291 107.6314 111.0981 104.6366 94.6717 101.3919 113.8335 106.3732 105.8141 117.3573 117.2222 116.3653 117.3280 104.9868 110.1027 103.7584 117.3820 106.0317 116.5132 108.3621 105.4348 109.1372 111.1765 113.0451 118.3230 119.0535 114.1463 112.1151 98.9987 102.9870 99.4228 107.3937 112.3348 109.9075 112.3253 111.6033 111.1682 118.9362 121.9519 117.6994 110.4462 100.3700
124.2800 124.2032 123.9916 123.7874 123.5649 123.3472 123.1157 122.8914 122.6474 122.4150 122.0055 122.7210 114.9318 123.3124 120.9669 120.9670 120.7249 114.2689 103.5741 105.7463 113.3307 115.1449 119.3160 107.1200 101.3944 108.7416 104.2277 97.1799 119.1828 113.4374 118.2397 117.1875 116.7781 116.0986 117.8707 115.5293 100.3636 110.0755 107.4970 107.4725 100.9298 112.3358 115.9670 115.6054 118.7583 118.4839 118.1124 119.3186 111.6020 121.3893 114.1764 110.3655 106.4694 96.3905 112.8755 110.2238 112.7877 111.0588 112.3955 114.4366 114.7080 121.6481 117.1767 100.6300
124.4700 124.3077 124.1069 123.8949 123.6823 123.4863 123.1877 123.8873 122.2603 122.6450 122.3340 122.1244 122.2997 122.3521 121.3893 120.8388 124.2458 103.6253 107.4639 99.1118 120.8404 109.8210 110.5230 114.1140 101.9313 105.4344 102.3758 101.6435 108.7014 107.4902 117.9822 117.4848 118.0900 117.3008 108.9368 108.2179 100.8432 97.0916 109.8567 107.7523 115.5545 110.9130 103.1794 115.2252 118.3650 120.6897 109.4634 118.9043 119.1677 119.4315 99.7532 98.9578 112.4004 97.5327 103.3730 103.7517 110.0808 118.1718 109.5702 118.5011 114.4347 111.3122 108.4398 122.6800
124.5100 124.4156 124.2147 124.0134 123.8103 123.5705 123.6214 123.7700 119.4965 123.0909 122.4645 122.0989 117.2874 124.9859 118.6685 119.8002 121.2283 100.0872 109.8805 110.1099 109.9237 107.4773 107.3469 109.8405 109.2170 106.7289 102.5726 108.9329 106.0783 113.0488 118.3263 118.1524 117.6464 105.3327 102.8710 103.7591 100.0352 96.5204 111.1746 106.9833 113.2740 119.5212 98.1936 118.0907 118.6985 102.9715 110.6227 116.1838 120.7531 120.7301 121.9312 95.9060 117.0592 99.5585 98.6984 97.3965 108.2393 111.8947 115.3867 111.4198 114.9635 119.0592 122.1353 121.0800
124.7300 124.5258 124.3272 124.1309 123.9439 123.5311 123.8062 113.1606 124.0714 122.8553 122.6938 122.9853 118.3778 115.6864 111.9448 115.6208 110.0139 108.1260 111.8803 112.6135 110.7678 107.7352 109.2046 108.4954 108.9048 102.6308 97.6637 99.2440 107.8262 111.6971 118.7362 118.6061 119.1334 116.0464 100.8078 111.4117 102.4438 107.6634 112.0440 113.5888 105.5452 112.8208 112.9693 120.2584 118.2194 114.2907 116.5869 107.2101 113.5237 113.8196 110.2143 100.3433 99.3756 98.8686 100.9152 111.9146 112.1569 108.2407 112.9592 112.1747 109.6638 116.6034 116.7011 122.4800
124.7500 124.6433 124.4619 124.2682 124.0640 123.8579 124.1858 123.4985 123.1198 123.0341 122.8679 122.3800 122.7136 123.1931 114.6402 116.1894 103.8546 106.8506 99.1129 106.4584 120.1085 111.4269 121.9132 115.2246 108.5294 104.4864 103.1295 95.7341 109.6196 120.2220 118.9430 119.0861 118.4354 116.5771 113.8194 135.2187 112.9238 105.9497 114.9717 116.7382 106.2590 106.2166 112.1227 119.5871 113.8526 110.2286 104.4602 111.9583 107.9715 112.6707 113.1097 121.0285 98.9725 99.5930 114.2897 122.4808 115.5948 112.5838 109.7650 115.3709 110.8039 116.7329 114.1908 116.6800
124.9600 124.7474 124.5323 124.3531 124.1991 124.0220 123.6960 123.6042 123.3323 123.2274 123.0136 122.8415 122.8794 122.4794 117.6979 115.0038 105.4035 100.3190 106.3811 98.6779 116.2286 121.0543 117.7776 114.6571 107.7058 104.2018 104.1133 108.0183 115.9901 119.9451 119.4673 119.5578 117.4705 114.2055 107.5305 112.5060 105.3003 103.6601 115.2584 113.2518 109.1275 109.3537 110.0753 113.5933 113.9894 112.0764 102.0011 107.2584 97.4969 104.5939 116.4272 109.0484 101.2653 99.1013 102.8963 121.0265 109.2225 115.1180 115.4430 119.3443 111.4384 117.7008 115.3194 117.6200
124.9600 124.8706 124.9418 124.8232 124.2948 124.1032 123.9283 123.7479 123.6077 123.4035 123.2073 122.9350 122.7605 117.7080 107.3090 100.9050 106.0532 100.2046 115.5576 102.4455 114.4951 121.7958 110.2561 107.8076 112.4850 106.7106 100.9472 115.8210 120.5611 119.8069 119.8340 120.9081 109.6188 117.1428 115.3193 114.7102 108.2381 104.9778 105.6250 112.0161 111.8743 111.4505 109.9429 111.6996 119.4739 119.7486 111.9154 97.7820 99.8744 99.4058 112.7710 106.4735 98.9111 119.6906 117.6504 121.5691 128.2879 115.7382 114.1070 119.1939 118.1525 110.8409 117.6671 117.6200
125.1800 125.0120 123.7868 123.8589 124.4870 124.3059 124.1138 124.0155 123.5832 123.4228 123.2444 123.3756 122.7031 120.6200 119.5516 104.1537 100.5564 97.4380 112.3691 107.3396 122.5980 117.5546 113.5259 111.0268 108.8434 105.7834 111.3365 118.6165 120.4821 120.2841 120.1047 120.8431 115.5073 120.5264 113.7906 117.6566 113.9587 117.1848 118.6888 110.5185 111.4844 110.4590 110.5212 109.5606 113.2063 118.7708 120.7454 99.8638 101.2870 111.4904 113.9835 108.6593 121.1589 123.0515 110.0242 124.4206 122.4359 122.9253 118.0195 119.6705 123.4667 106.8048 121.5398 116.4700
125.2300 125.1035 124.7785 124.6203 124.5364 124.7619 121.1125 124.3079 124.2008 124.1776 123.6193 123.3352 122.2056 119.9350 120.6669 100.0694 103.4669 112.3300 98.6687 121.9995 119.2685 111.9296 113.3047 119.0411 110.1862 110.6588 120.3112 120.8916 120.6389 120.6252 120.6028 118.1344 112.5821 111.6012 113.6665 113.3007 115.1334 120.7287 116.1006 116.5235 110.3218 110.1145 109.8094 117.0274 121.4212 121.1665 120.7144 115.6742 120.6186 111.4429 100.8877 116.4806 114.6076 115.5603 97.2335 114.0360 123.4829 123.0122 122.2366 123.3908 122.6365 119.0833 121.7187 121.7900
125.4000 125.2076 125.1415 124.9759 124.7413 124.6064 123.7254 123.3742 123.6773 115.2638 123.5834 123.2532 125.2825 119.9184 97.8416 101.7430 98.9772 113.5090 111.8909 121.1134 122.5641 110.7406 119.9282 112.4552 112.4619 122.1218 121.3277 120.9076 121.0416 120.9345 120.8698 122.0648 112.4015 122.0942 120.2619 114.7783 119.5158 121.2814 118.7500 116.1584 115.0451 109.3609 109.4528 119.3909 120.7295 121.1617 121.0621 125.5334 96.7399 119.8604 97.9956 104.9220 119.6490 120.3989 123.5583 119.1011 124.6078 122.7203 123.2413 123.4511 123.5980 123.7570 123.3848 121.2300
125.4500 125.3621 125.1993 125.0357 124.8716 124.7176 124.5119 124.4061 124.1017 122.7056 124.4813 123.3059 125.7590 109.1055 99.6753 100.3843 100.6851 103.1308 116.0140 123.3274 123.7532 114.4144 124.5486 116.2398 123.1957 121.4862 121.5331 121.4613 121.3310 121.2598 121.1596 121.4043 121.1386 121.3970 117.3706 111.4817 118.1884 120.9157 118.1325 114.9444 118.5723 119.8767 109.7475 115.9173 121.3093 121.3444 122.0875 123.1610 119.3676 99.3802 100.2389 108.4217 122.8295 122.3615 122.9313 122.7331 123.1203 123.2528 123.3976 123.5557 123.7538 123.8461 124.1892 121.8400
125.6200 125.4794 125.3254 125.1728 125.0135 124.8513 124.6931 124.5592 124.2249 124.3264 124.0901 123.8834 123.8934 119.9864 114.0921 102.7896 112.6665 104.3462 123.7212 119.8132 122.7708 111.8723 109.7283 121.6787 122.3040 121.8952 121.8181 121.7362 121.6590 121.5675 121.5151 121.4103 121.3392 120.3720 112.6122 112.4000 118.6348 121.2379 122.2372 115.6777 122.1522 122.1120 117.0640 115.9157 122.5109 121.6539 119.7417 115.5364 121.8212 100.9010 98.6922 118.5748 121.2143 122.7774 122.9854 123.1435 123.2967 123.4397 123.6057 123.7766 123.9063 124.0747 124.3045 124.2900
125.6700 125.6077 125.4619 125.3070 125.1484 124.9949 124.8584 124.6895 124.5624 124.3378 124.2405 123.4564 121.5992 116.7414 115.0990 112.8873 102.2156 111.0770 131.7217 127.9398 119.3698 113.5220 119.3406 123.2998 122.3252 122.1777 122.1058 122.0429 121.8977 121.8460 121.8036 121.7715 121.6792 121.6135 121.7809 112.7814 119.0216 121.5761 121.6655 122.1346 121.9171 122.1961 114.5769 115.5972 122.6013 121.9355 122.6621 121.7119 123.5265 122.4918 115.4490 103.8172 121.7768 123.3578 123.1256 123.3123 123.5656 123.6008 123.4331 123.8684 124.0999 124.1194 124.3411 124.4900
125.8300 125.7378 125.5895 125.4421 125.2978 125.1400 124.9633 124.6820 124.7480 125.0684 126.0772 122.4835 119.3231 111.0068 105.8700 121.0936 103.6920 108.1804 112.3872 102.1930 117.8495 115.6664 122.8638 122.5438 122.5391 122.5404 122.3651 122.1560 122.4054 122.2172 122.1005 122.0484 121.9735 121.8838 122.0638 121.6606 121.7590 121.9395 122.0318 121.9553 121.9323 122.2642 115.1231 115.7965 118.2785 113.4328 120.8391 114.3171 121.5816 122.9091 121.7430 121.7284 117.2696 123.5233 123.4154 123.8281 121.8867 125.9519 125.0228 124.0997 124.3552 124.1077 126.2148 124.7500
126.0500 125.8622 125.7167 125.5724 125.4337 125.3122 125.1482 125.9218 126.5287 123.3776 118.9284 112.1101 118.1286 101.3343 108.5189 104.4485 120.5095 127.6867 119.0041 117.7716 122.7739 123.2519 123.0292 123.4747 122.9015 122.3868 122.6950 124.0218 121.9796 122.4876 122.3787 122.3432 122.3162 122.2874 122.1993 122.1874 122.2241 122.2296 122.2620 122.2551 122.3670 122.2698 121.4941 118.1697 116.5605 112.5073 111.5231 123.7650 123.5941 122.7624 120.9929 123.5422 123.7516 120.0229 123.8800 123.7385 123.8560 121.6602 123.2436 124.1988 124.4342 125.0294 126.8019 124.7500
126.0600 125.9937 125.8624 125.7268 125.5688 125.4426 125.1993 124.9862 117.8597 106.7207 101.4291 108.0786 105.3504 104.7141 121.3538 127.9139 125.1616 123.3366 124.0598 124.9771 121.8585 123.2283 124.4343 115.9983 128.0362 123.2354 123.4183 130.0941 123.0790 122.7606 122.6554 122.6095 122.5749 122.5516 122.5649 122.5597 122.5203 122.8850 122.5325 122.7985 122.8441 122.5641 121.1436 102.8832 104.3908 122.3708 125.0928 123.0240 123.0110 123.2982 123.4897 123.3017 123.7453 121.0916 124.5171 124.0497 124.2552 125.3069 125.4195 124.5277 124.6314 124.5167 124.5937 124.9400
126.2600 126.0450 125.9300 125.7747 125.6775 125.6132 125.3481 126.0990 110.8562 111.2768 117.1129 123.0981 125.9546 109.2119 110.9764 103.2872 118.1604 117.4695 124.3465 123.4063 121.5293 123.3560 124.2054 116.3845 124.3919 123.2225 122.9133 122.7661 122.9354 123.0113 122.9239 122.8795 122.8545 122.8263 122.8044 122.8313 122.5735 125.0158 122.6031 122.5642 121.0344 123.1627 120.4420 115.6660 118.1901 121.6762 123.8260 123.2492 123.2756 123.5198 123.6064 123.7193 123.9085 123.9794 120.2179 124.2404 123.6862 124.4097 124.5269 124.6760 124.8119 124.9903 125.0627 125.1900
126.4200 126.3034 126.4571 126.1613 126.0364 125.6907 125.5916 125.8995 120.3148 116.8135 122.6697 123.8888 124.4216 108.5892 125.5580 123.6569 116.9234 120.3417 124.4942 124.0336 123.9463 123.8154 123.5772 123.8116 123.5668 123.4222 123.4635 123.4461 123.2802 123.2296 123.1884 123.1481 123.1199 123.0937 123.0853 123.0660 123.0860 122.8177 122.9931 123.1072 123.1437 120.9953 123.5203 117.4105 116.0581 121.2703 120.8994 117.9703 123.7517 123.7702 123.8313 123.9379 123.9744 124.2122 120.8663 125.3811 124.5756 124.6148 124.7268 124.8420 124.9623 125.0922 125.2098 125.3700
126.4700 126.5810 122.5742 122.7267 126.1426 125.8376 125.7875 125.3729 127.8822 126.4522 123.5362 116.7142 109.7754 110.5060 123.3487 120.5083 121.3143 122.1148 124.5766 124.2410 124.1284 124.0499 123.9708 123.8898 123.8018 123.7308 123.6946 123.2952 123.5672 123.5192 123.4341 123.4013 123.3725 123.3482 123.3390 123.3292 123.3246 123.3828 123.4865 123.4230 117.1890 108.9480 119.6585 118.5853 116.3563 116.9664 121.4222 125.2158 123.8430 123.9980 124.0507 124.1452 124.2934 124.3719 125.7182 124.2178 124.6626 124.7732 124.8958 125.0099 125.1337 125.2553 125.3789 125.4000
126.6200 127.0185 126.1783 125.5844 125.9970 126.0032 125.9652 125.2721 125.7208 123.8345 122.5915 115.5532 103.0742 111.9368 128.1585 124.1657 125.0915 124.6459 124.7856 124.4191 124.3412 124.2531 124.1804 123.9714 124.1066 123.8460 123.9485 126.8355 123.7663 123.7690 123.6815 123.6506 123.6225 123.6000 123.5903 123.5804 123.5831 123.5801 123.6615 123.6552 117.3467 119.3890 115.5233 124.1070 118.2501 121.2657 118.4395 123.8535 124.4060 124.2385 124.2627 124.3607 124.4530 124.5339 124.6042 124.8719 124.8343 124.9648 125.0765 125.1906 125.3046 125.4230 125.5342 125.6000
126.6400 120.2470 126.6286 126.3309 126.4454 126.2204 126.0203 125.4736 123.3878 121.6629 122.1002 123.5207 124.9381 117.6277 124.2297 124.9997 124.9715 125.3292 125.1146 124.6506 124.5583 124.4757 124.2980 125.2254 124.2579 123.8929 131.7915 124.2949 123.9178 124.0371 123.9263 123.8931 123.8627 123.8430 123.8362 123.8261 123.8232 123.8385 123.8856 123.8777 124.2009 124.9994 124.2823 117.9503 114.9886 102.3705 126.0740 117.9510 123.8026 124.3100 124.4759 124.5615 124.6558 124.7412 124.8425 124.9244 125.0422 125.1436 125.2518 125.3599 125.4696 125.5826 125.6953 125.7900
126.8300 126.8562 126.5985 126.4717 126.4347 126.3487 124.7734 125.5719 123.3944 122.8080 125.4362 125.6188 125.8163 125.9236 125.3265 125.2249 125.1687 125.0136 124.8407 124.8351 124.7589 124.6992 124.4520 118.3148 125.0896 123.5672 123.9293 123.7650 124.1842 124.2198 124.1548 124.1242 124.1023 124.0836 124.0702 124.0683 124.0865 124.0992 123.9136 124.1765 124.0070 123.9688 124.0974 125.4220 108.3097 122.6898 112.1882 124.5616 125.0410 124.4615 124.6850 124.7629 124.8525 124.9375 125.0326 125.1314 125.2222 125.3235 125.4253 125.5304 125.6352 125.7501 125.8572 125.9900
126.9800 126.9206 126.7564 126.7729 126.1307 125.8565 125.1567 123.1086 123.8056 123.9571 126.3171 125.7222 125.5782 124.7678 125.5072 125.3857 125.2973 125.2096 125.1255 125.0403 124.9564 124.8835 125.4805 116.0258 126.7952 124.4723 124.5742 124.5233 124.4769 124.4195 124.3963 124.3590 124.3303 124.3143 124.2991 124.2988 124.3332 124.2817 123.7519 128.9527 124.3849 124.1418 125.5040 115.4211 110.8324 120.5820 111.7890 125.2311 124.5942 125.0937 124.8744 124.9514 125.0383 125.1338 125.2187 125.3024 125.4004 125.5034 125.6010 125.7026 125.8030 125.9075 126.0088 126.1500
127.0200 127.0231 126.8595 128.0835 119.1043 112.8850 126.6909 122.1468 122.3183 122.4065 126.7151 125.9185 126.6507 126.0985 125.6221 125.5630 125.4816 125.3931 125.3074 125.2321 125.1508 125.0689 124.9499 126.0151 124.8631 124.8060 124.7589 124.7276 124.6391 124.6350 124.5757 124.5857 124.5576 124.5403 124.5284 124.5205 124.5784 124.7452 125.8574 124.3154 120.1229 125.6875 120.9882 114.7058 118.9684 118.2969 121.6649 122.4153 124.9562 124.8691 124.9332 124.9719 125.2687 125.3143 125.4052 125.4918 125.5838 125.6767 125.7703 125.8633 125.9858 126.0616 126.1822 126.1900
127.1700 127.1622 126.9039 126.6968 111.5006 121.6397 124.1899 124.0059 123.8282 126.0989 125.8167 124.9033 119.2257 128.0503 125.6228 125.7356 125.6589 125.5750 125.4913 125.4149 125.3344 125.2866 125.2142 125.0414 125.1111 125.0236 124.9945 124.8340 125.1180 124.6998 124.8321 124.8019 124.7719 124.7623 124.7538 124.7487 124.7102 124.7446 124.5678 124.5757 117.4074 111.9987 126.3319 121.9694 127.2945 105.5630 119.9770 122.4653 125.0328 132.5776 130.1627 125.1520 125.3958 125.5469 125.5779 125.6686 125.7610 125.8445 125.9127 126.0500 126.0938 126.1388 126.2420 126.3500
127.3200 127.2694 127.2011 127.0158 127.5956 124.2860 124.1723 126.3352 120.5095 125.3246 129.3618 143.5068 119.9863 126.0848 125.9253 125.9178 125.8415 125.7463 125.6750 125.5973 125.5275 125.4775 125.3612 125.4075 125.2780 125.2355 125.1770 125.1598 124.7580 122.5520 125.1399 125.0370 124.9986 124.9682 124.8872 124.8462 125.3001 124.8710 125.4472 126.7848 125.2834 114.5206 113.5027 128.8716 110.1532 106.3891 122.0316 119.9774 125.4669 124.3691 126.7521 124.2957 125.9476 125.6840 125.7589 125.8476 125.9281 126.0018 126.2616 126.1118 126.6443 127.3952 126.3908 126.5100
127.5100 127.3926 127.4014 126.3399 124.5667 123.5124 124.9638 112.7858 105.2464 115.5617 126.4318 123.0165 125.3965 126.1522 126.2637 126.0656 125.9863 125.9688 125.8479 125.7819 125.7349 125.4566 125.6071 125.2371 125.4729 125.4216 125.4007 125.1900 125.2687 125.5093 125.1994 125.1907 125.1571 125.2968 126.0022 125.9958 121.7378 125.4944 127.2364 121.6390 126.2629 113.8750 115.7019 122.9064 116.2288 123.2102 119.5043 121.7927 125.3731 125.5109 126.2923 119.5262 125.7097 125.9119 125.9316 126.0127 126.0891 126.2274 125.3905 126.7589 123.5675 119.7237 127.8311 126.7300
127.6500 127.4949 127.4604 125.8233 124.9804 125.2278 128.0049 106.4535 128.0257 117.8999 120.2419 125.9224 126.2259 126.3652 126.3041 126.4056 126.4351 126.0762 126.0311 125.9593 125.6758 127.1532 122.9428 125.8220 125.6805 125.6041 125.5026 126.1745 127.7419 123.9502 125.4703 125.5307 125.5677 125.3489 126.7059 122.2439 121.6181 125.6138 119.0711 109.2923 121.8764 125.3572 111.0362 123.6838 116.6189 126.2379 124.6801 126.1303 126.0110 125.5310 125.5352 116.1392 126.2378 126.0013 126.1479 126.1820 126.2592 126.6152 127.1404 127.0930 114.5247 114.8262 129.1834 126.7300
127.6700 127.6641 127.6687 126.7626 125.7282 124.8125 119.4217 122.8239 118.3104 130.4538 127.2199 126.7107 126.6927 126.6292 126.3962 126.8023 126.9167 126.2715 126.2034 126.1357 125.9125 125.4208 117.1988 126.5622 125.8458 125.8071 126.3265 115.1613 115.2627 127.9136 125.5961 123.9816 126.1734 128.4423 108.1897 107.8150 117.7874 126.5672 120.5112 112.1854 117.0794 114.3897 110.7831 121.0988 124.8166 126.0627 125.7554 125.5391 125.4935 125.8061 126.3944 126.9178 126.1722 126.4341 126.1121 126.3890 126.4189 126.3327 128.3538 123.4460 125.4278 113.4222 127.9504 127.0400
127.8400 127.8440 126.8157 127.2019 127.0686 127.9050 126.2523 123.0178 125.8410 112.7483 114.2647 127.1657 126.7711 126.7810 127.1885 126.1817 126.4371 126.4694 126.3723 126.3140 126.0845 126.4584 126.9822 125.9885 126.1040 125.9991 126.0369 127.6527 108.1348 128.8205 125.8200 129.1103 134.9316 132.3641 107.3968 111.4116 117.4306 107.5165 120.0498 112.3220 127.0502 116.1915 118.4934 124.2091 125.8153 126.8919 126.4226 126.2259 128.8842 125.9051 126.1758 126.1761 126.3207 124.0977 128.4665 126.6234 126.5802 126.6062 126.9015 109.7510 130.1504 126.9146 127.3453 127.0700
127.9900 127.8773 127.8552 127.6405 127.7261 126.9892 129.0048 123.2818 126.9037 127.3393 126.7355 127.6383 127.2586 127.4292 122.5579 128.5400 126.6481 126.5980 126.5526 126.4829 126.4568 126.3092 126.1923 126.2915 126.1977 126.1730 125.9041 126.8616 121.8653 126.1243 125.9700 107.8018 114.2155 126.2251 114.3144 121.4822 122.3215 121.2349 122.2112 114.2301 128.3243 118.4087 127.9168 129.7447 125.6344 126.2690 114.2292 126.6345 116.6383 124.7064 126.3975 126.4435 126.4548 127.9937 130.6594 126.5445 126.7570 126.7840 128.1051 114.8461 117.3291 127.0814 127.2901 127.2500
128.1400 128.0031 127.9282 127.7368 127.6902 128.8242 121.9981 106.7834 118.6148 116.3617 104.8335 111.4756 127.4634 129.4957 100.8517 127.8263 126.6230 126.7763 126.7125 126.6450 126.5908 126.5495 126.5125 126.4696 126.4324 126.3687 126.3114 126.1898 126.7902 126.0919 124.6447 116.5887 106.6957 128.4964 123.1768 127.0362 126.5976 126.6213 127.0415 125.8943 126.4116 127.1373 123.5564 125.6637 131.2506 126.6232 125.3550 116.9112 111.7499 128.3996 126.5563 126.5889 126.6550 126.6107 126.3904 126.8337 126.9479 127.0590 125.9617 127.0689 125.9504 127.3813 127.3231 127.4000
128.1400 128.1498 128.0056 128.2822 126.8361 111.4415 124.3000 116.0193 116.4934 120.3457 113.3668 104.5211 124.4763 123.6146 109.3137 127.5548 126.5751 126.9169 126.8735 126.8097 126.7445 126.7093 126.5580 126.4882 126.4514 126.5195 126.5876 126.4311 126.2272 126.6553 119.0223 117.5552 123.9546 125.9037 126.6927 126.2200 126.2469 126.2604 126.2779 126.3466 126.3180 126.0625 121.7405 119.3776 126.5806 126.2067 127.0396 122.8725 122.9405 123.8732 126.6744 126.7853 126.8161 126.9160 127.0222 127.0083 127.0404 127.1253 127.2209 127.2662 127.5447 127.3563 127.5177 127.5400
128.2900 128.2525 128.1939 128.0254 128.5929 129.6496 120.7529 115.1492 106.0571 110.6444 107.9930 107.6280 125.5667 126.7775 127.9341 127.7266 126.9968 127.0781 127.0057 126.9850 127.0407 126.7363 126.9303 127.0533 126.5736 126.8763 126.3880 126.0396 126.8994 124.1683 117.0961 112.9679 125.6463 126.2366 126.5311 126.5288 126.5249 126.5228 126.5258 126.5307 126.4456 126.9273 117.6408 117.7642 126.6079 126.7206 126.6978 126.8603 126.9775 122.3510 127.0048 126.9329 126.9826 127.0332 127.0863 127.1467 127.2228 127.2736 127.3465 127.4145 127.4839 127.5790 127.6205 127.6800
128.4200 128.3706 128.2822 128.2631 128.5323 115.7791 101.1735 107.8222 117.9686 110.5718 113.3246 121.7589 128.7647 127.5669 127.3748 127.4878 127.2613 127.1522 127.3807 127.0706 126.7201 126.1086 119.5583 123.2085 126.9671 126.5370 127.7946 108.6973 129.2350 121.9870 103.7000 118.4085 127.0213 126.7929 126.6807 126.6721 126.6933 126.7041 126.7364 126.7558 126.6750 126.7984 125.6884 126.7010 127.1843 126.8194 126.8793 126.8148 126.9287 127.2855 127.0910 127.1119 127.1328 127.1916 127.2479 127.3068 127.3648 127.4292 127.4899 127.5545 127.6308 127.6900 127.7671 127.8700
128.5800 128.4943 128.4406 128.3666 128.7158 118.1487 103.1160 112.3373 115.8464 106.7784 110.4307 119.5180 127.7798 127.7826 127.5171 127.7059 127.4509 127.7109 125.1014 127.3335 127.2793 135.3129 120.5341 125.4335 126.5719 127.6698 120.7102 126.6982 116.1751 118.3664 118.7821 124.3402 126.9296 126.9107 126.8649 126.8394 126.2940 126.8923 126.4310 126.5114 126.7834 127.1671 127.9701 121.2721 126.8627 126.9613 127.0419 127.0891 127.1122 127.1011 127.1880 127.2629 127.2954 127.3468 127.4007 127.4530 127.5159 127.5738 127.6371 127.6963 127.7699 127.8351 127.9027 127.8700
128.7200 128.6149 128.1946 128.6004 126.1754 124.9214 119.3206 123.4839 119.2291 117.1114 130.2136 123.9585 128.1641 127.7936 127.7074 127.6215 127.6344 127.7325 118.6557 127.4867 111.2359 114.0595 122.4603 127.3872 128.1122 125.0604 126.5017 116.7756 112.2506 129.4426 128.3519 127.2480 127.0719 127.0262 127.0466 128.4207 126.0621 132.7472 128.7619 129.9479 126.4505 127.6089 119.0153 125.9843 127.7291 127.1573 127.2006 127.2406 127.2785 127.3294 127.3645 127.3981 127.4469 127.5008 127.5481 127.6023 127.6694 127.7241 127.7811 127.8394 127.9035 127.9726 128.0379 128.0200
128.8400 128.7508 128.7900 130.8258 121.9283 126.5032 127.7166 116.1309 113.9337 115.1119 127.6655 128.2989 127.9296 127.9136 127.8587 127.7916 127.7568 127.5982 128.2488 127.5417 127.1377 112.1682 115.3819 128.6058 110.1072 121.0387 125.3017 113.8650 113.0999 128.7963 127.0081 127.1860 127.2064 127.3391 126.8157 134.4485 132.2540 132.5185 128.2355 132.3124 125.6445 130.4397 115.6981 128.3792 127.1972 127.3163 127.3628 127.4032 127.4358 127.4720 127.5176 127.5532 127.5997 127.6528 127.6980 127.7489 127.7939 127.8637 127.9329 127.9861 128.0443 128.1100 128.1663 128.2800
128.8600 128.8102 128.7957 123.4831 124.5582 128.0547 129.6058 120.0018 124.0209 120.0836 127.9595 129.2657 127.9032 128.0588 127.9802 127.9533 127.9303 127.8884 127.4531 127.7446 128.5622 127.0853 125.6889 128.5225 120.9203 129.3165 109.2582 112.0731 129.5168 126.9881 127.4410 127.3906 127.4649 127.4128 125.1452 122.0020 113.9350 116.0360 119.6034 126.5653 126.7967 128.3523 117.9983 128.2387 127.5316 127.4840 127.5190 127.5602 127.5920 127.6240 127.6620 127.7071 127.7513 127.8000 127.8482 127.8942 127.9703 127.9876 128.0139 128.0698 128.1790 128.2377 128.3233 128.3100
128.9900 129.0250 129.2339 123.3683 122.6059 124.1968 128.5096 121.2977 119.9382 129.4571 116.6403 125.2801 128.7750 128.5635 128.2121 128.1163 128.0191 127.9757 127.9692 127.9055 127.4610 128.6519 120.9115 127.7953 128.9824 111.0062 117.2648 115.5648 127.0163 127.4571 127.5683 127.6015 127.2029 127.3965 112.3930 121.5011 116.5420 114.6291 127.7715 127.8118 127.2323 128.2376 118.2766 128.3414 127.6893 127.6358 127.6786 127.7119 127.7397 127.7761 127.8177 127.8585 127.9033 127.9432 127.9935 128.0394 128.0747 128.2283 128.5530 128.7047 128.3438 128.3772 128.3260 128.4500
129.1300 129.0706 128.7135 126.4344 129.1453 128.3195 129.0670 130.0073 119.9682 130.7109 126.7018 123.0289 129.5165 122.9035 128.4529 128.0330 128.2030 128.1304 128.1233 127.9903 129.1923 116.9986 120.9321 128.9844 128.7529 112.4431 106.5734 119.5296 128.3887 127.6413 127.7188 127.7333 127.6933 122.4145 129.4882 128.8630 124.6003 122.5441 128.3991 127.3805 128.2290 126.8411 128.4524 128.1662 127.7744 127.8040 127.8304 127.8648 127.8970 127.9279 127.9618 128.0011 128.0458 128.0849 128.1335 128.1779 128.2310 128.2164 124.4317 125.5831 129.0328 128.4555 128.6690 128.5900
129.2600 129.2100 129.0823 129.0965 128.9967 128.8462 128.8097 128.6855 129.6135 128.2210 126.1888 114.0950 121.6820 130.4395 128.4930 129.2505 128.1786 128.2669 128.2178 128.3960 140.2573 116.8778 119.8278 128.3521 115.8595 125.5230 125.6889 123.7038 127.7555 127.9350 127.8697 127.8766 127.8360 128.4187 127.4026 127.6724 127.9951 127.3755 128.4403 129.4720 129.0414 115.4419 128.1427 126.7724 127.9734 127.9481 127.9812 128.0070 128.0430 128.0728 128.1074 128.1455 128.1884 128.2282 128.2728 128.3192 128.3563 128.5193 134.2836 126.7457 128.8429 129.3461 123.0217 128.7200
129.3600 129.3345 129.2388 129.1876 129.1255 129.0446 129.0022 128.9395 128.8269 126.0215 127.3226 129.1700 114.1598 128.9491 118.2234 127.7851 128.4407 128.3888 128.3540 127.9094 117.7243 115.0488 112.2607 116.4126 115.6428 115.4283 120.5823 129.0136 127.9958 128.0559 128.0216 128.0186 127.9862 127.9234 128.0565 127.9925 128.5207 128.5553 133.2090 114.5924 129.5861 129.0490 129.2908 135.1818 127.6273 128.0881 128.1319 128.1540 128.1888 128.2204 128.2540 128.2906 128.3317 128.3678 128.4081 128.4581 128.5120 128.4682 128.5809 128.3979 128.6820 128.5662 116.0820 116.4000
129.3800 129.4114 129.3532 129.2885 129.2185 129.1678 129.0989 129.0418 128.9620 129.1397 128.9787 128.6204 129.9887 130.0168 127.8998 129.6453 128.2730 128.5017 128.9657 128.8364 122.9638 118.5850 108.8596 107.6756 115.7224 120.0697 121.5731 125.8644 128.2510 128.1922 128.1693 128.1572 128.1505 128.1487 128.1195 128.0970 129.4264 118.3755 130.9381 110.9407 130.7479 127.8205 128.9288 115.7014 125.5749 128.4013 128.2738 128.2997 128.3283 128.3586 128.3957 128.4281 128.4707 128.5021 128.5453 128.5953 128.6155 128.6990 128.7385 128.9316 128.8412 130.5519 128.7284 113.5700
129.6300 129.4572 129.4360 129.4091 129.3456 129.2818 129.2234 129.1685 129.1145 128.9869 129.0204 128.9311 128.1071 112.4577 110.3054 128.8355 128.1831 128.2176 122.1431 128.3732 117.8450 130.5095 125.0715 112.9672 124.7388 121.0440 124.8594 128.6792 128.3507 128.3445 128.3205 128.3092 128.2967 128.2953 128.2816 128.2518 128.3528 128.3378 118.2294 128.8152 128.7128 128.3953 128.3727 127.5724 129.0809 128.4971 128.4205 128.4415 128.4722 128.5011 128.5321 128.5623 128.6061 128.6381 128.6824 128.7195 128.7779 128.8097 128.8692 128.8012 128.8191 130.2338 127.4052 125.7400
129.6300 129.6391 129.5230 129.5242 129.4497 129.4004 129.3403 129.2887 129.2302 129.2078 128.9911 130.1711 128.6861 110.1137 113.9187 126.2480 114.2994 126.0068 122.1268 128.2868 119.9911 127.8256 111.3619 118.9731 120.1794 120.2860 123.0492 129.0841 128.4434 128.4062 128.4536 128.4416 128.4338 128.4356 128.4247 128.4227 128.4348 128.3811 129.0899 128.9071 128.0212 128.4495 128.4962 128.5312 128.2811 128.3721 128.5543 128.5866 128.6114 128.6414 128.6684 128.7026 128.7441 128.7814 128.8143 128.8548 128.8902 128.9378 129.1174 129.0825 132.5639 130.8222 112.8020 117.8100
120.2400 120.2400 129.6100 129.6100 129.5400 129.4800 129.4200 129.4200 129.3500 129.2800 129.1800 129.2100 107.1300 129.0500 129.0500 128.9700 108.0300 128.9100 128.8200 128.8400 128.7500 128.7700 111.8700 128.6800 118.6200 128.5900 128.6100 130.8500 130.8500 128.5200 128.5300 128.5400 128.5500 128.5500 128.5500 128.5500 128.5500 128.5500 128.5500 128.3400 128.5400 128.5300 128.5200 128.6400 128.6300 128.6000 128.7100 128.6900 128.6800 128.7800 128.7600 128.7400 128.8400 128.9200 128.9000 128.9900 128.9700 129.0500 129.0500 127.8000 136.2000 136.2000 118.0700 117.8100
