123.9400 123.7700 121.6300 123.2500 122.8900 122.7000 122.5100 122.1200 121.9100 121.4900 121.2700 120.8100 120.5700 120.0700 125.9300 121.2800 118.9900 118.6900 118.0700 108.5200 117.0500 121.0700 115.9000 115.4700 114.5600 114.0700 113.5400 112.3900 111.7500 110.3200 109.5000 107.5900 106.4500 105.1500 101.7700 99.4200 90.9700 91.6400 91.8200 96.6800 99.4300 101.7700 105.1600 106.4600 108.6000 109.5000 110.3200 111.7500 112.3900 113.5400 114.0700 108.4200 111.1000 97.2100 94.6800 95.0500 102.0100 107.8500 111.8400 98.8400 114.9700 97.8200 103.6100 107.3600
123.9400 123.7562 123.3237 122.7775 122.9148 122.7023 122.4302 122.1381 121.8141 120.9480 121.0108 123.1555 120.1229 120.2434 122.4019 119.2840 118.5845 118.4700 118.4036 113.1782 115.3046 118.5194 116.6431 115.4179 114.8063 114.0962 111.0339 113.8510 111.2129 110.5195 109.3141 107.9155 106.3610 105.3479 102.5670 98.3017 91.8007 87.2535 87.4008 92.9109 98.8212 102.1550 104.6286 106.5616 108.1640 109.3228 108.8858 119.0313 105.1470 114.2736 114.6044 112.5401 108.5186 105.3125 95.5797 98.2694 102.3267 106.1676 110.6570 102.7030 108.7631 105.2897 107.4564 107.3600
123.9300 123.7873 123.3494 126.2735 122.3894 122.6906 122.4089 122.1345 121.9037 122.5773 121.9923 122.2889 121.3638 120.2362 119.6012 119.5052 119.1055 118.5692 118.0824 118.0290 117.4025 116.4169 115.8490 115.4248 114.8032 114.0263 110.8398 115.6844 111.1017 110.5048 109.2369 107.8434 106.1751 103.6527 101.1606 97.6106 90.0116 84.7662 85.0018 91.0196 98.0278 101.8214 104.3449 106.3414 108.1340 109.2743 106.9329 129.8257 99.5132 114.4303 113.8979 116.2152 112.3805 108.2395 96.2889 100.0155 102.3665 108.5125 112.0585 109.4477 101.1345 113.6113 113.6491 120.5600
123.9300 123.7720 123.3603 126.2661 123.6535 122.7707 122.4469 122.1064 121.6686 114.2602 107.2392 115.6464 111.4049 123.6939 119.6605 119.4187 118.9823 118.5834 118.0943 117.5711 117.1051 116.6197 116.0712 115.4121 114.7559 114.0188 111.8970 113.7825 111.4531 110.5108 109.3108 107.9590 106.3621 104.4739 101.9317 98.4623 92.2507 87.7240 87.8047 94.1282 99.8591 102.2413 104.9019 106.8289 108.2529 109.9026 100.3850 100.5826 108.9605 113.4360 114.5127 116.2989 97.8707 120.2665 96.5912 102.1567 103.6797 106.3510 110.9353 108.1535 107.7525 112.7684 114.5774 120.5600
123.9400 123.7471 124.3509 110.8108 124.5578 122.4393 122.3186 122.1700 121.3486 117.8665 117.8216 119.1350 119.0478 125.6691 120.0717 119.4961 119.0300 118.6114 118.1848 117.6961 117.2226 116.7310 116.1611 115.6169 115.0752 114.3525 113.0767 112.2247 111.7009 110.7034 109.6637 108.3586 106.8110 105.0714 102.9689 100.3769 97.1642 94.0910 94.4074 97.0245 95.6888 103.3416 105.1232 106.3276 108.5616 109.2604 96.6802 93.4073 109.9999 115.8961 109.0828 104.5105 110.5951 101.4266 103.4719 100.4282 107.8816 118.8278 97.7216 111.5031 109.0362 110.0698 118.9219 120.5700
123.9400 123.7353 123.6985 120.8131 122.9356 123.6788 122.8186 121.9929 122.0913 122.2522 121.6935 117.1941 120.1192 120.7502 119.9165 119.4991 119.0957 118.6716 118.1854 117.8405 117.0079 116.3311 116.2887 115.1838 114.2057 113.3488 119.8771 112.0680 111.9948 111.0467 109.2429 108.7848 107.4590 106.0127 104.3579 102.6247 100.7553 99.5605 99.5982 100.8907 102.7802 104.7887 106.4865 118.4603 107.6229 111.8240 93.0960 100.9710 113.4909 94.3559 102.2393 100.8348 103.7463 101.7712 104.3404 107.0706 111.9602 106.9787 103.9310 105.7644 106.2471 114.5194 120.2832 120.5800
123.9500 123.7922 123.8438 123.6265 123.5239 112.9024 128.4118 121.4921 121.8584 121.6166 121.1879 120.5052 121.1131 120.4472 119.7604 119.5069 119.1566 118.7360 118.6015 116.7270 133.8485 119.9521 116.3125 120.9263 125.7923 119.4340 113.8449 113.0784 112.2947 111.3841 110.3825 109.4078 108.2742 107.0642 105.7899 104.5308 103.3873 102.7055 102.7625 103.5150 104.6711 106.0756 104.0722 108.4361 109.4226 110.6222 111.1881 112.5435 113.3421 116.3967 113.7727 112.3604 101.3580 102.1427 107.6904 107.9197 113.9900 101.3300 98.5156 105.5031 110.9864 115.8660 120.4909 120.6000
123.9600 123.7000 121.5790 121.8044 123.9353 124.5466 122.4347 122.1821 122.0788 118.4698 122.5166 106.3008 107.6714 125.2066 118.8932 119.6596 119.3111 118.8319 118.3146 118.9255 105.7938 117.4737 116.8383 118.6424 118.8972 114.3156 114.6492 111.6016 112.7689 111.8071 110.9861 110.0834 109.1294 108.1293 107.1399 106.2398 105.4899 105.0718 105.1067 105.5684 106.3631 107.2689 108.8879 103.2976 96.5771 112.5024 111.0479 112.8731 113.0931 115.7052 100.7236 116.7122 116.5493 99.6870 110.6550 105.2862 97.0092 97.0946 100.5753 110.3714 113.2117 120.6293 120.6409 120.6200
123.9700 123.6399 124.8540 123.4877 122.9921 122.6415 122.6277 122.2642 122.5414 121.8562 122.9606 110.4044 106.7345 109.7873 113.7364 123.0028 119.5616 118.9671 118.5055 118.5100 118.7289 110.5167 118.6504 110.4973 103.4062 100.6829 118.7858 115.0171 113.3339 112.3543 111.5865 110.7951 109.9936 109.1936 108.4174 107.7258 107.2214 106.9516 106.9935 107.3020 107.7590 108.5103 109.2568 111.1376 98.5781 104.5631 95.8460 114.8089 113.7178 114.5675 115.2818 115.6379 115.9914 118.2514 117.5836 120.3567 98.8031 110.5057 109.3954 119.8224 119.4973 120.1672 119.1943 127.1700
123.9900 123.7800 123.4589 123.4049 123.2567 122.9659 122.6603 122.6972 120.9587 121.6952 121.5101 115.8533 109.5839 112.2698 115.9103 134.3335 119.9253 119.4103 118.7605 118.2506 118.7787 114.5313 115.5625 116.7399 106.2103 115.1144 113.4744 127.5943 113.5039 112.8756 112.2047 111.5181 110.8406 110.1865 109.5677 109.0711 108.6220 108.3592 108.4463 108.3585 109.3852 109.6191 110.2813 111.2318 110.9620 96.2613 96.1251 111.0750 114.0109 114.7191 115.2581 117.0967 117.2618 121.5474 122.3516 113.0046 105.4626 108.2355 117.9331 119.6616 119.8743 120.0152 117.6585 106.4900
124.1800 123.9615 123.7543 123.4680 123.1937 122.9517 122.5941 122.3300 114.5196 120.7461 122.9260 109.7066 117.6572 109.7138 116.3867 119.2649 120.2773 118.7927 118.1753 117.3628 117.2323 106.9366 109.5405 114.4630 115.0509 112.4578 115.0001 111.3595 113.4844 113.3885 112.8202 112.2248 111.6557 111.0915 110.6374 110.1539 109.8087 110.1229 116.2509 109.4653 109.6259 110.7646 111.1795 112.1556 111.8323 116.7051 106.1513 111.0973 114.8785 115.4382 118.0549 111.1911 108.8704 116.7405 129.2766 105.3455 110.1280 118.6495 120.0508 119.4213 119.9550 120.3758 126.6285 124.0100
124.1800 124.0079 123.7670 123.5281 123.2948 123.0317 122.6580 123.2051 115.9678 118.3536 117.2745 114.7905 113.8290 120.4293 114.2098 121.9940 122.0655 121.4916 119.6565 121.9137 118.2868 114.5435 116.5279 109.9433 116.9074 112.1297 115.6671 115.7200 114.4523 113.9468 113.4569 112.9324 112.4586 112.0481 111.5698 111.6815 106.5956 110.6580 110.1393 112.1208 112.1478 111.5074 111.9329 111.9175 109.4796 109.1862 114.2248 114.8594 114.5441 115.6115 121.1243 117.9918 102.2520 107.5684 122.1039 105.6568 113.0820 119.8627 119.1382 119.7736 119.9406 123.4754 124.0679 111.1900
124.2000 124.0109 123.7959 123.5998 123.3545 123.1063 122.8441 122.9711 120.6906 118.8035 118.4722 114.5474 106.7536 127.7193 112.5761 120.7099 108.3680 120.3409 116.9945 125.0071 118.4150 106.6417 102.1597 114.2831 119.6002 113.6617 115.8680 115.2531 114.8621 113.4093 114.0156 113.6842 113.0806 112.8032 110.7086 112.1459 113.4133 95.9192 98.5458 99.5893 112.0560 112.4864 112.9417 113.0845 107.9756 109.5952 114.9225 114.9199 115.4147 116.4939 115.0813 106.8864 104.1598 105.1827 118.5998 112.6934 106.5139 119.5271 119.3792 119.9618 120.1719 122.6097 123.0157 108.4300
124.2400 124.2606 123.8729 123.6791 123.4285 123.1837 122.9407 122.6832 123.1224 116.8956 116.0108 114.9048 118.1659 120.4333 109.8789 109.4089 115.0326 124.6991 121.3356 114.2571 114.6739 104.3681 101.4352 101.8226 115.4051 108.1447 118.0949 116.2960 115.5771 115.2609 114.6545 114.3402 113.9678 113.9193 113.7145 113.2644 115.0603 97.4094 99.5143 110.9461 114.2826 113.2140 113.5491 114.0215 114.6985 115.3183 114.9231 115.6217 116.2648 116.8469 111.1980 105.8049 110.8736 109.1961 135.4806 117.7472 116.2806 113.1390 120.4829 120.1059 120.4278 119.9101 129.3550 135.3600
124.4200 121.5174 124.1348 123.7541 123.5076 123.2726 123.0298 122.7764 122.7740 119.6296 118.7118 121.4868 122.7265 121.1766 117.9145 117.7903 105.5866 108.1437 115.0343 99.1684 114.8355 109.0186 117.0948 104.3201 107.1359 111.0903 109.9180 113.4706 111.6503 113.0126 115.2934 114.0354 115.6695 103.2025 114.8896 110.7918 113.5835 102.5795 108.8919 103.6626 114.3929 113.9441 114.2753 114.4778 114.7694 115.2405 115.5835 115.8858 116.8093 110.2436 114.0519 115.8165 110.8870 113.6487 127.5530 114.8712 117.9357 111.4745 119.7702 119.9779 120.5890 120.7393 124.8682 132.0900
124.4500 123.9547 124.0251 123.8237 123.5984 123.3619 123.1237 122.8956 122.6101 122.7486 122.7133 122.0797 121.7160 121.5152 121.1755 121.9019 126.6841 129.3643 102.6125 107.4670 102.4718 108.6556 115.0455 99.6464 100.5055 109.2896 102.7530 105.3669 114.7243 117.8295 115.8367 116.2673 111.8020 101.6051 115.2886 115.7344 106.9382 98.0792 101.3894 109.7662 114.7116 114.6731 114.9015 115.1762 115.4444 115.7474 116.0600 116.4164 116.7911 112.2709 106.0640 120.2236 109.5783 109.6386 113.0973 110.1339 123.3411 119.3093 120.3981 121.0370 120.6345 121.2364 124.5314 128.3100
124.4800 124.4254 124.1333 123.9156 123.6953 123.4618 123.2213 122.9931 122.7531 122.4551 122.1232 122.6738 115.1654 122.1932 121.0823 117.4337 99.5175 111.7178 101.4279 103.2694 116.1858 106.4780 97.6892 100.7343 103.4524 100.7513 107.6586 115.0084 116.9169 116.3536 116.2070 116.3281 106.4945 116.7972 116.5843 105.0383 110.0595 107.6019 110.1661 115.5348 115.4299 115.2777 115.5295 115.7361 115.9855 116.2544 116.5327 116.8327 114.2449 117.8034 103.7288 119.8199 117.9543 113.8813 109.8880 119.9129 114.6755 114.7796 113.3769 119.7053 120.8105 121.2516 108.0539 127.8900
124.5100 124.4274 124.2248 124.0052 123.7846 123.5649 123.3525 123.0876 122.8613 122.6000 122.4058 122.2128 121.5242 121.6987 121.4300 119.0340 114.8013 98.9247 99.7987 96.4304 108.4684 112.8751 96.8029 101.2391 106.1827 103.7645 110.3367 118.0574 117.6389 117.1535 116.6322 116.4863 116.7911 115.7526 115.8235 115.4471 112.8660 105.9558 111.7564 115.8310 115.9441 115.9947 115.9677 116.2880 116.4845 116.7268 117.0212 117.2119 117.5842 119.4642 109.1822 116.1054 118.7703 107.8577 112.9215 104.8612 106.4880 114.4639 111.8893 111.5389 112.7516 123.0541 124.5187 119.0800
124.6900 124.5148 124.3102 124.1060 123.8891 123.6566 123.3613 123.5046 122.5958 122.7472 122.5259 122.2577 121.8120 121.5507 120.9888 121.5364 116.5436 106.8171 108.8542 129.0899 114.4420 100.6544 106.5143 96.0199 106.4110 102.4449 122.0184 117.1054 117.4924 117.4587 117.1154 117.1683 116.8511 117.2308 117.7781 116.2814 115.4767 111.5548 113.4853 116.1596 124.7545 115.3209 116.2516 116.8979 117.1331 117.3483 117.4490 117.8045 117.8596 118.2081 119.9273 118.1460 118.0308 109.9126 119.6051 108.2886 114.2306 115.3428 111.0250 112.3886 112.9484 115.8161 110.4503 122.0000
124.7200 124.6063 124.4113 124.1991 123.9929 123.8612 123.2954 127.0404 120.0846 123.2103 122.6408 122.0871 126.2182 122.0044 112.6314 116.8849 115.2135 116.8033 120.5421 111.5037 99.4713 99.5488 111.2101 105.7812 115.2158 101.1777 122.7807 122.9861 121.7608 117.1410 117.6846 115.0740 116.3455 118.0465 118.1163 117.2272 113.0244 112.0571 115.0866 117.0023 111.6490 110.4453 118.0430 117.5755 117.5387 114.8842 117.9168 117.1577 119.4775 118.3198 118.0946 118.9685 118.7740 113.6630 119.2166 118.3319 119.6629 142.0917 109.7908 111.9824 114.4693 114.3858 114.2834 114.2500
124.7600 124.7045 124.5015 124.3031 124.0729 123.8964 124.3626 126.4111 123.5045 122.9702 122.8401 122.7547 120.2538 115.2298 103.3014 116.3808 118.5755 107.8278 117.5467 119.1194 112.0821 105.1299 111.7667 105.3897 112.9385 105.8935 105.1356 101.0707 122.5972 118.2552 118.1746 117.5574 118.1850 102.1789 113.7821 118.0931 110.7032 108.0497 113.2012 117.3978 118.4891 113.4906 117.6753 117.5916 122.1814 122.5562 117.1765 118.5645 125.6558 119.3364 119.0713 118.7494 116.8371 117.8221 120.0298 121.0186 120.5897 117.1062 123.1959 114.9970 119.5469 114.3982 114.3119 114.6900
124.9300 124.8093 124.6214 124.4170 124.2113 124.1245 123.4294 122.9888 123.4020 123.1565 122.9767 121.1962 117.1369 116.0148 108.5914 113.7057 110.4159 99.2510 100.9322 108.9912 115.3593 120.7490 113.3867 122.5965 116.7333 105.9428 103.8424 109.2148 118.6441 118.4536 118.4501 119.5397 114.4134 114.0013 113.9489 117.2190 110.4809 107.3148 113.1377 117.9087 117.9248 118.3848 118.0819 118.4610 120.1247 113.6426 108.2029 121.8860 114.2282 116.1159 119.2034 125.8982 117.5017 120.3435 120.4665 120.6944 120.5607 122.2975 122.0606 121.6189 120.8864 116.6772 115.4727 118.6200
124.9700 124.8915 124.6699 124.4823 124.3402 124.1145 123.9732 123.7366 123.5298 123.2620 123.3358 119.5133 116.9702 116.1301 115.8607 102.8546 100.0494 99.5122 107.9327 112.0652 121.9993 121.9913 120.7691 117.4961 114.5042 112.6566 117.0644 121.1248 119.2067 119.0961 118.9346 119.6432 107.1510 108.4649 116.0699 111.4948 109.2604 107.5775 113.2574 118.3713 118.4820 118.4040 118.5465 118.7016 117.3502 104.1031 109.1202 123.2242 112.3644 105.7042 113.9420 118.4141 117.9755 120.4293 120.6713 120.9613 120.4051 121.4377 121.4731 121.8420 122.2147 122.2375 119.9780 118.6200
125.1800 125.0310 125.0433 124.7238 124.4455 124.2495 124.0413 123.8600 123.6854 123.5456 123.1626 122.1855 116.8744 116.3096 117.5165 102.4181 102.5124 99.9315 102.7369 101.6501 120.6107 120.6726 119.0795 117.9319 116.5516 121.8414 120.4938 119.6459 119.5880 119.4380 119.2044 120.0470 110.2882 115.2247 119.4539 119.8912 113.4875 112.9846 116.0945 118.7494 118.8866 118.8816 118.9709 118.9923 119.7355 118.4830 111.2035 108.9107 116.7250 115.1046 114.8247 117.2058 111.7723 121.0291 121.0322 121.1722 121.4037 121.6589 121.8226 122.0242 122.2008 122.3246 122.7418 122.9100
125.2200 125.3361 121.9841 125.0011 124.5210 124.3799 124.2213 124.0277 123.6863 123.6885 120.7468 125.4781 115.5873 115.8283 107.6647 101.3678 99.2941 98.1536 98.8017 121.2893 123.1790 121.1158 121.1117 113.6209 112.6062 119.8422 120.1341 120.1347 119.9553 119.7933 119.7290 118.7606 111.4379 113.9982 119.2866 117.3175 111.6868 110.9940 115.1869 119.2472 119.2846 119.2820 119.3586 119.4878 119.5587 119.5404 120.5316 114.9193 117.2475 120.6539 117.8493 122.0202 121.1894 120.8716 121.2210 121.4193 121.6308 121.8119 122.0217 122.2292 122.4557 122.5661 122.8542 122.9800
125.4000 125.3432 123.8040 124.8697 124.6359 124.5266 124.1860 124.0071 123.8399 124.7819 125.7670 127.5454 123.9590 117.0349 100.8829 101.5373 113.3146 114.4884 109.7423 120.2031 121.6855 121.3165 121.3596 119.7973 119.7997 120.7301 120.5891 120.4294 120.2844 120.1519 120.0436 119.9491 118.6348 125.6778 119.2196 120.1373 120.7252 120.3573 118.4040 119.6874 119.6247 119.6721 119.7484 119.8284 119.9408 120.0770 120.1747 114.3930 120.6621 120.2058 120.8248 120.3964 120.9146 121.2844 121.4201 121.6394 121.9127 121.9221 122.2618 122.4368 122.6310 122.8241 123.0123 123.2100
125.4400 125.3253 125.1619 125.1358 125.1446 124.6421 124.5190 124.2038 125.0683 115.5668 128.1588 121.2083 117.0843 102.0644 102.2539 102.5593 100.7603 115.1165 122.2908 123.5199 121.8565 121.7430 121.5118 121.2305 121.2446 120.9888 120.8913 120.7511 120.6179 120.4920 120.3528 120.2615 119.8190 119.5996 120.0667 119.8424 119.5766 121.4298 123.0964 119.5231 120.0859 120.0479 120.1171 120.2005 120.2754 120.4033 120.5996 120.7922 121.6469 120.5178 121.0503 120.9071 121.3632 121.5365 121.7286 121.9191 122.3261 122.2857 122.4707 122.6342 122.8333 123.0159 123.2076 123.2500
125.6000 125.4482 125.2779 125.0950 124.9489 124.7682 124.6478 124.1832 125.5901 123.4879 120.8003 121.4179 109.5257 101.3368 101.2845 100.6799 101.4880 117.6111 127.4743 120.9289 122.3729 121.6872 121.8432 121.6164 121.4809 121.3369 121.1932 121.0618 120.9294 120.8125 120.7240 120.6181 120.6177 120.5442 120.4011 120.4216 120.3297 122.3437 122.7867 120.9564 120.3909 120.4144 120.4699 120.5261 120.6484 120.7428 120.8917 118.3795 120.3658 120.3097 121.3462 121.4998 121.6636 121.8104 121.9854 122.1469 122.3152 122.4792 122.6882 122.8450 123.0241 123.2034 123.3769 123.5000
125.6500 125.5594 125.3933 125.2275 125.0802 124.8511 124.7310 121.9674 121.7520 120.3952 119.4831 123.6951 120.2059 116.2463 98.2598 109.0817 112.1866 109.9597 127.3414 123.9994 122.0033 122.8383 122.6454 121.8386 121.7537 121.6122 121.4833 121.3543 121.2430 121.1382 121.0287 120.9487 120.8545 120.7973 120.7563 120.7156 120.5306 120.3939 120.3632 120.4158 120.7312 120.7588 120.8116 120.9383 120.8321 120.9287 121.1398 121.2632 121.6988 121.4478 121.6338 121.7730 121.9164 122.0659 122.2374 122.3751 122.5550 122.6501 122.8464 123.0537 123.2111 123.3954 123.5646 123.7200
125.8100 125.6745 125.5212 125.3574 125.1901 125.0764 124.6561 123.2033 119.9009 119.0496 124.5975 120.2795 125.0531 107.6378 101.3811 122.2179 110.9840 109.0887 107.6628 123.0535 122.9851 122.3307 122.3448 122.1710 122.0234 121.8900 121.7683 121.6495 121.5220 121.4333 121.3485 121.2697 121.2001 121.1371 121.0869 121.0553 121.0612 121.0626 121.0641 121.0873 121.0637 121.1005 121.2054 121.1339 121.9802 122.0738 121.5223 121.4087 121.5866 121.9580 121.9079 121.9004 122.1906 122.3232 122.4383 122.8830 122.4200 123.2650 123.1001 123.2644 123.4205 123.5239 123.9530 123.7800
125.8600 125.7875 125.6358 125.4885 125.2510 125.3054 121.1589 119.2152 122.8554 121.6703 120.6411 119.6760 120.8265 104.4030 115.2472 121.2715 106.8448 108.6680 118.7375 112.8449 122.6624 123.5755 122.5225 122.4100 122.2791 122.1788 122.0272 121.9107 121.9385 121.7719 121.6469 121.5718 121.5054 121.4528 121.4106 121.3774 121.3463 121.3316 121.3400 121.3516 121.3787 121.4124 121.2707 121.2343 119.1653 109.8877 121.6901 121.7910 121.9702 122.0011 119.3252 122.4919 122.4015 122.5624 122.7185 122.7280 120.8295 124.5745 124.3038 123.4112 123.5594 124.3193 122.7705 124.0000
126.0200 125.9098 125.7608 125.6125 125.5705 125.6470 124.6773 120.8673 125.8382 118.6474 118.2133 118.9517 107.2149 117.5595 112.9706 124.5953 115.8646 124.1222 124.6981 119.6211 122.6779 123.0423 122.6964 122.6667 122.5487 122.2528 122.3098 122.8363 121.7008 122.0443 121.9395 121.8763 121.8154 121.7579 121.7218 121.6838 121.6655 121.6566 121.6423 121.6537 121.6938 121.7533 122.2588 122.3993 120.2668 118.3094 122.9776 122.0933 122.1901 122.5671 122.1004 122.8500 122.6799 122.8079 122.9608 123.0096 125.0734 112.1757 123.2324 123.6404 123.6868 124.3308 115.7004 124.2700
126.2200 126.0298 125.8878 125.6799 125.5799 122.6204 122.4026 124.3910 119.4541 120.0845 112.8055 112.1017 121.3375 113.2081 111.9823 114.4126 120.5224 124.7909 123.2933 122.9719 120.9244 123.0733 123.0184 122.9218 122.7540 122.6267 121.2762 121.6452 122.5562 122.3489 122.2241 122.1630 122.1036 122.0594 122.0224 121.9865 121.9666 121.9646 121.9347 121.9357 121.7843 121.8843 122.7433 112.5474 112.3866 122.8613 121.9355 122.3036 122.5341 122.5471 122.7640 122.7476 122.9207 123.0409 123.1613 123.2186 123.2060 123.6055 124.3721 123.6873 123.9037 124.2957 123.9637 124.4700
126.2200 126.1453 125.9946 125.8223 125.9677 124.8786 124.4335 122.7517 106.7799 126.3584 112.8956 122.3725 122.0459 114.2418 116.0722 123.7098 123.1192 118.3495 124.7182 123.3923 123.3219 123.6106 123.2512 123.1574 123.6782 123.3165 122.5291 121.4966 122.6481 122.5598 122.5078 122.4444 122.3922 122.3433 122.3100 122.2779 122.2622 122.2508 122.1861 122.3958 120.9727 123.2602 122.2606 122.6735 123.9119 122.6656 122.9868 122.9837 122.5815 122.9136 122.9315 123.0540 123.1550 123.2790 123.3924 123.5542 123.6306 123.6924 123.7255 124.0801 124.1789 124.3436 124.3779 124.5000
126.4300 126.2757 126.1586 126.0128 125.8521 125.8618 124.6455 121.6013 113.8083 109.9302 127.5178 131.2854 116.5835 111.0307 116.5916 125.0114 113.3254 111.9783 122.5195 124.2717 123.7144 123.5415 123.4960 123.3960 123.2097 123.0177 123.1117 123.0950 122.8587 122.8437 122.7724 122.7137 122.6697 122.6246 122.5868 122.5622 122.5459 122.5308 122.5753 122.6292 119.5199 115.2642 123.5612 122.4722 122.3537 122.4991 121.3058 118.6049 123.1724 123.1040 123.1880 123.2879 123.3890 123.4985 123.6150 123.7250 123.8447 123.9807 124.1089 124.2280 124.3666 124.5039 124.6296 124.7300
126.4700 126.4002 125.9833 125.2720 125.9247 125.7864 125.9352 124.6029 123.1933 129.2505 130.1979 119.3786 106.2108 121.5940 118.1472 124.5286 123.5441 124.4058 124.0130 124.0395 123.9090 123.8307 123.7046 123.5978 123.5533 123.3877 123.2983 122.9105 123.2624 123.1227 123.0349 122.9787 122.9373 122.8968 122.8603 122.8388 122.8168 122.8112 122.8764 122.8197 114.4977 110.0750 123.3382 122.9803 122.8805 123.4434 119.2113 122.5403 123.2495 123.3615 123.4253 123.5203 123.6221 123.7244 123.8336 123.9449 124.0560 124.1743 124.2910 124.4212 124.5442 124.6612 124.8001 124.9300
126.6300 126.5164 126.3867 126.0384 126.4791 126.0126 125.8886 125.9507 125.6055 125.8450 125.7483 119.0621 113.4051 118.2736 125.4215 124.6827 124.7771 124.6431 124.2984 124.2385 124.1309 124.0233 123.9155 123.8298 123.4944 124.1987 123.7914 125.9652 123.2800 123.3524 123.2878 123.2394 123.1930 123.1567 123.1249 123.0974 123.0861 123.0732 123.1074 122.9370 121.9439 121.0264 123.8503 121.7752 123.5193 124.7122 113.2586 123.6720 123.3547 123.5863 123.6639 123.7472 123.8378 123.9380 124.0463 124.1507 124.2580 124.3730 124.4850 124.6044 124.7291 124.8494 124.9691 124.9500
126.6500 126.5981 126.7532 123.9999 126.0182 123.1135 126.0675 125.7542 125.8427 125.1472 126.5668 124.3935 122.3336 124.9958 125.0547 124.8480 124.7194 125.5485 125.0884 124.4434 124.3320 124.2569 124.1990 124.1111 124.4825 123.6229 110.5867 120.0392 123.6141 123.6152 123.5410 123.4845 123.4507 123.4040 123.3839 123.3617 123.3438 123.3374 123.3686 123.4108 123.0536 123.9986 110.7199 124.3236 123.7892 113.5391 124.3912 123.8156 123.7786 123.8041 123.8950 123.9706 124.0617 124.1585 124.2514 124.3539 124.4581 124.5641 124.6804 124.7897 124.9050 125.0281 125.1427 125.1600
126.8300 126.7623 126.6183 126.5214 126.3193 126.0122 126.5537 125.5809 126.8383 119.5002 123.6026 125.7674 125.5417 125.0795 125.2418 125.0414 124.9066 124.8661 124.7025 124.6554 124.5332 124.4425 124.9528 112.3931 123.8004 124.7752 123.5227 123.2034 123.9055 123.8503 123.7765 123.7326 123.6935 123.6539 123.6287 123.6067 123.5978 123.5840 123.4664 123.3976 123.6497 123.6578 124.9299 122.5765 116.9017 119.9978 124.3226 123.8901 123.9648 124.0292 124.0932 124.1912 124.2782 124.3628 124.4584 124.5575 124.6562 124.7587 124.8640 124.9697 125.0871 125.1999 125.3121 125.3600
126.9800 126.8721 126.7050 127.2020 121.6681 121.2309 127.5689 117.6785 126.0841 129.3443 126.0666 126.1914 126.0496 125.4034 125.3315 125.2395 125.1335 125.0349 124.9379 124.8311 124.7296 124.6555 125.5266 121.8618 125.8169 123.7747 124.3031 124.2491 124.0990 124.0360 124.0161 123.9679 123.9293 123.8990 123.8757 123.8458 123.8390 123.8686 123.5347 125.7157 123.5530 123.8601 121.6885 110.5968 122.5567 124.0995 123.7871 124.1463 124.2250 124.2234 124.4717 124.3941 124.4721 124.5756 124.6605 124.7487 124.8503 124.9489 125.0515 125.1512 125.2590 125.3707 125.4765 125.5500
127.0200 127.0010 126.8011 126.9250 115.1027 126.7698 126.6117 147.1716 125.6946 128.2888 125.8620 126.2744 120.4826 126.1699 125.5224 125.4081 125.3143 125.2128 125.1202 125.0270 124.9320 124.8641 124.6399 125.0977 124.3838 124.7189 124.3735 124.1081 124.3563 124.3580 124.2403 124.2035 124.1603 124.1360 124.1037 124.0829 124.2036 124.1543 125.9038 124.4926 124.0937 124.0360 123.1858 117.6892 124.7285 122.0423 124.9318 124.1439 124.3712 124.8755 123.7005 124.7459 124.7130 124.7720 124.8594 124.9440 125.0390 125.1361 125.2326 125.3288 125.4354 125.5384 125.6428 125.7700
127.1700 127.1149 127.0217 126.8657 127.8105 129.6764 121.3903 120.5077 130.9630 126.5045 127.7500 126.3389 128.1510 125.7404 125.7121 125.7002 125.4898 125.3918 125.3039 125.2155 125.1210 125.0303 124.9924 124.8017 124.8153 124.7454 125.5484 127.7947 124.7148 124.0506 124.5061 124.4328 124.3864 124.3592 124.3566 124.3171 124.3458 124.6897 125.2424 124.3921 117.5622 123.0850 124.5235 119.2419 126.4347 113.2444 125.1072 124.2154 124.5520 127.5236 130.7009 124.3294 124.8976 124.9709 125.0529 125.1392 125.2207 125.3213 125.4023 125.5154 125.6205 125.7182 125.8142 125.7700
127.3600 127.2375 127.1378 126.9296 126.8544 126.8394 124.4129 124.2523 113.5753 126.7172 124.4236 106.4874 118.9944 125.4889 125.6138 125.7627 125.6672 125.5774 125.4827 125.3949 125.3334 125.2178 125.0925 125.1213 125.0214 125.0018 124.9657 124.9012 132.8958 121.4775 124.7708 124.6651 124.6083 124.6079 124.3709 124.4742 124.5761 124.4740 122.4519 124.4747 124.7357 121.0175 125.4062 123.2291 125.2106 119.9659 124.9161 124.5920 124.9083 124.0959 126.8327 124.6568 125.0986 125.1697 125.2437 125.3303 125.4180 125.4728 125.6769 125.6520 125.7685 125.8477 125.9461 126.1300
127.5100 127.3557 127.2507 127.1657 127.0863 127.2080 120.7947 105.8230 128.3495 119.8749 115.7899 117.5985 126.4077 126.6943 125.9686 125.8828 125.6569 125.7392 125.6754 125.5824 125.3993 125.4219 124.7175 124.6169 125.1897 125.2221 125.1271 124.3658 124.6536 124.8469 124.7285 124.8575 124.8357 124.9856 126.2681 125.2547 123.7791 124.6060 127.4609 126.2135 125.2957 113.1547 124.8248 124.7931 126.2895 125.1400 125.2686 124.9336 125.0245 125.1921 124.9244 125.2774 125.3082 125.3616 125.4338 125.5129 125.5701 125.7454 125.3146 125.8479 127.6832 126.0237 126.4654 126.3000
127.5200 127.4799 127.3761 127.2695 127.1393 127.4471 119.3293 114.9060 113.3385 117.2840 112.8919 129.2771 125.9555 126.2775 126.1172 126.7462 127.0102 125.8892 125.7982 125.7623 125.7106 126.0120 121.5993 125.9001 125.3729 125.3272 125.2892 125.2768 125.4613 124.9857 126.1290 125.1810 125.2858 126.0436 127.6263 117.9170 124.6427 125.0260 125.2403 108.8095 119.5035 118.7831 109.7276 123.8708 124.8402 124.9958 125.0523 125.2563 125.2532 125.2785 125.3787 125.4078 125.4736 125.5397 125.6237 125.6922 125.7705 125.7400 126.0617 125.9202 127.8658 120.9345 125.9809 126.3000
127.6900 127.6028 127.4953 127.4242 127.2637 126.5723 107.4382 123.6848 122.7069 110.4290 110.2720 128.9339 126.2967 126.1380 126.1198 115.0503 112.9343 126.3079 126.0592 125.9271 125.8180 126.0564 123.5141 125.7243 125.6194 125.5319 125.4026 125.9967 123.2817 125.5646 116.8367 125.3949 123.2653 129.9253 118.9776 115.8899 124.7046 124.1602 118.0165 112.4890 112.8524 119.6690 120.8980 124.4833 125.1770 125.4392 125.4614 125.0031 125.3717 125.5011 125.5458 125.6018 125.6554 125.7683 125.7718 125.8921 125.9325 125.9454 127.1530 117.3338 124.6705 121.2820 127.3740 126.5200
127.8300 127.7210 127.6214 127.5253 127.3170 128.1276 128.7438 127.5737 118.3377 115.2285 116.7568 126.4627 126.7911 127.0072 126.7776 126.6095 127.6787 126.2498 126.0979 126.1143 125.8932 125.9943 126.1733 125.8244 125.7759 125.7179 125.6381 125.7312 117.0461 127.9452 116.1523 128.3319 130.8348 133.4472 106.4563 119.3454 115.6364 112.5701 127.0953 107.7553 127.1954 119.0792 126.8674 125.3850 125.3320 125.5319 125.3340 128.1886 126.0270 125.7344 125.7376 125.7772 125.8720 125.7239 126.1792 125.8765 126.1367 126.1545 128.1701 113.7178 127.5903 127.1275 126.3289 126.6900
127.8500 127.8370 127.7562 127.6331 127.6653 128.2798 122.8708 119.5446 119.6629 118.0082 124.9509 124.9511 126.6676 127.3816 108.7073 124.8487 125.9747 126.4127 126.4413 126.2669 126.2345 126.1392 126.0425 126.0214 125.9600 125.9089 125.8337 126.2967 126.5423 125.3450 127.5666 107.9537 134.5632 123.9555 120.3252 127.6923 118.0852 116.5455 117.9555 118.7114 126.6268 123.8245 125.3582 126.2001 126.1412 125.7045 126.2951 125.0647 117.5634 126.6412 125.9003 125.9488 126.0362 126.8651 128.7182 126.2853 126.2959 126.3752 126.5230 123.8730 127.5975 126.5255 126.7302 126.8400
128.0100 127.9592 127.8605 127.5800 128.8954 121.1393 126.6154 133.8648 120.0030 125.7465 122.4234 125.1908 127.2806 121.3035 125.3624 128.1850 126.7596 126.5818 126.5108 126.4368 126.3820 126.3189 126.2609 126.2212 126.1654 126.0716 126.0643 125.9511 125.9150 126.3189 120.2492 110.8369 109.3950 127.4389 126.1267 125.7439 127.3694 127.2051 126.9423 126.6964 126.2680 125.9026 125.3822 131.1778 128.1884 125.8569 126.3339 122.8965 113.1982 127.7399 126.0763 126.1341 126.2246 126.3011 126.2203 126.2720 126.4724 126.5351 126.5537 127.0705 126.6635 126.8430 126.8997 126.8600
128.1400 128.0834 127.9690 128.0647 127.9612 125.2867 131.2633 124.9087 115.4959 127.5578 114.1467 122.2948 126.5816 108.3743 127.7228 126.4247 126.8425 126.7395 126.6548 126.6810 126.5295 126.4861 126.3386 126.2452 126.2633 126.3216 126.1133 126.1513 125.9525 126.2848 124.6762 109.5460 125.0133 125.4728 126.0380 125.9319 125.5746 125.6700 125.7459 125.7757 125.8608 126.0127 126.3444 121.7929 125.9860 125.9023 126.1042 126.4438 126.1760 126.5780 126.2274 126.3273 126.3817 126.4513 126.5067 126.5881 126.6125 126.6882 126.7566 126.7588 126.9109 126.9730 127.0506 127.0300
128.1600 128.1896 128.1341 127.8537 129.7472 141.3098 123.5932 126.9156 114.2712 105.0939 108.1494 113.0375 125.3480 127.1766 128.0460 127.1935 126.9641 126.9296 126.9123 126.2915 126.9006 126.5057 126.5598 126.8504 126.4162 126.1301 126.7024 126.4996 126.1400 116.1152 111.8234 118.2416 124.0630 125.9054 126.2242 126.1861 126.2333 126.2053 126.1916 126.1988 126.1632 126.2382 127.2521 112.5226 127.1376 126.1039 126.3043 126.0561 124.9928 121.6485 126.4738 126.5158 126.5555 126.5834 126.6695 126.8275 126.7789 126.8424 126.9110 126.9945 127.0514 127.1227 127.2020 127.2000
128.3200 128.3509 128.1780 128.4891 124.6210 117.7184 108.1880 116.4752 112.5049 111.8041 116.9388 127.4303 127.6355 127.2606 127.1972 127.2626 127.1328 126.9443 125.7245 129.6552 126.4047 126.3704 121.0794 122.9263 126.6572 126.6326 123.5252 117.6917 129.9583 121.2381 109.5149 115.3084 126.6043 126.1811 126.3783 126.3349 126.3412 126.3095 126.3020 126.3309 126.3302 126.3999 126.7920 121.5969 127.0970 126.3551 126.4632 126.4609 126.6040 127.7830 126.6946 126.6808 126.7153 126.8123 126.8318 126.1195 126.9900 127.0117 127.0674 127.1360 127.2040 127.2782 127.3518 127.3600
128.4600 128.4065 128.0903 127.0079 122.4189 113.5654 105.6875 122.6368 117.5295 110.9591 116.3787 124.7881 127.5254 127.4970 127.4108 127.3374 127.3147 127.5197 120.3974 124.6264 127.1987 128.2679 114.0324 124.3652 126.6792 126.9154 127.3256 131.3370 121.3585 124.1999 126.3864 126.3756 126.4640 126.6112 126.5304 126.5378 126.3597 126.5445 126.7200 126.5354 126.5083 126.4325 126.5621 127.0233 126.9037 126.5853 126.6437 126.6766 126.7139 126.5563 126.7669 126.8532 126.8794 126.9153 126.7961 134.1897 126.6997 127.1488 127.2217 127.2848 127.3534 127.4176 127.4953 127.5000
128.6000 128.5709 129.0802 121.3335 118.9028 122.0526 129.9640 122.4150 127.3984 116.3400 126.9068 128.8939 127.6647 127.6186 127.5547 127.4878 127.4714 127.6714 124.1141 127.2435 112.6831 117.5652 113.9064 128.4994 126.4114 127.3977 129.0777 119.5721 113.1166 127.1528 126.6944 126.7277 126.7933 126.7203 126.6585 126.4843 131.4624 124.2829 127.0481 126.7676 126.7044 127.7335 126.6684 126.6842 126.7197 126.7915 126.8152 126.8539 126.8817 126.9614 126.9584 126.9918 127.0433 127.0173 127.9202 127.9175 126.6911 127.3037 127.3767 127.4316 127.4960 127.5657 127.6293 127.6400
128.7500 128.6511 128.2827 122.6506 123.5120 121.0188 123.5727 121.3898 117.7550 124.2377 128.6321 127.9752 127.8118 127.7666 127.6904 127.6320 127.6013 127.4077 127.7676 128.0341 127.1711 119.1266 115.8297 127.6159 122.7021 107.0271 127.4461 109.7058 112.9443 127.1635 126.9852 126.9419 126.8844 126.9584 126.8317 127.0462 135.9221 128.4398 131.0712 129.4673 126.4935 129.8033 126.7617 126.9622 126.9501 126.9586 126.9875 127.0158 127.0449 127.0795 127.1210 127.1675 127.2030 127.2500 127.2680 127.5732 127.3853 127.4649 127.5253 127.5835 127.6434 127.7076 127.7756 127.8200
128.8800 128.7454 127.5888 130.4696 127.0186 127.0349 130.1201 123.9256 121.0479 121.6177 127.9308 128.1238 127.9667 127.8590 127.8925 127.7603 127.6980 127.7084 127.4445 127.4314 127.8171 127.2573 124.6665 127.7748 123.5178 112.4782 127.7722 113.5018 125.4737 126.8348 127.1320 127.0868 127.1585 126.9243 126.3414 115.8838 119.0474 113.5239 121.2663 126.7717 126.9644 126.7243 126.8284 127.1016 127.1057 127.1300 127.1510 127.1843 127.2123 127.2458 127.2770 127.3223 127.3625 127.4073 127.4718 127.4768 127.5516 127.6054 127.6664 127.7272 127.7847 127.8409 127.9262 127.9800
128.8800 128.8844 128.0831 127.1202 122.2975 128.6192 128.2903 128.1358 129.0706 128.0547 128.2484 128.2808 128.1855 128.5307 127.7559 127.9997 127.8578 127.7899 127.7493 127.7175 127.7013 127.8781 128.8908 127.2717 128.1582 119.2341 115.0512 113.7268 128.0719 126.9974 127.2790 127.3536 126.8879 126.4768 118.4199 125.5365 115.7592 109.3730 121.3084 127.5085 127.3344 127.2865 127.2994 127.2587 127.2670 127.2897 127.3179 127.3424 127.3707 127.4049 127.4443 127.4788 127.5160 127.5619 127.6049 127.6581 127.7064 127.7563 127.8170 127.8698 127.9241 128.0155 127.9955 128.1200
129.0200 129.0068 128.8355 129.1589 129.0069 127.7530 128.7170 128.5874 128.3621 128.5247 128.2051 128.5007 124.2924 127.9376 129.7356 128.0860 127.9989 127.9584 127.6823 127.9322 128.7111 114.2225 128.8218 131.7006 128.8854 118.6781 117.8486 115.6286 127.5620 127.2457 127.4500 127.4644 127.3568 123.3765 127.4397 125.3450 119.1226 118.4554 129.3823 126.7415 127.3937 127.3626 127.3601 127.4040 127.4311 127.4513 127.4726 127.5030 127.5306 127.5584 127.5909 127.6287 127.6707 127.7128 127.7599 127.8040 127.8454 127.9005 127.9304 128.0112 128.0805 127.9887 128.5052 128.2600
129.1600 129.1167 129.0236 128.9872 128.8516 128.8792 128.7551 128.6880 128.6399 128.5799 128.5334 126.5741 128.4383 126.2484 128.1565 128.2123 128.1412 128.1035 127.7384 127.6994 117.9756 128.1488 124.8700 116.8149 121.7500 121.4320 115.4202 124.0900 127.5197 127.7111 127.5980 127.6077 127.5392 128.0584 127.3306 128.0029 129.3870 128.3103 126.7257 131.0819 127.3723 127.5474 127.6394 127.5184 127.5850 127.6155 127.6293 127.6574 127.6849 127.7141 127.7478 127.7793 127.8157 127.8588 127.9002 127.9501 127.9925 128.0384 128.6529 128.1041 128.2486 128.0317 125.7644 128.3800
129.2800 129.2249 129.1439 129.0764 129.0410 128.9337 128.8718 128.8087 128.7448 128.6812 128.7395 122.8957 126.0786 128.3546 128.5162 128.2917 128.2668 128.1998 127.9563 128.2756 108.4091 127.7752 115.3946 112.5094 115.1364 119.4034 115.9730 123.3339 127.7191 127.8408 127.7581 127.7427 127.7350 127.6715 127.6864 127.5457 127.7987 128.1275 130.6507 120.4340 128.3390 127.7062 127.4695 128.8729 127.6214 127.7621 127.7953 127.8109 127.8351 127.8664 127.8936 127.9324 127.9710 128.0116 128.0462 128.0915 128.1358 128.1613 128.3393 128.2554 128.2159 129.2795 124.1574 116.5600
129.4100 129.3263 129.2625 129.1899 129.1384 129.0528 128.9945 128.9294 128.8640 128.8526 128.4436 129.0820 128.7892 131.7270 129.1127 129.4484 128.0161 128.5119 128.5651 128.8486 121.8338 115.4103 115.2979 109.5153 116.1250 127.5758 126.5763 126.6844 127.8977 127.9749 127.9378 127.9056 127.8670 127.8541 127.9222 128.0085 122.1029 127.6261 130.5613 109.6862 129.2600 127.8134 127.5064 130.8049 128.2496 127.9722 127.9207 127.9634 127.9843 128.0164 128.0411 128.0845 128.1118 128.1557 128.1888 128.2350 128.2694 128.3238 128.3867 128.4181 128.0962 130.1108 109.7412 114.5900
129.4100 129.3604 129.3977 128.9291 129.2347 129.1682 129.1115 129.0449 128.9901 128.9330 128.9167 128.5546 130.8763 130.5208 117.5126 130.6824 128.4649 127.7339 121.0784 128.2296 128.6955 129.8205 110.5660 114.9678 120.2691 115.9746 140.0951 127.1224 127.7151 128.0869 127.9686 128.0562 128.0352 128.0148 128.0230 128.1783 125.4248 128.1361 115.9419 126.1196 127.9767 128.0291 129.1508 116.3786 127.6911 127.9732 128.0801 128.1074 128.1324 128.1589 128.1895 128.2197 128.2579 128.2920 128.3282 128.3736 128.4224 128.4748 128.2744 128.6242 128.7157 126.4824 119.8920 114.5900
129.5400 130.0050 130.9854 129.4165 129.3712 129.2934 129.2302 129.1623 129.1126 129.0428 128.9870 128.7773 124.9171 114.2558 110.8729 112.9842 119.9926 123.5508 119.0799 128.8240 127.9598 129.1465 113.9531 107.3596 117.9936 127.5634 128.1535 127.7643 130.3007 127.8019 128.3102 128.0670 128.1343 128.1413 128.1651 128.1972 128.4440 128.5027 127.4264 127.7820 128.0604 128.1503 128.1000 129.6454 129.5308 128.1742 128.2301 128.2516 128.2763 128.3076 128.3308 128.3666 128.3974 128.4332 128.4726 128.5130 128.5300 128.5519 129.3805 128.2222 129.0612 127.7976 123.2530 116.8800
115.2400 129.5800 129.5100 129.5100 129.4500 129.3600 129.3000 129.2300 129.1500 129.1700 129.1000 129.0300 129.0300 128.9500 128.8800 110.6600 110.7300 117.0100 128.6300 128.6500 128.5600 128.5800 112.3400 119.3500 128.4100 128.4200 128.4400 128.3300 139.0400 128.3600 128.3600 128.2600 128.2700 128.2700 128.2800 128.2900 128.2900 128.1600 128.1600 128.2900 128.2900 128.2800 128.2800 128.2600 128.2600 128.2500 128.3600 128.3500 128.3200 128.4300 128.4200 128.5100 128.5000 128.4800 128.5700 128.6600 128.6400 128.7300 128.7300 116.0200 118.5000 114.7800 113.8700 113.8700
