126.5300 126.4200 122.8600 126.0700 125.9500 125.8600 125.7100 125.4700 125.3700 125.3700 105.8200 103.0000 103.0000 102.6900 102.6000 116.0300 107.9600 113.3700 113.1900 116.3900 113.0600 113.6400 111.8300 111.8300 110.2300 104.9100 109.4500 109.4500 107.9500 122.7100 122.7400 100.5600 122.5900 104.6300 122.4100 122.4300 105.9200 100.2100 122.2300 122.2300 122.2300 117.5900 122.2200 122.4300 122.4300 122.3900 122.5900 122.5900 122.5300 122.7100 122.7100 122.8800 105.4800 123.2000 123.2000 123.3400 123.4700 123.4400 123.6000 123.7300 115.8900 124.0100 124.1800 124.1500
126.5300 126.3260 121.8068 125.4451 126.4543 125.8766 126.0832 125.1294 125.3366 123.8180 112.4104 102.5255 107.6790 110.4608 107.9272 117.3194 115.0761 116.0859 113.2969 124.6376 117.0737 116.0326 110.0713 111.6608 111.8370 113.1550 105.8695 105.6286 103.2489 106.9804 122.9065 106.0965 105.2650 102.4416 119.0692 118.5049 104.3222 109.6068 118.5774 120.5020 111.6199 120.4130 122.3141 122.1271 122.1753 122.2291 122.2812 122.3531 122.4579 122.1240 123.7201 121.1089 121.9206 124.0241 122.9218 123.1304 123.2077 126.9455 123.5994 125.0757 123.0428 124.0168 124.2279 124.0800
126.3300 126.7478 123.8501 123.9192 123.2606 124.6451 125.6615 121.5531 123.8627 122.1711 121.6220 109.5568 98.5354 112.6286 115.8765 111.8054 116.5329 112.6413 118.2989 125.2464 116.7652 118.3365 107.7267 123.2828 113.2735 104.8053 103.5100 108.6180 115.9834 111.5015 100.9847 103.0650 137.5363 120.9441 100.2794 121.0570 105.4003 113.6598 114.2084 123.0893 120.5165 122.0028 121.8337 121.8410 121.8884 121.9386 122.0020 122.0574 122.1521 122.8989 119.6178 103.3890 121.1140 122.3665 122.7238 122.8747 122.6711 123.1476 122.8687 122.9200 126.5915 123.7124 123.9241 124.0800
126.3300 124.4221 123.5496 122.6467 120.0722 120.4696 125.3900 124.8274 124.2467 130.5213 120.5614 122.0504 109.2066 106.1129 115.8930 116.5339 112.6512 113.3573 115.3261 118.1416 117.5633 103.3664 112.0755 109.6581 108.8490 114.2627 103.9003 109.5549 110.8164 106.5936 105.8904 123.2388 114.2921 115.0630 122.3430 121.1806 124.1421 110.9059 123.7743 111.8223 115.9363 121.7580 121.5242 121.5376 121.5870 121.6418 121.7042 121.7265 121.8069 123.1991 106.0199 107.9122 123.5070 122.4612 122.4821 122.4846 125.8137 123.3592 123.1097 123.2782 123.1938 123.1538 123.3794 123.8700
126.1300 125.0282 121.1164 123.1420 124.5131 122.0867 122.0894 124.6378 124.8574 127.9398 128.6351 127.4611 121.6105 104.4359 101.1404 121.3559 114.8606 118.2033 120.4555 116.4481 114.6731 113.1203 112.3162 109.1329 112.1090 111.9159 99.4079 114.8347 104.7723 105.5763 106.8860 112.2796 122.0097 124.8711 101.9994 121.9203 120.6405 119.8741 121.7864 120.0635 120.8390 121.1195 121.1946 121.2242 121.2774 121.3191 121.4290 121.3431 122.3386 127.0684 100.6989 124.4809 122.2242 122.2306 122.2341 116.5077 109.8143 122.8780 122.3730 123.2114 125.7224 125.3411 123.3239 105.3300
125.9700 126.7054 121.0355 120.4051 117.7642 119.5350 121.8097 121.4918 121.4556 113.6165 122.9892 130.3432 117.7222 112.3953 112.1569 115.1774 112.9324 118.5037 120.2363 121.9476 114.7492 112.7103 108.0195 106.6649 110.5685 109.4887 107.2519 103.1168 121.3820 122.5145 119.3514 121.7278 121.0731 113.6995 116.7143 122.4466 120.9069 119.8587 120.8048 120.8403 120.7990 120.8388 120.8582 120.8952 120.9523 121.0079 121.0053 122.5050 112.7468 108.7787 100.7145 118.8152 121.8038 121.9041 121.9671 122.8180 123.9348 117.4205 124.3373 120.7487 114.4723 120.7474 121.1052 123.3600
125.9300 126.1327 121.5866 122.3189 120.0721 120.7931 128.8575 121.3779 124.4590 128.8692 127.2819 114.0288 99.8293 106.2941 123.9415 111.8535 124.3948 121.8577 115.4461 114.2120 112.8904 111.1053 118.6877 114.5513 108.0558 107.6679 102.6115 107.0185 103.8109 105.0045 120.9857 121.2541 120.2931 113.0413 114.7285 119.9885 120.4682 120.6075 120.4715 120.4822 120.4908 120.4780 120.5119 120.5551 120.6073 120.6791 120.7541 120.8033 108.1645 105.5698 120.3724 125.3089 120.8496 121.5678 122.0040 120.9955 123.2616 121.0993 123.0523 119.7307 121.3344 123.1934 122.7854 123.0900
121.2800 120.6136 123.3327 119.8851 119.1935 119.3085 118.1281 137.3215 134.5132 121.1943 115.3576 119.6623 104.8230 109.8477 113.5385 124.8106 122.2957 122.5487 110.9329 113.2787 109.4997 101.3387 116.9722 105.8013 106.0772 110.3679 102.1233 106.3410 113.0898 122.5104 121.0625 119.4507 120.3519 120.3665 120.0125 119.9787 120.2958 120.1464 120.1180 120.1020 120.0988 120.1184 120.1553 120.2042 120.2667 120.3229 120.4147 120.2670 119.1804 104.5980 102.5529 120.4180 121.2563 121.3090 121.0428 121.7590 121.7865 121.9965 122.1651 122.5552 122.5554 123.0464 123.0460 123.0600
121.5200 123.1915 119.4921 117.1490 119.4345 119.2061 118.7358 117.9716 126.2287 129.0383 128.5712 118.5971 116.7717 100.6992 106.3524 124.1071 116.1580 122.8711 123.5677 111.9010 102.2777 100.7886 112.6534 107.8490 105.3106 113.5571 109.6599 102.6139 123.2657 119.5743 120.4470 117.4650 120.1649 119.9680 119.8519 119.7182 119.8384 119.7718 119.7387 119.7307 119.7309 119.7456 119.7837 119.8331 119.8994 120.0183 120.0039 121.0553 116.0472 117.6888 121.1077 121.3520 120.7133 121.2080 118.4195 121.7900 121.5511 121.7881 121.9240 122.1621 121.9745 123.3382 113.3448 122.8200
120.9800 122.1216 121.4342 104.6119 118.5364 118.7406 118.9173 120.9736 122.8915 119.8071 119.8590 115.7995 116.5528 115.7551 109.0807 116.3877 123.1258 123.0292 112.3147 109.3088 111.7467 104.8234 107.8280 106.2915 108.9381 117.6086 107.8409 112.9699 116.3869 119.8291 120.0531 119.9960 119.8027 119.7052 119.6295 119.5507 119.4394 119.3890 119.3441 119.3316 119.3363 119.3501 119.3959 119.4525 119.5195 119.6309 120.0259 121.0804 114.2085 120.6504 120.2440 120.4761 120.5338 121.2396 114.4085 122.2805 121.2477 121.5527 121.7236 122.0162 121.8900 122.9684 120.4242 122.7500
122.4700 121.2262 119.1646 119.3283 109.2221 117.9334 116.6097 119.9891 126.8929 124.1655 118.3488 119.2742 116.4481 115.9369 115.8850 123.2343 123.3320 121.8956 111.6046 123.7931 123.2554 111.4136 109.6981 104.3177 112.3952 117.9847 115.3604 113.0444 108.8803 120.6233 119.7246 119.6104 119.3387 119.3265 119.2085 119.0965 119.0347 118.9736 118.9379 118.9168 118.9230 118.9422 118.9833 119.0483 119.1241 119.2374 119.2331 119.4266 120.2825 119.7444 119.9015 119.5186 120.7197 122.1546 111.2381 118.8724 121.0586 121.2318 121.4742 121.6610 121.8681 121.1031 113.4281 122.5200
122.9400 120.1556 119.5418 118.2507 118.2590 118.4774 113.8121 116.6967 115.2939 122.6274 115.9054 122.4061 117.2284 114.8018 116.9721 126.1991 124.7580 113.1730 113.1291 118.9697 121.2231 112.7165 111.6353 120.1362 102.3248 130.3835 120.9693 120.6999 120.2776 119.6695 119.3166 119.0296 119.5547 118.8751 118.7999 118.7451 118.6004 118.5465 118.5056 118.4860 118.4878 118.5161 118.5634 118.6239 118.7092 118.8160 118.9843 119.0819 119.1655 119.4078 119.6089 120.2838 108.3435 119.8185 120.4271 122.8100 120.8967 121.0692 121.2462 121.4658 121.6037 121.5987 120.1882 108.8600
125.2700 126.5376 116.3611 117.8403 117.7613 118.3029 117.8875 115.3115 111.9023 115.4806 106.1021 118.3671 116.6356 116.0438 118.1804 117.2166 121.7124 112.1610 109.5293 115.7813 121.8895 120.5577 116.8686 121.8769 121.3118 115.1876 119.3514 119.4316 119.3560 119.2329 119.0199 118.6195 118.2640 112.1876 118.9871 118.2777 118.1586 118.0961 118.0579 118.0267 118.0353 118.0591 118.1140 118.1857 118.2864 118.4024 118.5272 118.6913 118.8708 119.0537 119.1636 119.5290 119.2654 120.9656 105.2641 118.4910 119.8516 120.7487 120.9966 121.2275 121.5098 122.5956 122.2339 108.9900
121.6700 110.1619 124.2656 117.9807 119.2660 118.2994 118.5246 119.8011 119.3455 122.3678 108.6477 115.0998 113.3263 113.7410 114.1496 110.8447 112.4376 112.2784 106.0251 114.7272 118.8916 119.0010 121.1355 111.3457 121.2599 113.9297 119.7959 119.4791 118.9579 118.7722 118.6151 118.3553 120.8678 113.4704 118.5973 117.8110 117.7019 117.6213 117.5750 117.5489 117.5532 117.5781 117.6428 117.7265 117.8339 117.9602 118.1112 118.2793 118.4604 118.6488 118.9017 119.0233 119.3248 119.7518 117.9488 123.5688 120.3192 120.5672 120.7614 121.0327 121.0467 121.0453 112.1543 107.8000
121.6700 116.2950 126.2604 116.0586 117.2570 116.3980 117.9646 120.1083 127.4197 129.7262 116.3577 118.4340 108.5126 112.0444 115.2700 109.4519 107.7060 108.0571 111.2365 114.7183 113.1455 121.6610 120.0346 121.1542 120.2255 119.3205 119.3582 112.9013 118.5833 118.4963 118.2442 117.9629 117.5664 118.1793 117.3609 117.3362 117.2144 117.1267 117.0696 117.0416 117.0432 117.0754 117.1394 117.2363 117.3538 117.5015 117.6622 117.8489 118.0554 118.2724 118.4976 118.7384 118.9832 119.4517 118.3028 120.1779 119.9817 120.2644 120.5316 120.7877 121.0191 122.1206 125.2055 107.8000
125.0300 125.9786 124.9550 119.2372 117.3635 119.1224 122.6053 121.0547 115.5163 126.3653 113.3632 116.4788 111.8718 105.8901 110.3307 126.0825 120.9415 101.4611 111.2222 119.2045 113.0285 121.6290 119.5541 119.6489 119.4330 119.1679 118.8255 118.4522 118.3660 117.9413 117.8134 117.5973 117.4055 117.0865 117.0158 116.8302 116.6926 116.5963 116.5330 116.4974 116.5001 116.5393 116.6135 116.7159 116.8525 117.0141 117.1981 117.4104 117.6319 117.8719 118.1207 118.3718 118.6549 118.9191 119.2152 119.4934 119.6998 120.0137 120.2900 120.5602 120.8246 121.0687 121.3341 121.5000
125.0000 124.8305 124.5652 124.6738 116.3606 110.1962 118.9334 122.2354 120.8197 124.0630 113.6448 114.4893 118.0544 113.9951 113.5664 108.3324 100.1763 102.4597 102.3188 113.0926 120.7689 119.2907 119.7291 119.4302 119.1356 118.8187 118.5313 118.3314 117.9218 117.6860 117.3952 117.1352 116.8934 116.6786 116.4610 116.2894 116.1486 116.0334 115.9603 115.9175 115.9276 115.9697 116.0489 116.1719 116.3233 116.5027 116.7139 116.9429 117.1902 117.4509 117.7312 118.0102 118.2919 118.5955 118.8758 119.1820 119.4785 119.7596 120.0516 120.3426 120.6280 120.9025 121.1652 121.2300
124.9700 124.7249 124.8312 124.4016 125.1347 112.2128 102.1146 111.9703 120.0428 123.6600 114.2542 113.4992 113.6596 116.0570 112.0277 117.5968 104.1931 103.6139 111.4116 111.4506 107.0801 120.0785 119.3386 119.1454 118.8322 118.5180 118.1989 117.8822 117.5743 117.2652 116.9695 116.6796 116.4081 116.1532 115.9292 115.7236 115.5666 115.4391 115.3478 115.3012 115.3060 115.3554 115.4511 115.5896 115.7599 115.9665 116.2025 116.4593 116.7337 117.0247 117.3250 117.6304 117.9481 118.2602 118.5817 118.8903 119.2025 119.5094 119.8178 120.1196 120.4190 120.7037 120.9824 121.1600
124.7900 124.4474 124.9361 116.6515 124.0335 123.9027 117.8823 108.3103 108.9201 117.9098 115.7499 114.1062 115.7955 113.9132 103.2908 110.1555 112.1452 108.0191 117.7013 105.7321 120.5412 120.0492 119.0327 118.8690 118.5490 118.2101 117.8676 117.5243 117.1903 116.8503 116.5197 116.1989 115.8973 115.6147 115.3581 115.1307 114.9122 114.7717 114.6885 114.6381 114.6431 114.7046 114.8125 114.9670 115.1702 115.4016 115.6652 115.9588 116.2657 116.5831 116.9132 117.2503 117.5946 117.9312 118.2721 118.6104 118.9402 119.2659 119.5873 119.9095 120.2174 120.5169 120.8167 121.0900
124.7700 124.1052 122.7999 114.3120 115.1837 117.3038 120.4489 119.0374 114.9811 121.8909 112.4638 112.6392 114.0206 117.5873 104.0706 105.2096 104.6425 103.2346 114.6713 117.9852 109.0853 119.5962 118.0418 118.7078 118.2575 117.9018 117.5342 117.1652 116.7990 116.4256 116.0624 115.7121 115.3708 115.0428 114.7459 114.4877 114.3667 114.1421 113.9725 113.9160 113.9226 113.9964 114.1207 114.3083 114.5395 114.8025 115.1108 115.4367 115.7793 116.1295 116.4956 116.8664 117.2316 117.5997 117.9639 118.3262 118.6761 119.0267 119.3651 119.7006 120.0202 120.3391 120.6374 120.8100
124.7400 118.4994 117.7861 114.3628 115.1888 116.0663 117.2601 125.3107 121.1236 112.7690 115.0798 110.5883 125.3418 111.3934 115.8431 115.2063 104.4992 113.4866 120.8742 113.5391 119.7159 119.9309 118.7092 118.3406 117.9253 117.5901 117.2343 116.8063 116.4021 115.9983 115.5961 115.1981 114.8097 114.4445 114.1094 113.8144 113.1498 113.2324 113.2723 113.1488 113.1338 113.2223 113.3757 113.5865 113.8621 114.1706 114.5188 114.8908 115.2783 115.6763 116.0740 116.4732 116.8770 117.2785 117.6632 118.0532 118.4244 118.7898 119.1509 119.4985 119.8345 120.1634 120.5185 120.7400
124.7200 117.4641 114.8922 114.5543 112.9809 113.6217 113.2501 116.9844 112.3351 114.9218 113.2114 121.7055 128.1017 109.4038 111.8879 113.0747 103.0090 120.8411 120.3919 117.2290 119.8670 118.7080 118.5092 118.1148 117.7151 117.2404 116.8888 116.4432 116.0101 115.5659 115.1165 114.6730 114.2407 113.8198 113.4303 113.0500 113.8912 115.4455 113.3347 112.2508 112.2824 112.3830 112.5622 112.8252 113.1436 113.5025 113.9024 114.3266 114.7582 115.2077 115.6455 116.0910 116.5265 116.9579 117.3735 117.7766 118.1760 118.5635 118.9363 119.3033 119.6564 119.9866 120.4193 120.6900
124.6900 122.6503 114.6498 113.7096 112.3834 114.7439 115.1217 114.5523 113.9361 113.9691 111.3746 115.4521 108.6599 110.6786 112.2909 109.5930 104.7376 121.6258 121.5352 122.2859 119.1141 118.7093 118.2720 117.7842 118.1154 114.3706 116.2882 116.0424 115.6076 115.1288 114.6374 114.1427 113.6512 113.1692 112.7100 112.2392 112.1607 109.7071 109.7408 111.3074 111.3249 111.4454 111.6700 111.9841 112.3630 112.7961 113.2639 113.7403 114.2394 114.7342 115.2278 115.7054 116.1804 116.6409 117.0881 117.5214 117.9447 118.3521 118.7403 119.1211 119.4852 119.8375 120.1811 120.3400
129.4600 125.3954 118.4212 119.5653 118.7294 112.1478 113.1218 121.6725 113.2393 113.3241 114.2064 126.0249 109.8419 112.0754 108.1929 107.9244 114.8504 129.2169 120.2457 114.5458 118.7992 118.4688 118.0612 117.5779 117.6323 113.8767 118.2162 115.8604 115.2133 114.7085 114.1538 113.5989 113.0371 112.4862 111.9502 111.4459 110.9857 110.6766 110.7246 110.2696 110.2536 110.4084 110.6901 111.0751 111.5337 112.0502 112.5928 113.1496 113.7078 114.2638 114.8037 115.3330 115.8446 116.3397 116.8139 117.2762 117.7132 118.1458 118.5530 118.9488 119.3299 119.6960 120.0524 120.2900
124.4800 125.6078 113.9631 127.2336 124.5673 120.2792 119.3637 117.4245 115.6981 113.9724 103.5297 118.0901 113.4737 121.1726 115.6783 114.9147 122.8054 118.4064 118.4362 120.0167 118.9692 118.3034 117.8690 117.4082 116.9302 117.7487 117.0018 114.6992 114.8625 114.2793 113.6737 113.0573 112.4236 111.7792 111.1460 110.5361 109.9798 109.5088 109.1190 109.0007 109.0287 109.2354 109.6005 110.0875 110.6523 111.2653 111.9031 112.5465 113.1772 113.7952 114.3913 114.9684 115.5205 116.0539 116.5540 117.0423 117.5035 117.9549 118.3796 118.7880 119.1812 119.5666 119.9267 120.2500
124.4700 124.6446 119.6007 125.1688 123.3899 124.1224 120.4303 122.2503 116.2909 117.3649 110.4882 115.0783 112.3180 102.3568 102.4790 106.3772 125.2321 118.2205 118.5423 118.9676 118.5241 118.1363 117.6917 117.2247 116.7187 115.7723 115.2521 115.2614 114.5232 113.8742 113.2104 112.5266 111.8034 111.0573 110.3070 109.5627 108.8697 108.2667 107.8280 107.5908 107.6119 107.8833 108.3696 108.9991 109.7066 110.4505 111.2042 111.9384 112.6547 113.3440 114.0012 114.6261 115.2180 115.7806 116.3208 116.8316 117.3177 117.7772 118.2128 118.6485 119.0523 119.4450 119.8283 119.9500
124.4500 124.2540 124.5453 123.8355 123.6449 123.1435 119.5119 117.9934 102.3605 113.7760 111.9916 110.6826 122.7704 103.3804 100.5277 116.2939 110.5745 119.2715 118.1294 118.9193 118.4598 117.9966 117.5362 117.0477 116.5350 116.0515 115.4801 114.8126 114.1833 113.5018 112.7817 112.0121 111.1918 110.3369 109.4370 108.5313 107.6377 106.8337 106.2014 105.8746 105.9043 106.3078 106.9725 107.8055 108.7077 109.6161 110.5076 111.3518 112.1640 112.9276 113.6382 114.3107 114.9420 115.5393 116.1012 116.6416 117.1380 117.6450 118.1034 118.5205 118.9384 119.3419 119.7250 119.9200
124.4400 124.2613 124.0030 123.7902 123.5953 123.2501 120.0410 113.1442 114.8267 112.6408 122.6018 112.2376 108.6579 115.2891 107.4958 108.5623 110.5647 109.5656 121.1199 118.7961 118.3164 117.8805 117.3980 116.9002 116.3709 115.8062 115.2061 114.5757 113.8955 113.1627 112.3811 111.5331 110.6230 109.6302 108.5720 107.4575 106.3004 105.1909 104.2661 103.7400 103.8001 104.4226 105.3930 106.5240 107.6682 108.7856 109.8309 110.8081 111.7033 112.5361 113.3120 114.0301 114.7033 115.3285 115.9158 116.4717 117.0188 117.4395 117.8647 118.4255 118.8425 119.2486 119.6380 119.8800
124.4300 124.2310 123.9959 123.7544 123.5372 123.3999 124.7666 103.3720 114.9578 111.4295 110.3163 118.5722 120.6479 106.6268 104.8771 117.3309 120.1614 120.0609 119.2847 118.7025 118.2027 117.8074 117.2720 116.7754 116.2259 115.6469 115.0258 114.3589 113.6467 112.8754 112.0368 111.1124 110.1039 108.9849 107.7432 106.3679 104.8646 103.3030 101.8280 100.9477 101.0472 102.0804 103.6077 105.1681 106.6467 107.9967 109.2122 110.3053 111.2979 112.2013 113.0333 113.7950 114.5010 115.1488 115.7699 116.3324 116.5945 120.4881 117.5353 118.3800 118.7668 119.1765 119.5703 119.8600
124.4200 124.2256 123.9832 123.7225 123.6339 122.1884 117.5574 114.5678 116.8713 109.1209 113.9882 104.5283 100.5157 115.2614 110.2212 121.7478 119.6371 119.2353 118.9708 118.6543 118.1098 116.2307 116.5824 116.6572 116.1043 115.5653 114.2635 114.2358 113.4577 112.6458 111.7609 110.7689 109.6725 108.4304 107.0131 105.3587 103.4340 101.1495 98.8403 96.6494 96.9963 99.2051 101.6086 103.8260 105.7008 107.3040 108.6872 109.9000 110.9757 111.9387 112.8100 113.6072 114.3341 115.0107 115.6425 116.2216 116.7362 117.1905 117.8244 118.2542 118.7005 119.1168 119.5229 119.8300
124.4200 124.2070 123.9572 123.6311 124.8105 112.5947 114.4117 114.2943 121.4442 114.5236 108.1133 115.2145 113.9597 107.9889 124.9718 112.9596 120.0454 119.3546 119.0473 118.6039 117.8934 116.4769 113.6724 116.4038 116.1338 115.4257 114.8209 114.0890 113.3275 112.4863 111.5607 110.5320 109.3639 108.0271 106.4527 104.5560 102.1759 99.0841 94.1920 90.1462 90.5434 95.3914 99.7176 102.6844 104.9609 106.7831 108.3020 109.6100 110.7419 111.7530 112.6594 113.4772 114.2270 114.9198 115.5605 116.1577 116.7360 117.2791 117.7366 118.2108 118.6598 119.0842 119.4863 119.8200
124.4100 124.1920 123.9723 123.9796 123.2001 119.9032 116.7476 113.6743 107.9498 101.2276 100.5080 104.9562 109.2600 102.4173 110.4169 99.9526 119.6227 118.9708 118.9936 118.5409 118.2274 117.6823 117.5742 116.2869 115.4961 115.4475 114.7334 114.0264 113.2578 112.4049 111.4639 110.4108 109.2065 107.8143 106.1568 104.0982 101.4210 97.5937 90.1697 85.1927 85.7867 91.9103 98.4803 102.0102 104.5451 106.5022 108.1067 109.4608 110.6241 111.6529 112.5810 113.4118 114.1769 114.8711 115.5247 116.1259 116.6783 117.2069 117.7232 118.1909 118.6366 119.0629 119.4701 119.8100
124.4100 124.1960 123.9895 124.0511 118.8619 119.9852 115.7723 116.5772 113.4257 107.3267 113.8406 121.9531 110.3828 106.3856 128.2035 117.9592 120.4130 119.1374 118.9384 118.5532 117.6606 117.1179 116.9987 116.4802 115.1545 115.3938 114.7293 114.0313 113.2631 112.4117 111.4684 110.4097 109.2140 107.8197 106.1626 104.1146 101.4398 97.6620 90.6361 85.3329 85.7984 92.0319 98.5286 102.0301 104.5581 106.5146 108.1111 109.4626 110.6306 111.6600 112.5853 113.4190 114.1794 114.8770 115.5256 116.1284 116.6883 117.2223 117.7200 118.1911 118.6406 119.0627 119.4737 119.8000
124.4100 124.1891 123.8837 123.7533 118.0858 113.0801 116.8980 115.1703 110.8881 106.4882 106.3397 106.4406 113.4689 115.2811 123.8658 120.6036 119.9340 120.0938 119.0482 118.5126 121.5824 117.5138 117.2993 116.6827 115.6364 115.4843 114.7923 114.0894 113.3311 112.4925 111.5773 110.5413 109.3805 108.0471 106.4788 104.5932 102.2426 99.1558 94.7900 90.3692 90.7484 95.7208 99.8150 102.7498 104.9988 106.8065 108.3226 109.6242 110.7558 111.7608 112.6644 113.4891 114.2331 114.9304 115.5655 116.1637 116.7222 117.2475 117.7450 118.2141 118.6628 119.0844 119.4912 119.8100
124.4100 124.2430 124.4480 125.3276 121.5315 112.8345 117.9091 105.0407 110.6968 111.0415 103.0925 104.4046 102.5426 99.8259 122.4118 118.8596 115.9174 114.4514 119.2112 118.2389 121.4973 117.4233 117.2036 116.6823 116.1673 115.5246 114.8951 114.2111 113.4630 112.6545 111.7678 110.7837 109.6986 108.4612 107.0506 105.4128 103.5083 101.3067 99.0526 96.8910 97.2520 99.3823 101.7358 103.9065 105.7479 107.3382 108.7163 109.9202 110.9938 111.9500 112.8224 113.6179 114.3445 115.0186 115.6478 116.2346 116.7874 117.3067 117.7978 118.2634 118.7014 119.1248 119.5211 119.8200
124.4200 124.2031 120.3564 116.9022 118.7937 119.6370 121.2282 112.6737 103.8144 115.0343 105.4683 108.0774 112.1688 99.7026 104.1052 104.1147 119.0966 125.4305 118.4782 118.5764 117.8343 117.8143 117.3013 116.7767 116.2232 115.6556 115.0322 114.3687 113.6637 112.8919 112.0482 111.1379 110.1314 109.0163 107.7891 106.4273 104.9506 103.4047 101.9777 101.0958 101.1890 102.2250 103.6924 105.2733 106.7180 108.0770 109.2475 110.3369 111.3199 112.2251 113.0438 113.8050 114.5064 115.1628 115.7740 116.3430 116.8805 117.3891 117.8740 118.3273 118.7691 119.1823 119.5729 119.8400
124.4300 124.6626 121.2118 114.4672 112.9624 103.9045 123.7363 114.2709 110.0494 110.9869 111.9920 103.0364 113.1560 98.2354 113.4556 119.6453 120.1829 120.3577 119.1863 118.7778 118.3766 117.8781 117.4100 116.9031 116.3805 115.8282 115.2280 114.5902 113.9079 113.1877 112.4011 111.5576 110.6523 109.6718 108.6252 107.5147 106.3800 105.2824 104.3703 103.8537 103.9128 104.5220 105.5105 106.4770 107.8436 108.7596 109.8716 110.8359 111.7309 112.5596 113.3311 114.0440 114.7185 115.3367 115.9280 116.4817 117.0081 117.5010 117.9719 118.4239 118.8410 119.2575 119.6458 119.8600
124.4400 119.5591 119.4421 104.1208 103.2636 107.8360 116.2592 118.7800 110.7873 107.4461 104.5342 110.8042 123.5917 112.7284 121.6263 121.0546 120.6106 119.5569 119.1878 118.8765 118.4421 117.9989 117.5473 117.0555 116.5403 115.9955 115.4566 114.8349 114.2060 113.5202 112.8044 112.0421 111.2270 110.3749 109.4875 108.5912 107.7137 106.9046 106.2880 105.9527 105.9945 106.3900 107.0557 107.8841 111.5191 109.4313 110.5973 111.3835 112.1941 112.9460 113.6638 114.3250 114.9642 115.5568 116.1173 116.6445 117.1560 117.6338 118.0945 118.5243 118.9460 119.3476 119.7311 119.8900
124.4500 118.7963 114.7347 114.5731 120.1653 109.8509 110.9555 121.7008 115.7997 101.7162 108.4317 123.2201 119.0225 121.1947 122.9137 101.0335 118.7738 118.0390 119.3025 119.0135 118.5770 118.1447 117.6990 117.2348 116.7605 116.2073 115.4845 115.2682 114.5189 113.8987 113.2444 112.5503 111.8383 111.1013 110.3511 109.6236 108.9223 108.3252 107.8856 107.6489 107.6787 107.9558 108.4313 109.1338 109.7102 110.4843 111.2468 111.9811 112.6886 113.3743 114.0243 114.6448 115.2330 115.8037 116.3341 116.8412 117.3261 117.7882 118.2350 118.6530 119.0603 119.4556 119.8242 120.1700
114.3100 113.2727 122.3455 117.5247 117.8150 114.9480 112.4565 121.3699 110.1727 116.9377 111.5963 125.3392 106.3965 120.0799 116.4566 112.5656 120.0683 118.0092 119.5572 119.1294 118.7206 118.2850 117.8681 117.4280 116.8940 117.5611 110.4049 115.9415 114.7926 114.3214 113.7052 113.0899 112.4564 111.8198 111.1919 110.5919 110.0380 109.5687 109.2475 109.0759 109.0908 109.2969 109.6472 110.1436 110.7030 111.3089 111.9394 112.5823 113.2097 113.8274 114.4182 114.9886 115.5390 116.0706 116.5728 117.0569 117.5159 117.9676 118.3934 118.7954 119.2017 119.5437 119.9035 120.2100
124.4800 117.3165 116.7788 121.2660 116.7584 114.6668 102.9752 112.4375 107.9184 103.7232 104.0398 117.9140 115.6880 109.4932 122.3878 121.8463 120.4014 120.1496 119.6280 119.2659 118.8387 118.7337 118.0894 117.7212 116.9363 120.0675 112.5722 116.1426 115.1466 114.7022 114.1750 113.6298 113.0734 112.5235 111.9714 111.4797 111.0552 110.6747 110.3794 110.2627 110.2996 110.4622 110.7427 111.1237 111.5919 112.0913 112.6307 113.1797 113.7387 114.2939 114.8287 115.3597 115.8630 116.3571 116.8288 117.2909 117.7326 118.1522 118.5655 118.9563 119.3493 119.6604 120.1802 120.2500
124.6500 121.4395 111.2081 111.8871 114.3694 108.8744 109.8953 106.5667 103.0833 106.1069 103.1413 111.0125 123.9005 104.9996 121.4384 120.9457 120.3679 120.1095 119.7844 119.4172 119.4242 116.1611 118.5803 117.8416 117.2401 117.5480 103.8227 117.2022 117.1568 115.1553 114.7081 114.1673 113.6765 113.2977 112.7606 112.3703 111.9137 111.6901 111.6656 111.4218 111.4008 111.4902 111.7246 112.0347 112.4107 112.8421 113.2973 113.7762 114.2752 114.7592 115.2509 115.7355 116.2054 116.6633 117.1060 117.5361 117.9556 118.3611 118.7498 119.1374 119.5596 120.1803 115.7227 120.5900
124.6700 121.4270 110.4842 109.6406 109.5291 109.9381 108.5175 104.3883 105.6223 109.8765 103.3264 114.1067 122.3142 124.9345 120.7242 117.2127 120.6656 120.3121 119.9347 119.5161 120.0124 111.7938 119.3034 117.9675 117.7435 117.5003 116.8822 115.9638 119.1761 115.3079 115.1670 114.7180 114.2029 113.5173 113.3810 113.0221 112.7884 112.1849 109.6002 112.2225 112.2511 112.4280 112.6058 112.8636 113.1751 113.5432 113.9422 114.3561 114.7959 115.2348 115.6793 116.1200 116.5520 116.9736 117.3871 117.8052 118.1910 118.5800 118.9464 119.3128 119.5203 120.0642 113.8479 120.5900
124.6900 117.9821 112.2153 110.2855 110.5282 109.6331 113.7722 102.2824 112.6703 105.4733 104.9342 124.2273 119.9848 110.6083 120.3493 114.9061 121.0517 120.4397 120.1016 119.8079 119.5154 119.5490 118.8007 118.5669 117.9693 117.4581 117.0692 116.7170 116.1557 116.1057 115.6563 115.2607 114.1853 114.9493 115.1672 114.1764 113.6788 113.4283 114.6457 113.4092 114.0335 113.3169 113.4489 113.6221 113.8935 114.2037 114.5517 114.9266 115.3046 115.7049 116.1013 116.5091 116.9044 117.3082 117.6969 118.0647 118.4401 118.8101 119.1540 119.4339 121.0185 121.9800 120.6816 120.6400
119.4800 112.4717 111.4179 110.7819 111.0650 115.9298 107.7607 106.9301 108.0818 104.7225 118.3017 106.4692 118.3198 115.6758 121.1627 119.6700 120.9933 120.5912 120.2870 119.9805 119.5556 119.1287 118.9663 116.3316 118.5637 117.9423 117.4434 116.5270 118.4812 116.2483 116.0118 115.7507 115.3542 115.4431 102.0231 115.7537 113.6007 113.8381 114.4422 113.8664 114.0488 114.1066 114.1752 114.3377 114.5725 114.8370 115.1391 115.4507 115.8472 116.1581 116.5164 116.8905 117.2639 117.5982 117.9668 118.3304 118.6905 119.0458 119.4095 119.6624 119.4920 109.2870 119.8106 120.9800
111.9300 110.6669 111.6260 112.0505 111.1213 114.4045 108.9876 106.5644 104.8293 103.9422 120.7709 112.9113 122.5760 123.1672 121.7132 121.5306 121.0300 120.7727 120.4683 120.1641 119.8701 119.5337 119.1921 117.5614 118.5442 118.2007 118.2925 117.9039 109.8361 117.9557 116.8436 116.0502 115.3632 115.5392 100.0164 124.3498 116.9557 116.6304 114.4767 114.6833 114.6777 114.7315 114.8572 114.9980 115.1939 115.4278 115.7075 116.0335 116.0679 116.6203 116.9658 117.2827 117.6053 118.3885 118.7252 118.6196 118.9909 119.2810 119.6175 119.8386 120.4842 117.9260 120.2846 121.0400
112.6500 116.1826 109.8197 112.3888 111.0938 111.1638 108.8388 106.0751 105.5760 105.7581 113.8568 123.0135 122.7724 121.9142 121.7501 121.4727 121.2271 120.9462 120.6567 120.3713 120.0648 119.8267 119.5293 119.2890 118.8947 118.5423 118.1436 116.5176 112.5987 116.9803 119.7754 118.8934 116.8789 108.6574 100.7552 116.0464 115.2996 121.0405 114.6908 115.3398 115.3443 115.3867 115.4750 115.6186 115.7873 116.0017 116.1411 117.0495 115.1089 119.6564 117.3329 117.6929 117.8938 117.9766 119.6213 118.9764 119.2552 119.5323 119.6972 121.6040 120.2677 121.5898 121.4337 121.1000
112.7100 112.3906 110.9541 111.0509 111.5097 104.6886 111.4310 109.8015 105.7388 109.9017 124.3304 121.6981 122.4091 122.1680 121.9267 121.6673 121.3936 121.1327 120.8522 120.5825 120.2911 119.9521 119.5370 119.3811 119.1092 118.8427 118.5552 118.5956 118.3476 117.6588 117.4897 106.3103 116.9461 109.8806 109.3258 117.5715 115.6845 115.4505 116.0359 115.9458 115.9484 116.0022 116.0763 116.1989 116.3487 116.5269 116.6276 118.7632 108.2368 110.1641 118.7319 118.0774 118.3030 118.6821 119.2912 119.1394 119.5271 119.7797 120.0442 120.5056 120.5940 120.8912 121.1588 121.3800
118.0800 112.2068 111.0041 111.8764 112.3071 112.6625 111.3608 109.0135 103.2550 110.4188 129.7913 122.6392 122.3569 122.3933 122.0678 121.8287 121.5710 121.3205 121.0546 120.7885 120.5288 120.0873 120.8138 119.4160 119.3238 119.1843 118.8743 118.6342 118.1265 117.5947 114.2029 115.4930 117.6099 117.6136 117.6409 116.4933 116.8238 116.7113 116.5493 116.5232 116.5268 116.5691 116.6382 116.7467 116.8811 117.0291 117.2739 116.5342 100.5772 104.3399 117.6227 118.6444 118.6825 118.9367 119.2104 119.4919 119.7566 120.0263 120.3189 120.5718 120.8489 121.1040 121.3728 121.4100
115.1700 116.7416 112.2072 112.4182 113.1059 122.2044 112.5590 107.0537 107.6781 104.6721 119.9039 106.8645 124.2538 122.5093 122.2032 122.0019 121.7522 121.5231 121.2696 120.9515 120.7503 120.5475 119.8374 121.8099 119.5273 119.4924 119.1877 118.9554 118.6376 118.7245 118.9893 117.7496 117.8642 117.6181 117.3636 117.4011 117.2254 117.1328 117.0879 117.0644 117.0673 117.1018 117.1663 117.2559 117.3771 117.5246 117.6015 119.1839 117.4760 103.9653 116.3955 119.0001 118.9973 119.2579 119.5006 119.7702 120.0152 120.2887 120.5442 120.8003 121.0551 121.3071 121.5545 121.7100
112.9600 111.8563 114.5753 111.9823 111.4674 114.1044 116.4400 107.7957 102.4765 104.3118 110.6917 101.9344 124.5258 122.3518 122.4353 122.1714 121.9423 121.7183 121.7186 121.2871 120.9184 121.3909 120.8965 120.5046 119.9336 119.7931 119.5351 119.2014 119.1578 118.7144 118.4934 118.4495 118.2641 118.1157 117.9604 117.8423 117.7389 117.6863 117.6234 117.5770 117.5771 117.6055 117.6608 117.7438 117.8572 117.9720 118.1406 118.3337 118.8381 117.6146 119.4836 118.9654 119.3593 119.5897 119.7600 120.3699 120.1886 120.5386 120.7811 121.0277 121.2689 121.5097 121.7475 121.7800
114.9100 111.5933 112.4597 112.2504 112.1840 110.9039 114.2833 106.4893 103.5159 105.0990 118.1737 116.3199 123.0560 122.8682 122.5540 122.3491 122.1308 121.8068 117.0887 117.5826 121.9871 121.0634 94.2506 120.2662 119.9260 120.0446 119.8373 120.2383 122.8419 119.0320 119.0407 118.8493 118.6805 118.5168 118.4455 118.1095 118.1665 117.9856 118.0076 118.0278 118.0558 118.0763 118.1321 118.2090 118.3050 118.4186 118.5556 118.7588 118.7967 119.0751 118.9507 119.5262 119.6618 119.8488 120.1840 118.3407 120.4760 120.8703 121.0204 121.2483 121.4849 121.7107 121.9386 122.0400
114.9200 115.1239 110.1001 113.3505 115.1458 111.4030 112.7530 103.0803 103.9096 112.1421 110.0269 124.7874 122.8305 123.0235 122.7422 122.5414 122.2053 123.7960 109.9526 109.4067 114.0348 122.3015 103.9346 127.3368 120.6034 120.7754 120.1775 119.8365 123.1308 119.2063 119.4606 119.2175 119.0609 118.9682 118.5440 119.8088 118.4352 118.9440 118.6207 118.5726 118.5023 118.5801 118.5725 118.6453 118.7361 118.8426 118.9626 119.0979 119.2805 119.4228 119.6523 119.7855 119.9868 120.1899 120.3404 120.1576 124.8434 120.7657 121.2618 121.4834 121.6992 121.9215 122.1333 122.3700
114.9100 111.8626 111.8765 112.3826 113.6564 107.9085 111.0625 104.8351 121.2157 127.3188 126.1799 124.0532 123.3676 123.0910 122.8981 122.7236 122.3716 121.3409 104.7361 122.1903 107.6481 102.1268 115.2460 114.6153 107.8091 122.0792 120.4320 121.0174 120.4299 120.2992 119.5929 119.6097 119.4443 119.0996 120.9257 110.0489 115.6004 118.7050 118.3892 118.8085 119.0108 118.7121 119.0338 119.0635 119.1472 119.2415 119.3564 119.4908 119.6240 119.7825 119.9395 120.1227 120.2995 120.4975 120.6828 121.9310 122.4423 121.2286 121.5147 121.7074 121.9138 122.1271 122.3324 122.6100
114.9100 111.7462 113.1361 111.1327 109.6760 106.7060 115.7981 101.8138 113.9494 114.3118 111.9611 124.5179 123.4916 123.3333 123.1531 122.9029 122.5994 122.6424 123.5174 123.4776 124.7875 112.3014 102.5185 113.7491 108.2197 119.8273 120.7710 119.9257 106.2062 120.1699 120.0944 119.9504 119.8314 119.4430 120.7594 108.8038 118.8342 120.8019 122.7083 119.4381 116.9442 121.5842 119.0186 119.5137 119.5438 119.6238 119.7335 119.8490 119.9862 120.1231 120.2790 120.4408 120.6049 120.7862 120.9601 121.2657 121.2459 121.5863 121.7230 121.9337 122.1325 122.3190 122.5328 122.6100
118.9800 117.8922 116.3029 111.3848 118.3332 119.6291 124.5694 117.1264 116.6295 115.0162 116.3685 123.7960 123.5193 123.2007 123.0881 123.0906 122.9082 122.1446 113.9286 123.0042 121.6738 123.3423 118.1595 121.3885 123.3161 120.1261 120.9279 122.6418 117.3401 122.0121 120.3959 120.3010 120.1821 119.9190 120.2174 114.8286 104.4505 105.2319 121.0821 119.7346 119.6186 119.5949 119.6668 119.8696 119.9201 119.9991 120.0966 120.2008 120.3195 120.4590 120.5976 120.7466 120.9031 121.0693 121.2420 121.3924 121.5951 121.7718 121.9676 122.1548 122.3404 122.5395 122.8196 122.9200
118.9800 119.5920 110.6259 108.4624 123.1762 125.6759 125.4999 126.5447 125.8741 124.7397 124.8384 123.8874 125.2272 125.0008 124.3367 122.9049 122.8483 123.1395 118.2262 122.1315 124.7766 111.7921 121.1891 121.9252 121.7586 121.5086 121.3563 120.9371 121.3694 120.8142 120.7803 120.6264 120.5202 120.4255 119.9903 119.1086 101.5735 128.1269 118.8384 120.1191 120.1239 120.1478 120.1721 120.2246 120.2813 120.3534 120.4476 120.5451 120.6594 120.7751 120.9144 121.0497 121.1949 121.3530 121.5180 121.6820 121.8479 122.0233 122.1990 122.3708 122.5685 122.6513 122.4779 122.9600
117.8700 121.1234 113.5030 106.8425 126.6399 124.5413 125.0518 124.6690 124.4755 124.7430 124.0465 125.0778 114.8747 103.6066 116.0968 124.2343 123.1723 123.1594 122.8790 123.1298 107.3507 108.7055 131.3648 118.0618 122.0997 122.0012 121.5866 121.4815 121.3335 121.1986 121.0640 120.9603 120.8591 120.8113 120.5916 119.0843 106.5600 120.8197 120.2142 120.4975 120.5184 120.4980 120.5609 120.6116 120.6272 120.6960 120.7808 120.8727 120.9746 121.0933 121.2110 121.3405 121.4864 121.6314 121.7742 121.9336 122.0975 122.2594 122.4114 122.6046 122.7415 122.8376 122.8638 126.8300
126.0400 124.9016 125.1993 123.3054 125.7979 125.2831 125.1186 125.0223 124.5118 125.2854 107.8165 121.9513 109.5020 126.9031 121.1058 123.7269 123.4843 123.2246 123.0052 123.3816 120.4915 99.2804 104.0487 109.4080 122.7262 121.9876 121.8908 121.7314 121.6027 121.4831 121.3730 121.2635 121.1758 121.0963 120.9639 121.6295 122.4679 120.8753 121.3115 121.0606 120.8456 120.8422 120.7354 120.6484 120.9990 121.0262 121.1062 121.1913 121.2872 121.3966 121.5122 121.6357 121.7612 121.9009 122.0367 122.1898 122.3363 122.4949 122.6517 122.8118 122.9301 123.9269 108.0775 114.4500
126.0800 127.0031 125.6912 125.6341 125.5272 125.4520 125.2515 125.0887 124.8403 126.2224 122.4075 127.1146 111.5098 120.8742 125.3777 123.3781 123.7905 123.5230 123.0776 124.0014 113.9396 101.2725 103.2872 116.8951 122.4182 122.1928 122.1321 122.0024 121.8958 121.7730 121.6669 121.5713 121.4795 121.4098 121.3778 121.1469 121.0042 121.2903 125.7273 120.6096 121.2140 121.1843 121.3513 123.2695 121.1021 121.3386 121.4111 121.4985 121.5925 121.6856 121.7988 121.9113 122.0351 122.1617 122.2968 122.4356 122.5792 122.7246 122.8653 123.0694 122.6455 125.9397 105.4697 122.5000
126.2400 121.2767 126.5019 125.7861 125.6860 125.5322 125.3779 125.2091 125.1419 124.4485 124.7842 123.8302 118.3981 116.6177 117.8219 121.7685 125.2879 123.1184 123.2616 123.7130 102.7253 103.6599 115.5759 123.0253 122.6587 122.5530 122.4119 122.2795 122.1211 122.0692 121.9695 121.8568 121.7832 121.7075 121.6275 121.5935 121.7168 121.5455 110.5636 121.0969 120.8692 121.5136 121.8950 116.9551 122.1047 121.5693 121.7174 121.7940 121.8811 121.9689 122.0735 122.1902 122.3007 122.4189 122.5444 122.6795 122.8150 122.9491 123.1193 123.2366 123.6110 115.1776 107.4880 104.4200
126.2800 126.1937 126.2690 125.9548 125.7977 125.6522 125.5144 125.3618 125.1669 126.1046 121.5079 107.1883 100.0262 123.4155 125.7314 99.6353 112.2096 111.3472 123.2317 123.8231 104.7528 128.2682 125.3160 122.9322 122.8238 122.7621 122.6458 122.4624 122.8247 122.2574 122.1907 122.1683 122.0743 122.0001 121.9481 121.9234 121.5804 122.8501 102.8219 122.0267 121.4168 121.8628 121.8319 121.4612 122.1297 121.9216 122.0147 122.0838 122.1672 122.2511 122.3493 122.4490 122.5570 122.6690 122.7890 122.9171 123.0356 123.1999 123.1946 123.5256 124.3571 118.9249 126.7164 104.8800
126.4300 126.3105 126.1221 126.0957 125.9315 125.7841 125.6409 125.5180 125.1665 125.7752 106.2062 109.9188 122.0565 122.4195 103.6123 105.2227 123.3243 120.9463 116.8484 122.1697 112.5535 122.6640 122.8154 123.2334 123.1658 122.9861 122.8392 123.9907 118.9661 123.3597 122.5981 122.3911 122.3443 122.2862 122.2310 122.1930 122.1425 119.7323 121.5326 121.9301 121.9294 122.0998 122.1365 122.1840 122.1275 122.2015 122.3020 122.3701 122.4388 122.5212 122.6088 122.7057 122.8077 122.9154 123.0302 123.1521 123.2669 123.3169 123.7099 123.0073 117.7475 123.4370 114.6254 113.9400
126.4800 126.4800 126.2500 126.1400 126.0200 125.9000 125.7800 125.6800 125.4100 125.2900 104.9600 125.0400 124.9100 124.8100 102.5200 124.3800 124.4000 102.2600 120.6800 123.8400 123.8700 123.5600 123.5800 123.3900 123.2700 123.1300 123.4200 123.4200 105.6800 122.6700 122.7200 122.5400 122.5700 122.3700 122.4000 122.4200 122.4400 122.2100 122.2300 122.2300 122.2300 122.2200 122.2100 122.4300 122.4300 122.4000 122.5800 122.5800 122.7200 122.7200 122.8500 122.8500 123.0000 123.1400 123.1400 123.2800 123.4200 123.5800 123.7000 108.6100 123.3400 119.6000 113.9400 113.9400
