122.3400 122.3900 117.7400 121.5100 121.2900 121.0700 120.6000 120.3600 119.8500 119.5900 119.0300 118.7400 118.1200 117.8000 123.0500 114.7000 116.3700 115.5600 115.1300 114.1900 113.6700 118.0400 111.9400 111.2800 109.7900 108.9500 108.0200 106.9900 104.5000 103.1300 103.1300 101.2500 101.3100 103.2600 103.2600 104.5000 105.9300 108.0300 108.9600 109.8000 111.2900 111.9500 113.1400 113.6800 114.1900 115.1300 112.1000 116.3800 116.7600 117.4700 117.8000 118.1300 121.8500 101.5700 98.2600 100.1700 100.9200 111.0100 119.8300 103.5000 116.0500 110.4100 106.6800 122.3400
122.3400 123.6335 120.0145 121.8765 121.3169 120.9490 120.6183 120.7340 120.9148 120.1276 120.2722 121.8340 117.3289 117.7032 119.8321 116.0233 116.2520 115.6220 115.0210 114.3490 113.4850 114.9849 112.0763 111.0287 109.9779 108.8015 107.4783 105.9666 104.2504 102.3141 100.3502 98.8135 98.8313 100.2773 102.2201 104.1529 105.8834 107.4092 108.7460 109.9283 111.0919 110.8540 112.8843 113.5463 114.2507 116.4421 111.0146 110.3390 118.5383 118.5316 120.1382 119.9968 118.1395 94.2078 96.3265 103.1206 102.0752 109.9223 114.2799 109.3079 104.3476 111.2625 113.4435 113.6000
122.3200 122.1505 122.3358 121.4536 121.0820 120.8946 120.5823 121.1247 113.1229 117.1270 114.8899 115.1760 123.8336 117.5218 117.0109 116.7606 116.2184 115.5429 114.9038 114.2121 113.4867 112.4834 111.7259 110.7469 109.6217 108.3394 106.8537 105.0990 102.9641 100.2590 96.8935 93.1183 92.9562 96.7187 100.1197 102.8432 105.0016 106.7818 108.2770 109.5881 110.5528 110.7935 112.6477 113.5211 114.0106 109.8021 98.9876 93.9229 100.9755 116.5232 104.8415 103.7200 107.5858 114.3175 99.1551 102.8587 105.2148 106.8327 112.3845 111.8047 109.7919 109.8356 107.3599 107.1500
122.3100 121.8437 119.6524 120.9583 121.9579 121.1096 120.6176 120.2462 116.4951 119.3121 116.1146 113.7595 118.0902 120.7784 117.1926 116.6609 116.0762 115.4923 114.8348 114.1393 113.3716 112.5629 111.6382 110.5772 109.4101 108.0503 106.4556 104.5086 102.0094 98.6261 92.5118 87.0935 86.9001 92.2128 98.4301 101.8713 104.4042 106.3797 108.0128 109.0668 113.1288 111.5735 112.6369 112.4222 114.1959 92.1334 92.2777 103.3503 108.5260 110.7348 109.8664 101.3872 109.6144 105.0197 102.7617 103.3391 106.8277 106.2623 102.7370 109.8239 111.3536 109.9477 117.5919 109.5000
122.3100 121.8119 118.4805 116.5942 111.3851 122.1571 120.4592 120.1546 120.2941 119.8328 119.2993 119.9539 118.6661 118.3539 117.1328 116.6381 116.0735 115.4687 114.8172 114.1179 113.3456 112.4952 111.5713 110.5313 109.3454 107.9696 106.3432 104.3283 101.7129 98.0083 90.7363 84.7848 84.6866 90.3567 97.7941 101.5658 104.2167 106.2527 107.9679 109.1474 113.6962 111.3992 112.9067 111.4446 113.7981 94.5747 93.5425 111.6655 116.1984 115.8916 118.9604 104.4609 103.5519 97.6882 103.0731 103.4842 110.2191 107.4364 101.9778 110.5764 109.9592 110.4805 111.5210 109.5000
122.3100 122.1120 121.5419 121.4420 120.0168 121.2184 120.5694 120.2465 119.7693 119.2545 120.0987 107.4790 118.9938 117.4777 117.1695 116.6913 116.1179 115.5009 114.8466 114.1488 113.3929 112.5554 111.6336 110.6069 109.4435 108.0975 106.5206 104.6019 102.1560 98.8764 93.5641 88.2340 88.0188 93.0999 98.6892 102.0258 104.4982 106.4357 108.0299 109.3417 110.9325 111.5970 113.3426 115.9410 98.3956 93.6460 95.5274 100.3404 120.1642 110.0448 101.9411 103.7943 108.5222 108.0187 103.4460 109.1391 115.3792 99.5923 99.6736 102.9433 105.5419 119.5512 120.2609 122.3100
122.3100 122.1726 122.0202 121.3712 120.2126 113.4296 120.7972 120.2997 119.8448 119.4343 119.3270 118.5268 118.4427 117.9566 117.1538 116.6878 116.1498 115.5539 114.9277 114.2384 113.4923 112.6841 111.7946 110.7954 109.6909 108.4285 106.9741 105.2631 103.2155 100.7704 97.6611 94.4776 94.4056 97.6393 100.5548 103.1183 105.1775 106.9015 108.3626 109.6242 110.7257 111.6993 113.9854 98.1674 91.5542 101.3914 98.6460 96.6893 110.1799 113.3884 103.0974 103.8450 109.6486 111.5130 111.4637 111.9761 118.3013 100.4327 98.1401 108.8917 109.8167 110.0787 123.3846 122.3100
122.3200 121.9985 121.6509 117.4821 121.3493 125.5029 120.4144 120.1969 120.1975 117.2074 118.9419 117.9085 103.7906 117.3098 116.6667 116.8692 116.2715 115.6759 115.0485 114.3844 113.6615 112.8849 112.0305 111.0953 110.0677 108.9182 107.6265 106.1710 104.5528 102.7591 100.9718 99.6911 99.6776 100.8969 102.6900 104.4674 106.0991 107.5743 108.8770 109.8887 111.2759 112.3345 111.9160 114.2297 110.1386 93.7387 118.6098 106.7689 101.9554 101.0223 108.9113 120.7689 106.7440 105.9249 103.5774 108.0605 115.9071 97.4157 99.0448 111.4319 109.3929 121.3803 122.1313 122.3200
122.3300 121.7440 125.2707 121.6027 120.9656 120.5753 120.6942 120.3300 120.0570 119.6799 120.2284 108.9257 119.4540 111.9550 107.3662 119.6568 116.7166 115.8304 115.2030 114.5826 113.8714 113.1512 112.3506 111.4853 110.5408 109.5178 108.4058 107.2052 105.9308 104.6596 103.5466 102.8226 102.8027 103.5056 104.6052 105.8530 107.1502 108.2981 109.5077 109.5586 109.7856 99.6196 101.4145 113.0982 106.8188 114.9827 114.9108 111.2509 103.5233 116.4821 118.2711 118.1572 118.2613 102.7686 109.0788 95.9531 96.9859 97.0151 109.7821 122.5066 122.2734 122.0605 123.7659 122.3300
122.5400 122.1405 121.6590 121.6729 121.4887 121.1783 120.7228 120.3906 120.0482 119.5565 116.7750 114.5746 104.9677 111.4454 110.1725 130.6231 117.2050 116.1806 115.4100 114.8316 114.1877 113.4642 112.7190 111.9283 111.0863 110.1901 109.2440 108.2565 107.2829 106.3580 105.5971 105.1580 105.1468 105.5787 106.3155 107.2443 108.1849 109.2853 110.9910 109.9497 104.2878 92.1715 101.7205 102.9592 113.7646 99.7137 100.9872 109.7891 118.6149 117.8858 117.6141 127.0620 101.7217 112.3486 111.0572 104.6548 100.4948 102.6800 113.6384 121.2882 121.2901 121.5118 125.9111 108.5100
122.5600 122.3490 122.1028 121.7567 121.4224 121.1101 120.8124 120.4689 120.1130 119.8172 120.8720 106.4096 112.5219 106.4053 114.8217 114.0139 116.6170 116.1259 115.7054 113.3033 114.4464 113.8233 113.1409 112.4227 111.6695 110.8873 110.0862 109.2951 108.5178 107.8253 107.2973 107.0023 106.9848 107.2649 107.7554 108.5629 109.3663 107.5717 109.3826 109.1031 100.9349 96.0273 100.0701 97.3106 113.9053 107.5529 100.1910 103.3253 117.5278 114.5335 113.6065 132.0491 98.8172 103.5480 112.8823 103.3094 114.9885 108.9391 122.7273 121.7251 121.8569 122.9018 124.9405 108.5100
122.5800 122.3918 122.1120 121.8214 121.5256 121.2090 120.8905 120.5574 120.3926 116.6024 124.1892 108.1155 110.5550 117.4807 113.9755 119.9152 116.6432 116.9499 115.6489 116.9643 114.6652 114.2427 113.5719 112.9400 112.2734 111.6057 110.9442 110.2415 109.6501 109.1388 108.7499 108.4879 108.5048 108.7023 109.6157 109.5478 110.1399 109.2905 106.1473 98.4822 107.5228 101.4644 106.5837 101.5363 103.6268 103.1252 108.6760 113.0433 117.4493 110.5511 118.5698 113.3300 102.7660 119.6221 109.5069 104.8880 113.7148 111.2756 121.5267 119.8804 121.5557 121.7349 123.5076 108.5700
122.6000 122.4236 122.1480 121.9033 121.6017 121.2981 120.9810 120.5660 120.8247 110.5123 121.0480 107.0398 109.6066 122.9951 112.4343 119.9085 118.4030 110.6097 118.5804 123.0697 114.6884 114.6511 114.0652 113.4724 112.8759 112.1525 111.6891 111.1072 110.8785 109.9928 109.8169 109.8006 109.8179 109.9448 110.2970 106.4417 111.1828 111.6677 107.7141 97.6336 96.1056 98.5076 107.4928 103.3747 105.2639 107.5472 108.7699 110.6068 118.7714 118.3821 117.3195 111.2799 118.1146 106.8764 118.1256 118.0200 118.8802 107.9547 117.8272 126.6555 122.8675 122.0558 125.7580 106.2800
122.6200 122.7288 122.2704 121.9945 121.6959 121.3974 121.0877 120.7575 121.2456 115.9260 120.5117 115.8769 117.6569 117.5807 114.9798 112.2108 117.6879 111.8462 120.2392 118.0432 115.4156 115.0219 114.6720 113.4348 113.3871 113.8252 113.7493 112.4578 110.7052 110.5172 111.3199 110.9797 110.9015 111.0322 111.3142 111.9135 112.2346 112.8230 112.6164 95.9286 102.1761 106.0590 104.7942 103.9160 103.9628 108.0171 100.7101 105.3667 109.5602 115.7186 110.2482 112.5464 114.7568 108.1458 116.3738 116.4681 112.2052 112.2400 117.1679 103.1633 111.7276 123.3727 113.8748 101.8500
122.8700 119.1705 122.6499 122.0784 121.7916 121.4986 121.2006 120.9197 120.6291 120.8409 118.4079 119.8175 119.5172 118.8652 117.7943 115.4319 115.6720 109.7415 119.4651 116.0529 115.9863 115.3515 115.7604 117.1639 116.4687 115.8092 113.4261 111.9476 113.7313 109.1814 108.8570 110.3655 112.0199 112.0606 112.2038 111.6688 111.5447 108.5046 96.6209 99.9152 111.7751 101.5507 112.5906 102.1053 106.0030 113.0134 101.3585 109.1237 107.0775 108.6571 105.3932 113.1320 97.8400 108.2670 104.8320 115.3807 114.3513 107.5280 110.3067 111.7798 108.6247 113.0787 105.0959 108.7100
122.9000 122.1050 122.4667 122.1768 121.9036 121.6210 121.3309 121.0370 120.7016 120.3940 119.2096 119.7130 119.3217 119.2921 118.7828 118.7256 105.8141 101.8425 114.7232 117.5780 116.5443 116.6034 110.6614 94.3289 107.6259 107.5387 108.5222 108.0016 116.2566 95.0264 96.8617 102.5772 113.5398 112.9075 112.9999 113.2848 113.1966 115.6293 102.8025 104.4604 116.4554 114.0522 111.5289 106.8449 103.4660 112.6436 116.8307 109.4257 107.9735 109.0284 107.8479 106.4938 112.3299 111.5658 112.9158 107.9579 122.0297 119.5169 120.5254 112.0920 110.9898 114.6584 116.7727 103.9300
122.9300 122.7700 122.5470 122.2868 122.0180 121.7410 121.4543 121.1694 120.8795 120.5510 120.3103 119.9326 119.6273 119.2443 118.7343 119.9421 107.1740 116.1837 115.6958 108.3955 116.8188 114.3885 115.0366 112.6417 107.8217 99.6401 100.8070 91.3504 108.6262 91.8656 98.6035 106.4384 114.0904 114.0366 114.1471 114.4868 108.0057 108.8540 104.3730 96.6260 104.6582 117.3633 113.6520 110.5011 117.0244 116.9646 117.9469 118.2583 109.7585 107.1275 104.9814 109.4547 107.0039 114.3266 106.9275 101.7719 105.0478 119.9330 111.4410 122.1099 122.5402 116.7076 103.3822 119.3100
123.1500 122.9068 122.6577 122.3991 122.1394 121.8741 121.5999 121.3156 121.0254 120.7280 120.4367 120.0983 119.7846 119.4714 119.2506 118.7647 117.8975 120.8844 109.2231 112.8792 118.1531 116.3269 116.3753 106.5764 103.3942 103.5000 100.5924 94.0507 109.6244 98.4628 100.6321 108.7915 114.8533 114.3920 110.6630 115.6320 104.8848 98.3839 110.7597 107.5984 124.4810 116.2240 116.7222 117.2359 117.0847 118.3424 117.0598 119.7079 102.6935 105.5904 96.1240 106.9641 107.9864 104.3344 98.5995 98.8510 106.3214 113.4622 122.6082 122.0721 122.4820 123.7666 127.5738 127.8100
123.1800 123.0134 122.7667 122.5239 122.2695 121.9945 121.7433 121.4892 121.0734 120.9099 120.6150 120.4368 119.1671 120.3559 119.3292 119.2007 118.4764 120.1038 112.2714 117.4224 109.6119 119.4857 112.8748 99.6271 103.1765 103.3613 108.1165 113.3902 97.9185 105.9776 104.5557 108.9296 115.3940 117.8080 117.3872 114.6562 105.7216 102.2517 112.0814 98.9750 109.0577 117.1308 116.7616 117.4040 117.7570 117.5682 107.0078 120.9372 110.5273 120.0962 101.1578 101.2258 105.8192 108.5269 111.9182 104.5442 116.8321 118.7965 118.2144 122.1282 120.9690 122.4367 122.5916 123.1800
123.2200 123.1238 122.8930 122.6453 122.4007 122.1882 121.8467 122.5451 120.0524 121.2320 120.5830 121.0585 111.7813 122.1333 115.3381 119.0415 119.8447 119.2231 116.8109 120.3110 117.8105 113.1092 110.1209 100.0236 102.3430 104.3654 102.7094 114.3982 106.4773 103.4993 104.1041 108.3445 116.2638 117.0667 104.3933 110.7751 101.1010 110.5178 112.9590 117.4926 112.0849 103.4200 114.5946 118.0176 116.9654 116.0864 119.5444 119.3750 106.1411 98.0673 107.3641 96.5555 95.5820 98.6165 109.9170 114.4269 118.5951 119.1408 119.1648 119.8238 123.6538 122.0121 123.2940 123.2200
123.4300 123.2483 123.0117 122.7739 122.5212 122.4687 122.1051 128.2249 120.8930 121.2855 121.0079 121.3474 116.2104 120.4121 115.2507 120.2285 113.6130 107.4819 107.8253 114.4578 119.7720 106.7207 105.9840 104.1235 107.4133 114.2531 99.9708 99.7170 106.6284 100.5493 104.5370 107.4152 116.7536 117.5256 105.1256 101.2481 112.5178 105.9903 111.4589 108.1394 112.3497 116.4697 119.1902 118.0193 119.2821 124.8363 107.9346 119.8270 118.4555 97.0407 116.2499 100.9187 99.1008 98.7434 97.3576 119.8421 118.0268 119.8810 118.8229 118.9783 117.6558 118.1587 122.4053 119.5900
123.4900 123.3652 123.1402 122.9144 122.6889 122.4498 121.6866 121.5132 121.7604 121.4159 121.2482 120.7568 120.8032 120.6868 120.7776 120.1650 116.3094 103.1780 105.9806 118.4813 118.8338 115.2604 110.7638 113.7415 116.3575 104.5670 100.3200 102.2292 107.0399 105.3252 115.6535 116.2478 117.2192 117.8461 106.2933 105.7842 109.8700 106.4968 121.7159 111.3736 114.5363 106.7934 116.2929 117.9391 118.7786 119.6720 104.7870 117.2006 114.5531 107.9179 98.6432 116.6099 100.6889 99.6179 97.6019 118.6236 119.9236 121.0462 119.1181 118.5994 118.8612 118.0373 117.5004 119.5900
123.7300 123.4952 123.2711 123.0426 122.8309 122.5768 122.4615 122.2143 121.8627 121.6549 121.4071 121.1626 120.8983 120.5183 120.1420 117.7253 117.0631 96.4372 120.9491 117.2138 118.3344 120.8825 114.8993 105.6097 107.7622 104.0961 102.8548 98.9471 109.1152 109.6591 108.1946 118.5006 117.3924 118.1410 108.9342 110.0609 112.6081 107.8399 108.1419 108.5339 113.3989 112.6766 115.8535 120.4850 119.2485 120.8642 118.7988 120.0486 111.2669 114.2058 109.5623 101.8618 101.1110 99.3846 98.7920 96.2334 105.7288 111.7856 119.3070 118.7604 118.7407 118.1540 119.9246 122.6300
123.7300 123.5827 123.4739 123.2882 122.9557 122.7585 122.5188 122.3021 122.0818 121.8374 121.6246 121.3763 121.1434 121.0897 119.7742 116.1296 109.7643 106.3945 122.1801 124.7076 118.2772 120.8485 116.9052 109.8028 107.2747 104.2506 104.7286 103.6798 110.2436 110.6345 106.9376 118.8829 117.8274 118.4111 111.7676 113.3077 114.3667 108.1767 103.3212 110.3613 111.3171 117.7446 119.3949 119.3611 119.3821 119.7550 119.9877 119.6770 107.7133 115.3149 108.1471 114.5798 108.4747 100.2405 100.6064 115.6082 111.6018 116.0521 121.4222 119.0587 119.9258 119.6935 119.3131 122.6300
123.9800 123.8257 122.6521 123.1246 123.1005 122.9240 122.6697 122.4727 122.3031 122.0566 121.7266 121.6119 121.1964 120.9126 120.7704 120.8307 110.2688 109.4695 105.7279 115.7669 102.6504 105.7272 113.3924 106.1058 112.3189 106.5363 106.2105 107.9098 106.4349 105.6296 119.0853 118.0310 118.3363 118.3106 118.7204 113.4713 116.5639 116.0249 105.3742 116.8883 114.3576 118.8328 119.3563 119.5853 119.8598 120.0320 120.2847 120.2766 121.9627 122.7682 118.0408 119.9024 110.7012 101.3722 98.7705 114.7097 119.3467 116.9911 123.1422 122.2977 118.8979 119.5457 120.2473 120.1300
124.0300 123.8752 123.1718 123.3841 123.2549 123.0967 122.8562 122.6825 122.3117 122.6073 122.0038 121.8236 121.6835 122.5110 117.8445 111.5093 113.7070 100.4076 100.1685 118.3765 115.7282 113.4381 120.5724 110.8549 111.6483 110.1707 108.1157 107.0155 115.9319 111.8359 118.6540 118.8751 118.7398 118.7632 119.1438 114.0959 109.0477 118.5436 118.9293 119.8301 116.9649 119.5473 120.1363 119.9692 120.1478 120.3460 120.5224 120.6932 120.9117 117.7679 112.9896 119.6230 116.6540 118.0537 99.7297 100.2927 114.3024 114.5372 123.2177 123.2924 123.7716 120.1977 120.0293 120.3800
124.0800 124.0090 123.8734 123.7092 123.4083 123.1804 123.2861 120.3223 123.0058 112.5897 123.4258 121.8181 122.7228 110.9634 107.6954 126.5871 104.3293 108.9005 107.2158 123.5271 116.9413 119.9479 120.9417 110.9476 107.7785 110.2318 110.7446 107.7375 118.8220 118.2630 119.2605 119.2358 119.1800 119.2219 119.1103 118.0298 116.1497 120.0928 117.7641 119.1337 119.8954 119.8533 118.4935 120.1531 120.4702 120.6351 120.8219 121.0052 121.8579 117.1753 114.7706 120.4556 115.9022 120.9360 115.7976 120.1926 110.9121 109.4684 125.1658 123.3438 123.5778 123.5622 123.6942 124.0700
124.2800 124.1540 123.9662 123.8749 123.3993 123.5603 123.1955 122.8225 122.8341 121.0312 122.7207 122.2751 121.6830 122.8409 117.3854 113.6599 100.5797 117.0809 118.4098 120.5643 120.5929 120.2978 120.9300 110.5376 113.0453 109.4031 108.9667 118.2802 120.0018 115.7849 119.7264 119.5905 119.5840 119.6006 119.5885 119.6122 119.8811 119.5082 122.8705 120.6315 120.0992 120.5687 116.6569 120.9389 120.7910 120.9208 121.1134 121.2783 121.4652 121.3974 122.7937 115.5628 120.7372 117.8847 122.7223 123.9680 115.1090 123.3663 123.1227 123.6626 123.7753 123.9145 124.1862 124.2700
124.3300 124.3070 124.0522 124.3300 119.4689 123.8717 123.2844 123.2514 122.8774 122.8046 122.6523 122.4547 122.3212 121.8616 120.0307 100.6660 117.1403 114.3801 123.0925 121.4806 120.7255 120.8212 120.4979 116.0954 117.7525 110.5054 110.7201 120.8685 119.8494 119.6961 119.9386 119.9788 119.9674 119.9846 120.0139 120.0474 120.0567 120.2204 120.0777 120.1450 120.4916 120.6593 121.2428 120.8575 121.0268 121.2505 121.7127 121.1035 122.5583 119.6746 122.4069 122.1264 122.8391 122.7712 122.7948 123.0061 122.9523 123.6512 123.4063 123.7187 123.9298 124.1211 124.2871 124.3200
124.5300 124.4391 124.2700 124.1577 123.8109 123.8782 123.5486 123.3848 123.2172 122.4194 123.0331 122.5529 122.5390 121.8003 123.2231 119.8622 118.0046 107.2274 111.2295 125.3832 120.9582 121.3545 120.6407 117.2738 120.7698 112.9950 111.1035 121.3627 120.4391 120.3479 120.3681 120.3295 120.3317 120.3494 120.3771 120.4236 120.4986 120.5528 120.6684 120.7763 120.8346 120.9267 121.0438 121.1953 121.4264 122.0689 115.1179 121.9548 115.3779 117.1827 122.9403 122.8369 122.6165 122.8594 123.0291 123.1654 122.7884 125.7525 124.0951 123.9053 124.1024 124.1698 124.3038 124.5200
124.7200 124.5833 124.4186 124.2182 124.0419 123.8875 123.7316 123.4549 123.5592 121.4683 122.8499 122.7670 122.3780 121.3256 109.1675 120.0102 103.6325 104.2835 106.0468 123.8922 120.9555 121.3523 116.1087 120.4942 121.3722 113.7625 110.1871 121.2653 120.7523 120.7353 120.6960 120.6851 120.6825 120.7003 120.7263 120.7644 120.7924 120.8703 120.9605 121.0378 121.1424 121.2450 121.0774 121.7961 116.8806 121.7853 110.8771 108.8113 123.3701 124.3405 116.9970 122.3779 122.7405 123.0325 123.2023 123.6102 120.7600 125.2389 121.5336 124.0793 124.2766 124.0770 125.9302 124.7100
124.7700 124.7309 124.5615 124.4009 124.2402 124.0417 124.1190 123.9144 124.0249 119.4536 117.6939 119.1425 119.1105 112.5607 117.5988 113.4155 113.2758 120.9258 116.2211 121.4092 121.7895 121.8334 115.0350 119.7178 122.6648 121.7677 120.4887 121.7830 121.2580 121.0949 121.0379 121.0263 121.0256 121.0352 121.0645 121.1139 121.2327 121.2757 121.2753 121.3910 121.4978 121.6083 121.6171 121.7797 106.0435 117.6965 118.4613 107.6926 118.5454 122.3410 113.8777 124.5543 123.0473 123.2667 123.3985 123.5710 123.8446 120.7650 121.2224 124.5242 124.3758 124.6690 127.1542 124.7700
124.9600 124.8756 124.7107 124.5725 124.4071 124.2372 123.8084 122.8453 121.8641 121.9103 110.5818 115.5556 103.7904 105.8512 124.7832 119.4163 123.4764 122.1712 122.9820 122.4245 121.7968 122.3122 120.9147 116.0751 110.7094 121.3818 121.4971 123.6781 121.2073 121.4775 121.3540 121.3477 121.3477 121.3646 121.3839 121.4425 121.0496 121.1751 121.6226 121.5790 121.8101 121.3479 122.8729 117.3781 109.0688 118.2454 123.3620 116.3779 109.0014 123.6183 122.9122 123.1753 123.2167 123.4443 123.6016 123.7521 123.9249 124.6527 124.8697 124.2469 125.1220 125.6723 124.7142 124.9500
125.2000 125.0450 124.8201 124.6228 124.5340 124.3490 124.1670 122.9090 107.3632 112.3911 125.1526 123.6981 121.5614 98.2067 123.7266 115.2372 121.3354 123.4929 122.3923 122.3834 121.3660 121.7716 122.3784 123.3670 121.3879 122.0741 121.8124 121.3594 121.7518 121.6915 121.6750 121.6668 121.6659 121.6709 121.6981 121.7639 121.5350 126.9476 121.4102 122.0029 123.2931 121.7241 126.6061 124.9861 114.3526 109.7850 122.7466 122.8955 111.2934 123.0688 123.1287 123.1393 123.4964 123.6398 123.7906 123.9410 123.9965 124.2520 124.3354 124.4200 123.5163 124.0512 124.9258 125.1900
125.2200 125.0952 125.2893 125.1243 124.7218 124.5586 124.4473 124.9170 121.7024 122.1927 124.0877 123.1405 128.2232 118.3072 120.9849 119.3406 112.6244 120.9651 123.1701 122.7257 122.5379 122.6071 122.2952 122.0864 122.2260 122.1877 122.1180 122.1496 122.0775 122.0228 121.9824 121.9668 121.9734 121.9764 122.0049 122.0256 122.0173 122.2831 121.8779 122.0768 119.9307 123.4172 122.3049 122.5520 124.0125 118.4843 121.4454 118.3664 123.7533 120.1185 124.4879 123.6701 123.7002 123.8319 123.9764 124.1244 124.2729 124.4216 124.5963 124.7104 126.1417 125.2572 125.1753 125.2300
125.4300 125.6098 122.2675 121.5381 125.0360 124.6697 124.6105 124.3379 124.6749 124.3384 124.1051 125.2331 111.3867 95.7813 123.2233 121.6374 119.1659 120.1923 123.2363 122.9374 122.8442 122.7234 122.6927 122.6360 122.5141 122.4517 122.4406 122.2026 122.0501 122.2019 122.2778 122.2593 122.2572 122.2722 122.2897 122.3203 122.3515 122.3988 122.5555 122.5336 115.7370 108.5934 112.8692 123.7399 123.9097 115.6257 115.6229 118.9842 123.0048 120.0183 122.2188 123.6974 123.9016 124.0334 124.1649 124.3062 124.4453 124.5857 124.7219 124.8377 124.9427 125.1558 125.2923 125.4200
125.6100 125.6582 125.2750 124.1425 125.1359 124.8899 124.7568 124.6314 124.4921 124.3817 123.8885 126.4461 105.0863 114.1440 124.5583 123.7718 123.6873 123.4086 123.3182 123.1984 123.0973 123.0171 122.9344 122.8268 122.7773 122.8366 122.4098 123.9295 123.6413 122.4345 122.5620 122.5436 122.5432 122.5542 122.5684 122.5983 122.6311 122.6648 122.7118 122.9633 120.9843 120.4739 110.4773 124.1187 119.6737 124.6722 107.2271 122.2038 122.7919 119.6290 124.4645 123.8149 124.1222 124.2191 124.3555 124.4890 124.6278 124.7581 124.8876 125.0520 125.1687 125.3136 125.4523 125.6000
121.5400 123.8790 125.7932 125.3390 125.1823 125.0565 124.9365 124.8001 124.6720 124.5355 124.4179 120.8510 105.1506 117.0009 124.4925 123.8726 123.6816 123.6077 123.5260 123.4295 123.3399 123.2708 123.1556 123.2587 123.0791 122.7207 125.8281 115.4842 122.0045 122.6374 122.8442 122.8209 122.8234 122.8268 122.8413 122.8692 122.9060 122.9518 123.0990 123.0693 123.1505 123.7293 106.5123 128.2947 127.8500 123.8575 124.6870 124.5058 124.1593 124.3362 123.9817 124.1793 124.2871 124.4197 124.5413 124.6591 124.7947 124.9243 125.0523 125.1913 125.3210 125.4581 125.5965 125.6500
125.8500 125.5599 125.6365 125.5177 125.4051 125.1730 125.1231 124.9675 124.8742 124.7207 124.5660 124.5179 124.6124 125.1061 124.1515 124.0258 123.9483 123.8433 123.7476 123.6628 123.5748 123.4904 123.7652 121.9638 123.4777 123.2510 127.7966 121.6989 123.5854 123.0876 123.0910 123.0887 123.0848 123.0975 123.1095 123.1331 123.1672 123.2251 122.7702 123.2210 122.8225 123.1024 125.0312 112.8670 120.4904 110.4490 114.8398 123.8300 124.0061 124.1313 124.2822 124.3429 124.4792 124.6007 124.7240 124.8447 124.9636 125.0962 125.2201 125.3464 125.4758 125.6117 125.7369 125.8300
125.8900 125.8763 125.7197 125.7079 125.7768 125.1616 125.0611 125.3787 124.9044 124.9803 124.8772 124.4773 124.6183 124.1169 124.3665 124.2479 124.1514 124.0626 123.9732 123.8899 123.8035 123.7467 123.7243 119.9932 124.2509 123.1375 122.9687 123.4853 123.3343 123.3471 123.3527 123.3454 123.3424 123.3528 123.3623 123.3859 123.4268 123.4343 122.9916 129.8223 124.2237 128.9994 121.3608 110.0471 120.0516 127.1473 122.6570 124.1398 124.3741 124.3477 124.3507 124.6654 124.6782 124.7931 124.9006 125.0173 125.1400 125.2616 125.3779 125.5044 125.6278 125.7579 125.8791 125.8500
126.0600 126.0331 125.7738 126.5251 115.1248 119.5339 126.1549 126.3665 125.7546 125.0418 124.3266 124.9467 120.8801 125.1097 124.3850 124.4610 124.3649 124.2748 124.1950 124.1117 124.0365 123.9639 123.9409 124.2671 123.7650 123.8094 123.7939 123.6658 123.6818 123.6692 123.5994 123.6047 123.5971 123.6098 123.6188 123.6346 123.6879 123.8792 124.0790 123.5606 125.2582 108.0049 128.9266 114.7942 124.1634 108.8146 124.7269 124.4314 124.1249 125.7979 124.9025 123.5244 124.9381 124.9418 125.0824 125.1907 125.3096 125.4250 125.5402 125.6543 125.7885 125.9066 126.0290 126.0500
126.2400 126.1631 126.0951 125.7761 128.1722 124.0694 125.7385 125.7772 125.3367 125.2445 126.0408 125.1509 110.0376 125.3777 124.6793 124.6576 124.5732 124.4877 124.4079 124.3293 124.2619 124.1981 124.1325 124.0242 124.0288 123.9634 123.9186 123.9219 123.9242 123.6275 123.8476 123.8467 123.8389 123.8372 123.8415 123.8695 123.9175 123.9638 124.6528 123.8925 125.8769 108.7502 118.5872 114.3842 122.1906 120.9233 124.8513 124.2731 124.8783 129.9065 128.6648 126.5959 124.9994 125.1580 125.2587 125.3651 125.4724 125.5882 125.6950 125.8598 125.8927 125.9693 126.2205 126.2200
126.4400 126.3107 126.1907 126.1065 125.6820 125.8162 124.1108 124.0562 124.8871 124.0840 126.0721 105.4511 114.4054 125.8982 124.9424 124.8449 124.7665 124.6925 124.6119 124.5471 124.4759 124.4177 124.3323 124.3575 124.2613 124.2168 124.1723 123.5946 129.7675 122.3877 124.1716 124.1057 124.0781 124.1117 124.1418 124.1330 124.4320 124.2060 121.1732 125.5370 126.9469 111.9639 110.1846 113.9495 124.9968 120.0810 118.5993 124.9432 123.8467 116.8990 126.3255 121.3637 125.2667 125.3403 125.4339 125.5316 125.6383 125.7471 125.9052 125.9446 126.2406 125.9532 126.0129 126.4300
126.6100 126.4551 126.3399 126.2528 126.0978 125.9191 124.6915 117.9355 118.6163 114.4639 112.9474 106.7906 125.0273 124.9336 125.0103 125.0557 125.0393 124.9048 124.8343 124.7526 124.7093 124.5555 124.6700 124.3417 124.4775 124.4381 124.4220 123.9456 123.8859 124.5568 124.2784 124.3435 124.3050 124.2702 124.3476 124.8125 121.9957 124.7661 125.0702 127.0230 128.6486 113.2526 113.5624 102.4384 117.5230 124.3815 123.8701 125.3559 125.4781 124.2525 124.6378 116.8979 125.7443 125.5318 125.5955 125.7025 125.8048 125.9070 126.0646 125.8119 129.4331 112.3698 127.4181 126.5900
126.6100 126.5927 126.4955 126.3742 126.3477 126.1578 128.7094 123.9618 125.4475 125.3676 107.4130 124.3991 126.3008 125.3541 125.0556 125.9354 125.3184 125.0469 124.9039 124.9587 124.9711 124.8835 122.4619 125.1527 124.7178 124.6562 124.6357 124.5796 125.2134 122.1775 124.6117 124.5966 124.5423 124.3993 126.3397 122.7655 126.6208 123.4301 126.1128 112.1787 110.3758 124.7596 117.5706 121.3614 123.0925 124.9924 125.2067 125.1705 125.1547 125.4958 125.1735 125.7483 125.6071 125.7277 125.7816 125.8908 125.9633 126.0541 126.8648 127.7851 129.9198 117.1167 127.7001 126.6100
126.7800 126.7376 126.6295 126.5273 126.3636 126.2710 124.0818 120.8139 126.1251 117.8940 111.3641 124.7488 125.7241 125.3610 127.9564 121.2517 125.1301 126.0109 125.1522 125.1615 124.9931 124.5602 115.3817 125.6300 124.9203 124.8595 124.8552 124.7643 121.3554 117.2726 124.9194 124.3197 126.0043 125.3916 122.9402 108.1036 114.3100 128.2317 124.6290 113.0152 108.0397 123.6407 114.8033 116.1034 125.2231 124.9720 124.9858 124.8871 125.6265 125.1451 125.5410 125.6321 125.7742 125.7773 125.8096 125.6650 126.1409 126.1825 126.2424 119.6502 124.9140 116.6277 124.0283 112.2500
126.9600 126.8761 126.7559 126.6757 126.6524 126.1724 126.5692 132.5609 126.6345 124.1774 124.2064 127.1183 125.6933 125.8008 124.7018 109.8421 118.7172 125.5168 125.3498 125.3517 125.1804 125.9658 126.0419 125.1350 125.1559 125.0779 125.0526 124.7749 123.5545 120.2095 125.2698 119.7734 128.6140 132.5577 114.4313 108.5146 118.5379 115.6206 123.0357 111.4268 110.5422 122.7432 116.9583 123.3530 125.5963 125.8252 127.6729 126.6272 126.8087 126.4836 126.4325 125.7199 125.9188 125.8342 129.6358 126.3922 126.2943 126.3276 127.7468 124.5141 131.2541 127.3024 126.0742 126.9500
127.1100 127.0107 126.9035 126.9327 126.7932 126.2705 127.8019 127.3417 121.0650 120.6797 125.3286 125.3374 126.8582 126.1659 113.3446 126.3577 126.0719 125.7678 125.4712 125.5527 125.5162 125.2937 125.2572 125.3739 125.3195 125.2902 125.2572 125.2320 124.0584 122.2345 125.8397 111.1025 118.5202 131.3604 123.1514 111.2730 118.2899 101.5937 114.6579 109.3014 118.1518 114.8957 123.1367 120.6656 126.9866 124.7622 114.9786 119.7219 113.4642 117.2899 124.2854 125.9778 126.0876 126.2334 125.5324 125.9697 126.5332 126.4406 127.1295 120.1152 127.0448 126.9060 127.0249 127.1000
127.1300 127.1454 127.0595 126.8089 126.8187 127.9105 122.6910 122.9233 115.7266 110.3531 107.6593 106.3661 125.5320 128.1184 122.7641 125.7663 127.0716 125.8695 125.7995 125.7285 125.6806 125.6650 125.6039 125.5390 125.4895 125.4725 125.4651 125.3959 125.9164 125.2087 123.8020 106.5196 111.0644 110.5319 126.5353 121.9802 124.4667 125.2749 129.1155 120.4862 126.0249 127.0083 130.7966 125.5771 127.9785 126.7078 123.5694 123.8101 111.9383 122.3807 126.8041 126.0829 126.2848 126.3263 126.3108 126.5150 126.5593 126.6994 126.7412 126.9055 127.0193 127.0090 127.1537 127.2700
127.3100 127.2972 127.1748 127.5019 125.7190 110.8717 127.7537 115.9427 115.6389 123.6458 106.1140 113.5827 127.2792 113.5741 120.7720 109.5205 126.7406 126.0507 125.9724 125.9030 125.8628 125.7974 125.7793 125.7439 125.7892 125.7112 125.6147 125.5371 125.5076 125.1309 130.2422 107.1232 112.5715 118.1033 126.8542 126.0660 125.8015 125.6308 125.3816 126.1250 125.7460 125.6907 117.5390 116.6602 122.1564 126.1540 126.3436 126.5615 125.6067 117.6387 126.5560 126.4389 126.4418 126.5201 126.5943 126.6671 126.7885 126.7558 125.7704 127.0951 127.1025 127.1903 127.2816 127.3100
127.4600 127.4132 127.3422 127.2598 125.3980 122.7390 119.3680 118.0744 110.7113 114.2695 106.6271 107.7287 125.4166 125.6085 130.3973 125.7868 126.4627 126.1948 126.1703 126.1761 126.0987 126.1019 125.9386 126.1522 125.6423 125.7979 126.1541 125.9163 125.5525 121.3044 128.2695 109.5138 115.6086 127.7856 125.9531 125.7690 125.8071 125.8592 125.9489 125.8739 125.6466 127.0418 113.7102 116.5763 124.0469 126.3593 126.1822 125.9941 126.0327 121.3891 126.5427 126.5375 126.5856 126.6727 126.7266 126.8178 126.8905 127.1895 126.5384 127.2124 127.2444 127.3294 127.4145 127.4600
127.6000 127.5517 127.4616 127.3019 127.2769 125.8635 116.9131 136.5264 108.6219 108.5168 105.4977 108.5139 125.2684 126.7215 125.3639 133.3780 125.8110 126.3596 126.5788 126.1163 126.3678 125.6972 125.1110 123.2727 125.9642 126.4461 121.9111 115.5278 129.0045 98.9882 110.9597 114.4425 123.9380 126.0712 125.8153 125.9853 126.0450 125.9377 126.0346 126.1011 125.7200 126.7363 118.0428 123.5906 131.9641 125.8173 126.4019 126.3617 126.5037 126.4003 126.4209 126.7060 126.7490 126.7760 126.9936 127.0010 127.3032 127.0704 127.1860 127.2248 127.3868 127.4593 127.5482 127.6000
127.7700 127.6825 127.6147 127.5609 128.1321 123.5243 104.8864 126.0144 128.7417 115.5047 115.0776 114.2976 127.5608 126.3899 127.9830 126.2568 126.6244 126.5002 131.3543 125.0188 126.7590 125.3184 119.2837 126.0830 125.5102 125.9707 120.0150 107.9254 117.9073 115.0163 123.4123 126.2421 126.7478 126.2481 126.2076 126.2513 125.3558 127.1125 126.2317 126.2732 126.5064 128.9114 117.4850 110.7500 129.0644 126.3599 126.5408 126.6177 126.6609 126.7016 126.8089 126.8516 126.9055 126.9555 127.0143 124.5757 127.2921 127.2734 127.3501 127.4461 127.5154 127.5988 127.6807 127.7900
127.9300 127.8179 127.6424 128.2387 122.8768 128.7934 124.0987 119.2740 118.7051 104.4977 128.1798 126.6054 127.3275 127.0513 126.7851 126.9130 126.7735 126.6599 124.9292 126.5387 115.4875 110.6808 116.6980 121.8336 127.0623 127.2268 126.2257 105.6096 113.8325 127.9163 126.6288 126.2951 126.2625 126.3372 126.3843 126.8800 124.8977 131.5197 125.5738 126.3856 125.5417 114.6404 115.5157 128.9116 126.1706 126.8198 126.7196 126.7724 126.8219 126.8859 126.9334 127.0022 127.0697 127.1274 127.5039 126.9700 127.5141 127.4229 127.4934 127.5691 127.6482 127.7270 127.8155 127.7900
128.0600 127.9539 127.7995 127.6344 122.9475 124.6116 125.7601 113.7480 126.7926 118.6650 127.3918 127.2820 127.1752 127.1059 127.0388 126.9725 126.9113 126.9790 126.3249 126.9573 127.4559 118.2710 105.6835 108.0214 108.1182 122.1094 113.7254 120.6348 120.2327 127.2749 126.4955 126.4962 126.5280 126.4990 126.5964 125.5588 125.4945 130.4047 131.1487 128.7859 126.9127 128.1570 117.6890 127.3217 126.9574 126.7918 126.8758 126.9375 126.9823 127.0463 127.0948 127.1560 127.2189 127.2839 127.3605 127.4138 127.4658 127.5678 127.6320 127.7044 127.7889 127.8640 127.9429 128.0600
128.0800 128.0452 128.0051 128.9064 127.1344 127.5429 128.1105 121.7104 127.2769 119.2914 127.7077 127.7029 127.1964 127.2313 127.3723 127.1715 127.0683 126.7677 115.9709 126.7697 126.9162 127.9939 112.2266 129.5780 122.8020 120.6919 115.3803 108.8771 111.5800 128.1541 126.6617 126.6590 126.7059 126.7895 126.9233 125.3055 111.0787 115.1622 123.6391 126.7264 126.1437 117.7617 110.3264 127.9858 126.9982 126.9901 127.0447 127.0957 127.1430 127.1946 127.2508 127.3120 127.3718 127.4349 127.4915 127.5650 127.6344 127.6998 127.7690 127.8459 127.9206 127.9935 128.0867 128.0900
128.2300 128.2046 128.1021 127.7463 123.1518 128.3697 127.6108 128.2041 117.3412 128.0824 127.4297 122.8458 128.4854 128.0602 126.7044 127.3439 127.1670 127.0594 127.5804 127.1039 127.4134 126.3411 128.5755 126.2418 126.9153 125.0810 106.5997 111.7330 109.7039 127.9808 126.8498 126.8405 126.8715 127.0143 123.7560 116.4177 118.1384 116.4950 122.0221 127.1305 127.0938 119.9717 130.3173 127.4408 127.1331 127.1551 127.2083 127.2543 127.3037 127.3520 127.4080 127.4598 127.5160 127.5777 127.6447 127.7006 127.7682 127.8358 127.9122 127.9682 128.0482 128.1318 128.1244 128.2500
128.2500 128.3444 128.0861 128.2039 128.1901 127.8048 128.0233 128.7629 126.6756 128.0420 128.0042 122.8046 116.0797 131.6931 133.3169 127.4930 127.3437 127.3525 127.1405 127.2953 124.3177 108.3570 115.8822 127.3986 128.1272 118.9426 105.1612 121.4982 118.6932 127.6844 127.0491 127.0070 127.1255 127.3452 117.6432 128.6734 125.8170 122.7159 118.0014 126.9757 127.9747 115.0551 129.4459 127.0157 127.2696 127.3174 127.3708 127.4111 127.4551 127.5031 127.5557 127.6072 127.6628 127.7208 127.7862 127.8420 127.9086 127.9830 128.0203 128.1215 128.1774 128.2714 128.6153 128.3800
128.6300 128.4443 128.3834 128.3075 128.2674 128.1784 128.0993 127.8643 127.9791 128.4940 127.2927 124.6194 119.4445 124.8277 128.4302 128.1309 127.3563 127.5369 127.3834 127.7106 128.2928 116.2980 111.9734 115.8342 119.2417 108.9955 106.5388 126.9683 128.1565 127.2460 127.2050 127.2104 127.1957 127.2399 128.1798 128.0837 126.7735 127.9126 127.2903 128.2196 128.2991 127.3054 128.0186 126.3457 127.4433 127.5089 127.5196 127.5647 127.6062 127.6546 127.7060 127.7542 127.8094 127.8718 127.9267 127.9839 128.0444 128.1078 128.1746 128.2270 128.3216 128.2163 127.1946 118.1500
128.6300 128.5775 128.4978 128.4497 128.3690 128.3077 128.2465 128.1913 128.1300 128.0478 120.7111 127.2788 128.7758 127.7005 121.1477 127.5845 127.6839 127.6982 127.2006 126.8736 109.0341 114.3067 105.8059 113.1850 109.3165 116.2939 105.2746 123.8386 127.1981 127.4557 127.3720 127.3698 127.3760 127.3678 127.2563 127.2270 126.9741 126.1811 119.7821 121.6390 129.5802 113.4961 127.9296 136.1147 126.5742 127.7789 127.7270 127.7055 127.7579 127.8005 127.8524 127.9028 127.9503 128.0124 128.0644 128.1213 128.1830 128.2432 128.3112 128.3680 128.6905 128.6314 127.4121 117.2800
128.7900 128.6963 128.6278 128.5671 128.5001 128.4403 128.3788 128.3150 128.2342 128.4768 128.5280 128.5472 127.2334 130.2409 123.9987 129.6569 127.6270 127.6123 128.4267 129.2190 125.4107 120.1353 106.3538 109.9325 118.3072 120.0944 114.6209 122.5768 127.4921 127.6067 127.5340 127.5372 127.5317 127.5389 127.5518 127.6099 127.3272 126.9745 126.1670 112.6274 129.3600 128.0640 128.6315 128.9842 114.1896 128.4843 127.8495 127.8473 127.9018 127.9501 127.9969 128.0443 128.0935 128.1479 128.1995 128.2554 128.3106 128.3748 128.4321 128.5183 128.4944 124.9968 117.4111 118.5000
128.9200 128.8160 128.7479 128.6872 128.6267 128.5651 128.5092 128.4478 128.4069 128.2936 128.2906 128.0816 129.7271 114.4430 115.6893 125.0851 128.0787 126.2066 113.6631 126.3723 113.3830 117.9816 124.7439 107.2771 131.5606 116.8515 116.5160 122.9293 127.7862 127.8465 127.6667 127.6639 127.6846 127.6887 127.6969 127.6903 127.7803 127.9812 120.1521 123.7979 118.7795 128.1477 127.6098 127.8195 128.8014 128.6982 127.9907 128.0043 128.0552 128.0924 128.1402 128.1833 128.2369 128.2826 128.3352 128.3879 128.4504 128.5134 128.5434 128.6429 128.8891 127.9632 118.2028 120.9900
128.9200 128.9383 128.8743 128.8133 128.7537 128.6927 128.6410 128.5813 128.5190 128.4868 128.4220 128.2118 129.5065 105.9200 106.0892 111.1290 121.8109 138.5364 126.3207 129.7111 129.3983 115.6450 122.3682 109.1352 119.5346 115.3951 118.8871 124.5778 127.4838 127.9659 127.8965 127.9297 127.8447 127.8460 127.8544 127.8422 128.0182 127.9719 121.4137 125.1721 115.6333 128.7838 128.1027 128.0397 127.8418 127.9230 128.1396 128.1553 128.1978 128.2342 128.2743 128.3236 128.3698 128.4239 128.4711 128.5247 128.5761 128.5991 129.1296 128.2848 131.4062 126.6951 108.9091 114.3100
129.0500 128.9800 128.9900 128.9200 128.8200 128.7500 128.6700 128.6700 128.6000 128.5200 128.5400 128.4600 128.4600 106.3700 107.3000 128.3000 107.7700 128.2300 128.1300 128.1400 128.1600 114.8200 128.0700 128.0800 117.0600 114.8100 117.0600 141.3800 127.8900 127.8800 127.8800 127.8800 127.8800 127.8800 127.8800 128.0100 128.0000 127.9900 127.9900 127.9700 128.0800 128.0700 128.0600 128.1700 128.1500 128.1300 128.2300 128.2200 128.3100 128.2900 128.3800 128.4700 128.4500 128.5300 128.5300 128.6100 128.6900 128.7600 128.7600 122.9900 134.4300 130.0700 113.7800 113.7800
