120.0900 120.0900 121.1400 118.9600 117.7700 117.7700 117.5300 117.5300 120.5300 119.6800 120.5700 120.5700 115.7100 110.8200 106.6100 115.9600 124.0000 123.8500 123.8600 124.5500 112.4100 101.6100 111.4900 111.5500 108.1400 113.1500 113.1500 108.4100 110.4600 110.0000 110.0000 106.1500 110.1200 110.1200 107.9000 123.2100 123.1900 123.1800 123.1600 123.3300 123.3300 123.2800 122.4100 123.4500 123.6100 123.5700 123.7300 123.8700 124.0000 124.0000 124.1300 124.2500 124.4200 109.8600 109.8600 124.6500 124.8000 124.9100 125.0500 125.1600 125.4400 125.4400 125.6600 125.6600
119.7600 120.6777 119.9518 118.9893 117.9054 117.1411 117.4435 117.3119 120.6308 120.4278 120.2953 113.7113 100.8681 109.6592 122.4733 109.3918 118.5339 123.5985 115.7276 124.6169 112.0678 110.3181 112.1044 110.7011 111.9610 108.8957 106.2747 103.3961 107.4789 104.9095 107.6257 103.7375 116.3903 114.3516 112.7039 122.1708 111.1959 104.5255 105.8163 123.8560 115.4400 121.5471 123.1864 123.3522 123.4081 123.4890 122.7112 121.5580 123.8049 123.8962 123.8294 124.8149 126.7707 120.5862 121.4659 126.6651 124.5491 116.9223 120.1703 126.1326 124.1699 124.5907 125.9386 125.6600
119.7100 120.4119 120.2439 120.3255 118.8101 118.3276 117.3842 117.3727 117.4980 120.3924 122.1304 119.1865 102.1593 109.6372 120.8418 119.3594 124.3435 113.6936 117.2313 122.7465 113.8677 116.2559 112.2909 111.4399 109.3596 108.0816 104.9236 104.6500 106.1174 112.2815 108.6272 100.3788 120.1756 122.8342 123.2489 102.4713 106.6632 105.1933 125.2029 122.8973 121.4831 123.3346 122.8226 123.1012 123.1718 123.2218 123.4799 123.5362 123.5502 123.7005 123.9464 121.8533 106.9641 115.4641 105.4366 124.8366 124.0358 124.4243 117.2479 125.0738 125.0553 125.1132 125.4116 125.4200
119.4700 119.5880 120.1966 120.0876 119.3586 120.0026 116.8993 116.6438 116.3287 119.3368 121.0426 120.4617 119.2301 110.5451 113.8906 123.0827 124.3971 121.8303 116.0565 114.7871 111.1111 106.7520 109.7565 109.7832 109.9799 106.6094 113.5421 117.6646 107.3606 107.9545 104.8826 110.4877 118.7235 117.5521 122.3734 104.6376 124.4381 118.8015 119.3996 122.0330 116.1974 122.8315 122.7941 122.8352 122.9282 123.0352 123.1136 123.2002 123.3431 122.3813 124.4544 117.1973 107.9777 120.7822 114.7454 124.6726 127.5803 127.3197 124.5159 124.7907 124.6839 126.4536 124.5586 125.2400
118.5800 118.7774 121.3248 123.1245 123.2035 122.1984 120.4852 117.3733 116.6647 117.4626 118.5939 115.0603 113.7461 109.1851 110.8571 123.7815 123.3593 124.4896 115.2643 115.7739 113.3705 111.4497 111.8343 107.1133 111.2225 106.5094 102.8783 103.5777 101.6064 105.8697 106.7238 118.5434 123.0947 122.3982 123.9373 113.3293 121.3896 122.1385 122.1318 122.7580 122.4965 122.3570 122.5215 122.5763 122.6671 122.7744 122.8906 122.9218 122.8554 124.8230 121.1238 104.8377 113.5014 112.0784 118.0111 109.8114 114.8369 113.1881 126.0368 127.1281 110.9753 121.8616 124.4085 125.0500
125.2500 121.2832 118.9763 121.6491 109.7649 122.3742 118.6547 118.2739 117.4815 117.3967 118.0493 115.1540 114.4529 113.1225 111.4358 116.9278 122.8716 122.8315 123.3889 118.8602 113.4137 110.2305 117.5248 111.1242 110.4203 108.6428 102.7250 100.4872 114.4660 100.1825 103.8575 115.6575 121.2853 121.5060 113.4560 122.9157 121.6440 121.7182 121.1839 121.8661 122.0222 122.1488 122.2151 122.3138 122.4135 122.5223 122.6242 122.8177 123.4547 104.7942 101.3309 104.4923 107.2753 120.4773 126.6455 116.9597 116.5569 111.8551 121.9870 124.8177 106.3754 124.0034 104.7709 102.9900
125.1900 125.4279 124.3187 120.7128 121.3066 123.0837 120.1670 119.4956 121.0812 118.4269 116.2609 116.3238 113.0099 102.8233 112.4526 113.5597 122.2774 122.6696 123.8732 107.6396 123.7112 126.3072 108.6753 108.2677 109.0918 102.9674 100.4804 100.0120 98.8432 107.3540 113.8497 120.5244 119.5774 121.6856 116.6628 121.8797 121.4847 121.5977 121.6360 121.7017 121.7760 121.8445 121.9408 122.0353 122.1444 122.2609 122.4089 122.2707 122.2280 117.0867 109.1144 101.5442 120.8217 123.5308 124.7964 117.5369 109.8373 104.7459 120.1252 134.0645 120.5570 117.1122 124.0754 124.8000
124.9900 111.9753 104.6558 119.9874 119.4583 120.6560 120.1157 117.9647 106.9307 111.6449 113.1271 112.9145 112.6943 113.2849 114.6554 109.4338 119.3091 121.6191 124.9366 111.2528 106.2693 112.0965 105.1742 107.0566 107.3853 108.1368 101.4976 101.2370 105.9931 98.5249 126.0903 120.1845 121.3877 121.2941 121.6774 121.1657 121.1844 121.2435 121.3041 121.3816 121.4653 121.5537 121.6489 121.7577 121.8740 121.9920 122.2023 122.1475 125.0205 116.2939 110.2758 105.2451 124.4480 123.2120 122.7983 111.5244 124.3208 123.7956 124.1014 124.3088 124.5927 124.7822 124.1866 124.7500
118.2200 122.5772 115.7265 110.0019 118.6548 121.8121 115.2033 114.4738 115.2593 108.1656 113.6380 112.8021 113.0690 114.7404 109.5706 107.0394 115.1260 122.4992 115.6967 110.6466 113.4787 104.9781 109.5857 103.9041 103.7452 101.4297 101.1811 105.6915 110.0864 113.7790 119.8718 120.6137 120.8244 120.8071 120.7719 120.8326 120.8780 120.9302 120.9992 121.0696 121.1514 121.2485 121.3563 121.4706 121.5951 121.6930 121.5596 121.5584 114.2063 131.7197 116.3613 125.4495 123.6874 122.8488 117.1847 114.6126 119.3125 122.9372 123.7217 124.0777 123.9945 124.5889 118.3783 107.6600
117.6600 119.2553 123.6307 125.3786 108.5136 118.7989 120.1988 115.2929 114.3884 114.3776 114.5753 113.3142 116.0680 113.1851 111.1062 109.1925 110.0905 109.6454 110.0548 117.2349 121.9322 117.8565 105.1243 101.4524 107.7535 126.4418 110.3328 115.6971 116.4213 120.4267 120.8393 120.4264 120.4552 120.4418 120.4492 120.5061 120.5377 120.5850 120.6570 120.7401 120.8325 120.9352 121.0544 121.1755 121.3016 121.4544 121.4189 120.3864 121.9797 114.7738 117.2191 122.5275 122.1287 123.7219 112.8077 108.4126 112.0517 123.8560 123.5125 123.8196 123.9606 124.2039 124.6583 124.5000
117.9900 118.2345 117.2450 121.7348 109.2271 113.6508 114.4783 113.7116 114.0784 113.4756 112.3298 116.0992 117.4326 113.9054 113.9083 121.3295 114.8163 108.3396 107.7050 100.3733 122.6858 116.7603 113.1801 104.6215 101.1340 117.4464 121.0770 120.7033 121.0656 120.3182 120.1197 120.1523 120.0431 120.1148 120.3019 120.1095 120.1931 120.2426 120.3138 120.4001 120.5030 120.6115 120.7398 120.8697 121.0110 121.1404 121.3282 121.6825 121.6368 122.8579 123.0753 122.3102 122.6224 122.1367 118.0476 115.0261 123.2677 123.4630 123.3386 123.6401 123.8716 122.0477 121.7516 106.9100
116.2600 116.8614 117.8941 119.0184 116.6242 117.0127 113.6284 112.9625 113.7270 115.7029 114.9687 116.1450 120.9560 118.3304 117.5840 114.9465 119.4578 110.0713 108.5004 104.1339 125.5627 111.5813 121.3093 121.5477 115.1352 120.6705 120.0359 119.9981 119.7568 119.7434 119.7526 119.7306 119.7726 119.3503 117.8995 119.7228 119.8375 119.8806 119.9537 120.0552 120.1547 120.2765 120.4091 120.5535 120.7020 120.8640 121.0244 121.1742 121.3739 121.3696 121.7305 121.9881 124.3715 114.6992 123.4476 127.3014 123.7022 122.8705 123.2917 123.4164 123.7307 122.0327 124.6578 106.9100
115.3800 115.2397 117.2920 121.4322 112.1363 114.9099 106.9696 113.6167 111.5061 117.8210 114.3423 115.2644 122.5047 119.5879 112.9333 113.2159 112.9523 106.8757 103.6196 104.3983 110.3079 116.2288 120.3617 119.1534 127.9626 118.9856 119.3366 119.8710 119.4464 119.4456 119.3769 119.3611 119.0931 116.2457 118.6540 119.1674 119.4805 119.4957 119.5857 119.6922 119.8035 119.9377 120.0786 120.2309 120.3889 120.5539 120.7392 120.9161 121.1151 121.2979 121.4963 121.7407 117.9878 111.7190 121.1976 115.1484 120.0663 123.1355 123.0900 123.2755 123.4623 124.7623 121.7842 109.7600
115.0900 110.5959 115.2112 118.7048 112.1513 103.3541 108.5657 109.8779 109.7194 123.3251 119.3186 121.5905 116.7802 116.4250 110.7641 109.9416 109.5196 111.0764 112.3148 98.0929 101.8189 118.6697 120.0103 119.6607 118.9122 119.5100 119.5384 117.1818 119.6333 118.8368 118.9689 118.9469 118.9081 118.5190 116.9899 118.9565 119.0344 119.0990 119.1924 119.3079 119.4366 119.5773 119.7289 119.8968 120.0679 120.2547 120.4377 120.6342 120.8291 121.0306 121.2525 121.2017 122.5409 120.0132 126.5466 117.6057 120.1579 122.7654 122.9084 123.1497 123.2212 123.3041 110.9474 109.9300
115.0900 113.2112 113.7661 115.7709 117.1183 115.9397 113.6971 109.9899 111.6258 111.0480 103.9366 120.0021 110.3990 116.7149 110.7919 109.9967 112.9527 111.3106 104.4401 104.3686 102.8185 118.9591 119.2189 119.4276 119.3015 119.0477 119.1927 114.9094 118.1462 118.5193 118.5354 118.5002 118.3933 116.4325 118.2771 118.4139 118.6205 118.6890 118.7929 118.9136 119.0516 119.2087 119.3709 119.5497 119.7356 119.9405 120.1368 120.3417 120.5592 120.7774 120.9953 121.2238 121.3775 121.6686 121.2175 122.9788 122.1088 122.5403 122.7520 122.9669 123.0621 122.5424 107.2906 123.7200
101.9800 112.6102 113.8182 114.2392 116.9098 119.9969 111.2411 112.9693 110.0018 110.5590 111.2759 111.8520 111.7844 114.2793 110.5370 110.0536 104.0478 98.9575 105.2657 104.6195 100.6632 118.1816 120.5886 118.9697 118.8116 118.7048 118.4543 118.7314 118.5495 118.0926 118.0829 118.0413 118.0050 118.3000 118.0103 118.1027 118.1546 118.2560 118.3665 118.5014 118.6568 118.8245 119.0020 119.1959 119.4001 119.6073 119.8267 120.0535 120.2768 120.5065 120.7387 120.9702 121.1935 121.4039 121.7715 122.0154 121.9567 122.3565 122.5777 122.7915 123.0233 123.3464 121.3528 123.5100
123.9300 123.0667 122.7140 115.2934 115.6844 110.8396 111.7412 112.0904 111.5340 110.7307 114.8523 103.0710 104.6400 104.4449 109.4164 105.6282 101.7708 109.5542 96.3213 106.2228 109.7476 99.1652 117.1458 118.6746 118.4272 118.2357 118.0892 117.8706 117.7445 117.7083 117.6085 117.5571 117.5283 117.4767 117.5554 117.6104 117.6955 117.8007 117.9262 118.0714 118.2429 118.4232 118.6261 118.8336 119.0548 119.2853 119.5156 119.7521 120.0006 120.2382 120.4813 120.7291 120.9710 121.2221 121.4597 121.7028 121.9527 122.1748 122.4090 122.6360 122.8882 123.0595 123.3940 123.4600
123.7200 124.6114 114.5164 115.1003 115.6882 111.7705 108.4793 107.2200 109.7998 110.4964 116.3160 111.3318 104.7885 106.9759 110.2685 108.0757 104.1285 98.6824 109.0803 110.9267 107.0583 97.7910 119.7300 118.0266 118.0310 117.8153 117.6385 117.4783 117.3237 117.2011 117.1113 117.0513 117.0195 117.0244 117.0464 117.1090 117.2016 117.3178 117.4618 117.6385 117.8121 118.0105 118.2345 118.4541 118.6949 118.9416 119.1914 119.4484 119.7096 119.9692 120.2231 120.4950 120.7531 121.0073 121.2625 121.5079 121.7606 122.0031 122.2478 122.4848 122.7168 122.9507 123.1719 123.2400
123.6800 123.5040 124.0177 118.6607 118.2602 116.8251 113.1252 111.7877 108.3800 107.5542 115.3490 110.0623 109.2661 103.3467 113.1473 118.8594 101.0544 98.7066 105.7929 102.2268 100.0690 114.7848 120.3352 117.6656 117.5786 117.3735 117.0969 116.9544 116.8231 116.6837 116.5790 116.5130 116.4739 116.4724 116.5087 116.5797 116.6796 116.8115 116.9815 117.0706 117.3514 117.6093 117.8164 118.0782 118.3316 118.6020 118.8703 119.1463 119.4220 119.7155 119.9882 120.1059 120.4450 120.8172 121.0586 121.3201 121.5799 121.8371 122.0876 122.3332 122.5704 122.8086 123.0798 123.1900
123.4700 123.1856 123.8568 112.2803 116.0134 109.6599 111.1530 110.6091 110.6378 110.8298 111.3574 112.4578 100.2615 111.5752 105.0156 121.3154 117.7568 103.3568 107.5351 107.2873 121.9389 121.5673 113.6450 117.7209 117.1173 116.8379 116.8758 116.4738 116.2391 116.1577 116.0247 115.9429 115.8929 115.9000 115.9354 116.0131 116.1340 116.2908 116.3633 117.2637 116.9437 117.0825 117.4135 117.6823 117.9594 118.2500 118.5413 118.8354 119.1587 118.8434 119.5127 120.0757 120.8487 120.7226 120.8893 121.1322 121.4051 121.6660 121.9288 122.1881 122.4313 122.6766 122.8901 123.1400
123.4300 123.4012 123.1160 119.9253 115.3352 107.0989 110.2426 111.1799 112.0458 111.4174 110.6134 110.7012 107.9508 107.7525 106.6564 103.0164 101.0465 100.7031 105.5346 110.4343 117.4338 117.6320 117.5552 116.9639 116.6868 116.3737 115.2402 113.6386 115.7335 115.5661 115.4029 115.3340 115.2690 115.2739 115.3219 115.4108 115.5430 115.7102 116.1917 108.8366 116.7664 116.6902 116.9898 117.2762 117.5823 117.8966 118.1984 118.9878 118.9383 119.4217 121.1679 120.7324 112.6837 119.2930 120.6900 120.9534 121.2309 121.5096 121.7765 122.0399 122.2963 122.5638 122.6757 122.9200
123.3900 123.0945 122.3606 123.2062 122.8036 120.1794 114.1610 114.9460 110.9800 107.5008 109.1069 110.7170 107.2603 120.0353 99.6986 108.7827 102.8425 106.1221 111.5125 111.3597 118.1490 117.1661 116.8332 116.5159 116.0507 116.8706 110.5002 116.2088 114.9847 114.8828 114.7870 114.4655 114.6663 114.6056 114.6583 114.7688 114.9325 115.0250 110.6381 110.4395 114.8279 116.2380 116.5145 116.8521 117.1996 117.5463 117.7674 117.7307 118.5933 111.6158 107.3380 121.7930 103.2120 118.3372 120.5022 120.7380 121.0718 121.3549 121.6301 121.9032 122.1537 122.5063 122.6219 127.7700
123.3500 122.5712 127.1169 122.1168 122.2061 122.5617 123.4672 120.0707 110.3090 111.4306 110.2954 110.5907 99.9174 110.0090 113.7913 101.2532 102.7927 103.6646 113.7656 110.1233 117.7931 116.7584 116.4453 116.0917 115.4854 117.8547 99.5467 107.4286 114.6052 114.5531 114.2944 116.1354 113.8075 113.9908 113.9398 114.0731 114.2135 114.0864 109.3778 116.4759 113.7552 115.8623 116.0893 116.5051 116.8278 117.1969 118.1223 120.4395 125.8100 111.2002 102.8735 111.1889 118.9091 119.6735 120.3247 120.5572 120.9080 121.2032 121.4901 121.7712 122.0495 122.3542 122.4035 123.0500
123.1000 129.4379 120.9772 122.4263 122.3907 121.6805 121.8989 118.7098 119.2814 112.9299 105.4340 108.2059 102.9141 108.2653 107.8482 105.8938 102.3029 111.9517 108.9615 116.4576 116.8197 116.4353 116.0094 115.6247 115.1195 114.8805 107.5013 124.8084 113.9917 113.6066 108.8624 115.4009 115.3003 113.1851 113.1611 113.3202 113.4241 113.9247 114.2338 114.7583 114.9625 115.1908 115.4435 115.7644 116.3622 116.7020 117.0838 105.6870 98.1193 113.2498 118.4708 114.9316 119.6701 119.1920 120.1650 120.4555 120.7558 121.0645 121.3528 121.6414 121.9291 122.2106 122.4940 122.5700
123.0700 109.6376 118.1202 122.4691 121.4462 122.1706 121.9886 118.1057 113.6291 99.5994 111.9327 116.3019 105.4447 108.7349 102.6861 100.3948 110.6173 115.7883 113.3137 117.4759 116.3352 116.0581 115.5886 115.1546 114.7109 114.6298 114.9586 110.6965 112.7288 112.7396 112.5617 112.6277 111.8368 112.2312 112.3211 112.5001 112.7941 113.0371 113.4665 113.8268 114.0225 115.3411 115.9147 116.1493 115.9826 116.4309 117.7869 100.3992 116.9590 101.7596 111.8708 119.9194 119.3956 119.6714 119.9306 120.2912 120.6113 120.9288 121.2364 121.5319 121.8203 122.0562 122.3366 122.5300
123.0400 124.8530 124.0044 122.5294 121.5235 121.5086 118.6261 118.1636 101.9266 108.5310 100.7689 101.5160 107.3076 101.3545 105.9291 103.6427 115.4760 111.1608 115.6604 116.6528 116.1470 115.6388 115.1635 114.6661 114.1226 113.7522 113.7986 113.0914 112.5394 111.7710 111.5906 111.3187 111.3466 111.2988 111.3847 111.6091 111.9016 112.3011 112.6620 113.2681 113.7487 114.2944 111.1183 106.0732 116.3474 115.3112 122.8421 113.8123 117.5946 120.9622 102.3892 119.6159 119.0773 119.4106 119.8044 120.1443 120.4746 120.7908 121.1041 121.4094 121.7219 122.2055 122.3838 122.4900
122.8300 122.5745 122.3096 120.0318 121.8536 122.2263 114.3685 99.9042 99.2924 105.8276 103.3017 106.7124 97.0104 95.9067 102.1510 99.7423 97.7164 108.8613 116.9378 116.1865 115.8010 115.2655 114.7389 114.1885 113.6334 113.0642 112.4186 111.9272 111.4005 111.0144 110.6129 110.3578 110.1866 110.1862 110.3350 110.6079 110.9879 111.4504 112.0126 112.2632 112.4875 113.5891 114.9407 112.7736 115.1297 115.6834 116.5546 116.9186 116.9423 118.5142 113.7373 122.3097 118.3838 119.2835 119.6564 120.0091 120.3484 120.7142 121.0396 121.3377 121.6251 121.9691 122.2010 122.4600
122.8000 122.6769 122.3554 123.6895 109.6678 108.8526 108.4907 108.0231 109.4667 109.3408 107.1880 105.2896 112.4145 109.7006 102.7076 95.5929 116.1982 116.5013 116.6052 115.9751 115.4540 114.9070 114.3208 113.7179 113.0980 112.4599 111.8138 111.1757 110.5622 109.9897 109.5040 109.1492 108.9568 108.9613 109.1496 109.5047 109.9829 110.5612 111.1368 111.8005 112.5430 113.0589 113.6661 114.0418 115.0146 115.4017 115.2607 108.1068 118.4314 109.2259 117.6804 118.4347 118.7868 119.1338 119.5198 119.8873 120.2385 120.5178 120.9780 121.2497 121.5279 121.8305 122.1320 122.2400
122.7800 122.6341 122.5152 118.7540 110.1758 115.8714 107.8915 107.1692 107.7059 105.0698 102.8080 106.0582 110.6687 97.2738 107.5497 110.2429 117.2397 111.8893 116.4708 115.7683 115.1454 114.5551 113.9267 113.2672 112.5702 111.8522 111.1050 110.3415 109.5906 108.8797 108.2611 107.7832 107.5193 107.5235 107.7774 108.2489 108.8740 109.5868 110.3232 111.1301 111.7319 112.5601 113.2307 113.9895 113.8503 114.9484 116.7448 117.1659 116.6704 117.3376 117.5818 118.0879 118.5907 119.0061 119.3976 119.7556 120.2247 120.9427 122.4579 121.1489 121.4476 121.7581 121.9827 122.2100
122.7600 122.5670 122.2873 122.3154 122.1690 123.1891 109.8750 112.8982 108.7201 106.0762 104.9975 103.0231 101.4999 105.1391 113.7368 117.7646 117.1549 116.7327 115.9833 115.5025 114.8749 114.2391 113.5585 112.8339 112.0681 111.2549 110.3966 109.4929 108.5797 107.6729 106.8450 106.1774 105.8086 105.7987 106.1719 106.8319 107.6548 108.5606 109.4664 110.1184 110.0057 112.1066 112.8594 114.3975 100.2089 105.9578 114.3676 115.7852 114.4997 117.0273 117.6424 118.0602 118.4736 118.8888 119.2978 119.6732 120.0824 120.2420 120.5658 121.0767 121.3912 121.7087 122.7775 122.1800
122.7400 122.5223 122.2063 121.7843 122.2730 116.4476 118.5041 109.0025 107.2957 116.0592 102.6905 101.8498 105.2450 102.1427 117.2013 113.2278 116.8502 116.2149 115.7774 115.2779 114.6500 113.9518 113.2303 112.4453 111.6048 110.6902 109.7162 108.6474 107.5223 106.3595 105.2182 104.2462 103.6618 103.6603 104.2400 105.2082 106.3381 107.5010 108.6213 109.8508 110.8412 111.5666 112.2405 119.9458 112.4486 100.2230 116.4656 115.8452 117.9051 116.9554 117.4946 117.9044 118.3599 118.7920 119.2025 119.5996 119.9871 120.3856 120.7251 121.0187 121.3570 121.2603 125.2602 122.1600
122.7300 122.5319 122.2305 122.5029 119.2639 112.7201 111.7812 109.5559 108.8271 115.4754 96.1266 97.5710 110.2641 105.6902 120.5298 99.6477 113.8999 116.2164 115.7604 115.0620 114.2693 113.7240 112.9501 112.1133 111.2023 110.1897 109.0829 107.8455 106.4718 104.9635 103.3654 101.8444 100.8658 100.8428 101.8129 103.3456 104.9408 106.4463 107.8299 109.0467 110.1768 111.1789 110.8237 108.1556 113.4056 115.2950 115.0344 114.6817 123.3637 116.1197 117.3836 117.8210 118.2731 118.7078 119.1313 119.5300 119.9063 120.2650 120.6166 120.9729 121.2870 121.4217 121.4491 122.1500
122.7100 122.4157 121.7715 119.7763 114.9508 115.1025 108.7026 108.1483 106.0129 103.3736 98.4377 106.8474 97.5486 100.1369 112.2038 117.0850 116.8225 116.1326 115.5988 114.8227 115.5191 113.4167 112.7254 111.8459 110.8708 109.7819 108.5507 107.1430 105.5091 103.5946 101.3085 98.8605 96.5118 96.5499 98.8758 101.2684 103.5634 105.4831 107.1187 108.5258 109.7697 110.8112 112.0973 113.2297 113.4387 114.0291 114.4529 115.9797 116.0293 116.7123 117.1865 117.7402 118.2071 118.6490 119.0792 119.4753 119.8657 120.2381 120.5916 120.9305 121.2539 121.6197 121.9654 122.1300
122.7000 122.7566 123.2588 122.6751 109.6555 111.9911 110.1516 102.5372 103.3726 102.4584 100.5449 106.0051 104.1340 99.8947 105.3244 110.3278 114.9853 115.5426 115.4845 114.8601 114.9486 113.3815 112.6033 111.6599 110.6412 109.4894 108.1654 106.6118 104.7450 102.4162 99.3426 94.6523 90.0389 90.0605 94.5760 99.2899 102.3692 104.7193 106.5804 108.1392 109.4630 110.6011 111.5158 112.4595 113.3837 114.1936 118.6083 107.4524 118.2022 116.8700 117.0535 117.7072 118.1675 118.6109 119.0392 119.4435 119.8333 120.2042 120.5670 120.9058 121.2333 121.5430 121.8528 122.1100
122.6900 119.8496 114.0094 117.1343 111.5350 108.8664 109.0169 106.2927 112.2196 106.8043 109.1044 101.5370 109.6941 101.7876 102.9405 107.2835 115.8437 113.0985 115.5072 114.8496 114.0027 113.2321 112.5149 111.5656 110.5211 109.3427 107.9669 106.3358 104.3287 101.7221 98.0660 90.9935 85.2895 85.3823 90.9287 98.0120 101.6732 104.2975 106.3072 107.9431 109.3256 110.5209 111.5892 112.5313 113.1041 112.9886 115.3749 102.9276 115.1236 115.8858 116.9419 117.6859 118.1450 118.5928 119.0174 119.4322 119.8172 120.1897 120.5517 120.8958 121.2273 121.5480 121.8525 122.1100
122.6900 109.3057 111.1021 113.6117 107.8433 108.5984 107.7748 110.4335 114.9135 107.2086 112.1005 100.4834 116.1592 96.1253 92.6200 110.5180 116.6135 111.5281 115.5754 114.8505 114.1323 113.3503 112.5021 111.5732 110.5308 109.3524 107.9838 106.3628 104.3635 101.7809 98.1597 91.3433 85.9219 85.7712 91.2213 98.0920 101.7369 104.3310 106.3270 107.9530 109.3382 110.4904 111.5702 112.4710 113.0769 113.7168 116.1111 103.9684 116.6847 116.0182 117.0637 117.6869 118.1470 118.5948 119.0195 119.4283 119.8180 120.1895 120.5524 120.8968 121.2301 121.5467 121.8497 122.1100
109.9800 108.5550 112.2359 109.5642 109.1392 108.2645 108.1647 107.9587 106.3994 103.2162 102.1864 99.2295 116.4823 109.6422 115.3313 116.5996 116.3708 116.0171 115.5228 114.8614 114.1679 113.4167 112.5905 111.6795 110.6636 109.5169 108.2083 106.6693 104.8298 102.5464 99.6047 95.0907 90.7649 90.7183 95.2493 99.5460 102.5177 104.8064 106.6512 108.1814 109.5078 110.8614 111.7805 112.5857 114.2667 114.6169 115.1565 113.9575 116.3832 116.7483 117.1637 117.7080 118.1679 118.6120 119.0428 119.4486 119.8403 120.2123 120.5636 120.9071 121.2400 121.5570 121.8614 122.1100
122.7000 115.6905 110.0212 99.4867 104.1196 109.5164 106.5843 111.1131 104.7296 109.4942 101.5640 101.5423 116.9634 111.1703 117.5918 117.2967 116.7560 115.8833 115.5766 114.9674 114.2839 113.5569 112.7560 111.8750 110.9142 109.8328 108.6257 107.2311 105.6459 103.7776 101.6460 99.4393 97.3126 97.3214 99.3018 101.5783 103.7586 105.6140 107.2109 108.5840 109.7320 111.4516 109.3308 115.3701 102.4979 106.2987 115.7506 116.0653 116.3980 116.7780 117.2482 117.7439 118.2133 118.6613 119.0827 119.4856 119.8745 120.2441 120.5932 120.9353 121.2672 121.5807 121.8819 122.1100
106.8000 107.1604 110.9084 112.7707 115.7766 114.2142 111.6589 110.8020 106.0265 102.3930 103.6633 110.7768 119.5823 109.7758 119.7159 95.1438 121.5454 119.7020 115.5315 115.1136 114.4588 113.7519 112.9901 112.1586 111.2561 110.2781 109.1344 107.9509 106.6503 105.1305 103.6171 102.2182 101.2706 101.2652 102.1885 103.6904 105.1623 106.6072 107.9315 109.0934 110.1850 111.3072 116.5467 109.9772 103.8279 97.7280 102.2965 102.0222 114.1854 116.5951 117.3464 117.8168 118.2899 118.7242 119.1369 119.5405 119.9162 120.2843 120.6311 120.9726 121.3046 121.6141 121.9066 122.1200
122.7200 105.9189 110.9995 108.5671 113.2380 116.0190 108.0869 109.0299 109.7083 105.0818 105.4069 120.4197 105.3932 121.0588 107.3395 106.2432 123.0040 116.2884 115.9244 115.2902 114.6764 113.9865 113.2689 112.4996 111.6639 110.7708 110.5989 110.5307 107.5545 106.5196 105.4565 104.5510 103.9892 103.9829 104.5355 105.4519 106.5429 107.6577 108.8622 108.9769 110.7517 111.9110 110.6142 122.7223 117.1092 101.4348 105.1311 105.9874 104.1071 116.4569 117.7454 118.1186 118.3632 118.8088 119.2196 119.6061 119.9801 120.3429 120.6872 121.0255 121.3553 121.5825 122.1074 122.1400
108.5400 109.5173 109.6398 108.1465 112.9286 108.8982 109.5175 107.3235 104.6663 101.5989 102.1736 121.7065 105.2776 118.2324 106.3727 116.9743 116.0240 116.6851 116.0755 115.5107 114.8766 114.5277 113.5702 112.9039 112.1433 111.3587 109.9817 109.0265 108.6860 107.5932 107.0647 106.4207 106.0518 106.0525 106.4091 107.0385 107.8446 108.7140 109.5657 110.6512 111.7005 110.3847 113.0953 110.8646 113.3313 114.1669 99.6552 115.8949 116.8373 106.6169 116.0552 115.7373 118.6276 118.9085 119.3063 119.6940 120.0656 120.4108 120.7516 121.0949 121.4748 121.7748 120.2709 122.1500
111.6100 111.1109 109.8596 109.4798 108.5613 109.3122 107.6176 106.4983 103.4284 102.5728 99.9323 120.9000 107.8435 115.3752 118.4767 118.2302 117.5063 116.7815 116.2964 115.7282 115.2709 112.6479 114.0308 113.3339 112.6663 112.4105 109.8264 99.6126 103.7680 106.0997 108.4667 107.9853 107.7426 107.7361 107.9773 108.4310 109.0377 109.7422 110.4140 111.3647 110.3497 109.9481 107.7237 115.1868 115.8412 110.8719 116.7108 116.9014 116.7199 116.2836 111.1969 113.0301 118.8702 118.8884 119.4138 119.7896 120.1532 120.4977 120.8322 121.1097 121.2740 121.4820 122.7364 108.0600
115.9400 113.2351 110.2241 109.5807 109.8994 110.3579 102.6169 108.8347 107.7821 104.5120 104.9476 116.7364 117.9516 118.4798 117.8177 117.5122 117.5147 117.0243 116.5638 115.9488 114.8033 111.6357 114.5662 113.7839 113.1559 112.7539 102.6053 93.1137 103.6661 111.4598 109.6570 109.3198 109.0683 109.1244 109.3274 109.6643 110.1299 110.6826 111.2537 111.3068 109.1171 108.8600 103.8196 109.3043 106.8819 112.0101 116.0492 116.0247 117.3864 111.8285 118.6521 119.1644 119.1820 119.1537 119.5386 119.9051 120.2521 120.5993 120.9309 120.9967 123.0638 122.0908 122.4830 122.4100
115.9400 112.8926 110.4698 110.0803 110.5335 111.3112 111.6871 110.4655 106.0694 103.8087 106.2205 109.4069 118.1643 118.3864 119.9297 118.8806 117.7127 117.2530 116.8019 116.2946 116.4641 115.2161 114.3865 114.7298 113.6925 113.0152 116.2712 116.2652 112.6949 111.1146 110.7496 110.5224 110.6715 110.3096 110.4654 110.7573 111.1339 111.5532 112.0011 113.8295 104.7318 97.7227 103.6850 104.3452 105.5453 117.2682 116.4788 116.9735 117.5258 117.9197 118.0191 118.5809 118.8973 119.2974 119.6761 120.0093 120.3722 120.7062 121.0372 121.2043 124.5524 114.3783 122.2011 122.4100
111.3100 110.4375 110.9872 111.2296 110.8584 108.8227 111.3808 108.5101 107.7782 105.8568 110.8191 113.2525 97.4868 120.4148 119.7383 118.5577 117.9169 117.4789 117.0668 116.6336 116.1188 115.6679 115.3219 112.0057 114.6563 113.6556 109.8106 111.8592 111.6149 112.1908 111.7121 109.9311 109.5996 111.5175 111.8431 111.7147 112.0264 112.4812 112.3145 111.4767 103.7224 102.7704 97.2556 99.9729 110.7339 114.7088 116.3877 117.0747 116.1901 117.8197 115.5018 117.3514 119.0675 119.5429 119.9177 120.2337 120.5006 120.8124 121.1873 121.3999 117.6505 108.0168 122.8832 122.4700
111.7900 112.1102 108.3914 109.3966 111.2077 107.6033 105.9466 106.1529 103.1334 106.4752 107.6420 122.5068 111.3448 119.4350 118.6809 118.5821 118.2179 117.8386 117.3745 116.9499 116.5434 116.0759 115.0997 112.0084 114.7324 113.8973 97.8759 105.1352 114.3183 112.9012 112.4706 109.9973 111.7775 110.6253 112.3048 112.5889 112.8673 113.0811 112.2625 103.6405 114.3928 116.3694 98.3423 111.1069 116.7945 116.7772 117.0619 117.6011 125.9677 121.2184 123.2460 120.6569 119.3933 119.6404 119.7911 120.2633 120.6129 120.9428 121.2639 121.9359 121.4175 118.3655 123.1796 122.5000
110.3100 109.7010 109.7460 110.8276 110.3822 108.9337 106.6948 106.4354 105.2576 103.7965 102.3669 121.3894 120.3724 119.2945 119.1678 118.8136 118.0241 117.7240 117.5987 117.2922 116.8798 116.4866 116.1450 115.8331 115.4168 115.6115 111.7957 107.0253 115.1526 113.5611 113.3853 111.9156 114.2250 118.6293 113.4805 113.4491 113.6278 113.8638 115.4626 100.1619 116.1295 115.3021 113.6068 116.1285 116.9587 117.3854 116.8855 111.9947 103.6671 104.4904 108.9691 115.6118 120.0666 119.5762 122.8312 120.1992 120.8592 121.0957 121.3803 121.7054 122.2608 122.9217 122.6791 122.7300
112.8700 111.7830 110.5096 110.5351 109.8791 110.5046 109.9802 108.5513 106.0530 110.5646 124.2529 117.0932 120.0881 119.5766 119.3696 119.0145 119.0598 119.0436 118.3295 117.5772 117.2320 116.8815 116.5226 116.1825 115.5027 115.2156 115.6254 114.9129 114.1700 114.9234 114.6203 100.3805 98.3457 100.7872 115.0815 114.2096 114.3266 114.5516 116.1980 112.1313 116.8201 115.3053 116.2828 118.1507 105.9960 116.8436 117.4908 119.6219 115.6046 119.0835 103.1265 106.8624 113.2373 119.8699 120.2267 120.5981 120.9453 121.2280 121.5026 121.7979 122.0142 122.2691 122.5728 122.7600
112.1700 112.1059 110.6510 111.4709 111.4568 111.5679 112.2505 106.5797 104.4387 105.2013 127.6508 119.9495 120.7619 119.7905 119.2187 121.0404 103.5789 105.4649 118.6453 117.7913 117.6466 116.9624 116.9933 116.0122 116.3905 116.1319 115.8166 115.0719 115.3189 110.3766 111.2245 94.0701 110.1964 112.9427 115.0125 114.9280 114.9922 115.2069 115.4428 115.7620 115.8288 116.1744 114.1775 114.9876 116.0414 118.8608 117.8164 118.3429 118.6451 119.5898 114.4129 108.0324 104.9334 114.8655 120.6447 120.8006 121.0450 121.5761 121.6494 121.7750 122.2118 122.4416 122.6837 122.7900
113.4300 112.6006 111.7531 112.0085 111.5102 111.7473 108.3420 101.9945 99.5555 107.4094 101.8230 117.3653 117.5386 107.2049 121.2255 120.0693 103.1276 121.2971 118.4271 118.2925 117.9959 117.3478 117.6925 117.3392 116.8058 116.4639 114.3007 110.4484 115.6738 111.2234 113.4619 97.4185 112.9410 114.9342 115.4394 115.5068 115.6207 115.7866 116.0002 116.2321 116.5228 117.3125 119.3869 116.3161 117.4663 117.6717 118.3281 118.4510 119.6462 109.3764 120.1786 119.6210 120.7015 120.6081 120.6701 121.0381 121.0735 121.3106 119.6597 123.3629 122.3850 122.6198 122.8682 123.0200
112.5400 112.1561 112.0487 109.1090 110.9843 110.6109 107.1354 102.9964 104.7486 110.3191 102.2738 103.1493 117.2217 121.7225 118.5170 114.1653 120.3670 119.3727 118.7868 118.5423 118.6442 118.2205 115.7730 116.8892 116.9611 116.7144 117.0882 116.6101 116.5047 111.3762 110.7630 97.4182 114.4762 115.5903 116.1263 116.1332 116.2186 116.3576 116.5362 116.7348 116.7541 117.1886 117.5700 119.2817 117.9425 118.5001 118.5949 118.8869 119.4158 119.7814 119.8988 119.8303 120.1812 120.3450 120.8246 121.1620 121.8951 122.4506 121.7305 122.1744 122.6162 122.2115 122.8720 123.0600
112.1200 111.3870 112.6102 107.7863 109.8361 108.9431 109.6102 106.3498 103.1812 103.8901 106.0793 121.5850 121.8061 120.8138 116.3422 119.3160 117.1085 119.5472 118.6761 120.7207 110.6712 109.3604 99.8394 115.7392 118.9317 117.2439 116.2049 102.6346 117.4159 107.5589 98.1778 111.2948 116.6027 116.6405 116.5692 116.5591 116.7135 116.8864 117.0225 117.2844 117.4336 118.2078 99.5476 119.6137 119.4589 118.5940 118.9225 119.2027 119.3222 119.6115 119.9205 120.3574 120.6036 120.8581 121.1334 121.6757 120.7328 118.4515 122.3557 122.3884 122.5148 127.2000 125.9233 108.8900
108.8900 109.7686 110.8998 108.4020 110.4834 111.4554 109.1246 108.4135 106.2590 105.0476 104.7748 119.4068 120.9643 120.8008 120.6215 119.7887 110.1794 111.9703 116.6752 106.7054 96.4608 102.9868 106.8569 115.1846 114.8149 102.7172 104.2726 117.8200 116.2487 117.0384 111.2364 118.1584 117.1233 117.0479 117.1526 117.4566 117.3119 117.1453 117.6141 117.0394 118.6555 117.7067 119.9121 106.2327 118.2562 118.9427 119.2411 119.4982 119.7523 120.0387 120.2760 120.5181 120.7769 121.0298 121.2525 121.9041 114.0168 105.5765 126.2568 122.2073 122.4012 125.1136 125.3986 108.8900
108.8900 109.5754 111.4857 111.9620 111.8857 110.0781 111.7615 108.3829 99.6781 121.1892 122.2891 112.4843 121.6325 121.0274 120.2493 121.3340 121.4219 105.3078 105.9108 122.6518 115.8119 94.4514 110.3009 113.8922 99.9917 114.4897 109.1436 122.3668 102.4388 118.9949 118.2967 117.5549 117.5767 117.6966 117.6460 117.6019 112.8738 115.9368 117.2962 123.2582 115.2398 104.3520 112.3771 111.1502 120.7421 119.2038 119.5867 119.7977 120.0337 120.2766 120.5205 120.7644 121.0109 121.2519 121.4910 122.0289 117.3352 110.0577 114.5740 122.3530 123.1499 124.0086 122.4688 107.0300
112.6700 112.6201 111.3296 111.5081 112.5786 111.5340 108.3372 102.9210 105.3700 107.1518 119.0047 112.9746 122.5470 121.2524 120.7168 120.6282 120.4645 119.2786 111.1156 117.9372 120.9383 109.2398 103.2558 97.6516 102.1970 112.8550 119.2652 118.5743 106.4400 119.9161 118.0062 118.0909 118.0795 117.8563 117.1627 118.2217 121.8805 112.9625 112.0714 125.3062 113.6449 109.2619 103.4206 118.3606 119.0455 119.6730 119.8597 120.0973 120.3156 120.5502 120.7796 121.0084 121.2355 121.4627 121.7114 121.8570 122.6811 124.9543 122.8163 123.0238 123.1116 121.1849 116.1078 107.0300
114.1500 111.7479 112.4371 112.3454 109.6142 112.0487 117.9464 101.2955 123.9489 103.2186 120.5606 123.9242 122.8239 121.1493 121.1615 121.0013 121.5591 117.1432 95.9916 119.7756 121.4492 120.8351 110.0967 110.2753 107.9824 120.2221 107.8142 120.5163 121.1839 118.4383 118.6211 118.5503 118.5441 119.0691 121.0446 116.6559 104.3802 106.6586 93.2388 118.0642 119.5765 99.8900 107.6753 119.7265 119.6428 120.0074 120.1833 120.3922 120.5942 120.8087 121.0257 121.2500 121.4663 121.6852 121.8993 122.1415 122.1292 121.5514 122.7104 122.5541 123.1466 123.3591 106.6277 102.3800
112.3400 114.4938 108.0255 106.5324 103.6827 114.7123 126.6213 110.3772 111.6662 117.1118 104.0044 107.5872 119.1706 122.0646 121.1865 122.1447 122.0919 116.2189 117.4509 119.1134 119.8047 120.4843 115.0823 117.2626 111.8233 121.7481 102.3571 109.3993 117.7323 118.9815 119.0251 118.9729 119.0331 120.2712 101.6829 105.0676 122.4160 101.4456 98.7909 118.0440 119.0293 119.5201 107.1271 120.4232 120.1558 120.2996 120.4845 120.6759 120.8746 121.0751 121.2790 121.4812 121.6902 121.9039 122.1123 122.3163 122.5337 122.8595 123.2162 124.7629 123.3159 123.3550 117.5478 102.7300
115.1300 115.3676 113.6834 101.3621 117.5974 112.7887 123.9049 103.9166 102.6688 116.0903 108.1329 104.8564 113.0347 105.2823 123.9888 119.4713 108.8962 123.1743 121.1500 121.8292 116.7494 111.7309 112.2661 110.6670 96.5518 98.4134 103.3588 121.5609 120.3678 119.2355 119.4328 119.3859 119.3455 119.4323 118.3085 119.5055 121.0523 110.7011 120.4310 121.4392 117.8724 116.0755 121.3071 120.2296 120.4434 120.5962 120.7780 120.9551 121.1397 121.3376 121.5317 121.7232 121.9219 122.1210 122.3127 122.5125 122.7602 122.5007 122.8614 120.9128 124.3787 123.0656 124.9433 123.9500
112.7000 109.2314 103.6765 119.1497 123.8581 122.3720 125.3413 109.0012 121.4169 107.1247 106.6194 103.1161 101.4387 109.9896 123.1039 120.8850 118.8894 121.5768 121.8106 115.7497 114.9368 108.8721 103.6356 114.1361 102.8743 101.9351 114.3133 120.6447 119.8209 119.8675 119.8134 119.7786 119.7846 119.7730 119.8080 119.5792 119.3142 121.7567 119.8141 110.8478 117.1222 121.8223 119.3508 120.3958 120.8154 120.8981 121.0624 121.2349 121.4165 121.5928 121.7744 121.9582 122.1468 122.3331 122.5207 122.7118 122.9072 123.0774 123.4772 125.5980 104.7901 102.0740 107.3108 119.1900
124.6400 125.0787 125.0171 125.5875 123.6188 124.0284 123.1299 122.5426 109.0403 106.5715 104.4463 101.8314 100.5588 116.2545 122.5274 121.1239 122.5556 120.8170 125.8662 99.9117 110.2494 101.5947 105.4520 102.8558 109.1775 121.4327 121.8148 120.3097 120.3153 120.2227 120.1855 120.1542 120.1386 120.1366 120.1717 120.3181 120.1529 118.2852 108.3998 110.3952 102.0087 100.9669 102.1514 121.0045 121.0662 121.1894 121.3479 121.5102 121.6711 121.8452 122.0090 122.1864 122.3708 122.5436 122.7286 122.9120 123.0849 123.3199 123.4901 123.7956 125.1832 112.3348 101.7125 108.8900
124.8300 124.4160 124.5790 124.2064 124.1402 124.0937 124.1100 117.9113 109.4420 105.4857 108.7826 123.7724 121.6261 125.7844 109.5837 107.7105 122.6367 111.7985 119.2188 114.2679 116.3535 101.7279 102.3153 104.2281 120.8037 121.0680 120.6000 120.7364 120.6355 120.5890 120.4937 120.5120 120.5032 120.5001 120.5103 120.5363 120.3652 119.5193 117.7969 123.1916 119.5375 118.1536 123.0480 121.4696 121.3319 121.4733 121.6206 121.7774 121.9275 122.0915 122.2504 122.4242 122.5873 122.7604 122.9297 123.1038 123.2866 123.4431 123.6398 123.7278 123.5318 125.2288 121.5708 118.7800
124.8800 124.7838 124.7344 124.6087 124.2906 124.1499 122.0719 124.7879 125.8556 127.5857 123.3502 120.6212 127.5756 104.1290 114.5566 103.4170 116.0478 102.3971 113.3671 121.7112 110.1576 101.3228 106.5305 108.5656 122.7996 120.9897 121.1342 121.0339 120.9706 120.9167 121.1142 120.8345 120.8268 120.8432 120.8612 120.8927 120.9232 121.1322 117.2815 121.5010 107.2432 119.7723 120.6852 121.3904 121.7153 121.7486 121.8978 122.0359 122.1851 122.3352 122.4868 122.6413 122.8070 122.9681 123.1361 123.2998 123.4702 123.6559 123.6109 124.6864 124.0314 124.2742 108.7806 109.2400
125.0600 124.9713 124.8280 124.6183 124.4009 124.8054 118.2475 124.2913 123.7889 122.9065 122.6427 101.0704 105.4678 101.7107 110.0755 103.2081 108.6200 105.1100 118.7109 122.0970 106.7102 103.6714 108.5117 110.1650 121.7808 121.3835 121.4249 121.4143 121.3467 119.8405 120.1323 121.2149 121.3617 121.1844 121.1882 121.2034 121.2796 121.6358 115.8518 120.1097 112.6141 107.7685 121.9987 121.8251 121.8606 122.0338 122.1589 122.2849 122.4292 122.5757 122.7221 122.8679 123.0225 123.1926 123.3368 123.4999 123.6482 123.8356 123.7925 123.1518 114.5487 115.7140 113.0794 105.9900
130.2300 124.9800 124.8500 124.7400 124.5800 124.4500 124.3100 124.1800 123.8800 123.7600 123.5900 123.4400 123.3000 110.5700 106.6000 122.8300 105.3700 116.6300 114.6900 122.4000 113.5500 103.8900 109.8000 121.9100 121.7200 121.7600 121.5100 121.9400 117.3500 111.2700 121.3800 121.3900 121.4000 121.4000 121.3900 121.3800 121.3600 121.5800 121.5800 121.7600 121.7600 105.6700 121.9100 121.8600 122.0500 122.2100 122.3700 122.5500 122.5200 122.6900 122.8300 123.0000 123.1400 123.3000 123.4300 123.5800 123.7500 123.8800 124.0100 125.8300 125.8300 102.5800 112.8600 105.9900
