119.8200 108.7100 108.7100 120.1100 120.0800 120.0500 111.1000 105.5900 109.7400 120.7300 120.6700 120.9300 121.1200 121.2900 121.2900 117.0500 122.6100 121.8300 121.9900 124.0700 120.2300 107.8700 108.6800 108.6800 123.0200 123.3700 123.5000 123.6600 123.8100 124.1300 124.1300 124.4000 124.5400 124.6800 109.1700 125.1000 125.2300 125.3600 125.6200 125.7500 126.0000 126.1200 126.2400 126.3600 126.5900 126.7100 126.8200 127.0500 127.1600 127.3800 127.4900 128.7600 112.1400 122.2500 111.0800 106.2000 106.3000 106.3900 113.4100 107.3700 117.5100 108.8400 129.0400 129.1300
119.8200 120.1587 105.3464 111.7950 120.3703 118.7339 119.4347 110.1648 106.1796 114.6540 120.6380 120.6922 120.8289 120.9728 121.5411 119.9298 121.5398 121.4976 121.6209 122.4572 113.6480 106.6294 113.3341 119.3127 124.9246 122.5592 123.3837 123.4744 124.8702 124.1897 124.9678 120.2395 121.4346 126.2436 122.9190 128.4768 128.1495 127.3533 125.7307 126.4079 122.5957 126.8004 126.1589 126.3039 126.1988 126.7033 142.2330 116.3703 125.6895 127.6021 127.4764 129.9373 129.9843 111.9052 117.9901 118.2412 108.0503 108.9346 111.8748 106.6967 110.2844 115.7602 129.5731 129.1100
118.7900 120.8593 110.9977 105.4188 114.4222 102.4187 105.1685 112.7346 105.5059 116.4745 120.3513 120.3502 120.5294 120.6854 120.8508 121.2135 121.2244 121.2127 124.0170 109.9631 110.4315 104.7426 105.4769 115.3337 113.8861 125.2278 124.0674 111.5194 110.7834 125.0474 117.2909 125.4048 104.9447 113.4881 110.1262 107.5396 111.0203 114.1869 110.2186 127.1483 123.0857 126.4192 126.0482 126.3893 128.0040 128.1896 101.3789 108.2521 114.9742 127.2255 129.7983 117.6659 117.2177 115.6895 114.0727 108.4354 106.2364 106.4178 106.6782 106.7531 106.2768 128.6150 130.4868 129.1000
119.0900 118.3762 113.3651 107.0443 101.9744 103.5967 104.2457 111.9579 108.5450 121.3321 119.7351 120.0298 120.2064 120.3979 120.5783 120.7752 120.9475 121.1966 121.1881 126.6337 106.2110 101.4372 103.5791 111.5231 106.5994 116.3517 123.7113 119.5833 117.5195 103.9274 100.2603 112.1490 123.4743 101.2236 120.9442 121.0313 114.4500 100.2359 115.6350 125.7050 126.3645 125.9806 126.8531 120.6627 115.4553 112.1726 114.5697 109.6502 117.4463 123.9664 120.8675 118.6240 120.6286 116.5254 108.3732 108.0825 115.4793 105.1323 106.4070 106.9132 106.1944 122.1736 118.9035 129.1000
118.7000 118.4375 110.6447 109.3209 100.5366 102.2384 100.5913 105.8228 112.6225 120.0164 119.5492 119.6891 119.8873 120.0821 120.2881 120.4972 120.7018 120.9928 121.2497 118.8597 109.0917 115.4532 100.7244 118.9669 122.2223 121.1629 122.9580 123.1990 124.3008 124.7130 121.7282 123.7062 105.5128 121.0717 126.3046 115.3132 119.0971 121.4701 126.6599 126.7358 127.0927 127.2914 119.8600 112.5854 104.8973 105.8098 109.2657 109.1044 116.8232 119.9878 123.3197 108.5966 126.4237 124.9489 112.3592 110.7973 107.4851 107.3957 105.4928 112.6200 110.1624 110.7639 115.4847 116.6300
117.8800 117.7813 119.5180 113.3902 99.1837 113.5181 111.8702 100.9519 119.8719 118.9665 119.1383 119.3522 119.5598 119.7778 119.9896 120.2091 120.4312 120.7114 120.5091 122.0029 117.2666 106.0477 108.5445 123.1160 122.1999 122.4021 122.7429 122.9049 123.0091 123.3348 121.1264 110.0397 122.3470 123.8139 125.5628 104.5885 126.8189 126.6940 111.4849 121.5984 112.1230 114.2361 102.7652 104.4744 104.5866 106.8776 106.3610 120.9677 125.4030 111.2950 118.7807 109.9266 113.1702 123.7141 106.4964 105.2915 116.1672 105.9755 107.5289 113.5210 114.0327 117.4605 116.6220 126.9800
117.4300 118.0434 107.1600 108.6823 95.5124 101.6393 116.3009 113.0490 114.9467 119.0696 118.7735 118.9829 119.2405 119.4268 119.6905 119.9269 120.1685 120.3917 120.6637 120.9725 119.0148 115.3321 120.2986 122.1145 122.1936 122.9135 122.4534 122.7733 123.0166 122.8693 123.6175 123.1138 120.8720 124.8537 125.1186 115.5660 106.3068 125.5015 117.1308 113.2587 119.7265 102.2461 103.5902 103.2182 114.3860 105.8501 116.1588 104.7352 104.9747 108.2109 112.1245 128.3388 127.5324 113.9227 113.6972 115.3858 113.6096 111.3533 117.2511 116.3796 116.9352 126.5061 125.8790 127.8600
116.9600 116.5334 106.3119 99.0546 101.8764 104.9549 102.2018 113.1701 118.1263 118.6270 118.4308 118.6144 118.6695 119.1145 119.3849 119.6333 119.8851 120.1371 120.4193 120.6325 120.7906 122.6682 123.7623 122.5131 109.5484 120.9101 122.1737 122.6587 123.0565 123.1684 123.0598 124.0408 123.6491 117.6269 102.9952 101.4362 110.4049 122.3865 123.5224 115.8469 104.5496 107.6187 108.0834 104.6941 112.6854 118.1508 115.0392 107.1087 113.4319 129.9448 124.2183 121.7531 103.4919 105.4644 113.0805 112.5530 114.4118 114.4695 119.2894 120.6792 121.1172 129.3904 128.9554 128.1900
116.4600 118.5923 104.8572 100.0958 100.7135 106.1299 104.8158 114.8311 109.7506 121.9455 117.8113 118.1628 120.4658 118.6491 119.0914 119.3238 119.6058 119.8821 120.1468 120.4323 120.6607 120.7035 120.4075 121.2744 122.6688 121.5541 122.2357 122.5473 118.4749 122.8575 123.0309 116.9821 115.3509 117.9823 115.3295 107.7696 107.1164 115.4764 123.3977 116.1242 113.4329 103.3916 107.9316 121.4236 114.2185 104.3729 111.6309 114.2627 127.5402 124.8098 113.2084 110.1939 111.4326 108.4673 117.4976 116.5767 114.1886 112.1973 109.8999 130.4881 128.3993 128.3376 125.0650 127.0500
115.9300 105.4030 103.7854 97.8329 99.0082 102.4257 104.6830 105.9588 110.2323 117.6530 117.0098 117.6899 118.3334 118.4266 118.7865 119.0298 119.3257 119.6205 119.9086 120.1984 120.5219 120.8193 121.0668 116.2445 121.8476 121.8536 121.9752 123.7431 124.7344 121.6980 121.5191 124.0737 122.8650 105.7984 101.0118 105.0668 110.1104 109.2749 106.7613 115.4023 103.1878 105.1943 104.8873 113.6033 104.8410 107.8580 111.3065 111.3252 127.1179 127.5867 132.5358 122.5739 112.0652 110.1912 116.6111 107.5405 109.0274 106.9039 125.3822 127.7694 128.4579 127.8332 122.4482 108.3500
115.3700 98.5713 99.6352 98.3599 103.9241 104.6073 105.8639 104.7827 117.4504 116.9066 118.8979 117.0479 117.9845 118.1124 118.3414 118.7505 119.0461 119.3595 119.6687 119.9707 120.2387 120.3892 122.2971 110.9404 122.6079 121.5622 121.9511 122.0013 122.3886 122.7456 123.4247 122.9632 122.2021 105.5448 102.5327 103.8770 114.2725 121.7719 112.4522 112.0244 102.8109 103.3509 102.1532 105.7937 107.3942 111.2515 111.6332 115.7154 127.9220 125.9499 102.2934 117.8984 104.8554 103.7815 104.4074 105.6652 107.5017 112.9893 129.1981 128.4123 128.8982 120.4868 120.8801 106.7900
114.7700 115.1310 113.4962 100.5277 96.5935 106.3793 95.0684 113.8118 116.9932 116.2176 119.3781 117.1655 116.8304 118.3025 118.0334 118.4548 118.7767 119.1048 119.3951 119.7440 119.9649 120.6918 116.7041 123.7487 121.0575 121.5227 121.8004 122.1298 122.2900 122.5830 120.7924 122.9831 118.7251 109.9671 102.8898 106.3623 114.0957 125.7692 113.8045 105.9350 102.9432 103.1313 108.4214 109.4376 108.6992 111.4133 111.9784 129.5270 120.8941 119.1112 136.5402 99.9531 103.3915 113.1136 109.0209 109.4873 110.2660 126.6941 128.3688 128.1272 128.6064 124.0144 127.2570 126.7800
114.1300 113.7397 106.3476 109.4892 106.5684 95.8945 105.6760 116.3380 115.6441 115.6994 116.4010 117.5927 118.1699 113.4108 118.7829 117.9449 118.4848 118.8559 119.5197 119.5078 119.8658 120.6722 116.5138 120.2580 121.0666 121.3723 121.6794 121.9034 122.4825 122.2212 119.1647 123.3374 125.2427 119.1778 99.9381 125.4936 126.8341 126.1455 113.9715 109.3652 103.0890 103.5191 107.6684 108.1798 109.9616 109.6449 107.5635 116.0959 107.0429 119.6475 113.5194 118.7078 115.8172 112.9070 113.7177 109.4412 108.0427 114.5190 127.8635 127.6496 128.2363 128.6020 127.8076 126.6700
113.4300 111.9386 106.5518 106.2265 104.9008 101.5517 112.8141 114.7907 115.0895 115.5098 115.5681 106.0608 113.0985 107.7646 117.2964 117.7171 118.2729 117.5722 118.1661 119.0954 119.5843 119.9678 120.5400 120.7595 120.9357 121.2354 121.4111 122.1240 116.6427 124.1654 124.3141 119.1517 109.6963 107.2488 100.9199 125.7628 108.7297 122.0487 117.3109 110.7043 102.3964 102.8202 104.4617 107.8126 107.1611 108.2020 120.6360 120.1288 120.8307 131.2341 112.7816 127.1191 110.0531 104.8144 106.1354 109.2249 104.9136 102.5453 125.9652 127.8856 128.6901 129.7714 120.9025 109.0300
112.6800 106.2153 113.6217 114.3465 112.7813 106.1494 114.2996 114.0478 114.5943 114.6698 116.6299 115.6037 115.7833 118.9847 118.1757 117.3291 117.9537 118.0299 118.3793 119.3457 119.3957 119.7949 120.0701 120.4439 120.7974 121.1006 121.3752 122.0635 118.7436 115.1142 118.6920 100.3293 100.4266 104.4161 98.2905 121.6903 118.4915 122.0710 109.3102 106.3721 106.4174 106.0336 121.7822 122.5210 121.5858 124.7590 127.5977 127.0659 125.9865 108.4612 112.3861 121.5555 104.8506 108.1326 105.7759 112.2328 105.7667 118.5904 118.0130 125.6436 125.6147 126.1791 109.0567 106.6400
111.8500 112.1348 111.6920 110.9592 103.5097 111.3028 112.6674 113.5491 113.9758 114.6289 114.5594 116.4198 105.2168 105.1036 113.2607 117.3310 117.8576 118.1926 125.2955 106.2698 120.2643 119.6500 119.9947 120.3446 120.6568 120.9852 121.0305 121.6720 121.5307 118.5083 111.0424 117.1997 115.7467 97.6496 121.5143 117.1271 119.1620 117.9164 106.6707 110.4026 107.7825 125.6406 127.7596 112.6494 129.0052 117.0558 127.1494 126.2495 124.2085 113.4361 105.1185 108.0070 104.9577 105.3220 104.3643 106.2208 104.7009 119.8827 107.0472 122.2441 124.3220 124.5811 106.7708 111.7000
109.9100 110.3026 110.7128 111.2231 118.5060 113.8725 111.9880 112.9328 113.4353 113.9843 114.3898 116.4866 105.2480 105.5772 102.0498 118.4101 117.4575 118.4292 111.1765 124.3153 118.1776 119.6377 119.8657 120.2001 120.5308 120.8300 122.0741 122.3257 121.5572 121.8121 119.2953 125.9210 104.9059 123.1497 123.8742 123.7842 123.7956 117.8083 99.7528 117.0172 110.9559 117.4196 115.7841 117.1004 118.5019 126.6923 115.7681 117.1084 118.8417 110.1980 104.5542 104.5061 104.8673 104.5145 117.5971 105.4515 113.3341 118.0147 115.3872 121.4400 124.3350 125.6846 123.4825 115.3800
108.7400 109.2472 109.5814 109.0573 107.1588 110.9997 111.7616 112.2296 112.8642 113.4706 114.1199 114.6149 115.2574 115.1254 116.3300 116.7339 117.3110 117.6905 117.7649 118.8465 118.9883 119.3347 119.7225 120.0651 120.6163 119.8347 111.5065 116.1798 121.1675 121.5282 121.6625 122.6749 122.5589 115.8458 108.1951 120.3241 107.0700 110.6525 107.2337 102.5810 112.6126 115.6849 113.1233 112.3038 116.8984 117.3867 111.3458 119.5533 104.5644 105.1502 104.2222 114.6417 104.2027 104.9832 105.6022 105.3169 104.5383 122.3857 123.3178 123.4903 124.4223 125.9343 106.6849 125.3600
107.4000 107.8615 108.1324 109.0457 109.4285 110.0332 110.8017 111.5639 112.2928 112.9926 113.6826 113.7920 115.8010 103.7436 117.6566 116.4490 116.8965 117.4156 117.9325 118.3901 118.8430 119.2365 119.5995 119.9588 121.0348 116.7010 125.5144 118.0283 101.1113 103.6277 103.3405 108.3012 107.6812 112.2825 105.4708 107.0008 111.7177 111.5771 100.9550 104.2193 103.8284 106.9538 107.4310 112.6967 115.9833 115.7793 117.3319 117.3527 117.0708 118.9197 107.7542 105.2848 106.0527 105.2822 105.9438 106.5029 126.3324 105.1383 119.0129 120.2438 120.2058 120.2790 126.3760 125.6400
105.8100 106.1232 106.9488 107.3296 108.3262 109.1589 110.0602 110.9045 111.7521 112.5587 113.2761 114.0424 114.9815 115.7576 115.7624 116.5651 117.7026 117.7868 117.7642 118.2613 118.6947 119.1143 119.4988 119.8795 120.0471 121.3778 102.4826 103.2227 109.2060 105.4169 106.8960 105.2016 105.6313 110.4500 110.4008 110.1079 108.2007 103.1545 104.2780 103.3894 111.9587 116.8892 116.2563 116.1673 116.3851 116.6759 116.1217 113.4745 107.1746 106.5107 121.4035 114.5705 110.1479 104.2777 103.1144 123.4064 123.3160 108.7729 124.8513 124.2957 125.3215 125.3298 125.5912 125.9700
103.8700 104.8216 103.5696 106.2351 107.1021 108.2312 109.3104 110.2737 111.5131 111.9543 112.8997 112.7811 114.2979 114.7595 115.2510 118.0936 115.9648 116.7397 117.5736 118.1670 118.5966 119.0137 119.4319 119.7963 120.7852 121.2252 125.2841 106.6575 103.5239 107.0075 107.5424 110.5384 109.3834 110.6884 108.3040 109.0735 104.3972 105.4176 105.9256 104.0122 115.0531 117.0531 116.0589 116.8108 117.4975 116.0456 117.5667 119.1742 120.7811 114.1329 120.9476 116.8471 112.9493 110.3609 117.3410 122.5807 124.2527 124.4775 123.3922 123.8325 124.3572 124.9659 123.8406 126.0400
101.3600 101.4546 98.9930 104.4068 105.8691 107.3037 108.5599 110.0192 108.0378 114.2292 112.2630 112.2774 114.0726 115.8449 113.0916 116.0195 108.2862 117.3209 117.4747 118.0838 118.5136 118.9473 119.2708 119.8069 117.4825 122.1647 116.5255 103.2963 101.8772 102.1845 103.9010 113.6184 108.0112 109.4915 111.4754 109.2489 103.2932 108.8504 108.8639 107.9372 108.5171 118.4831 115.6993 116.9733 117.7986 119.3431 118.0237 117.1722 119.8210 121.5210 121.4630 122.3255 123.7204 122.4054 123.3853 124.5042 117.5905 125.9231 125.5101 125.6799 125.4796 127.3252 112.9854 118.9900
97.8100 98.4937 100.4129 103.0778 104.7171 106.4513 107.8977 109.7171 107.3175 111.7669 112.8110 114.2974 113.7146 115.4024 112.9812 115.7331 116.9872 116.7998 117.2211 117.9261 118.4414 118.8464 119.5541 108.2086 117.0107 108.0555 103.7175 101.8864 107.0349 102.9830 106.4156 106.1285 105.9017 104.1499 106.1515 101.9763 107.0781 98.8147 99.3522 102.6682 109.2844 111.4554 117.0836 118.4970 115.5326 113.2716 123.8892 124.3253 121.1122 122.1469 117.4713 117.6105 105.7701 127.2712 128.1016 128.7326 121.6302 127.0208 126.9448 128.2118 129.0375 130.8045 119.3957 128.6200
91.7200 92.6681 97.8346 101.0938 103.7472 105.7806 107.4297 109.1890 109.9279 112.4686 109.6190 109.7993 114.8282 115.1939 116.2666 116.4952 116.2055 117.4105 118.6242 117.9297 118.4338 118.8022 119.8942 117.4733 113.1200 103.8534 99.5361 102.7287 107.3696 107.2724 109.5164 118.0692 108.3090 102.0836 103.8915 104.5271 104.6372 108.6876 117.1052 102.7466 111.7904 105.6338 106.3702 108.1335 113.5152 105.0510 111.8234 110.7979 106.2114 125.6472 113.0384 106.0453 110.9565 114.8814 112.6458 114.3386 117.9327 130.2630 128.2915 119.9235 116.1163 127.8861 127.8839 128.5800
90.7200 87.9154 95.3925 100.0907 103.1402 105.3813 107.6092 109.0383 117.6801 100.9059 106.3291 106.6036 104.9361 107.8501 111.3264 107.7895 118.2851 109.8221 109.3323 118.9780 118.2760 116.4952 111.7578 120.1689 111.7706 111.7420 102.4096 103.7386 109.8419 110.1057 113.3487 107.1417 112.4541 111.7025 101.1819 101.4873 103.0546 110.7891 115.9532 114.4463 107.8147 103.4979 112.4361 112.7505 119.1408 113.0730 113.7185 114.3493 114.0117 115.9228 101.0873 118.2817 103.7329 104.3300 102.9841 120.2115 107.0872 111.5592 108.9591 116.0482 121.1950 121.6326 124.5970 126.4000
90.5000 87.6134 95.2160 99.9903 103.0928 105.3149 107.3413 111.2596 119.1610 95.8323 106.3768 105.7303 101.3058 104.4435 109.5571 105.0986 98.5944 106.7084 105.1789 118.8560 118.4649 112.5522 106.9824 120.6101 114.3843 113.5239 102.0052 99.5934 103.7359 102.6634 104.9040 102.5374 106.7826 115.6991 99.6888 101.6671 102.7931 112.5095 114.5953 115.0817 116.2529 115.1153 117.6210 117.7656 117.6713 119.1686 119.2332 119.4017 120.0547 115.1484 103.9011 106.7692 104.7709 105.2322 105.0297 105.5942 105.3885 102.8845 120.7731 121.7067 125.4728 126.0093 126.0151 126.5200
91.7000 91.7588 97.4167 100.9356 103.6166 105.7343 107.4240 113.4484 103.3726 116.9310 104.9947 98.8009 113.4574 114.1829 104.0284 105.9167 102.8654 114.8471 116.3872 118.1728 118.3830 118.5668 120.0292 121.5417 107.4334 111.3514 108.1255 102.5941 106.4580 106.5287 109.4892 109.6506 110.2496 107.3371 105.9679 102.6522 103.3302 111.1240 106.6604 105.0148 107.8553 104.3755 114.6738 113.3764 113.3965 114.2583 110.2759 117.8100 116.2306 115.7604 103.4632 104.5932 104.7492 105.0300 103.8272 120.9920 103.6009 104.6722 126.0803 124.5153 124.9481 121.3315 127.2659 126.4000
97.8000 97.5261 100.0454 102.4751 104.5745 106.2788 107.4731 109.9960 100.5046 105.4294 97.3128 99.8398 115.2105 114.6158 118.1922 102.6573 117.9786 116.8259 117.5142 117.9964 118.4304 119.0567 117.6453 106.1943 97.9699 98.1590 99.1112 100.9312 103.4495 104.3803 104.9371 110.0573 110.2187 110.5585 108.2553 114.4369 108.3415 112.3551 107.0125 106.5222 110.9442 107.7578 112.8690 114.0225 116.0069 117.5923 111.0576 111.6318 103.5181 104.5315 104.3773 104.7465 104.9274 105.0681 104.9709 105.3434 105.0178 106.0332 107.9490 124.1893 125.7790 105.0975 107.8486 108.4800
101.3500 101.1988 102.5463 104.1578 105.7151 107.1638 108.5483 107.9101 96.5742 95.9254 98.4681 114.9049 113.9972 114.7638 115.0911 116.1246 116.8919 117.0587 117.5719 118.0590 118.4795 119.1168 117.6671 125.4784 107.8461 102.8883 102.8052 104.3864 102.9128 100.6101 102.5196 118.3087 106.1469 111.5767 106.4985 102.0087 104.3375 114.6883 115.1711 113.1085 113.7679 115.6097 114.7171 116.6274 115.5293 117.0709 104.2733 113.7244 103.3228 104.4582 104.6275 104.7434 104.9264 105.0872 105.3502 105.7867 106.9634 106.6172 124.1339 123.7672 124.6851 114.2838 124.8250 127.5400
103.8700 103.8649 104.6819 105.7578 106.9550 108.1582 109.2071 108.0577 111.3367 98.4335 116.4419 113.2506 114.4274 115.4809 115.5958 116.1311 116.6710 117.2386 117.6803 118.1354 118.5658 118.9579 119.6308 119.0452 120.3733 110.7986 101.0932 103.2653 108.6342 109.7030 111.6526 107.2866 109.1966 109.4959 109.3200 111.3029 101.2298 112.9702 114.0726 113.2701 113.4827 114.4131 114.3824 115.4654 114.7857 109.8728 105.2748 104.2260 104.1524 104.3333 104.6086 104.7666 104.9203 105.0888 105.4690 105.0386 112.9865 113.0407 114.6074 102.9573 110.6639 109.2063 109.6125 110.6900
105.8100 105.9265 106.4666 107.1952 108.1730 108.8979 110.4436 103.3046 98.1080 111.9231 95.7090 114.7972 115.9987 109.7716 115.9310 116.3326 116.8468 117.3311 117.8025 118.2478 118.7653 119.2092 119.8957 115.7320 120.6686 123.0293 123.7074 112.0780 122.1807 124.5034 117.3109 107.8240 113.5822 106.7928 100.6504 100.6326 106.4990 113.2636 109.8586 112.7709 109.9871 114.7376 113.7186 113.0813 101.9027 109.3272 103.2821 103.8508 103.2994 104.1552 104.4029 104.6722 104.9831 105.1570 105.2953 105.5348 104.9232 104.1384 110.2821 111.9338 129.7878 113.7635 111.3216 126.4100
107.4000 107.6004 107.9665 108.5896 109.0727 110.5723 110.8479 112.0100 102.3535 112.3615 119.7022 110.9722 110.5068 103.3771 117.4730 116.4327 117.0013 117.4947 117.9579 118.3754 118.6996 118.9671 117.5200 116.8954 122.9612 113.5876 118.6631 122.0552 119.5130 114.2014 105.8575 126.3664 116.1162 105.3705 102.7744 101.4138 102.4858 111.4394 112.0655 112.2970 119.5943 118.5704 112.6414 101.2139 104.5512 103.7645 104.3116 104.4368 109.5279 106.2301 105.6067 105.8415 104.8397 104.8774 105.1200 105.6872 105.8654 114.3048 128.0555 125.5502 125.9466 109.2704 121.5207 109.5800
108.7400 109.0275 109.3219 109.6551 110.2300 110.8679 97.4569 109.7973 110.8582 107.9531 94.7137 98.1931 105.8604 116.9108 116.1337 116.7812 117.2114 117.6737 118.1164 118.5154 119.0312 119.3462 116.6571 111.9613 114.0172 98.1356 113.0333 120.9950 114.7274 110.4760 120.5297 118.3019 102.8166 104.2923 106.6180 104.3684 108.9511 113.1295 112.9999 110.9996 123.3085 126.7414 117.1437 108.0540 109.6294 102.2663 103.2214 102.3793 111.0771 110.1946 106.2790 106.8547 106.2127 106.4011 107.7717 107.7418 108.2440 119.5378 117.3659 127.1448 109.8571 109.4014 123.3094 109.9400
109.9100 110.2179 110.4289 110.5062 112.0539 101.2681 109.6736 103.5041 97.6541 95.5923 103.5107 109.4716 116.2646 115.9831 116.5761 117.0078 117.4466 117.8789 118.3001 118.6878 119.3125 117.5765 122.2836 114.8342 96.1977 97.6846 109.3448 122.9101 122.3644 124.6641 119.2134 116.8217 114.7739 100.6179 104.7896 101.8854 107.5675 107.7880 109.8631 109.4912 109.9823 120.8673 117.1328 117.6922 117.6783 112.4157 104.9576 116.3249 102.3179 105.5027 107.0866 106.8082 106.2587 104.9538 107.0811 109.1766 110.2934 109.5107 109.4357 117.5744 116.7491 111.0917 116.5335 113.8300
110.9300 110.5220 111.6449 112.3330 104.6424 100.0273 100.5745 96.5228 101.2351 108.4134 113.6713 115.7114 115.9921 116.3179 116.8111 117.2545 117.6718 118.0850 118.4957 118.8815 119.3506 118.3476 119.6247 122.2720 112.4185 115.1759 108.2986 120.1003 121.6726 117.0090 114.7748 117.0066 109.3777 101.4099 105.8517 101.6129 106.7159 119.0277 115.8456 117.5657 120.9824 114.6381 115.2616 117.9935 117.5591 118.3227 106.6516 110.5306 104.3540 105.3612 105.3028 104.2689 108.8878 117.8725 117.2150 108.5340 107.1228 108.3669 108.5192 109.9531 111.2029 112.5628 112.7156 112.7700
111.8500 115.3432 104.5410 104.8744 104.7152 98.8079 96.7863 95.4679 105.3153 106.1700 116.3912 115.5058 116.2419 116.6818 117.0994 117.5454 117.9719 118.3453 118.7063 119.0773 119.4291 119.9105 120.2096 120.0045 122.3460 124.2910 121.6649 119.9504 111.4617 109.4308 117.3829 110.1400 99.5684 100.6941 102.2777 109.3641 107.9437 110.6732 119.3836 123.2683 111.7684 118.3694 108.1613 128.0074 120.8095 112.1578 109.2966 102.6927 103.9082 104.4841 102.4651 120.3256 109.6624 123.2077 120.3853 104.5132 122.0031 121.1800 121.2965 115.3924 110.9252 111.2868 111.6244 113.0100
101.7800 96.9913 91.0439 108.4514 114.5730 107.9478 98.4096 98.4092 101.2445 115.3563 116.0577 116.2803 116.6240 117.0210 117.4447 117.8056 118.1169 118.5282 118.9271 119.2781 119.6317 119.9483 120.1774 121.1027 119.5306 99.1060 120.5834 119.8046 102.8064 100.5135 100.6955 103.1445 111.0323 103.6144 101.4992 104.9113 104.4211 109.3372 109.1162 111.4641 114.3318 116.2783 100.3736 105.6104 104.9106 104.8780 104.6578 104.1811 104.6141 104.7868 104.6433 107.8984 115.9670 124.0578 115.8513 104.9275 124.9175 123.7584 125.0800 124.7890 123.3283 124.6830 124.9454 124.9700
114.1300 92.3893 108.8392 105.6201 105.2292 100.5090 98.6487 102.2335 98.3826 107.9477 116.4472 116.6591 116.9917 117.3972 117.4981 118.5524 118.9050 118.8356 119.1519 119.4790 119.8123 120.2263 119.9738 116.7618 112.5474 102.6312 119.4404 98.8173 121.5411 104.2721 123.0817 120.2820 99.2742 107.2087 111.2279 113.0826 104.7946 106.5530 108.1175 108.4068 123.3885 125.2583 118.1013 118.2281 109.9942 103.5219 104.3773 104.3331 105.1779 105.1076 104.7458 104.9233 104.8168 105.3794 118.7467 108.4829 126.1623 122.9866 123.5472 124.7076 125.4782 125.8668 125.7338 126.2200
99.3500 92.4694 97.2052 98.9908 100.5277 99.8262 99.4407 100.6247 104.1496 116.9224 117.0102 116.9752 117.3752 117.7071 118.2907 115.0910 109.5346 118.7680 119.3736 119.7739 119.4748 121.9187 121.3611 114.3467 118.0319 101.1470 99.3031 121.5721 124.1954 109.5666 123.1238 114.3590 100.9688 107.3097 101.1532 101.8631 109.9762 113.2241 114.2533 109.1512 109.6436 109.4869 108.9898 111.7255 103.4350 103.9834 104.8175 104.3659 107.1957 106.8271 107.1754 106.7877 107.7831 105.4532 105.1187 105.3642 102.2769 106.4055 124.2544 124.3953 103.0161 121.7452 124.5783 125.6000
115.3700 113.8753 93.7821 100.1746 100.1166 99.5192 100.6386 103.9469 97.0721 115.4927 116.9379 117.4565 117.7337 118.0726 118.2368 119.2623 115.2907 119.8270 119.4947 120.2828 120.8956 126.8754 119.7564 118.0347 123.5351 120.2506 108.5325 104.1965 112.7700 123.4965 124.6491 112.2631 124.1227 113.4306 101.4042 109.8426 109.7017 111.8977 111.1855 102.6376 116.5019 114.0777 104.6652 110.2930 103.7600 104.0833 104.1347 104.3070 105.9306 107.0547 107.5319 107.6934 108.4322 108.7575 109.1367 110.0116 112.1838 108.7339 107.8967 107.7011 109.7149 109.4479 121.1886 112.7800
115.9300 116.1010 111.8552 101.7910 103.5700 100.2467 104.9592 105.3009 103.3938 118.9837 116.9476 117.8441 118.1108 118.4040 118.6633 118.9063 119.3404 119.5090 119.8318 122.5512 121.4050 119.6474 114.1656 96.4660 115.8452 120.1479 122.8865 114.1319 106.6646 120.7460 122.8996 125.7599 101.5251 108.9352 101.4265 104.0034 114.0385 105.0911 106.9763 113.3578 114.0511 113.5448 116.5964 105.0820 106.0829 104.2395 104.7528 104.9050 104.8944 104.6512 107.9960 108.1222 109.5536 108.6581 108.6170 110.1811 109.8872 114.1177 112.0028 115.8207 110.5804 111.2161 112.0879 111.3100
116.4600 116.7103 98.2995 103.8850 106.5318 106.3870 105.0080 103.8697 101.4724 109.0191 119.3544 118.1664 118.4601 118.7342 119.0074 119.3104 119.5794 119.7981 120.2882 119.8987 121.5609 110.0480 97.1130 134.0869 98.4597 106.1544 126.7492 118.9789 108.0903 105.9628 119.2442 115.6717 113.7680 107.8640 100.6710 106.1636 122.5274 115.0587 116.0458 122.9671 110.3132 116.0720 110.2797 103.8455 112.2635 104.9026 104.0855 105.6278 106.9796 104.9758 105.6705 104.9772 107.0899 107.9097 108.3740 111.1190 111.4637 116.6350 111.6173 116.5298 114.0198 114.9922 113.1547 113.8900
116.9600 103.1694 100.0795 104.0263 103.0338 104.1906 102.9296 102.9162 102.9986 99.3009 117.3858 118.5713 118.8184 119.0705 119.3238 119.5813 119.8014 120.2366 119.7692 121.5514 112.1764 106.4290 107.1301 120.3327 103.1675 99.2993 95.3651 106.0721 98.4497 100.2778 112.9121 113.5284 119.0781 106.2699 110.7259 108.8847 104.0294 110.1842 121.6550 117.3886 106.8915 114.0934 103.3285 103.1657 102.9337 103.9594 104.8602 104.6385 105.5336 103.8885 106.7070 108.0846 107.1076 111.6850 111.9144 108.1747 108.6806 109.8736 113.1899 113.0680 113.0573 118.9539 109.1125 106.8800
117.4300 116.2281 100.5699 106.3724 101.6151 103.7047 106.9544 103.4498 101.9960 106.2649 118.5717 118.9799 119.1592 119.3980 119.6330 119.8815 120.1770 120.2837 120.6159 112.3782 107.7684 120.1137 122.5743 115.2597 99.1048 101.8518 102.7611 102.5941 101.9652 129.4115 124.6827 114.2941 122.8531 113.2649 114.1451 103.7852 104.2549 109.4535 110.0623 105.2831 118.9686 101.4738 103.3152 104.3849 106.4102 103.6758 102.6928 103.4346 104.9468 110.8990 106.4156 106.9390 108.0290 113.4569 116.0443 113.2374 114.9932 115.6594 113.7291 111.1143 111.0748 109.8255 113.6344 114.7400
117.8700 100.0084 104.7212 102.9453 108.3539 105.5959 107.3425 106.3334 106.8708 107.2539 119.5589 119.2493 119.5171 119.7071 119.9450 120.1831 120.0863 120.4740 108.7319 105.4151 125.2876 115.9549 109.3564 103.9819 105.1040 103.2293 103.2715 103.2674 106.7905 109.5670 108.6845 103.9336 113.7385 126.0721 113.7861 107.0316 102.8906 104.7855 108.8327 111.9254 118.3848 102.8429 104.4945 103.5145 106.4125 106.2033 113.1394 112.9597 113.5811 112.7765 107.1342 105.5101 105.0150 116.8566 110.6620 114.8907 115.6930 114.7966 116.9666 113.9861 116.2991 104.0529 109.4052 107.0100
96.3000 97.0265 101.6330 103.6428 108.0951 113.1091 105.6472 106.8753 106.2728 120.8884 119.4072 119.7019 119.8016 120.0740 120.0715 120.4804 120.6542 121.2135 101.2241 105.3678 114.9215 100.6446 100.6592 101.7888 99.7962 115.1416 105.6722 100.7490 100.2911 105.5937 102.1634 107.4428 103.5329 108.5641 114.3726 108.2965 103.2387 105.7223 107.8338 108.6895 109.3054 110.6176 102.1530 109.0348 110.5567 103.9283 111.3774 110.9610 109.8654 109.6120 111.0335 104.8173 108.7283 112.2268 112.0926 107.1112 107.1551 118.3907 113.1353 115.2364 121.8283 113.3180 119.3153 107.0300
104.5100 99.3827 98.4627 107.6143 107.2150 107.7753 106.0215 114.8152 109.1613 119.8847 119.7481 119.9887 120.2279 120.1152 121.1549 120.3841 120.8614 121.2564 112.8753 97.9339 110.6309 102.7370 102.9282 101.3840 125.3675 112.9954 116.5665 120.8142 108.1558 104.7969 104.7356 108.3924 103.7378 101.4991 107.9101 102.0305 103.0334 104.2904 103.7429 107.9330 109.4893 110.6463 109.2753 113.7928 110.2336 112.7423 104.1229 105.5964 109.8680 109.2328 111.6964 105.1026 106.3792 106.0162 116.7414 116.8773 121.2879 123.7008 120.6737 119.7088 117.8550 115.5608 116.5818 121.1100
101.1900 100.5674 97.8506 104.9894 105.0997 116.5864 106.8099 116.8047 120.6480 119.9968 120.0583 120.2984 120.4403 121.0351 120.2785 103.4020 121.3018 121.6206 119.2466 110.3149 121.4818 108.2646 103.0521 99.7644 121.6868 121.2655 120.9037 123.1955 124.1579 113.0438 115.6261 112.7317 110.2393 105.4469 102.3036 103.0954 106.3534 109.3005 103.5517 106.4793 106.2744 109.0411 111.1649 111.8459 107.9496 115.0652 111.0234 113.7796 111.5367 106.8539 111.0110 110.2960 109.2478 105.5021 106.2332 106.5327 113.4305 111.6840 122.9464 120.6972 111.4272 112.4071 124.5425 127.5200
101.9600 102.0653 98.1170 110.0657 107.2393 107.1510 107.9904 110.3730 119.4398 120.3217 120.4929 120.6204 120.7777 120.8943 120.7770 120.7110 121.8002 115.4960 118.0383 121.2640 122.5724 105.6820 103.8253 105.8981 111.7592 122.9548 122.9536 123.4843 120.9234 113.2664 116.0492 105.3257 102.4542 107.1203 109.3002 109.3860 109.4922 113.9280 111.2335 109.9218 106.4978 108.7500 108.6803 117.6517 110.6449 112.6766 112.6466 114.7675 113.2583 114.0616 115.0595 107.8921 112.3016 113.0374 112.6726 113.3206 112.6534 122.9192 113.3025 113.2641 124.5148 125.0139 124.2758 124.5200
104.2500 103.0485 105.7241 110.9143 106.3215 105.3618 109.3482 114.3217 121.5794 120.4009 120.8035 120.9409 121.0772 121.2794 120.9994 117.2358 99.5264 104.9104 114.3294 124.0472 116.4791 120.5263 124.8452 108.9285 107.6878 108.7958 111.1629 115.3800 110.0201 124.3644 102.3154 103.8462 102.5920 110.7809 111.1881 117.0103 108.1275 108.7523 111.4921 114.8098 113.4298 107.0029 111.7339 112.4590 106.1221 111.5217 113.8728 113.4286 115.4637 114.1593 108.1069 118.8111 116.2405 117.6994 120.7758 121.0525 126.0290 127.1827 110.1194 110.0867 116.7762 115.2698 115.0063 126.1100
107.3000 105.3254 106.4822 109.2637 108.3907 118.1633 121.8152 108.6391 120.7093 120.6506 121.1294 121.2412 121.3741 121.5665 121.1717 113.4766 102.1590 103.8803 111.2752 123.4682 122.5743 124.9568 113.2023 107.5861 109.3293 109.8484 110.8124 109.6469 108.0997 103.6552 114.1084 111.6703 104.5037 100.6111 119.3294 111.3864 116.6534 115.0642 109.7443 117.5934 117.7627 110.0052 113.3562 113.5744 106.0393 106.2701 113.9701 113.7913 114.6866 113.6213 121.4060 120.4197 118.8674 122.5961 127.1262 124.2447 117.9166 123.5318 129.4115 130.0517 132.5622 105.8776 106.8971 115.7100
104.4300 107.9550 106.4785 109.1822 111.2460 110.7813 111.2438 110.4400 121.2605 121.2607 121.4064 121.5265 121.6483 121.8799 121.7023 117.7423 98.5335 119.2613 104.9101 108.0591 122.8124 116.0658 112.3310 114.7267 109.6109 109.9553 111.1591 106.0691 104.2733 107.6089 102.6196 102.9389 103.3616 103.7152 115.7411 113.0101 113.6556 120.5780 118.9402 108.3376 118.6732 111.0616 110.7152 104.1386 107.5432 111.1534 110.7730 111.7470 119.5481 117.2949 115.4402 116.1773 120.9121 117.3481 123.4613 122.7215 113.0743 123.8867 129.7388 128.7343 128.8518 108.4592 105.8358 115.4700
104.7200 108.7162 108.8201 109.5239 110.7409 109.5149 114.7556 115.9900 122.1882 121.5201 121.6942 121.8122 121.9319 122.0494 122.7088 120.4838 97.8491 103.1549 116.2136 118.3978 118.1184 103.8312 107.6469 119.6292 108.4193 112.1905 111.3432 115.7913 106.5411 107.7839 103.1545 103.4264 105.3774 105.9376 103.0117 107.1203 111.3279 113.2248 118.7630 118.0677 107.0628 106.0718 116.4681 104.7710 117.2491 114.4561 117.0347 110.8411 122.0840 119.8783 121.3286 116.9054 116.9810 117.0620 122.7173 119.9153 120.4790 119.2310 118.2743 130.4905 129.2003 128.2968 113.6606 107.3300
105.6500 109.7469 108.0304 110.0432 111.4908 111.6543 122.9415 119.6443 121.6028 121.8482 121.9820 122.0926 122.1998 122.3382 122.1093 123.2410 124.6192 120.0880 103.3543 122.8584 109.7536 104.3395 108.4678 111.3060 100.6940 106.6773 108.8187 113.2093 110.8597 104.2941 102.6260 102.4003 104.0449 105.9227 107.9545 105.8859 108.0729 104.3056 106.4315 104.7953 102.7071 115.2989 121.0348 104.6920 112.7596 117.3843 121.7522 117.0099 116.9023 122.5163 119.7677 121.6314 121.9877 119.0590 111.2015 120.1764 122.4425 118.7113 113.6031 123.7291 127.9369 132.2841 120.9893 107.4500
107.0800 110.9322 109.3867 110.9434 112.7300 112.2252 122.3618 122.0347 122.0342 122.1988 122.2568 122.3575 122.4600 122.5768 122.8831 122.6835 123.0619 124.4592 126.9372 99.8629 109.3207 118.5451 92.7595 100.4982 101.9809 101.6998 104.7209 109.2570 111.0683 101.4851 104.0118 106.7414 103.8727 102.6298 110.8314 110.2832 106.2165 104.4933 108.7150 114.9105 103.4188 107.1066 106.4752 102.9055 102.9258 111.1590 117.7250 120.8645 122.1760 125.9182 125.0790 125.5653 119.9696 122.9106 113.8029 120.0450 118.9819 123.3787 123.9017 125.7290 126.8239 117.2143 114.9162 107.4700
107.6100 110.7060 110.2842 111.5529 111.5094 114.3536 122.3828 122.2379 122.3784 122.4458 122.5306 122.6230 122.7309 122.8170 122.9313 123.0703 123.2108 123.4725 117.2506 111.4531 105.6655 122.1671 109.8348 104.2585 112.6137 111.9314 105.3503 102.2766 103.4991 103.8744 115.2759 107.9203 109.0159 107.3468 111.1949 106.2562 105.6401 105.1170 105.3789 110.9099 113.4545 114.4676 105.5217 106.1989 118.5351 109.5236 114.7157 116.9435 123.4106 121.4960 126.4792 128.3474 116.3164 126.4470 123.3375 123.4299 120.9181 121.6319 127.6012 125.4564 123.4725 127.0291 125.4887 123.2200
108.8200 110.3550 111.1639 112.3152 112.0025 119.6802 122.7281 122.5886 122.6330 122.7109 122.7883 122.8719 122.9157 123.0960 123.2405 123.2502 123.3798 123.3883 123.3860 99.5860 116.5029 109.2813 117.9014 111.9943 111.6992 107.7549 107.5148 107.0629 105.3356 102.8477 106.1779 116.9587 110.1564 117.5861 105.4085 111.2906 104.5089 111.2030 113.5569 110.2683 112.7991 106.5910 103.5795 116.4544 126.0429 104.8125 107.9200 110.8700 117.4618 126.0488 123.2708 122.1292 124.4867 129.0422 117.5890 129.1932 129.7383 127.8813 130.2958 131.0859 131.9956 128.2867 113.5012 114.6800
100.7500 110.9236 112.1743 113.5412 112.5633 119.7775 122.5157 122.9047 122.9054 122.9687 123.0505 123.0920 123.5304 122.8344 123.0621 123.7295 123.9561 122.4958 122.5741 103.9139 110.0884 112.1609 112.1048 104.3606 115.3692 115.9679 116.0970 105.0472 110.8084 107.1529 100.2718 114.6852 117.1428 109.3973 111.1489 111.1254 109.3945 103.8742 118.5194 114.2238 112.1226 112.5002 104.7064 126.6743 126.6915 112.0665 105.9906 122.8631 114.8628 117.9040 126.9054 123.6458 123.8245 127.4009 126.8695 130.9351 109.2384 124.5479 125.5948 113.4018 115.2044 117.9706 106.6594 107.6200
110.9800 111.6701 122.1423 114.6964 114.7614 120.1908 123.0369 123.1292 123.1614 123.2213 123.2882 123.3493 123.8908 115.4815 122.8237 124.0489 123.8884 123.5001 115.9156 101.9794 101.9817 117.1501 117.7190 105.1928 102.4984 102.1358 103.3829 103.0012 109.3223 109.3058 117.1875 118.3396 119.0248 115.2072 111.4376 112.0669 112.4947 108.2669 103.0724 115.6362 118.3664 104.9746 104.3069 111.6357 124.9143 124.8194 125.6358 126.4850 127.1234 116.5148 118.3483 117.7259 127.7642 127.6056 126.8041 128.0558 129.5843 125.7811 125.0263 120.7469 122.8429 107.0912 107.3287 107.6300
119.0200 121.3161 123.4060 123.2940 123.9706 123.7254 123.2577 123.3663 123.4094 123.4699 123.5401 123.4541 124.2220 102.3307 124.3156 120.7471 123.1011 124.3952 124.0730 111.1364 99.0102 104.7328 104.4675 104.5287 101.8468 110.3244 110.5033 102.0265 106.9341 110.2037 117.3262 118.7677 117.8199 110.5790 113.7291 114.1560 112.7580 114.4697 106.1845 108.0222 117.0426 109.2070 104.8729 104.5884 107.4394 123.5421 126.0092 126.5831 127.4258 127.9206 128.6354 119.6699 118.1041 122.5988 128.3683 129.3844 119.4165 127.2908 130.8252 127.4390 130.0923 118.5479 107.6816 112.5300
123.4600 123.4158 123.4370 123.4184 123.2915 123.4147 123.5891 123.5952 123.6464 123.7078 123.7726 123.7617 123.1032 123.0805 124.8762 122.3458 119.7522 123.6372 121.0561 123.3439 123.9079 115.2767 105.4676 102.9096 102.1844 112.0516 106.9068 101.9220 109.6593 121.0035 119.8234 117.2690 118.4794 120.2531 104.8043 118.9823 111.8792 114.4031 105.0668 111.7172 112.6046 114.7125 114.4717 108.5048 106.8587 115.0233 120.4997 124.8937 127.6933 127.7468 128.1268 129.8257 120.3529 121.0357 124.7437 128.5782 130.0683 114.8418 126.8022 129.9275 130.7343 118.7347 115.5177 117.5900
123.6900 123.6933 123.6833 123.7103 123.7594 123.8678 123.7172 123.7863 123.8617 123.9586 123.9965 124.0550 124.2523 124.8406 125.0817 113.7517 108.2540 105.3790 115.5883 125.1058 113.4507 99.9433 106.4591 104.9231 103.3450 104.3528 106.3245 106.4694 107.8824 107.9246 120.3953 114.2438 118.3221 123.1388 112.7316 101.2341 116.7738 113.8193 103.6521 111.0558 108.0709 108.6382 114.7052 119.8588 110.0504 106.6977 115.9308 117.4921 126.1491 128.3984 128.4234 128.6940 128.9431 130.1644 118.9599 122.8332 127.4106 130.9759 123.1024 109.6707 122.9844 124.1217 112.7438 107.8900
123.9100 123.9207 123.9262 123.9463 123.9363 124.0051 124.9597 125.9528 124.1740 124.1686 124.2258 124.2961 124.3430 124.3875 110.8472 110.2000 115.8598 111.7559 107.9293 125.4820 124.0599 108.2460 106.2348 111.7700 105.0179 104.8623 105.2006 113.2931 112.1677 114.6235 119.0566 121.9898 118.7449 117.2857 121.8536 123.8083 115.0935 105.4909 117.9195 114.7360 103.6275 116.0573 115.3900 112.1815 121.2098 119.3022 118.0023 116.4569 116.7483 127.9322 128.1112 128.5285 128.9320 129.3652 125.4974 121.4331 119.1901 123.5553 128.0834 134.3042 114.1779 110.5917 111.4104 107.8900
124.1300 124.1200 124.1200 124.1000 124.0900 124.0800 124.2400 124.2400 124.1900 124.3500 124.3200 124.4700 124.4700 124.6100 124.5700 124.7000 108.1700 102.9300 102.9300 125.0500 114.2000 106.4900 106.7000 116.6400 105.8800 105.0000 108.0900 109.3400 107.6200 112.8300 105.4800 119.2000 104.5000 113.3900 121.9500 121.6700 122.2100 122.4200 122.8100 105.3300 105.4300 116.7500 114.6300 115.6400 116.4100 120.9500 116.8300 118.0400 118.4300 128.1100 128.2100 128.6800 129.3800 129.3500 129.7700 130.3000 120.7200 121.0500 121.2700 113.8700 111.4000 107.7500 107.9200 107.9200
