122.4300 122.4300 116.2000 116.2000 119.3900 109.3500 105.6100 109.3800 112.5500 115.4500 116.1600 116.0300 111.7700 116.5400 106.8900 101.5900 109.9600 101.0100 109.5000 111.7000 111.7000 100.1700 108.1200 107.9500 108.4500 108.4500 108.0000 103.8700 104.2800 105.4700 105.4700 102.3800 120.4900 100.1200 98.3000 120.3400 99.9900 98.7600 120.1400 120.1500 106.5700 120.1500 120.1500 120.1200 120.1000 120.0700 120.3400 120.3000 120.5400 120.4900 120.7000 120.9000 106.3600 107.5200 121.2500 121.4900 121.6400 121.8100 122.0100 122.1700 122.3400 122.5500 122.6800 122.6800
121.9600 121.6823 119.3384 117.8630 118.7343 108.0669 108.2186 108.1360 110.8059 113.4864 115.6387 109.7191 112.0750 111.0469 111.8658 117.3347 105.4966 107.9271 112.6235 112.0231 109.2861 110.1776 104.9854 107.2227 98.6272 107.9342 107.0069 104.7157 103.0990 110.0458 103.8573 101.8572 108.2585 101.6526 97.7017 109.0966 101.2683 97.3952 113.0458 115.2453 106.6365 119.2801 119.5038 119.8467 119.8867 119.9358 120.0253 120.1242 120.2229 120.5078 119.8087 115.9712 107.1130 119.9352 120.7800 121.5851 121.8698 121.4826 121.8488 122.6807 124.4081 121.9083 122.4578 122.6100
125.6300 123.4989 119.8504 124.3902 121.9521 115.7681 112.1038 107.5489 108.8378 109.0604 112.1719 112.7026 115.2264 116.6116 106.0515 110.2426 105.2065 100.1069 111.1418 112.3029 108.3334 103.3658 105.3664 99.7312 102.4730 103.6175 105.3698 114.0921 110.6625 103.2012 99.8765 116.4034 117.8349 118.2238 105.4645 108.1701 102.6128 118.7217 118.7886 118.7370 120.3209 119.3096 119.4369 119.4406 119.4907 119.5741 119.6238 119.7513 119.8592 119.9172 122.8060 114.4877 109.5018 113.0767 122.4461 117.8941 119.4560 121.2398 121.7122 121.1715 120.2099 122.0835 122.1694 122.6100
125.6300 120.5695 111.1911 108.5279 120.1161 121.7607 118.3235 113.7984 106.0800 105.5661 110.4020 106.0035 113.3269 109.0818 110.2349 105.6659 110.1399 107.0627 101.7583 115.5032 109.3969 101.6050 112.9183 112.2564 98.9207 109.1815 108.2973 106.8754 116.0169 97.7307 102.5109 112.9927 118.3850 117.9171 102.6817 117.5619 106.9968 115.6746 119.4239 113.7179 119.3537 118.9597 118.9672 119.0301 119.0928 119.1385 119.5106 118.7563 119.6050 122.8194 102.2407 104.6787 118.5865 108.4585 120.6355 121.2502 121.3193 122.3842 120.8115 121.5141 123.5403 121.8411 124.9832 122.2800
125.5900 123.0382 117.9773 116.8898 105.9539 117.0821 120.7559 119.4388 116.8204 108.4634 110.8284 102.8452 112.4459 100.2174 113.4102 109.1899 108.0175 108.3638 112.0776 102.2241 113.1713 118.5391 115.8542 115.0640 104.0421 106.0313 102.9562 102.3363 104.1808 99.9136 104.9438 97.7535 115.1035 119.9526 118.4453 116.0855 116.7213 118.1784 118.5453 119.1552 118.9797 118.5323 118.5600 118.6063 118.6786 118.7463 117.8906 110.6109 119.2621 115.5597 107.2716 106.2891 118.8392 120.5570 120.5641 119.4009 102.7799 118.7805 122.4953 121.2206 123.0576 104.6004 117.6658 100.0200
125.5500 125.5827 120.6432 104.6048 103.2677 113.9327 117.9560 115.9446 117.0709 112.3941 109.6048 109.0201 101.9600 110.4510 107.8643 108.8799 109.9500 107.8857 108.8985 108.3604 99.5924 108.4157 112.1604 105.6161 106.8672 99.2253 101.4793 104.6267 119.0155 111.2426 114.0513 113.3166 120.9902 117.4491 118.6989 118.2389 118.4878 119.4422 117.8654 117.9931 117.9670 118.0815 118.1106 118.1600 118.2432 118.2810 118.5817 118.5036 118.2521 100.7995 105.6979 108.7438 119.0222 119.2483 120.7698 112.2174 100.3167 104.9344 108.7697 117.1801 113.2507 100.8612 110.2559 107.8900
123.5300 119.4499 114.4321 116.6649 119.7205 102.4604 110.0969 116.2596 108.6756 113.2154 114.2990 101.6406 109.0447 99.7718 110.0095 109.9509 104.2886 108.6102 108.8054 106.0927 105.7451 101.9495 104.4450 104.7509 106.4175 108.1625 97.6902 100.7093 107.2831 118.7151 119.1425 118.9249 117.3993 101.3710 114.9204 117.9419 117.8609 117.7479 117.6497 117.6470 117.6289 117.6055 117.6329 117.6911 117.7673 117.8450 117.9154 117.7501 118.9613 116.7495 101.4336 109.0865 119.8151 120.2523 115.9855 105.0817 110.4083 103.4882 113.5204 121.2492 119.1537 120.1422 133.2444 121.6800
125.3600 117.0300 119.4891 117.0183 116.9553 117.1665 116.9860 118.2610 119.4529 109.1463 109.2631 107.4774 101.2139 100.7993 109.8871 109.4724 110.5290 106.4346 108.5828 104.4067 110.4800 98.7879 99.9674 111.8993 105.7109 116.2254 103.6358 98.9746 95.3590 114.2723 117.4171 118.3818 119.4164 118.6744 119.3300 117.3962 117.3843 117.2703 117.1838 117.1150 117.0936 117.0954 117.1315 117.1993 117.3018 117.3566 117.9125 116.8801 120.6067 112.4412 106.4323 115.7430 119.1329 120.1250 117.2866 120.9633 120.8461 112.1041 119.1997 120.5569 120.5945 122.0381 117.8913 121.4100
116.9700 116.5555 117.5811 117.7583 116.9956 118.0106 118.0729 111.6362 114.3468 115.6911 118.0027 103.6251 100.9884 101.3882 101.0790 105.4514 109.3527 110.2458 103.3649 107.0222 107.5893 108.5920 101.4278 97.3063 101.1912 108.7659 104.1176 109.5766 109.1486 111.6655 113.0329 118.7686 117.5926 118.5130 117.4060 117.1549 116.8894 116.7487 116.6498 116.5879 116.5581 116.5609 116.5993 116.6694 116.7788 116.8961 116.0793 107.1191 116.7962 115.5122 118.2664 118.3530 118.3890 119.3306 112.5556 115.4182 118.3877 111.3438 120.4242 120.2267 119.7253 129.9107 124.8097 106.9000
121.8100 119.6157 116.1327 116.7346 116.2338 116.5974 117.0922 120.5778 113.9492 111.5431 115.6603 102.0124 100.3413 107.5623 113.2059 109.7673 109.3549 108.7155 106.7603 108.9304 100.8448 106.4626 103.8574 104.5067 102.3959 106.9529 118.7979 118.6076 110.2545 117.8092 117.4031 117.5300 117.1648 116.9006 116.8234 116.5379 116.3242 116.2002 116.0907 116.0167 115.9858 115.9892 116.0297 116.1139 116.2405 116.3657 116.4474 116.9232 116.7434 114.3109 117.5983 117.5478 117.7202 119.7434 110.0528 98.5989 102.8960 120.4913 119.5522 120.0470 120.6777 116.4001 121.6444 121.0500
122.2200 120.6401 114.8893 114.9509 115.5352 117.3979 119.3659 117.8275 112.1679 113.1035 110.6221 110.6966 106.6992 107.0512 106.6497 106.7738 109.7788 107.1540 110.9719 109.0603 104.6423 103.7062 99.5744 101.4131 109.5936 111.1478 123.3372 117.4707 117.4517 117.6043 117.2520 117.1413 116.6952 115.6606 114.8653 116.0022 115.7808 115.6211 115.4954 115.4138 115.3738 115.3778 115.4283 115.5203 115.6619 115.7719 116.0317 116.1773 116.5500 106.4322 117.0422 117.6630 117.4618 122.4442 106.4402 105.4166 104.5468 118.6180 119.5041 119.7594 120.9023 109.2056 118.5667 98.9700
116.5300 116.2438 115.4494 115.5265 116.1081 117.3224 118.0701 116.0584 114.8841 113.7303 111.5041 117.2884 118.0823 111.4375 109.0924 116.0076 105.2321 105.3665 109.6501 103.4750 99.7534 109.1578 103.6684 100.0219 110.6060 111.2762 118.7144 117.6082 117.4786 117.2429 116.7179 117.1268 97.3609 104.4727 113.5348 115.5250 115.1852 115.0009 114.8525 114.7536 114.7143 114.7193 114.7705 114.8842 115.0400 115.2493 115.4697 115.6116 116.2295 116.3520 117.3290 113.1640 115.2706 110.1626 101.8056 118.0328 122.3965 119.0827 119.2778 119.6528 119.9837 119.0851 121.4922 104.0200
125.0700 121.0872 114.9249 117.0238 118.4299 120.2782 115.5581 114.4078 117.6363 111.9171 111.8821 115.5418 121.2420 117.2271 116.3863 115.6104 101.9171 102.1366 98.5945 98.1481 108.5861 116.1051 104.5110 106.2008 102.7029 112.8407 118.1421 117.5685 117.2212 116.8368 116.8965 106.2711 111.0217 101.6393 116.4323 114.6747 114.5299 114.3322 114.1661 114.0569 113.9951 114.0027 114.0694 114.1995 114.3794 114.6073 114.8687 115.1929 115.4343 115.7080 116.2070 117.1549 112.3760 95.4439 101.3778 103.8907 107.8052 119.6305 118.9992 119.4136 119.5800 119.8681 123.9538 101.1600
107.6600 116.0051 119.0518 114.3038 116.1040 116.1532 116.0002 111.8022 113.5788 111.5181 112.9617 110.6812 115.5019 115.5272 113.1783 107.2519 114.6653 104.6863 101.4063 109.6535 110.5414 108.7691 96.5018 114.1146 100.4439 117.8097 117.1374 117.6574 116.9663 116.3669 115.8743 116.0737 113.8776 109.9113 114.5112 114.2816 113.8816 113.6210 113.4233 113.2810 113.2241 113.2330 113.3071 113.4569 113.6731 113.9370 114.2483 114.5827 114.9455 115.3149 115.7782 116.0740 115.0024 105.4002 113.1949 112.7962 108.5700 118.3871 118.8209 119.1617 119.4906 120.3311 116.0183 101.1600
114.1600 113.5131 114.3579 115.6005 116.5630 114.4477 115.1842 115.0311 116.3886 111.0454 105.4426 111.6807 118.6878 108.4204 109.4186 106.0883 110.9198 102.6644 106.3849 105.2045 98.0505 111.9088 112.5006 111.0296 102.7691 117.6445 113.9289 110.9581 115.6396 116.0085 115.5556 115.6362 104.2815 103.2330 114.9717 113.5187 113.1350 112.8518 112.6125 112.4441 112.3662 112.3781 112.4757 112.6576 112.9085 113.2197 113.5844 113.9843 114.3912 115.1284 115.3945 115.7263 116.4163 118.7862 114.9930 117.3413 117.8588 118.2918 118.6236 118.9501 119.7899 114.4403 114.3100 102.4100
115.1700 115.7973 115.3088 114.8953 108.3749 111.0448 111.2182 112.0751 115.9329 115.2823 110.2604 112.8345 108.4582 103.4693 113.0271 111.3157 99.2720 112.6258 100.3692 115.5416 118.1158 126.0035 118.8902 118.9653 115.9885 117.1749 113.3929 114.8227 116.6811 115.5393 115.1204 114.8556 108.1895 113.3972 113.1631 112.8034 112.3641 112.0052 111.7188 111.5158 111.4215 111.4345 111.5523 111.7758 112.0852 112.4516 112.8804 113.3298 113.7990 114.1266 114.5722 114.6016 115.7570 117.4454 118.1814 117.1121 117.8334 117.9401 118.3586 118.7875 119.3643 115.9135 119.0272 117.6200
113.5400 116.1414 115.9222 111.5592 104.8024 109.0011 107.5787 112.1174 102.4773 109.6338 111.9581 107.5921 99.5805 119.5225 115.6407 97.1090 98.8079 114.9537 107.3098 121.1963 117.5046 120.4990 118.2609 117.9974 117.8370 117.2772 116.9655 116.5193 115.9525 115.2768 114.7641 114.0745 114.8452 113.4273 112.4520 112.0394 111.5176 111.0900 110.7268 110.4862 110.3544 110.3728 110.5229 110.8017 111.1834 111.6308 112.1357 112.6501 113.3166 113.1658 114.3109 114.6706 115.7517 106.9444 111.7658 116.7309 117.3869 117.7478 118.1650 118.5955 118.9395 119.0919 119.8994 119.8100
115.2600 114.6875 113.5602 106.6207 113.6893 116.3282 109.2335 111.8998 108.6256 109.8580 108.6531 106.3325 103.2499 104.0720 105.3625 109.8106 107.7278 104.3678 104.4446 118.8412 126.2200 118.2296 118.3003 117.8842 117.4286 116.9622 116.5100 115.9573 115.4842 114.8316 114.3065 113.7141 113.0807 112.5032 111.8659 111.2208 110.6357 110.0843 109.6311 109.3100 109.1446 109.1624 109.3684 109.7197 110.1945 110.7562 111.3575 111.9945 112.6130 113.2479 113.7587 114.7576 114.8109 115.6967 116.6918 116.5097 117.0718 117.5352 117.9831 118.4027 118.7906 119.2038 119.5463 119.7600
114.9800 114.6238 114.0457 106.2022 107.5443 100.5445 111.6147 113.3524 110.7947 112.5986 107.7247 108.5145 108.4432 107.8523 108.1425 101.2382 102.4026 109.5607 117.2674 101.5839 118.1104 118.4590 118.1302 117.6997 117.2282 116.7622 116.3376 116.0862 113.5661 114.5715 113.9219 113.2386 112.5603 111.8552 111.1179 110.3882 109.6563 108.9795 108.3947 107.9610 107.7383 107.7692 108.0382 108.5108 109.1240 109.8126 110.5437 111.2860 112.0127 112.7131 113.3654 113.9809 114.7770 113.2763 115.8320 116.4201 116.8420 117.3394 117.8051 118.2441 118.6669 119.0689 119.4554 119.7100
113.2900 113.9097 113.9019 115.8600 116.4081 115.0625 107.9822 106.3613 99.9058 108.0748 103.4617 104.0900 105.4697 108.7978 107.4697 106.6874 105.6504 113.0645 113.9690 106.3229 98.4565 115.8268 118.0486 117.5436 117.0473 116.5996 116.6314 118.2524 98.6641 116.4788 113.3063 112.8102 112.0596 111.2438 110.4018 109.5210 108.6256 107.7602 106.9850 106.3802 106.0611 106.1041 106.4932 107.1452 107.9457 108.8214 109.7122 110.5894 111.4244 112.2283 113.0125 113.4583 114.8899 103.5063 116.1226 116.1583 116.6497 117.1674 117.6481 118.1002 118.5405 118.9585 119.3878 119.6700
114.4400 114.4895 114.4908 114.0484 114.7129 111.3282 110.1733 108.3679 108.6015 112.5485 110.7880 112.0798 102.0153 107.0636 100.5996 104.0795 105.8027 117.0767 113.8779 109.0822 121.2490 119.3292 117.9011 117.3357 116.8851 116.3960 115.7813 112.6434 110.6593 114.5403 113.2343 112.3824 111.5709 110.6678 109.6945 108.6514 107.5499 106.4243 105.3593 104.4771 103.9834 104.0537 104.6470 105.5777 106.6770 107.7970 108.8843 109.9084 110.8751 111.7791 112.5261 113.8094 115.0123 116.1721 115.2450 115.9381 116.4986 117.0206 117.5094 117.9812 118.4314 118.8492 119.0819 119.6400
115.4100 113.4114 113.9431 112.1515 113.8453 111.2935 112.7402 108.3584 109.4122 114.3118 110.3457 110.1603 103.6939 101.2125 105.3612 104.0697 105.0022 119.8553 115.6974 119.4861 118.9248 117.8396 117.7540 117.1393 117.2075 115.9389 115.6004 115.4140 114.6548 113.5438 112.9600 112.0513 111.1450 110.1373 109.0352 107.8050 106.4619 104.9933 103.4917 102.0877 101.2682 101.3757 102.3614 103.8310 105.3308 106.7685 108.0942 109.2816 110.3708 111.3530 112.2364 113.0699 113.7656 114.3187 115.2034 115.7829 116.3581 116.8984 117.3982 117.8824 118.3479 118.8348 117.7263 123.7900
112.8700 118.8728 111.7242 118.6199 114.6181 110.8316 111.1915 107.2230 110.8594 113.9893 107.5070 109.7127 111.0394 109.5747 106.7272 109.9719 104.2929 122.8785 112.3961 118.4209 118.2053 118.2397 117.7728 117.0704 114.8511 113.9266 116.1678 114.7574 114.1269 113.4528 112.6667 111.7706 110.7938 109.6909 108.4663 107.0522 105.4421 103.5502 101.3364 99.1221 97.2745 97.5486 99.6546 101.8510 103.9933 105.8144 107.3877 108.7529 109.9514 111.0211 111.7960 112.6204 113.4740 114.2916 115.0298 115.6577 116.2503 116.7954 117.3132 117.8045 118.2802 118.7089 119.0996 119.2800
102.5700 120.4369 110.3594 121.7753 126.1224 109.0113 118.7225 110.1493 109.0074 112.4536 116.2842 110.7879 110.4861 111.1398 108.7642 109.3531 118.0963 114.6602 118.3039 118.4744 118.4338 118.1399 117.6372 117.0211 116.3358 111.4385 109.5401 116.1815 114.1386 113.3191 112.4884 111.5688 110.5368 109.3749 108.0515 106.4806 104.5972 102.2532 99.2295 94.6504 90.6608 91.1877 95.9898 99.9381 102.8354 105.0458 106.8452 108.3609 109.6408 110.7647 112.7695 114.1634 114.2347 114.7121 114.8892 115.5732 116.1745 116.7326 117.2570 117.7514 118.2257 118.6629 119.0423 119.2700
102.5700 112.5046 109.1832 115.4849 114.3629 112.0108 115.4803 107.7494 107.2413 108.6985 112.6377 111.9307 109.6366 107.3431 101.8745 105.8145 114.1742 113.2020 112.5816 119.2756 118.3482 118.1121 117.6262 117.1037 116.4558 116.6223 111.6012 111.1157 114.0707 113.1421 112.4017 111.4565 110.3991 109.1884 107.7601 106.1244 104.0900 101.4138 97.7247 90.3858 85.4879 86.3136 92.1959 98.6095 102.0909 104.5934 106.5426 108.1088 109.4706 111.2750 102.8976 104.6829 107.0482 115.0412 114.7617 115.5263 116.1377 116.7025 117.2296 117.7245 118.1988 118.6206 119.0259 119.2600
113.4500 112.7619 110.0401 112.0183 109.9366 111.5409 108.1948 109.6698 113.7905 112.0429 109.4269 109.1079 112.3944 99.8166 107.1479 109.6497 110.4150 114.7932 113.0944 118.5324 118.3115 118.1071 117.6159 117.1550 116.5217 116.1072 115.6234 108.6584 114.1525 113.2782 112.3880 111.4476 110.3964 109.1942 107.8936 106.1914 104.0379 101.3498 97.4298 90.3341 85.2898 85.7363 91.9002 98.5082 102.0325 104.5504 106.5158 108.1283 109.4788 112.2487 98.1586 103.7931 103.2313 115.4411 114.7358 115.5125 116.1435 116.6994 117.2260 117.7220 118.1827 118.7406 119.1854 119.2600
113.1900 112.6303 112.5583 110.5811 111.1928 109.3036 106.0618 112.6630 113.0177 112.5878 106.8218 107.6831 104.6176 103.5352 106.3343 108.2215 120.3501 114.6339 119.1129 119.0527 118.5836 118.1130 117.6883 116.6057 114.7479 108.3009 109.7798 115.6874 114.0249 113.2925 112.4713 111.5418 110.4833 109.3199 107.9012 106.4445 104.4549 102.0876 98.8928 94.0900 89.6461 90.0953 95.3686 99.6753 102.6824 104.9514 106.7573 108.2753 109.3927 111.8138 96.5796 105.2843 113.2128 114.5438 114.8591 115.5571 116.1584 116.7092 117.2571 117.7699 118.1600 118.6720 117.6874 119.2600
113.3800 112.8662 112.4051 111.2030 111.1886 108.4368 109.1736 104.6660 117.2700 113.5104 108.7939 108.3648 101.7873 98.4528 108.9283 111.4633 116.9334 120.7070 113.7198 119.2818 118.6527 118.1632 117.7058 117.0432 116.1672 116.5723 115.3440 114.8088 114.1907 113.4426 112.6204 111.7244 111.0154 109.1609 117.0996 106.2451 105.2590 103.3459 101.0301 98.4007 96.2922 96.6564 99.0786 101.5681 103.7993 105.7216 107.0384 108.7771 110.6688 110.4000 108.9937 94.4936 114.2393 114.0845 115.0191 115.6490 116.2333 116.7533 117.2871 117.7431 118.2980 118.7168 119.0425 119.2700
111.8700 111.4903 110.7711 110.1740 112.0429 112.2414 114.3329 108.6850 108.6714 109.1574 107.4115 107.2377 107.3727 106.9757 105.5687 105.2866 106.6268 122.9847 119.8337 119.1019 118.6730 118.2165 117.8043 117.1688 116.6823 116.0884 115.7467 115.0311 114.3428 113.6250 112.8493 112.0077 111.1358 109.6379 108.5893 107.7472 106.2899 104.7580 103.1908 101.6669 100.7368 100.8717 101.9440 103.5640 105.0995 106.7225 107.7602 102.8224 107.5488 92.5696 114.6860 113.6073 114.2186 114.4484 115.1491 115.7700 116.3340 116.9786 118.0863 118.0232 118.2132 118.9254 119.0905 119.5600
111.9600 111.3116 110.7031 111.0828 111.1557 111.3272 108.9421 100.9353 107.6841 109.7604 109.4352 108.1706 106.8588 109.0344 107.2098 106.3793 120.6965 118.6302 119.3399 119.1908 118.7557 118.2569 117.2233 117.3370 116.9461 115.8860 114.5042 115.2455 114.5718 113.8696 113.1397 112.3569 111.4929 110.6561 109.6890 109.1015 107.4124 105.9780 105.0749 104.1331 103.5952 103.6647 104.3469 105.2341 106.5363 108.5671 108.8340 115.6370 112.1535 111.6104 112.8121 113.1319 113.8472 114.6953 115.3170 115.9175 116.4744 117.9319 124.5333 102.8077 119.0514 116.5925 119.9128 119.5900
112.2700 116.2934 115.9584 111.9636 111.2692 110.9185 106.7413 103.6615 105.9259 108.7118 106.9963 99.4077 110.9934 113.9154 114.9351 119.8193 119.7536 120.0764 119.6840 119.2933 118.6289 116.1375 113.2088 117.5036 117.2655 113.3103 111.3007 115.5157 114.8084 114.1497 113.4717 112.7456 111.9471 110.9433 110.1184 103.1752 108.9876 107.4389 106.7656 106.0854 105.7574 105.7961 106.2193 106.8160 107.7110 89.4905 110.0238 109.9939 110.3297 111.9025 112.7341 113.6801 114.3497 114.9580 115.5369 116.1053 116.6665 116.7511 115.7410 102.5414 118.2335 113.3500 113.5267 119.6100
124.7600 125.4010 125.5907 114.9590 116.1697 110.0953 113.9889 110.1222 109.8635 102.5986 104.1005 102.1292 116.5095 109.0299 121.3782 114.4176 120.5926 120.1043 119.7018 119.2702 119.7229 118.4971 113.3780 117.4694 117.3019 117.4206 116.8270 116.2646 115.0139 114.4879 113.8533 113.1825 112.4959 112.8396 111.7056 110.2738 109.4017 108.7870 108.1766 107.8469 107.5132 107.5186 107.7557 108.0130 120.7608 108.8849 111.5061 111.3176 112.1902 112.7291 113.3657 113.9867 114.6060 115.2052 115.7837 116.3168 116.8197 117.3845 118.1899 120.3485 119.3683 121.7340 110.3624 119.6500
124.7600 123.8924 125.0335 126.5352 121.1718 109.9925 112.2424 109.1971 111.9520 112.7309 114.2808 100.4575 112.8812 109.6188 113.7572 111.2474 121.9498 120.8125 119.7941 120.3163 108.9208 120.7068 119.2443 116.8051 117.3647 116.8792 116.3050 117.1109 115.2904 114.8352 114.2501 113.6627 112.8556 110.7925 109.5293 110.9263 110.0760 109.8837 109.5549 108.2325 108.8366 108.8585 109.0478 110.9446 97.0212 101.9149 110.9688 111.9512 112.4936 113.1578 113.7699 114.3778 114.9599 115.5182 116.0488 116.5548 117.0409 117.4996 117.7879 117.8871 118.5142 117.6134 118.6040 119.9900
124.7800 126.3571 117.5023 116.1424 111.0975 111.8037 114.0652 109.5259 119.1861 116.2334 108.4820 107.2330 103.8244 104.1281 103.4254 113.1184 113.5288 120.1623 119.8186 120.2922 108.8969 119.2876 118.2806 118.1126 117.6502 117.0153 116.5008 116.1716 115.7319 115.1943 114.6662 114.1401 113.4734 113.5132 113.5400 111.6208 110.9787 110.4377 108.7331 109.0697 111.3489 110.9425 110.3260 110.2491 111.9439 113.0454 111.6706 112.6287 113.1569 113.6954 114.2516 114.7925 115.3292 115.8373 116.3321 116.8068 117.2734 117.7147 118.1809 118.6311 118.8849 118.9671 116.5963 120.0300
124.8100 115.8838 112.8713 114.7455 111.4282 112.2117 110.9516 111.9974 112.6064 108.3959 105.4579 105.5675 115.5504 102.9432 106.0978 118.0302 117.5008 118.5519 120.1814 120.3192 120.7831 118.9192 118.6379 118.2267 117.8180 118.4016 117.9037 116.5745 116.0912 115.5823 115.1014 114.6054 114.0930 113.6139 113.1852 112.7702 112.1351 105.1915 100.2914 112.2811 103.5398 104.9120 112.3133 111.4913 111.7223 111.2612 112.2049 113.3363 113.7351 114.2191 114.7187 115.2178 115.6950 116.1751 116.6313 117.0853 117.5158 117.9364 118.3377 118.7139 119.1190 119.6391 120.3876 120.0800
124.8300 122.4465 116.1809 115.3934 109.1409 109.4536 109.3236 109.2588 108.0034 100.9421 108.4747 104.2395 116.3835 107.1138 116.4256 116.9266 122.6930 121.9682 120.0115 119.8501 119.5271 119.2304 119.0391 118.2581 119.0673 107.7922 111.5155 117.5583 116.3345 115.9921 115.5334 115.0849 114.6530 114.2259 113.7946 113.3920 112.8123 113.9767 112.1908 111.9870 86.6401 88.0488 113.3864 112.3210 113.3011 112.5800 112.0913 113.5190 114.2987 114.7403 115.1928 115.6374 116.0775 116.5241 116.9436 117.3682 117.7716 118.1713 118.5663 118.9400 119.3047 119.5688 119.8909 120.1400
112.0300 114.8219 112.4742 107.4947 103.9099 108.9367 107.7118 104.7166 110.2759 107.5606 108.2460 101.5404 119.3151 101.6258 116.3846 100.1834 123.4240 118.7671 120.3801 120.1338 119.7499 119.4141 118.5376 121.9260 99.1163 95.3714 103.3685 116.1018 116.7685 116.3806 115.9654 115.5650 115.1632 114.7719 114.4061 114.0926 113.7830 113.2404 113.0307 112.8773 103.8672 103.6239 126.1300 107.6891 113.5610 108.3129 114.6507 114.4567 114.8880 115.2567 115.6575 116.0686 116.4698 116.8695 117.2708 117.6597 118.0425 118.4236 118.7904 119.1462 119.4879 119.8422 120.1703 120.4400
114.5900 111.8636 113.6124 113.7128 106.5385 108.9765 109.5329 106.5621 109.5977 108.4571 104.3023 100.7841 108.2899 111.9909 122.6250 119.1448 121.2952 120.8926 120.5588 120.2633 119.9560 119.6296 119.7043 115.5610 106.4432 117.5365 117.0666 117.4726 117.1941 116.7746 116.4050 116.0395 115.6821 115.3380 115.0117 114.6998 114.4472 114.2753 114.0057 114.3223 114.9812 115.2566 113.6845 111.9318 117.1722 113.6325 116.3818 115.1907 115.3651 115.7555 116.1244 116.4829 116.8580 117.2287 117.5962 117.9606 118.3204 118.6699 119.0264 119.3608 119.6922 120.0286 120.3283 120.5000
125.0400 125.4862 112.9713 112.3559 107.1285 110.5231 110.2559 109.5900 108.0730 106.1866 102.1824 104.0607 117.9012 118.0544 121.9359 121.6994 121.2126 121.0337 120.7548 120.4197 120.2135 120.3949 111.3970 94.2968 118.5070 118.2734 118.3022 117.7681 117.5215 117.1615 116.8240 116.4915 116.1713 115.8707 115.5813 115.3220 115.0906 114.8784 114.7067 114.5962 114.2247 114.3270 114.7511 114.5292 106.5903 101.4382 109.4231 115.6412 115.9333 116.2451 116.5664 116.9014 117.2387 117.5787 117.9227 118.2655 118.6028 118.9350 119.2612 119.5837 119.9036 120.2118 120.5212 120.7900
125.0700 116.8913 106.1552 108.7357 108.4526 110.1774 109.4081 109.7855 102.0342 104.2366 102.2862 107.6588 117.4599 123.1966 121.8809 119.8518 121.9169 120.7335 120.9404 120.6328 120.3504 119.5321 120.6043 121.0657 119.4000 119.2485 118.3166 118.5073 117.9078 117.5443 117.2456 116.9390 116.6547 116.3832 116.1217 115.8935 115.6981 115.6071 115.8910 115.2263 116.2236 115.1169 109.4105 94.6071 111.2058 117.5312 115.4317 116.4729 116.4477 116.7344 116.9529 117.3109 117.6263 117.9324 118.2581 118.5751 118.8822 119.2039 119.5112 119.8161 120.1166 120.4221 120.7219 120.8600
125.2300 122.5205 109.7523 110.9848 110.1556 108.1664 109.0812 108.8034 105.8648 104.3430 101.5124 123.0367 121.2312 118.6826 121.2769 105.3598 122.7399 121.4393 121.0573 120.8576 120.7947 120.6295 119.8499 119.5827 119.0132 114.3097 111.4179 116.2103 118.6784 117.8178 117.6494 117.3638 117.1162 116.8652 116.6297 116.4427 116.2383 114.5383 111.9946 116.1226 92.7290 115.1614 117.1216 107.1960 116.7184 116.5817 116.2734 116.6996 116.8778 117.4064 117.6553 117.4318 118.0245 118.2839 118.5853 118.8733 119.1717 119.4633 119.7610 120.0572 120.3507 120.4802 120.7265 120.9300
125.2600 122.7239 110.8641 110.0297 110.9648 110.6154 110.6320 109.2767 105.4828 106.8168 102.3649 115.2409 113.6503 106.6542 126.1571 106.5247 123.3850 121.2848 121.2955 121.0275 121.9721 120.2010 120.5910 119.9869 119.9055 120.4169 110.9000 115.4192 118.6028 117.8522 117.9699 117.8534 117.5591 117.4188 117.1501 116.9624 116.8432 114.4810 114.1505 116.8639 95.9091 95.9488 118.3987 110.2346 119.7463 113.4623 118.0315 116.9891 117.3993 119.0784 118.2876 118.6415 118.3515 118.6307 118.9069 119.1803 119.4550 119.7348 119.9910 120.2991 120.4944 121.2238 121.4312 121.2100
125.2900 114.1888 111.3252 112.8545 115.1633 109.7871 105.0828 106.3772 108.5178 108.3421 104.6076 113.1646 112.2483 124.7782 121.3173 122.4957 122.0316 121.7947 121.5049 121.2011 120.7341 113.4364 120.9654 120.0186 119.5422 119.8881 109.5939 116.0880 123.2655 118.6077 117.6837 118.2045 118.1427 117.5452 117.3961 117.2983 116.7799 117.7591 113.0358 118.4638 94.9313 94.6045 121.0594 101.6795 109.2443 103.3776 117.0293 117.5810 117.8168 116.1626 118.0231 118.4011 118.7319 118.9690 119.2290 119.4821 119.7396 120.0099 120.2794 120.4244 121.1729 114.0166 117.5747 121.5600
115.4500 115.1207 109.7867 112.5399 112.6587 109.4656 108.9233 104.5965 104.7567 104.5216 106.0840 127.0625 123.9459 123.4973 123.0301 123.1449 122.0608 121.6683 121.4800 121.4713 121.3631 122.4359 121.7383 120.3035 120.7811 119.6669 116.8666 92.7944 119.7908 118.5123 120.2735 118.2040 118.8137 121.1365 119.8732 119.6205 119.1308 116.9385 108.2253 116.2328 106.9037 98.1466 113.6944 114.6091 110.0301 119.8097 118.4951 117.9398 118.2472 118.3035 118.8281 118.8524 119.0843 119.3086 119.5441 119.7806 120.0321 120.2603 120.5436 120.8219 122.6970 109.6781 116.3911 121.5600
115.4500 114.2222 110.6445 109.5259 108.0771 106.3228 108.7934 108.9190 106.9114 101.3856 101.3080 102.0445 119.2262 123.6222 123.6897 123.2890 122.3405 122.4910 121.8990 121.7376 121.2750 118.3629 115.5889 117.5315 123.4643 110.9342 116.4799 107.6321 119.3661 104.4563 118.2677 118.4204 119.1286 125.6860 96.3206 104.4611 119.9796 118.9932 106.3787 95.6791 96.7645 96.3118 102.4585 113.7516 104.1306 119.5279 118.1774 118.8168 118.6379 118.9592 118.9916 119.2348 119.4238 119.6414 119.8607 120.0837 120.2987 120.5478 120.5963 123.0049 125.3983 111.4563 121.6302 104.9800
111.2900 110.6346 108.5080 106.5448 109.6011 109.2527 110.9999 108.5766 105.4747 102.3994 107.4283 107.3088 105.6657 123.3841 119.1944 122.5674 123.2479 105.2121 124.6608 121.4055 121.6555 120.1672 116.3165 105.0827 118.4734 96.3163 96.9692 122.4135 107.7083 94.7502 118.3552 112.5644 116.8136 114.2598 96.4448 101.1087 116.7318 97.5890 96.6199 100.5679 102.5909 107.6963 111.1079 116.2179 118.0619 119.2757 118.9637 117.6790 119.1235 119.3861 119.3158 119.5678 119.7644 119.8811 120.1447 120.3886 120.5890 120.7874 121.3419 116.6294 108.7646 116.8169 122.4132 106.0600
108.8600 108.0955 107.1803 110.3486 110.6901 110.4658 109.0847 105.8565 102.7968 103.1027 103.4050 114.2554 119.2458 123.5927 120.9886 122.9657 123.9544 104.7495 116.5468 122.1236 121.8247 122.9803 117.7274 114.6418 122.0828 112.6928 112.7884 116.1872 93.9741 114.8082 100.0980 114.0530 109.5506 98.1946 104.8584 100.1742 106.9477 118.0806 96.6770 113.7246 100.6801 109.2113 120.8284 118.3519 118.9587 119.2210 119.8033 122.9280 135.8885 119.5592 119.4253 120.0261 120.0817 120.2429 122.5635 120.6395 120.8628 121.0453 121.2323 121.7216 121.9116 122.3044 122.1275 122.2300
112.0600 111.1705 110.8668 110.7834 110.4700 110.5415 107.4976 104.5642 104.0879 104.2849 110.0083 126.1758 125.8145 123.6303 123.2048 122.8043 124.0967 122.9309 122.8797 122.4218 122.0989 121.5652 122.0809 121.4669 121.7675 121.5532 123.6879 122.6452 117.8733 123.5057 119.3437 99.8746 107.1793 99.2383 103.4903 101.6244 107.0296 100.3998 98.9127 118.8146 101.3152 111.6512 118.4187 128.2351 118.7149 119.6333 117.3828 113.2030 109.3145 118.4537 120.9241 119.9299 120.4056 120.5725 121.1156 120.9226 121.1502 121.3303 121.4669 121.7812 122.0059 122.1035 122.4370 122.4800
112.0700 111.7640 111.5554 111.1989 110.7101 109.5237 112.7118 107.1727 104.6599 104.4456 103.7215 111.8695 124.2179 123.7443 124.3114 123.4621 108.3954 105.8771 125.0157 122.1723 122.2909 122.7002 114.4513 120.2971 121.8177 121.2416 120.9219 120.9601 121.0164 116.7678 113.6813 102.8429 119.7621 114.3639 103.8306 119.8464 123.2664 103.0786 120.3098 120.8393 116.5348 120.2203 121.5766 107.6509 119.8065 119.9022 120.4988 106.4922 101.1640 101.7528 118.3658 120.4726 120.7329 120.8896 121.0038 121.2449 121.3879 121.5778 121.7528 121.9368 122.1421 122.3400 122.5065 122.5300
113.8100 112.4503 111.8080 110.9264 110.3841 110.2505 110.2850 105.2543 103.6391 103.0683 106.8482 111.9931 126.5496 109.9123 123.1887 117.2281 125.1232 122.8595 123.4424 122.6497 122.5066 122.0355 122.5369 122.1376 121.6468 121.4076 120.1767 121.2737 121.5621 109.6316 99.1589 111.3720 120.4617 118.9495 108.5182 120.7658 120.8311 118.7290 111.2329 107.5510 121.9520 120.9885 111.8686 125.4056 121.2705 120.2753 120.6523 117.9522 98.3670 112.8330 121.6794 120.8954 121.0242 121.1736 121.3247 121.4797 121.6556 121.8248 121.9931 122.1711 122.3565 122.5365 122.7200 122.8000
112.8000 111.8042 110.4905 109.8651 109.9090 109.3493 108.3236 108.5299 105.6662 104.2076 104.0727 102.3857 124.3090 123.5166 123.7137 122.4445 123.3086 122.1763 123.0543 123.1807 123.0714 124.3424 122.0248 123.1018 121.0411 117.3966 122.9039 121.9050 119.1690 114.5560 103.9721 123.4334 120.8619 121.2620 121.4800 120.6152 120.2361 121.1832 122.0236 119.8123 120.1628 120.9240 110.6533 111.6760 120.2195 120.4241 120.5825 121.1620 120.5036 103.6591 120.5842 121.0546 121.3380 121.4679 121.5897 121.7584 121.9102 122.0756 122.2407 122.4124 122.5758 122.7507 122.9235 123.0400
112.0100 111.3238 110.3970 110.0697 108.5138 109.7630 111.0179 107.7437 102.3075 112.7626 106.7761 104.3234 118.3468 124.8427 119.6428 109.3003 123.5075 123.2388 121.3693 117.6292 131.9502 108.6339 98.5549 114.1121 121.2089 120.3543 122.2358 121.5550 112.2630 105.5564 116.6173 122.8965 117.3747 121.6247 121.4001 120.9782 120.6906 120.2553 120.4494 120.7545 120.7125 120.7888 120.7385 121.8566 121.9191 120.9063 121.0041 120.8847 121.1032 111.4207 122.2121 121.5147 121.6015 121.6929 121.9874 122.0529 122.3555 122.3103 122.4734 122.6296 122.8088 122.9650 123.1297 123.3500
111.1700 113.8551 110.2028 108.8371 109.7853 111.5625 111.7743 105.0313 103.0684 107.2440 103.3315 123.4629 125.2250 123.7483 122.6528 97.0232 116.4379 124.7621 119.5832 109.1632 109.6716 100.4597 106.6946 114.3767 108.6057 114.3974 116.9880 101.8729 114.6606 117.6245 122.6202 122.0331 113.2520 111.6158 121.8457 121.5104 121.6838 122.6496 121.6886 121.1275 121.5728 119.8725 121.0963 121.0014 120.9837 121.2024 121.3162 121.3700 121.4277 121.9118 121.3243 121.6828 121.8998 121.9976 122.1583 119.5366 122.4495 122.5301 122.7034 122.8506 123.0117 123.1647 123.3202 123.3500
111.1800 110.1036 109.7228 107.4172 110.5997 108.5807 110.1782 104.8888 105.9773 104.8876 109.4580 111.1015 123.5293 124.7744 115.3256 129.4089 124.4435 123.6764 98.8164 124.7413 113.2523 104.5169 115.2433 100.5978 93.2979 120.3090 125.9668 112.4274 103.7909 120.2386 122.1879 120.6396 122.9425 119.7767 121.6799 117.6019 114.6232 111.8558 122.9262 121.5666 122.9859 102.9001 122.6537 121.2391 121.6150 121.5680 121.6283 121.6923 121.7730 121.8310 122.0194 122.1024 122.1433 122.2742 122.7073 121.8985 122.8621 122.8009 122.9209 123.0949 123.2201 123.3729 123.5247 123.5700
117.6100 110.4864 110.9576 118.6227 110.7199 108.5574 108.5002 104.9572 106.7119 103.7564 113.7010 116.5449 123.5694 124.4353 118.1787 124.0402 124.7648 121.1663 114.9415 117.9085 125.2011 112.4627 103.8730 107.1725 108.7917 123.2422 109.5307 105.4233 109.1930 123.2417 122.0774 122.2782 122.2388 121.7860 123.7239 114.6766 122.3407 114.7746 124.5688 121.8765 106.7091 114.7146 113.9465 122.2633 121.8024 121.8742 121.9252 121.9868 122.0559 122.1391 122.2155 122.3134 122.4279 122.5228 122.6532 122.7761 122.8477 123.0180 123.1724 123.2369 123.7365 123.4728 123.7437 123.8600
111.5200 112.5900 111.7549 116.1079 107.5042 113.7685 114.3955 109.7914 115.8828 109.9170 103.4382 119.8103 122.1200 124.6439 125.3212 124.3426 124.2208 112.6032 106.4216 121.1589 115.4378 110.0563 105.1471 120.7106 110.0857 118.2827 103.3170 108.9979 122.9488 122.5930 122.6979 120.5046 121.5047 123.4944 112.5585 103.6496 111.5075 104.8471 123.8291 121.3637 106.9287 101.2371 124.1994 122.1590 122.1139 122.1669 122.2111 122.2757 122.3295 122.4098 122.4990 122.5970 122.6805 122.7850 122.8964 123.0139 123.1219 123.2827 123.3016 123.5245 123.5134 117.5262 123.9652 124.0800
116.4900 112.3874 112.7271 109.3909 117.0010 114.3413 112.6317 115.9826 107.7538 109.0616 103.5270 110.8645 122.0937 126.7731 122.4681 126.1962 124.9884 120.8681 117.4953 125.3901 126.5855 116.1883 106.0283 112.9827 123.6688 125.5209 109.6305 104.1210 123.4649 123.7360 122.6405 122.7303 122.7874 122.6763 116.3889 98.8271 101.1195 102.0987 124.9469 123.2295 125.4471 116.4985 123.4638 122.0866 122.4012 122.4561 122.4944 122.5346 122.6439 122.7284 122.7745 122.8348 122.9401 123.0320 123.1376 123.2456 123.3649 123.4117 123.8255 124.1975 124.4248 124.2712 114.1103 124.2900
111.9000 115.3281 117.9879 102.9494 112.9156 110.5518 114.9723 119.1907 108.0423 111.8981 109.7243 102.7326 120.0707 107.9581 108.7524 120.4434 112.1081 124.7091 120.2144 111.5713 122.3043 120.5442 117.1091 121.9848 124.0503 113.7956 106.8433 106.5906 123.1437 117.4157 123.2167 123.0060 122.8840 122.6761 123.7930 108.9829 101.8611 100.5555 124.4893 121.9794 122.1172 123.2021 123.1514 122.6060 122.6763 122.7347 122.7601 122.8649 122.7268 122.7964 122.9289 123.1612 123.1763 123.2788 123.3762 123.4766 123.5808 123.7475 123.9609 114.4101 123.1067 122.1408 103.2514 102.3400
111.2600 117.0218 104.3267 116.7454 126.4111 125.1103 125.7923 109.5928 108.0876 114.6072 109.0553 103.2421 101.5799 118.6716 124.7628 126.0176 119.1382 117.2573 106.2488 107.4767 110.6117 100.7885 106.4390 105.1561 105.2880 110.3556 110.9610 111.2255 121.2233 117.5502 123.6825 123.2829 123.2102 123.1386 123.2917 120.6195 120.8788 122.4176 121.8164 124.2550 122.9241 122.8658 122.7070 122.8098 122.9682 122.8740 123.0858 123.0923 123.5759 123.8436 123.6956 123.1388 123.4461 123.5015 123.5948 123.6981 123.8081 123.9026 122.7458 121.5741 124.1153 124.9696 118.4972 107.9400
126.9600 127.7937 126.6978 117.4530 125.2490 126.2810 127.0559 118.0727 106.6638 114.6388 105.5249 103.7388 108.6324 112.5433 125.4942 122.6441 125.5534 124.3851 111.8197 113.3765 108.8138 102.5173 110.2129 113.3394 121.4653 113.3467 107.9478 110.7202 124.8755 124.2321 123.4500 123.5320 123.4173 123.4079 123.2053 123.4746 123.0430 123.8230 112.3157 118.6249 122.8070 123.2259 124.0285 122.0742 123.4932 124.1515 123.0231 123.3515 122.7640 108.4324 121.5664 124.1130 123.5884 123.8135 123.8892 123.9154 124.0358 124.1427 124.2540 124.7227 122.9548 111.1145 104.1712 108.3800
127.1100 127.1349 126.6433 126.8953 126.7141 126.6858 126.0917 126.9927 114.8163 112.9992 111.5414 113.4635 126.5757 123.0532 110.9438 123.9746 120.1771 112.8105 104.2910 114.7328 106.4038 102.8527 109.9809 121.7779 119.4290 127.5275 105.0275 111.6737 123.3989 123.8563 123.7557 123.6901 123.6847 123.6159 123.6320 123.5103 122.3930 122.0105 98.7882 123.0907 122.6817 123.4687 125.3834 103.4785 126.4552 115.8741 125.0322 122.9423 124.2723 122.2903 126.5589 117.2723 124.3657 124.0562 123.0072 124.5052 124.1535 124.3732 124.4425 124.3172 124.8654 134.6407 113.1967 103.0000
127.2500 127.1572 127.0553 126.8135 126.7469 126.7201 125.5571 125.6406 114.0217 118.9302 131.0994 117.9067 98.5142 108.4980 112.9638 111.5208 99.7533 104.4549 115.9677 123.1169 107.1330 107.4047 103.1078 113.9736 119.1508 125.2175 110.6982 125.9036 124.6950 123.6528 124.3334 124.0303 123.8941 123.8557 123.8371 124.1543 116.4381 122.9358 99.8373 123.5702 122.9809 123.7022 123.5804 124.9544 125.4745 116.7846 123.3013 115.7331 123.9663 109.5797 110.3798 127.0935 124.0320 124.1928 117.9222 122.3525 125.8442 124.5451 124.7743 124.4138 124.6835 120.0242 121.1873 103.0000
127.2900 127.2293 127.1704 127.0498 126.9392 125.3924 111.4545 129.0958 127.0710 125.2957 122.9824 113.1839 109.2210 108.5169 106.3103 114.7355 103.5923 117.0522 123.3660 124.4583 102.0798 122.1512 118.8061 115.5572 124.1189 125.0291 121.5677 111.0631 122.6715 125.5561 123.3951 124.0055 124.1729 124.1162 124.0689 124.2898 124.7596 125.0446 111.3028 123.6834 123.3665 123.9445 123.9585 123.6546 123.6001 123.2181 124.4868 121.8957 124.1454 121.1828 119.0985 124.0525 124.1628 124.9688 122.6843 107.3292 125.1130 124.6669 125.3790 120.5961 111.2472 114.8025 99.2911 107.9900
127.7400 127.3400 127.2300 127.1300 127.0300 126.9300 126.7200 126.6200 126.5100 126.4000 110.2400 111.0000 117.0300 125.9800 106.4400 103.7400 115.9200 115.9200 125.0100 124.5500 107.9400 125.0500 125.0700 119.7500 124.8400 124.8400 124.7200 124.2300 124.2300 136.4600 136.4600 123.5900 123.5900 124.2300 124.2500 124.2500 124.0900 124.1000 106.4400 124.1200 124.1300 124.1300 124.1200 124.1100 124.1000 124.0700 124.2500 124.2300 124.2100 124.3700 124.3400 124.4900 124.4600 124.5900 124.5900 124.7200 124.8400 124.9600 124.9600 117.4200 117.0000 121.5000 103.4200 103.4200
