123.1200 111.2300 119.6900 114.4900 114.2400 108.5800 102.6800 102.3800 119.9300 119.4600 119.2500 101.5700 117.8700 117.3400 116.6800 113.2700 115.2900 111.0400 105.9500 106.3300 109.6600 108.8200 111.1900 111.4000 111.1900 104.2700 103.9600 101.3400 108.2000 99.5700 98.1200 98.8400 94.5400 108.5100 93.4000 114.9500 114.5600 92.2000 113.6500 113.3000 112.6600 116.8500 111.5700 111.7100 111.7100 110.9400 110.9200 111.7300 111.6300 112.2300 112.1200 112.7300 113.1700 113.7200 114.1200 114.5700 115.4900 115.8000 116.1800 116.5500 116.9000 117.5900 117.8900 118.2000
123.1200 111.3484 123.7556 112.1823 113.8620 110.3537 107.6998 103.3830 113.3673 108.7210 112.7040 117.0936 116.7553 117.6699 118.2845 114.3137 114.9381 114.0360 106.0539 105.0766 109.6920 111.0605 111.2822 109.9158 111.0148 107.0294 107.2843 105.1663 104.2798 102.9713 97.6498 99.6414 95.0323 98.8219 92.1777 107.5383 100.0387 105.3196 115.2220 100.1825 107.7655 120.4004 110.7394 110.8832 110.7318 110.6121 110.6222 110.7838 111.0530 111.4190 111.8534 112.3417 112.8557 113.3931 113.9241 114.6719 115.3127 110.2069 99.8668 113.5138 120.0544 117.1318 117.8689 118.1200
116.8100 112.7233 118.0157 112.9490 112.1488 112.8861 108.3910 107.4723 109.6848 104.4060 101.5620 98.4081 106.3551 117.1132 113.9814 116.3468 116.2829 115.7144 103.9360 103.1672 104.5248 104.7177 108.6694 115.0514 112.0976 112.0104 110.4989 107.9087 105.7034 111.9036 95.5126 98.8983 99.1803 103.6248 101.0617 97.4555 90.9563 106.4865 112.4151 99.2912 106.9152 122.6642 108.4591 109.9069 109.5678 109.4249 109.4642 109.6637 110.0046 110.4595 110.9939 111.5835 112.1812 112.8038 113.4102 113.7046 113.3684 111.8072 112.9086 116.7051 119.1866 116.8626 117.5500 118.1200
116.8100 113.6325 113.7289 107.4378 108.6531 110.3816 110.1452 113.6562 112.5577 110.7275 113.1835 108.7959 102.1472 113.3864 109.5842 111.2975 111.5297 111.8945 108.3905 97.3942 103.9335 101.4134 100.2728 97.2569 101.3670 100.6901 101.7639 112.4085 103.9315 109.9917 114.6995 91.6989 96.9862 100.0828 99.2715 118.8448 99.0359 101.4755 112.3934 111.4868 101.6553 108.7662 109.3120 108.7833 108.2700 108.0671 108.1143 108.3840 108.8361 109.4197 110.0796 110.7883 111.4812 112.1975 112.7871 113.9394 114.2164 115.8737 116.4303 116.3820 116.8566 117.2494 117.3448 117.6500
117.3600 111.2495 115.7856 111.2957 112.7340 108.7640 111.2080 114.1886 112.8913 111.8431 113.3493 104.1403 110.7357 112.3850 111.3027 111.7918 111.4127 111.1035 108.0585 106.3922 97.9113 98.5319 98.3729 97.4845 102.2471 103.5027 108.1987 105.7427 101.9856 99.0325 121.1355 112.3232 111.1521 111.6207 105.0177 116.2170 111.6981 108.6836 111.9408 111.5237 110.5279 108.7519 108.0308 107.2398 106.7431 106.4587 106.5234 106.8977 107.5215 108.2801 109.1106 109.9616 110.8303 111.6766 112.1494 112.5340 109.7299 114.5835 103.5408 107.5913 106.1194 112.2254 117.4047 117.5900
120.5600 120.0768 123.0129 116.6555 110.5759 117.1436 108.4113 112.4588 111.3292 110.3306 113.7181 100.5323 108.5598 111.2184 112.1401 111.8011 111.7785 111.2705 110.4204 109.3783 114.1336 107.0398 101.5008 99.7239 101.2467 106.1962 103.0782 101.0987 100.6008 103.8711 124.0553 101.8621 98.6780 117.6995 108.5288 113.4130 112.1483 111.8568 110.8807 109.7063 108.4941 107.6716 106.6495 105.6760 104.8877 104.4817 104.5852 105.1486 106.0116 107.0509 108.1058 109.1759 109.9493 110.9005 113.2004 101.8734 106.0809 100.8025 103.2265 103.1981 103.5366 117.0721 116.9338 117.5300
121.0600 124.4001 105.5150 112.2728 103.8353 115.8680 103.2744 113.3735 100.9913 117.5041 115.9528 100.5037 99.6880 115.5170 110.6938 111.9035 111.1264 110.5612 109.9979 110.2593 109.2562 110.2608 108.6814 103.2546 101.4365 107.8705 115.2650 109.4108 105.2470 116.0831 95.4387 94.0137 92.5406 96.5139 95.3005 111.8155 112.0909 111.1998 110.1327 109.1186 107.7938 106.6919 105.2266 103.8365 102.6019 101.9131 102.0813 103.0136 104.3341 105.7494 107.0795 108.3180 110.0344 110.6601 110.0194 103.5055 100.1535 99.0015 104.2639 102.8066 116.5679 116.4664 116.8597 117.1400
118.6000 119.1455 123.1764 119.1460 118.7128 119.6351 103.0831 103.5289 101.6826 102.2244 101.2165 101.1644 101.0866 100.4172 104.6991 105.5508 113.2429 111.6778 117.5902 111.1845 108.6623 106.5862 106.3864 105.8557 101.6718 101.1865 117.1506 114.0783 112.8904 116.1447 115.3000 114.6414 94.3754 98.0503 98.1806 107.1160 112.2308 110.6684 109.6989 108.0216 112.3328 105.4624 103.8446 101.6729 99.7034 98.3169 98.7272 100.3901 102.4464 104.4070 106.3849 107.0638 105.8658 88.3149 95.4101 100.1768 100.3802 107.9209 101.8740 115.8415 115.2438 116.2976 116.8091 117.1000
119.0300 119.3375 119.3340 118.7777 118.1837 114.5320 118.4529 116.4837 103.6355 122.3624 105.2296 101.5236 100.8227 101.2150 110.8012 111.9892 109.9485 108.2666 111.2164 111.1882 107.1748 96.4073 112.1781 105.3895 102.6602 101.3430 117.0633 114.9905 116.8408 112.1617 96.7595 93.1741 113.1996 99.8666 117.3826 112.7844 111.7512 110.4883 109.3383 108.0755 106.0626 104.2669 102.3555 99.4537 95.5065 92.0124 92.8496 97.1819 100.5172 103.2781 104.6257 112.1071 90.2893 89.2455 99.5651 100.4491 100.7526 107.7220 115.3974 115.2130 116.1443 116.3393 114.6276 97.7900
117.8300 117.9454 118.6499 118.1572 117.6404 117.1088 117.7734 116.1209 113.0517 107.3904 108.7068 101.2535 100.5288 108.7566 113.1735 107.7059 109.0241 109.8987 108.2978 106.0130 110.1766 105.5985 102.2847 103.1819 122.3775 103.2499 118.4132 97.3191 115.7984 111.2555 118.2286 117.8329 114.1558 114.3791 113.5963 112.1755 111.3242 110.3360 109.1276 107.7173 106.1357 104.0502 101.3117 97.5424 90.5438 86.4494 87.3921 93.3520 99.4380 100.3789 104.1577 90.7450 89.1139 97.1841 105.9003 101.1927 100.5311 103.4257 111.1541 112.7062 113.0445 113.9661 116.9975 102.0500
118.0600 117.2335 117.2924 117.1401 116.8991 116.1333 116.8863 116.1332 116.9184 120.0398 106.1981 100.0385 98.9094 116.4111 110.5442 111.0576 108.7305 109.6666 109.8688 113.0968 106.1767 107.3331 105.1075 107.9608 116.7789 103.7532 117.4967 112.6852 118.1533 116.6361 115.2678 114.5416 110.0326 114.0289 113.1835 112.4220 111.3779 110.3060 109.0760 107.6590 105.9433 103.8272 101.0405 97.0435 89.2646 85.0970 85.9817 92.0474 98.7606 91.9791 105.8871 101.0775 96.5534 101.7339 107.5152 105.0923 102.4712 106.5509 96.7562 105.3348 105.0229 104.6503 106.3966 97.3300
117.8700 117.9655 117.3341 116.8689 116.4184 117.0025 118.2167 115.4211 116.3652 118.2672 116.3454 108.1191 103.7175 112.5802 112.4526 111.6078 110.0037 109.5174 112.3473 112.6036 109.1127 108.9553 107.1026 107.6812 119.7882 106.3707 118.5195 115.2604 116.7724 116.5698 116.2197 115.4603 111.8047 114.1429 113.1455 112.3570 111.4337 110.3937 109.2016 107.8188 106.1965 104.1983 101.6455 98.1958 92.5507 88.5034 89.1777 94.7141 99.7912 96.3245 103.3205 98.4564 93.9654 99.9550 106.5288 103.9148 101.5997 105.3988 98.2472 103.4472 106.3440 101.7801 108.4999 97.3300
122.1700 115.8408 118.0980 118.6071 118.0903 118.1425 118.1960 113.7209 115.2368 116.7787 115.7417 117.3533 113.4402 105.2362 105.8256 109.4768 110.8599 114.2186 114.9883 112.0896 109.6813 109.5555 108.0472 109.9949 121.6880 120.9437 118.2533 117.9043 117.2255 116.6758 115.8313 115.9393 116.3414 114.4456 113.6846 112.5032 111.6072 110.5963 109.4643 108.1845 106.7022 104.9514 102.8609 100.3541 97.0962 94.7183 95.4053 98.6304 101.3958 104.0066 104.5228 101.5640 102.4039 99.2656 105.6597 101.6689 102.5988 105.5904 98.0605 99.0118 103.0265 106.5671 105.5881 104.3900
114.0000 112.6427 118.5226 119.4987 119.9562 118.5457 117.7671 115.4358 119.9614 114.9420 111.3373 111.8685 112.8796 101.6301 108.1975 102.3538 108.0962 114.9780 109.9254 108.7655 107.2726 106.6785 105.3818 113.3132 116.5862 122.1821 117.6865 117.6223 117.2359 116.2224 117.0841 110.5840 106.1037 112.8200 113.6340 112.6360 111.8665 110.9714 109.8936 108.7096 107.4180 105.9478 104.3198 102.5284 100.9086 99.9324 100.2199 101.4901 103.1543 104.9192 106.6480 108.4830 109.8902 107.9946 109.8226 109.8874 102.0001 105.9672 101.9156 101.6264 105.8142 108.2724 109.5783 112.2100
115.3200 114.7299 121.9990 122.3158 118.6271 116.8727 116.1327 115.6645 116.1280 114.0544 116.3022 108.9704 107.0971 100.8784 101.1091 106.1976 101.6744 108.6992 114.5660 111.4147 113.4718 99.7642 107.8632 120.3996 117.3615 120.0195 118.4718 117.8239 117.1294 119.7851 101.4944 102.3147 98.8743 117.5742 113.6747 112.9710 112.2466 110.9753 110.1261 109.3911 108.2451 107.0523 105.8191 104.5729 103.5731 102.9968 103.1333 103.8942 105.0246 106.2866 107.3651 108.6309 109.7170 111.1945 112.0167 112.9894 111.3872 105.1188 100.2260 98.8476 108.3056 107.1701 111.6746 116.9000
121.5700 120.4295 122.1252 111.2305 115.2696 113.5375 113.7689 112.7012 109.6195 111.5459 112.7880 105.2830 116.9086 117.3092 110.0646 112.5627 103.9418 105.7270 100.4457 100.5599 103.6122 105.0715 107.3667 117.6482 113.7314 118.0398 118.1456 117.9071 117.5564 107.3559 86.0044 96.8546 123.2395 114.1568 114.4517 113.3140 112.4811 114.2071 111.4336 110.0195 109.0836 108.1637 107.2150 106.3213 105.6522 105.3077 105.3872 105.8614 106.6344 107.5417 108.5129 109.4672 110.3927 111.2243 112.0529 112.8892 113.7167 113.6001 112.6813 114.4753 100.2918 112.3088 113.3164 97.7800
122.0600 121.1348 120.5463 119.2547 114.8798 115.4933 118.6768 115.1930 119.0012 113.4520 114.2213 116.0044 119.5644 121.5548 119.3737 111.9458 109.0879 109.7626 118.9456 101.8951 100.3548 104.0843 109.2465 124.8795 126.0099 118.1478 121.2273 118.0025 117.6060 116.7243 109.8795 105.0368 117.2659 114.6911 114.3532 113.7085 113.0521 112.5986 111.6215 110.5949 110.2253 109.1599 108.4882 107.8307 107.3587 107.1036 107.1711 107.5043 108.0582 108.7400 109.5061 110.2923 111.0826 111.8562 112.5954 113.2855 113.9270 114.6567 115.4697 115.7223 116.2560 115.5816 109.0907 117.6500
121.4700 124.3003 124.0896 117.6698 118.4763 120.6520 120.5216 116.0296 116.1645 115.7101 114.1787 116.0946 119.6517 122.4230 121.3440 103.7491 101.6449 123.2346 106.1738 114.0495 107.4006 101.4291 117.4990 99.9933 101.5601 115.4983 119.4085 118.0927 119.6713 98.0085 104.4839 117.2212 114.1570 115.6180 114.6585 114.1152 113.5382 112.6074 114.5044 109.3737 110.7406 110.4327 109.6356 109.1408 108.7850 108.6325 108.6584 108.8936 109.3085 109.8418 110.4533 111.1071 111.7710 112.4383 113.0968 113.7229 114.3455 114.9204 115.4782 115.9607 116.6180 117.6257 113.7024 106.0700
124.1500 124.1074 120.4149 118.1485 117.1936 119.6682 119.9911 116.5829 115.8420 116.2573 113.3506 102.0363 102.5495 105.6544 113.1860 113.8022 113.6257 99.5777 114.1903 106.6862 100.5290 107.9535 108.0998 101.2421 107.1876 126.9634 124.1631 117.8754 117.9746 104.2028 97.6958 122.0985 118.2886 115.5757 115.0498 114.5414 113.9780 113.4853 112.1249 112.8610 112.5077 111.1455 110.6850 110.3031 110.0608 109.9717 109.9485 110.1465 110.4327 110.8505 111.3422 111.8917 112.4561 113.0399 113.6142 114.1845 114.7442 115.2903 115.7549 116.8826 116.8187 116.9830 118.2239 118.0400
124.6300 124.9473 123.0279 117.6306 118.8830 116.0969 113.2430 108.9058 120.5246 110.2213 117.4573 124.5401 115.8885 112.5975 114.9809 99.8594 99.3040 104.8911 103.8214 104.0648 109.9956 120.3327 123.4291 102.0324 106.7983 118.8467 107.6199 106.1656 102.0195 111.7409 118.8152 116.2988 115.9563 115.9822 115.4726 114.9680 114.4294 114.3498 107.5268 107.9346 111.9646 112.0011 111.6505 111.3064 110.4531 109.7827 110.9564 111.0043 111.4021 111.7737 112.1819 112.6412 113.1268 113.6260 114.1400 114.6513 115.1368 115.7318 116.0868 120.6688 116.7940 117.6033 117.9473 118.1100
125.0100 119.8150 117.7352 121.5265 121.0417 114.2143 117.9601 116.7430 115.7738 117.0612 118.3179 118.3668 104.4180 99.9395 99.4095 101.0281 100.9707 102.8454 106.2636 107.6916 123.4054 111.0784 121.6435 121.9051 121.6901 115.4495 118.1784 112.9891 117.1503 118.5153 117.0546 117.2364 116.9415 116.3940 115.8531 115.3956 114.9862 114.4448 112.2200 112.5097 113.2228 112.8422 112.5818 111.8111 108.6606 109.7027 112.0358 113.4480 112.5618 112.6240 112.9569 113.3450 113.7746 114.2052 114.6581 115.1184 115.5785 116.0347 116.2650 116.6946 117.3617 117.7318 117.7996 118.5700
125.9500 125.2854 123.0041 125.1347 121.8220 118.4459 117.4083 118.6842 115.1595 110.8416 106.9881 100.3524 114.3643 102.4533 101.0124 98.2962 98.8049 109.5955 113.5546 123.2955 120.9273 121.7333 120.4792 119.8918 120.2739 110.4613 120.3201 119.7856 114.4880 118.4969 117.8788 117.5604 115.4265 117.0500 116.2086 115.8501 115.4363 114.9862 114.7864 114.3388 113.8959 113.6338 113.2846 114.5829 109.5811 113.4930 111.0188 109.0988 107.7819 113.6600 113.6564 114.0231 114.3854 114.7686 115.1688 115.5823 115.9996 116.4072 116.8690 117.2937 117.6104 118.0797 120.0109 118.5700
125.9500 124.3756 125.7849 124.7237 127.0153 119.5366 120.9997 122.2902 115.4523 108.1944 109.3780 101.1000 96.0967 99.2820 101.5630 112.0536 105.4391 126.7424 125.4034 119.7042 121.6294 121.0139 120.8522 120.6224 120.3370 120.1322 119.3030 119.2895 119.2069 118.5270 118.1480 117.8670 115.0743 116.7618 116.6608 116.2884 115.9040 115.5353 115.2108 114.8534 114.5506 114.2561 109.1650 106.4894 109.2385 114.4758 115.4910 120.1804 110.2678 114.3647 114.4381 114.4676 114.9739 115.3178 115.6790 116.0449 116.4185 116.7957 117.1637 117.5418 117.9308 118.1928 117.4638 108.2200
125.9900 126.0115 126.9473 120.4319 121.6071 120.4657 117.3625 120.1373 110.6491 108.6464 108.4688 100.1074 102.2106 108.0024 109.9782 116.8582 107.8877 113.5031 119.0036 116.4385 121.7578 121.2342 120.9851 120.6925 120.0747 122.4794 119.6596 119.4566 119.1177 118.7201 118.4532 118.0701 117.7547 117.6488 117.0140 116.7039 116.3676 116.0424 115.7238 115.4375 115.1727 115.0269 116.1004 105.0968 115.0119 114.0856 113.9551 114.6751 114.6307 114.7747 117.3331 115.2767 115.5493 115.8452 116.1637 116.4917 116.8347 117.1802 117.5298 117.8809 118.2289 118.5507 119.3231 119.0900
112.9200 122.7813 112.6688 124.8938 117.4001 118.9095 124.1255 119.3707 111.7688 99.8409 111.9727 109.9220 117.5300 116.8583 124.0626 113.1981 106.9566 108.4035 122.7701 120.1012 121.7455 121.4203 121.1526 120.8720 120.4231 121.5740 119.9323 119.9722 119.3417 119.0592 118.7227 118.4079 118.0518 117.7540 117.4419 117.1277 116.8278 116.5271 116.2485 115.9902 115.7611 115.4831 116.3002 107.9302 115.5820 115.0043 115.2137 115.2110 115.2845 115.3859 115.5664 115.6485 116.0969 116.3471 116.6346 116.9360 117.2459 117.5615 117.8821 118.2035 118.5205 118.8284 119.0643 119.4700
120.3100 119.6271 116.3520 122.0446 126.8125 124.1843 123.6221 116.8824 125.2831 115.1971 115.7541 115.5175 118.1410 118.6664 122.2039 102.2683 115.3701 113.6385 123.1478 122.0684 121.8992 121.5802 121.3173 121.0379 120.7626 120.4306 119.8684 119.8050 119.6283 119.3090 119.0148 118.7166 118.4223 118.1206 117.8286 117.4952 117.2529 116.9988 116.7444 116.5104 116.2811 116.1393 116.2259 115.7026 115.8407 115.7377 115.7326 115.8023 115.8971 116.0261 116.1959 116.4021 116.5890 116.8291 117.0912 117.3655 117.6466 117.9334 118.2305 118.5302 118.8306 119.1366 119.4493 119.5300
120.6300 125.7346 125.2608 125.0142 125.7008 126.6107 117.8816 129.6600 120.0540 117.8043 124.2119 114.2514 116.9549 107.3597 104.0969 106.2036 111.7690 121.5714 118.5559 122.5123 122.0064 121.7495 121.4960 121.2303 120.9848 120.5346 122.6373 120.4320 119.8555 119.5811 119.3082 119.0233 118.7511 118.4793 118.1631 118.2096 117.7688 117.4570 117.2105 117.0105 116.8180 116.6607 116.4852 116.4201 116.3739 116.3457 116.3672 116.3966 116.4633 116.5816 116.7150 116.8866 117.0873 117.2978 117.5304 117.7786 118.0386 118.3032 118.5720 118.8582 119.1366 119.4119 119.7016 119.9000
126.2100 126.1750 126.0115 125.7847 125.4990 122.8268 117.8326 131.0152 127.3747 117.9932 116.2698 120.2489 115.6713 116.2510 109.1579 110.7763 110.7946 120.3453 122.5742 122.4816 122.1719 121.9147 121.6769 121.4236 121.1578 120.9224 120.7444 120.3259 120.1521 119.8587 119.5993 119.3360 119.0761 118.8171 118.4810 117.4613 118.2976 117.8587 117.6701 117.4896 117.3218 117.1784 117.0753 116.9824 116.9084 116.9094 116.8661 116.8948 117.0170 117.1001 117.2282 117.3800 117.5555 117.7505 117.9578 118.1962 118.4209 118.6591 118.9186 119.1737 119.4319 119.6972 119.9628 120.2300
126.2300 126.1498 126.0155 125.9319 125.6380 119.4651 115.4303 117.1684 118.0337 115.4558 127.9061 113.0088 106.8251 112.4909 114.4264 107.4571 115.5671 129.6336 122.2540 122.7359 122.3101 122.0857 121.8565 121.6162 121.3712 121.1418 120.8816 120.6187 120.3889 120.1343 119.8858 119.6402 119.3944 119.2586 118.8384 115.7715 118.4198 118.3410 118.1486 117.9436 117.7780 117.6688 117.5600 117.4764 117.4462 117.4554 117.6587 118.4975 117.4936 117.5933 117.7087 117.8479 118.0018 118.1765 118.3895 118.5289 118.7918 119.0430 119.2480 119.4868 119.7389 119.9824 120.2216 120.3200
126.3800 126.2354 125.7925 124.3620 117.2277 116.9242 118.2252 116.3747 116.8803 117.2228 118.1244 114.1282 111.3916 108.9321 110.8844 106.9920 106.9380 108.1208 123.1013 130.6975 121.6073 122.3169 122.0488 121.8086 121.5711 121.3370 121.1032 120.8566 120.6468 120.3998 120.1708 119.9438 119.7271 119.5577 119.5196 120.9819 118.9061 118.5459 118.4303 118.3747 118.2357 118.1183 118.0128 118.0815 117.2819 118.0920 117.9091 117.8856 117.9920 118.0616 118.1736 118.2915 118.4306 118.5973 118.7539 119.1973 118.4668 119.2380 119.5684 119.8158 120.0312 120.2584 120.4915 120.6400
126.4000 126.2156 124.2951 118.8759 118.0853 118.6685 116.8980 118.7807 122.5521 111.5451 118.9561 108.4903 112.8792 124.6595 104.5728 117.6767 105.8453 110.1114 115.9127 122.5050 122.5996 122.2831 122.2462 122.0520 121.8129 121.5466 121.3355 121.5357 120.8699 120.6909 120.4476 120.2453 120.0414 119.7520 119.1902 119.4523 119.1910 119.7367 121.6103 118.7942 118.6700 118.5519 118.3552 119.0000 109.1415 118.9749 118.3945 118.3962 118.4552 118.5148 118.6088 118.7136 118.8417 118.9887 119.1591 119.2717 117.0086 119.8066 121.0482 120.0942 120.3263 120.5419 120.7568 121.0300
126.5800 126.3065 126.7634 127.2099 122.7743 118.1898 115.8988 113.0272 120.0738 117.3551 110.9712 117.6273 112.2020 109.2794 115.8070 100.3691 117.6480 125.5145 124.8708 122.9428 123.0091 123.6909 122.0917 122.0581 121.8898 121.7364 121.8111 120.6509 121.2775 120.8223 120.7561 120.5287 120.3743 120.1817 120.0097 119.7874 119.6313 119.4124 119.3787 119.1899 119.0577 118.9739 118.7579 119.4555 110.8338 119.2532 118.8329 118.8000 118.8678 118.9359 119.0228 119.1227 119.2390 119.3776 119.5206 119.6476 121.6689 109.3288 120.4725 120.3919 120.6051 120.8100 121.0153 121.0300
126.5800 126.4555 126.1626 125.9628 124.7736 117.9489 118.4292 111.8311 116.7882 115.4254 113.9349 118.2268 104.9720 108.6280 110.6302 121.6890 125.9798 123.4949 123.2974 123.2981 119.5448 121.0057 122.6498 127.1252 122.1852 121.7101 121.5861 108.0096 121.3574 121.0869 121.0099 120.8143 120.6315 120.4512 120.2717 120.1123 119.8868 119.9117 119.9144 119.5660 119.6889 119.3752 119.2310 119.9825 119.9913 119.2191 119.2831 119.2385 119.2884 119.3440 119.4200 119.5103 119.6191 119.7466 119.8750 120.0209 121.2993 117.4281 121.2519 120.6295 120.8927 121.0803 121.2744 121.3300
126.6100 126.5241 126.4109 126.4989 120.1216 120.1837 119.1093 112.9737 127.1121 126.8631 121.5403 126.5904 105.6085 102.3162 111.3908 125.1526 115.1451 118.5566 123.6692 123.2884 120.2383 120.8157 122.7494 109.3739 122.4832 122.1356 122.0669 122.5102 122.0667 121.0746 121.2846 121.1070 120.9282 120.7671 120.6048 120.4788 120.0133 119.6882 117.2102 117.2547 120.0597 119.7618 119.6879 119.5001 119.5054 119.5188 119.4427 119.6328 119.6792 119.7359 119.8049 119.8881 119.9907 120.1013 120.2279 120.3462 120.5249 120.6546 120.7145 121.0250 121.1622 121.3570 121.5276 121.6900
126.7800 126.5015 126.4750 127.2123 119.3441 110.0486 116.5024 118.7256 118.7699 115.0134 129.9145 107.7097 103.9183 115.4403 128.3602 112.8603 110.4523 125.7892 123.7986 123.3879 124.4024 123.0567 123.0610 123.6658 122.3436 122.2230 121.9464 121.9332 121.8657 121.7119 121.5543 121.3732 121.2173 121.0622 120.9072 120.7989 120.5709 119.3445 113.7565 120.4129 120.2814 120.1465 120.0858 120.0770 120.0834 120.5252 121.1408 120.0213 120.0465 120.1063 120.1708 120.2484 120.3443 120.4431 120.5559 120.6904 120.8238 120.9800 121.1275 121.2733 121.4409 121.6130 121.7816 121.9700
126.8100 127.8040 121.7459 123.0736 117.9634 117.8438 116.7481 116.4255 117.3800 120.1715 108.1089 105.8021 109.0696 116.1530 110.2050 112.0462 122.0247 125.0718 124.3539 123.7009 123.3365 123.2845 123.1191 122.8522 122.7113 122.5124 123.4118 122.1900 122.1906 121.9648 121.8083 121.6488 121.4943 121.3537 121.2134 121.1011 120.9466 121.1425 120.4183 120.5668 120.6186 120.4698 120.4875 120.3556 120.0464 120.6021 110.5134 120.9813 120.4484 120.4424 120.5236 120.5987 120.6805 120.7733 120.8839 120.9986 121.1278 121.2591 121.4055 121.5511 121.7085 121.8690 122.0157 122.2400
126.9600 124.9190 118.0842 121.9054 121.2535 117.4160 117.5219 116.6701 103.7909 114.3910 110.5131 110.0205 112.0294 108.1183 123.8190 125.1206 124.4672 119.8092 122.7161 123.8776 123.7211 123.5428 123.4204 123.0544 124.8830 116.1481 115.8001 121.6203 122.4290 122.1842 122.0604 121.9157 121.7682 121.6283 121.5052 121.3880 121.1766 121.0705 121.0380 121.0134 120.8413 121.0461 120.1278 120.7805 121.6530 121.6433 116.1366 120.9553 120.7695 120.7931 120.8630 120.9255 121.0063 121.1013 121.1978 121.3024 121.4237 121.5513 121.6825 121.8258 121.9698 122.1231 122.2733 122.2900
126.9900 120.0160 121.1077 119.8487 119.3845 118.5905 112.7484 104.4350 102.5766 114.0956 111.0214 112.0788 101.6278 109.5788 126.2052 124.5972 124.1688 124.1918 124.2258 124.0736 123.8821 123.7223 123.5639 123.2319 123.7260 107.8490 118.0427 123.1209 122.5049 122.4672 122.3099 122.1724 122.0363 121.9073 121.7909 121.6643 121.6231 121.4389 121.2541 121.2431 121.3280 120.7580 120.6565 122.8754 108.4281 122.1078 121.6593 121.1913 121.1094 121.1302 121.1927 121.2532 121.3242 121.4109 121.5027 121.6071 121.7131 121.8320 121.9594 122.0852 122.2313 122.3670 122.5111 122.5900
127.0200 122.6498 119.7228 122.4830 118.3596 111.2026 104.9861 106.0493 123.2349 112.9291 122.8376 122.1158 125.6471 125.3030 125.3371 124.8542 124.6756 124.6009 124.3246 124.2362 124.0578 123.9050 123.7443 123.5967 123.0918 114.3900 123.5388 122.9903 122.7421 122.7003 122.5555 122.4253 122.2996 122.1812 122.0686 121.9798 121.5765 122.0221 121.9797 121.6093 121.5338 121.8077 128.7051 124.2083 121.5433 121.3273 121.3327 121.3914 121.4127 121.4424 121.5069 121.5637 121.6331 121.7087 121.7940 121.8878 121.9949 122.1045 122.2239 122.3443 122.4761 122.6108 122.7489 122.8500
127.1700 127.5302 118.9071 122.3790 106.9963 106.3290 116.7020 116.7177 115.6506 115.1260 109.4415 127.0723 125.4872 125.4532 125.0546 125.0482 124.8439 124.6882 124.5346 124.3849 124.2275 124.0777 123.9256 123.8144 123.6471 123.7150 123.2406 123.0624 123.0003 122.9335 122.7987 122.6751 122.5551 122.4420 122.3327 122.2605 121.8233 120.3339 113.2269 122.5772 121.4225 121.7405 112.7171 109.1786 122.4203 121.5836 121.6887 121.7246 121.7945 121.8258 121.8032 121.8607 121.9301 122.0032 122.0806 122.1669 122.2710 122.3726 122.4872 122.6040 122.7261 122.8513 122.9871 123.0800
127.2000 122.4945 123.9758 103.4952 124.1995 118.9996 125.5670 123.6675 109.3820 105.5771 114.7212 110.1423 115.7937 126.1027 125.2084 125.1601 124.9986 124.8499 124.7038 124.5472 124.4012 124.2564 124.1145 123.9700 123.8200 123.7388 123.3994 123.8128 123.3093 123.1640 123.0378 122.9177 122.8071 122.7007 122.5956 122.5318 122.3607 121.7495 116.2570 121.5136 111.2105 124.1969 103.9655 123.1830 121.6333 122.0477 122.0024 121.9864 121.7268 121.6887 122.1239 122.1479 122.2210 122.2816 122.3595 122.4489 122.5341 122.6350 122.7377 122.8477 122.9679 123.0876 123.2153 123.3700
127.3400 127.8087 125.9123 108.6230 115.0008 107.7343 118.7962 108.7720 108.5300 109.9010 114.7234 112.1969 124.3264 125.7600 125.4476 125.2680 125.1657 124.9947 124.8646 124.7221 124.5757 124.4400 124.2994 124.1644 124.0422 123.8818 124.0367 124.3075 123.4346 123.4234 123.2646 123.1550 123.0489 122.9460 122.8706 122.6371 122.5579 122.8930 122.5284 122.3220 104.7961 120.0936 119.5760 118.9016 122.3986 122.3091 122.2904 122.2697 123.1165 125.7604 122.3792 122.4739 122.4998 122.5573 122.6320 122.7119 122.7887 122.8938 122.9908 123.1032 123.1970 123.3024 123.4386 123.3700
127.5100 123.6559 121.7919 119.5017 119.9884 120.0246 101.8124 108.7224 118.4282 106.1673 104.0246 121.8371 124.4716 125.5270 126.1142 125.6788 125.1229 125.1931 125.0102 124.8880 124.7495 124.6081 124.4261 124.3410 124.2345 124.4399 117.8803 120.6383 123.8612 123.6347 123.5102 123.3997 123.3283 123.2173 122.9608 124.0733 122.8550 122.1531 120.2864 124.3432 122.8090 122.6065 117.1783 122.3318 122.1889 122.6137 122.5945 122.5514 121.5413 111.8419 122.3887 122.5317 122.7804 122.8278 122.8951 122.9661 123.0543 123.1274 123.2478 123.2223 123.4496 123.5801 123.6370 123.6200
127.5100 127.4903 128.4170 119.6784 118.4683 113.9862 117.7409 113.9187 109.1672 114.0757 115.2330 119.1216 123.1766 125.9480 125.0913 123.4356 126.0581 125.2485 125.1815 125.0530 124.9230 124.7672 124.8608 124.9472 124.5206 123.8235 121.7311 123.4171 123.4302 124.0546 123.6809 123.5641 123.3616 123.4133 125.1064 115.4406 123.9378 124.3786 131.9431 114.3159 119.5926 127.5607 123.8795 123.6988 122.8721 122.8687 122.7922 122.7833 123.1443 119.7669 123.0227 122.8702 123.0393 123.0863 123.1418 123.2222 123.2831 123.4013 123.5153 123.7060 124.9843 124.0724 123.2709 124.0600
127.6800 127.4727 126.8229 120.0750 118.8907 123.8070 129.8962 111.0020 114.2228 109.5170 103.9120 112.0907 126.0301 125.9511 129.4045 115.5040 123.9630 125.5716 125.3725 125.2157 125.0892 124.9482 124.8264 120.9970 125.6367 125.5341 120.0004 119.2506 126.1311 123.9773 124.3407 125.1581 124.4819 123.5672 126.4078 120.0786 126.2574 114.0019 124.2706 118.3719 125.7922 109.6491 125.2359 123.9125 122.9920 123.1487 123.4447 123.1777 123.0922 123.4281 123.0544 123.1171 123.2859 123.3490 123.4260 123.4657 123.5216 123.5318 123.8519 123.5562 121.6295 122.2544 125.5963 124.0600
127.7200 127.7309 122.9463 119.1530 117.6242 115.8536 124.7725 108.6878 112.2704 108.0207 121.9602 118.2924 128.2145 126.2722 111.1109 101.4050 124.4181 126.0996 125.5327 125.3539 125.2584 125.0783 125.4915 121.6810 123.7378 125.1968 121.6721 117.8440 118.7421 108.6897 123.8209 124.0267 123.6052 113.8247 118.0639 118.5401 120.6896 113.4305 107.9937 123.9077 125.5291 108.5782 125.0326 123.1140 123.4266 123.1482 122.2497 122.5441 123.3570 123.4296 123.5076 123.5408 123.5316 123.4930 123.4539 123.7033 123.7591 123.7441 127.5969 125.2130 120.7926 110.3378 124.1178 124.3200
127.8600 121.8450 121.2325 116.9308 116.3225 115.3048 120.5664 121.2149 112.6550 106.1227 114.4725 109.9118 126.5624 128.4970 120.0021 121.9756 125.8959 125.3713 125.6798 125.5297 125.4116 125.3347 125.1864 125.5122 125.4032 124.2652 121.7632 120.2875 108.0352 124.3586 125.1928 126.1599 129.1253 122.7851 110.5941 107.0990 109.3878 116.0227 110.0022 123.5772 124.3523 124.5561 123.6151 123.4548 123.4977 123.9952 124.7559 125.2635 123.6214 123.6982 123.6758 123.7119 123.7686 123.7607 125.9619 123.7849 124.0027 124.0767 125.1841 116.6834 123.8078 124.8097 125.1595 124.5400
127.8900 121.5988 119.0317 120.1975 119.4545 115.5438 115.6448 118.6283 108.8456 108.2545 121.7759 120.7207 118.5999 114.1309 127.3523 125.8753 126.3745 125.8952 125.8680 125.6889 125.5876 125.4684 125.3301 125.1620 125.2912 124.6859 124.7794 125.9684 125.2159 123.6664 126.1798 105.5630 122.8351 113.0359 113.3830 110.5884 125.1161 117.6693 113.4669 123.7203 123.6821 123.7686 123.6696 126.2075 122.4067 119.2020 120.7874 119.0693 123.7994 124.0189 123.9363 123.9764 124.0034 124.0282 124.3025 123.9924 124.2444 124.2971 124.3311 115.2817 125.4294 124.5227 124.6633 124.7600
128.0200 118.0684 117.6173 118.5346 117.7787 115.2251 117.4443 109.7733 106.1728 107.6304 106.1798 111.4536 122.3775 127.4375 126.7127 126.2922 126.1801 126.0743 125.9612 125.8773 125.7447 125.5997 125.5376 125.4311 125.3072 125.2517 125.1623 124.9700 124.9817 112.6290 113.3378 113.7892 126.2327 118.4548 108.8268 118.4585 124.4869 125.4217 124.7210 124.2792 124.2000 124.2039 126.1384 125.0502 123.3412 123.9317 124.2468 123.0917 124.0802 124.1994 124.1643 124.1958 124.2390 124.2795 124.3180 124.4147 124.4641 124.5105 124.4662 125.7186 124.7083 124.7801 124.8857 124.9600
124.8500 124.0555 120.1621 118.6870 117.0243 117.0684 115.0349 108.9463 110.5021 108.6892 108.9647 104.3988 111.1027 127.0985 126.3860 126.4262 126.3206 126.2243 126.2783 125.9175 126.0972 126.2076 124.7642 125.5947 125.5450 125.4164 125.3235 125.0916 125.2656 127.3553 112.6400 115.8071 124.7232 125.9850 125.0402 125.8972 124.3965 124.3156 124.3927 124.4468 124.4210 124.2619 124.0583 123.1386 124.2087 124.3522 124.3098 124.3414 124.2686 124.3884 124.4001 124.4238 124.4664 124.5022 124.5508 124.5926 124.6537 124.7228 124.7944 124.6878 124.9423 125.0138 125.0840 125.1400
122.3800 118.0382 116.8768 119.8926 121.6063 118.1292 113.1864 115.3893 111.3685 107.8905 104.5211 110.3991 130.6626 126.2156 126.9261 124.9464 127.0345 126.5919 126.2186 125.7402 126.1736 119.3334 117.4464 125.6407 125.4566 125.5692 126.0949 125.3792 125.5195 109.4341 113.2944 129.4278 125.0058 124.7425 124.8671 124.6926 124.7855 124.8120 124.7379 124.6656 124.6915 124.5175 117.4859 121.2637 124.1342 124.6302 124.5603 124.5908 124.6204 124.6089 124.6213 124.6458 124.6831 124.7227 124.7625 124.8180 124.8669 124.9260 124.9841 125.0821 125.1202 125.1953 125.2818 125.3600
128.3600 126.5144 120.4657 116.8393 117.2955 109.1705 116.4598 114.5689 106.9826 106.0189 110.5916 123.8051 127.4771 126.6838 127.3980 127.6003 126.7370 126.6947 116.3211 123.7593 124.4892 106.8928 109.8364 126.8956 126.1163 127.9559 117.0899 125.8540 126.4742 110.4603 120.8351 125.5445 125.2063 125.2087 125.1126 125.0628 125.1813 124.8348 124.8547 124.8794 124.8926 124.8235 119.6004 124.1183 124.4991 124.7994 124.7796 124.7754 124.7830 124.8061 124.8377 124.8614 124.8953 124.9324 124.9712 125.0226 125.0734 125.1264 125.1868 125.2483 125.3210 125.3870 125.4694 125.5600
128.3600 120.4720 123.8161 117.4669 117.8697 114.7379 115.2466 113.9805 110.3581 107.6947 123.8365 126.7466 127.1577 127.1709 126.9416 126.6483 126.7202 124.5900 123.2974 127.5005 122.3880 108.6550 128.0557 126.0440 123.7488 125.3224 111.3144 120.3407 117.2533 126.5202 126.1804 125.3367 125.4348 125.3677 125.2215 125.0582 123.6129 125.3966 125.2911 125.0908 125.0824 124.9552 125.4876 124.9332 125.0238 124.9891 124.9931 125.0008 125.0144 125.0271 125.0469 125.0738 125.1004 125.1414 125.1831 125.2211 125.2729 125.3211 125.3778 125.4461 125.5109 125.5723 125.6481 125.7500
128.4800 121.1882 122.0420 114.2238 115.4695 115.8101 113.0515 111.3717 112.1982 118.3809 127.5427 127.1980 127.4356 127.2041 127.1019 126.9921 126.8032 126.2743 115.3120 126.2156 110.2741 108.6737 118.5821 116.7238 121.1628 118.8982 125.6683 127.7883 107.2258 125.5965 125.6633 125.6558 125.6072 125.5581 125.4930 125.4479 126.2274 124.8515 125.0413 125.3415 125.2009 125.1841 125.1650 125.2178 125.1998 125.1984 125.1996 125.2058 125.2187 125.2302 125.2525 125.2787 125.3075 125.3454 125.3839 125.4210 125.4699 125.5178 125.5736 125.6273 125.6944 125.7603 125.8282 125.9400
120.0700 120.0440 119.3155 119.0446 113.5726 113.1384 113.6915 110.6628 127.9334 128.8420 127.6772 127.3753 127.1893 127.3556 127.2184 127.2048 126.5926 130.5308 121.2953 114.4018 112.9438 129.3738 121.0037 115.6810 106.5183 127.9423 126.4069 129.0019 110.1416 128.2425 125.7980 125.8527 125.7995 125.6771 126.5582 114.6787 126.2682 130.4715 125.9841 125.6650 121.1665 125.6327 125.5089 125.4084 125.4091 125.4023 125.4037 125.4121 125.4190 125.4352 125.4589 125.4754 125.5060 125.5392 125.5730 125.6154 125.6658 125.7086 125.7626 125.8274 125.8785 125.9425 126.0057 126.1100
120.2700 120.7568 119.9733 122.0389 113.7355 112.1468 123.1816 121.8940 126.3013 127.7354 127.9625 129.3750 129.0355 127.0172 127.4621 127.2073 127.2081 125.3749 105.3618 120.2233 117.8290 127.1249 127.8572 115.2731 123.1626 126.8514 123.3465 107.8080 123.5026 126.8992 126.1310 126.0264 125.9734 125.7997 127.4988 111.3631 106.7848 113.8351 126.4675 124.8038 117.5476 126.0752 125.7015 125.6094 125.6034 125.5986 125.6001 125.6120 125.6178 125.6369 125.6545 125.6693 125.7052 125.7308 125.7642 125.8061 125.8525 125.8962 125.9494 125.9443 126.0702 126.1201 126.1741 126.2900
119.7000 120.5712 116.6046 108.9294 115.1704 117.2785 130.2455 128.0183 128.4500 128.6533 122.7768 106.3990 121.6738 128.8479 127.2572 127.8355 126.6056 129.5902 108.9424 129.6859 127.0733 112.5652 125.7168 127.4106 125.0009 119.0304 123.5940 111.4290 128.9489 125.7661 126.2901 126.2135 126.1463 125.8973 127.0646 124.3266 112.0018 121.9790 125.8596 126.6375 126.4819 125.8236 125.8192 125.8112 125.8070 125.7956 125.7981 125.7980 125.8104 125.8222 125.8401 125.8658 125.8924 125.9246 125.9560 125.9928 126.0346 126.1042 126.1359 126.6396 126.2405 126.2794 126.3421 126.4600
119.5300 116.5632 115.4635 115.4896 118.9029 124.3659 128.4959 127.8600 127.7200 129.5936 128.6737 125.2280 118.6316 125.7045 125.2214 128.5176 117.1845 120.4871 110.1406 125.5279 125.7211 111.0938 118.2251 123.6386 131.3108 123.5174 127.0023 113.7108 124.8793 126.5076 126.4230 126.3931 126.3229 126.1620 126.3395 108.7526 116.8106 127.6758 125.6757 125.8706 125.9160 126.0332 126.0149 125.9918 125.9813 125.9941 125.9879 126.0058 126.0102 126.0225 126.0334 126.0575 126.0758 126.1091 126.1419 126.1758 126.2245 126.1039 126.5797 122.3857 127.2949 126.5496 126.4536 126.6000
119.5400 116.0501 115.0298 125.1607 125.8908 129.4244 128.7713 128.4299 128.4739 106.7724 112.2906 110.8447 106.9267 106.0055 119.0875 127.6362 116.1942 112.3925 124.6706 111.4927 130.4486 107.8446 107.2988 121.3835 115.1735 128.2417 116.7947 127.2447 127.5521 126.3342 126.6224 126.5603 126.5032 126.4004 128.0445 126.6560 127.6098 125.9988 126.0371 126.5195 126.0602 126.2252 126.2093 126.2005 126.1941 126.1493 126.1778 126.1592 126.1818 126.2010 126.2269 126.2403 126.2584 126.2889 126.3187 126.3546 126.4231 126.6834 126.1408 123.9958 126.4501 126.1581 126.9844 126.7900
129.0900 129.2537 129.3637 128.2629 128.6097 128.7333 128.4686 129.2965 123.8757 130.9040 120.1824 109.9358 127.0730 107.9647 139.7875 126.9996 128.0285 125.4914 123.2896 113.1446 121.8645 105.2101 104.2237 126.5613 117.4997 129.7601 127.2095 127.2215 126.7102 126.8779 126.7848 126.7244 126.6710 126.5845 126.2915 126.4759 126.4007 128.2384 124.6329 126.5515 126.2068 126.4430 126.3727 126.5248 126.4128 126.3221 126.3492 126.3330 126.1780 126.2768 126.3662 126.4290 126.4419 126.4721 126.4961 126.5253 126.5866 127.0173 115.9927 125.5387 126.5278 128.1206 123.5864 110.0600
129.2000 127.9409 128.8791 129.0261 128.8367 128.8505 128.3765 130.3455 126.4911 129.9359 127.6334 128.7219 121.0307 113.3234 124.2774 127.3352 126.4027 123.2575 129.4053 127.7478 119.8095 105.5366 107.0111 128.2684 127.5534 126.9586 127.1541 127.1322 127.0531 126.9467 126.8561 126.8981 126.8523 126.8124 126.8127 126.6251 127.9452 119.4699 118.6937 125.9728 126.4383 126.5096 127.7380 126.0222 125.5217 125.4193 126.4898 126.4367 126.5373 123.4458 126.6618 126.6013 126.6142 126.6454 126.6737 126.6928 126.8147 126.6996 126.7895 127.6202 126.7279 125.9404 106.8949 110.1900
129.2400 129.0913 129.2090 129.0507 128.9562 128.8675 128.8386 128.6695 128.5774 128.5887 128.2220 129.2263 106.4956 117.9598 114.8042 108.0588 127.8568 108.1660 123.1143 128.9047 129.1206 106.0734 117.3428 128.5326 127.4437 127.5121 127.3411 127.1113 127.4582 127.5148 127.5539 126.9587 127.0219 126.9706 126.9161 126.8826 126.3929 113.2767 118.1843 126.9452 126.8805 126.7802 123.5324 126.1895 126.6221 126.8045 126.6895 126.7325 126.6906 127.0131 126.7757 126.7811 126.7870 126.8154 126.8449 126.8722 126.9045 126.9803 126.8720 127.3153 126.7259 128.1479 122.5429 108.1600
129.3600 129.2859 129.2386 129.1519 129.0757 128.9940 128.9054 128.8535 128.7765 128.6026 128.1420 123.6451 109.9813 107.3473 103.1599 112.4202 126.4460 105.1514 123.4130 127.7897 113.4200 114.5838 127.1663 128.0111 127.7426 127.3617 127.6282 129.4269 126.5873 120.8161 125.6765 127.1182 127.1751 127.1274 127.0872 127.0272 127.5700 125.8849 120.0721 126.9854 127.0485 126.9466 127.3582 126.8755 126.8594 126.8674 126.8947 126.8942 126.9031 126.8363 126.8875 126.9416 126.9599 126.9858 127.0065 127.0409 127.0708 127.1055 127.1460 126.1661 120.4400 119.9214 110.3498 112.5700
129.3900 129.4000 129.3100 129.2300 129.1700 129.0800 129.0200 128.9200 128.8400 128.7700 128.6800 107.5700 108.5800 128.4400 106.3700 108.6900 108.0000 125.1100 122.8300 114.1000 114.1000 127.8600 127.7700 127.7800 127.6900 127.6000 140.3100 146.8200 127.4200 126.6400 127.3400 127.3600 127.2600 127.2800 127.1600 127.1800 127.2000 127.0800 127.1000 127.1100 126.9800 126.9900 126.9900 127.0000 127.0100 127.0100 127.0100 127.0000 127.0000 126.9900 126.9800 127.1100 127.1000 127.0900 127.0600 127.1900 127.1700 127.2800 127.2800 126.5100 126.7800 124.6700 118.1600 112.5700
