124.9200 128.1300 118.2900 121.1500 122.0000 122.3100 120.9700 120.4300 117.1800 116.5200 101.0600 100.8300 113.6400 113.3100 119.1200 116.8800 110.8700 110.5700 105.5700 108.1800 108.1800 112.2600 111.7900 105.6000 105.4600 98.0600 104.2900 99.2800 97.8300 102.5700 94.9600 95.0000 97.0200 94.3100 101.6800 115.6200 115.7100 115.7100 115.3100 115.3500 115.3700 119.0700 115.3500 115.2700 115.7100 115.7100 115.9900 115.9900 116.3200 116.7300 117.0000 117.2800 117.6000 117.9500 118.1700 118.4600 118.7700 119.0000 104.7500 107.0300 113.4900 109.9200 113.4900 114.0500
124.9200 129.4571 123.4543 123.0705 120.5797 120.9598 120.9053 120.5211 119.7055 116.3937 109.8700 99.9534 113.0203 111.3436 115.2382 115.1096 110.2062 110.4300 107.9545 106.8048 109.0270 111.7023 110.0147 105.4767 106.4993 100.2513 101.5342 99.9998 102.9546 95.4077 94.9528 97.7062 97.4732 91.4748 100.1238 95.9130 104.6770 97.2627 114.4442 124.5140 114.7350 115.1519 114.8813 114.9741 115.1390 115.4305 115.0367 113.0160 116.2418 116.3916 116.6936 117.0169 117.3677 117.7848 118.8161 120.3401 111.4257 103.7221 105.9407 107.3481 117.1690 109.5650 110.9743 114.0500
125.8000 123.5172 125.6362 129.2196 126.9821 124.5803 123.5973 121.0970 118.9943 118.1478 117.3218 104.3261 112.6001 119.8463 110.7335 111.5341 108.4851 111.8249 108.5397 106.4737 107.9682 104.3926 103.6083 105.9519 107.4383 102.8021 101.5972 103.4601 102.1249 100.2367 93.0152 107.3790 107.8213 102.6370 103.0293 106.9325 109.4329 113.3615 116.0939 115.3223 113.7714 114.1146 114.1736 114.3087 114.4905 114.6829 113.9786 111.9913 115.6834 115.9071 116.2653 116.6724 116.9801 116.4580 119.2359 102.2814 109.1726 103.7034 111.9614 110.6972 113.2612 107.3212 116.1526 120.5600
123.6300 121.5395 123.4986 123.7210 121.4293 123.7921 126.2094 123.2934 122.7779 121.8181 119.6630 110.5452 114.7533 113.5956 107.3996 110.9625 108.8844 110.4323 111.4766 102.1119 99.1385 104.3407 99.7662 102.3791 103.5875 106.7519 103.2491 109.1601 104.0787 104.4339 98.1261 116.5407 105.5761 90.6209 96.7910 114.4832 117.2058 114.3178 114.3581 102.1758 114.6758 113.3258 113.4110 113.5738 113.7940 113.8581 114.6146 114.6592 114.9671 115.4698 115.7966 115.8686 115.2198 117.0114 117.9920 103.8038 106.9824 109.3293 106.2286 111.2527 108.6823 105.7159 121.9791 120.5600
119.2400 122.5490 124.2362 123.3135 123.2236 120.9948 118.7783 115.1443 122.6504 123.1994 123.7118 103.8266 114.2285 114.2946 105.6216 111.2649 110.7505 110.2173 111.1446 110.6441 102.5375 112.4709 104.6927 107.6301 113.6501 106.7799 99.5279 110.7124 117.7475 98.3040 112.9505 104.1988 119.2517 108.5243 111.3171 105.8401 89.4855 112.1966 112.6173 112.9534 113.0930 112.5040 112.5995 112.7823 113.0238 113.3761 113.6320 114.0546 114.4696 114.8792 115.0010 116.0377 119.2473 111.9160 100.0121 101.7953 105.5792 104.7282 106.9507 107.6375 111.3002 117.2962 120.0641 120.1900
115.6100 115.8082 115.3466 122.7846 117.1845 101.2816 123.1161 116.8065 118.3753 114.6775 107.8745 114.8947 112.9747 116.8448 110.5953 110.1042 112.0154 111.7332 110.8953 109.4741 105.9314 107.0701 109.0234 103.8924 104.3656 102.2091 93.2061 94.6943 93.6363 106.2762 98.4837 111.2904 113.8492 116.4556 106.2392 111.9707 111.9851 113.2524 111.8452 111.5466 111.4246 111.5772 111.6940 111.9169 112.2118 112.5613 112.9917 113.4115 113.9506 114.0554 116.4434 106.8974 93.4160 94.3967 97.0046 108.3951 115.9623 106.6748 102.6133 118.2536 119.0927 119.8301 119.8258 120.1300
122.2700 114.0805 121.0307 121.0698 120.4956 118.0426 122.9784 120.6388 121.6967 117.4643 111.0866 112.3972 100.7489 103.6423 114.2524 103.7592 107.8499 107.2704 108.0108 110.3879 108.1137 107.6262 105.2969 100.9134 107.9848 105.9316 97.7506 120.2108 108.5131 115.0270 106.0358 115.2175 116.2480 96.7174 106.8287 114.6497 111.2874 111.1021 110.7826 110.6757 110.5646 110.5411 110.6842 110.9548 111.3155 111.7570 112.2471 112.7538 113.4191 113.0871 116.0337 93.4106 94.4733 97.4531 106.5823 114.0990 108.0095 100.2102 106.9380 119.4906 118.9695 119.3652 119.8490 116.2900
112.8100 120.3427 119.3105 120.5674 117.9485 117.7200 116.5926 116.7505 112.8993 112.4143 112.6657 112.1693 111.8253 113.1903 107.3610 110.2460 111.5865 109.1128 107.5398 102.7488 109.6739 110.2220 110.2308 109.1811 106.2612 103.1167 97.0936 93.3658 98.1993 116.8840 113.7664 113.8503 109.0672 93.7404 109.9579 106.5270 105.7257 110.2300 109.8450 109.4876 109.3267 109.3545 109.5478 109.8896 110.3473 110.8873 111.4746 112.0856 112.6670 113.2928 108.8294 89.5530 100.5820 104.0309 97.1468 99.9119 100.2037 104.7887 116.5504 118.1324 118.8830 119.2611 120.3426 119.7700
123.5300 123.4668 125.2040 124.6171 120.0487 119.7722 116.5436 116.7239 117.0874 111.2355 109.2906 113.3769 108.7998 109.3174 103.7191 119.7389 109.9444 111.0167 110.9160 110.6406 106.7206 108.6146 106.6987 108.3124 109.5074 109.6379 96.8691 98.9260 108.4021 113.8131 113.7503 115.4774 91.4425 105.7581 111.9584 110.3586 110.7364 109.0202 108.5952 108.1778 107.9670 107.9915 108.2521 108.6987 109.2891 109.9601 110.6747 111.3872 112.1643 111.4051 98.6812 97.4507 101.1088 110.4761 117.5658 98.7471 116.2025 109.0062 118.9321 118.2252 118.7014 118.2443 119.3302 97.7400
122.3100 117.4928 114.9732 114.7943 114.5658 114.2273 113.7621 121.6634 121.5077 114.2464 112.2849 101.0315 102.6749 100.9801 120.0547 109.6834 111.2513 109.5197 107.9583 102.4794 111.2285 109.6705 107.4127 104.8529 112.3477 110.7467 112.6495 121.8369 120.0181 111.1996 113.8864 112.5764 112.7486 112.6652 110.2238 109.6483 108.6452 107.9522 107.2226 106.6348 106.3324 106.3745 106.7400 107.3576 108.1275 108.9715 109.8400 110.7057 111.3705 112.8889 106.9470 107.8386 116.5607 108.3546 105.3229 100.9864 111.2663 118.0489 117.4978 118.1855 118.7263 112.5516 115.8114 97.9300
116.4900 115.7964 115.9617 115.9002 115.5462 115.3458 116.1119 114.6564 116.4099 112.5972 110.0381 101.6957 104.4187 117.8180 113.8985 110.3278 109.3778 107.4663 112.2167 112.2589 108.5874 106.4281 106.2268 106.3010 115.4472 116.8914 112.7136 112.5249 113.7330 113.5955 113.3505 114.2610 111.6472 110.6121 109.8892 108.7974 107.7233 106.6362 105.6155 104.7858 104.3269 104.3924 104.9516 105.8346 106.8653 107.9522 109.0118 109.9958 110.8216 113.9022 93.1790 96.2481 115.0432 105.5429 107.7279 108.4793 108.2322 117.7534 117.5922 118.0126 118.3386 119.0541 118.8565 99.2400
122.2700 119.2325 115.2643 115.2993 114.9903 115.0521 115.6286 114.0972 116.5386 109.3782 110.7725 110.2391 110.8847 108.5135 112.1095 111.1143 107.4239 106.0410 112.6853 105.7670 105.4143 106.4878 107.0160 114.2455 122.2964 118.3750 113.7505 114.9686 114.9583 113.7054 114.2715 102.1942 105.7413 110.4303 109.0746 107.9298 106.6170 105.2102 103.7814 102.4864 101.7159 101.8211 102.7479 104.0933 105.5307 106.9217 108.2065 109.3468 110.5640 111.0303 106.0999 116.3055 113.5254 110.2545 124.2135 108.5802 113.5130 116.9677 117.3283 117.9109 118.2428 118.7098 120.8714 122.8000
121.4000 122.4724 115.6029 116.4348 115.9492 115.5634 116.0500 113.8222 115.7890 110.1629 110.5537 109.1660 109.9260 110.5283 112.2024 111.9272 109.5436 115.9678 109.7590 105.7937 104.8628 102.7162 102.3388 112.4569 112.0011 115.6334 115.6927 114.8177 114.1627 113.3269 113.1573 90.5140 102.3960 107.2252 108.8438 107.1585 105.5795 103.7610 101.6746 99.6630 98.0326 98.2607 100.0528 102.1627 104.1799 105.9438 107.4794 108.8217 110.1839 109.8115 112.2481 112.1430 112.8318 95.7696 121.4094 93.3161 109.4274 117.0257 117.3696 117.8162 118.2714 118.6285 123.7896 115.6000
114.8800 115.2934 116.4779 115.1651 115.1365 114.9340 115.8490 115.4722 114.9515 116.0559 108.3797 108.6028 107.0444 108.3285 113.0087 112.9732 110.7210 111.6284 103.8621 105.3315 109.2477 101.9150 106.2173 114.9313 112.1005 112.5340 115.4462 114.7911 114.1103 113.2055 113.4043 111.2583 105.5731 108.6534 108.3225 106.5322 104.7042 102.4316 99.5236 95.4454 91.5960 92.1500 96.6131 100.2043 102.9843 105.1423 106.9088 108.4092 109.7329 110.8984 111.7485 112.6242 113.1155 111.0947 113.9005 109.3961 111.9447 116.6194 117.3476 117.7620 118.2033 118.7296 117.3828 116.8500
117.4500 114.4030 120.4902 115.8541 118.2957 118.8138 113.2462 113.4041 113.5234 114.4748 113.6758 116.1226 114.4490 112.0711 109.4940 106.7104 106.8581 99.9721 97.0342 107.4886 107.2863 97.8003 105.8257 124.9238 117.8261 116.7855 115.3963 114.7639 114.0242 112.7021 112.4072 96.2822 110.6892 108.6558 107.9628 106.1854 104.1455 101.5238 97.8707 90.9076 86.0405 86.5914 92.6563 98.7323 102.1534 104.6358 106.5674 108.1593 109.4851 110.6636 111.7269 112.5516 113.9924 115.1085 116.7153 104.0013 113.6539 116.6047 117.2638 117.7286 118.2547 118.1779 116.8257 102.3600
117.4500 123.0208 123.8110 117.7896 118.5616 121.2046 113.2208 113.0911 112.7329 111.7462 113.1779 120.6231 120.8910 115.2414 108.9731 109.9918 112.2324 96.1924 95.6161 111.1789 103.7700 96.5721 105.2013 122.4651 119.6167 116.2104 115.5891 114.7256 114.0854 113.5287 112.9992 86.3313 107.8838 109.3179 107.7789 106.1090 104.0288 101.3100 97.3974 89.7065 84.7029 85.4176 91.6501 98.4211 101.9944 104.5364 106.4978 108.1049 109.4639 110.5709 111.5176 112.4768 113.3568 113.1599 115.8697 102.4813 114.0446 116.6327 117.2515 117.7195 118.3509 118.5145 119.0413 102.3700
124.5700 125.2396 116.3220 117.2674 116.2788 117.1484 114.4627 111.5128 112.6021 112.9774 101.8481 102.3916 106.2652 107.7962 108.3066 107.6332 106.1930 106.7100 107.0376 106.5125 102.3973 102.7584 108.4478 120.7096 97.4492 116.1982 115.1579 114.9676 113.7651 104.1674 115.2448 111.8182 110.5317 109.3115 107.9445 106.3437 104.4024 101.9404 98.5976 93.3884 88.7465 89.2479 94.7455 99.4348 102.5376 104.8667 106.7258 108.2722 109.5864 110.6087 111.9803 113.1373 113.4735 114.2123 114.5303 114.4284 115.8933 116.7134 117.2523 117.7403 118.1146 118.7587 117.2922 120.4000
121.0500 121.2934 114.3592 115.3688 115.5143 115.6977 114.3025 113.6520 112.9881 114.2343 107.6099 100.2440 102.5097 107.5183 108.4094 110.9816 104.8098 97.6962 114.0800 106.4176 102.0506 100.2529 119.1896 117.9539 98.4572 113.4625 115.7342 114.7826 115.6757 95.5733 114.2005 111.7352 110.6399 109.5864 108.3240 106.8653 105.1518 103.1282 100.7537 97.8908 95.3452 95.7695 98.6488 101.2612 103.6078 105.5632 107.2067 108.6153 109.8985 110.6134 109.7416 105.5118 113.4835 114.3600 117.3702 122.9417 115.8003 116.7246 117.3089 117.7894 118.2619 118.6854 118.8453 119.2700
121.0600 121.3704 114.9300 114.5952 115.1666 115.5881 114.9345 113.2609 112.9666 113.4930 114.8198 109.1675 106.5878 113.7589 105.1865 101.2719 98.7305 97.9884 106.3111 111.5073 108.2368 118.7715 115.6413 108.1440 104.1504 118.9547 114.7009 114.8265 115.0943 114.5201 112.5935 112.0177 111.0535 109.9969 108.8458 107.5735 106.1361 104.5579 102.8750 101.2380 100.2349 100.3648 101.5798 103.2447 105.0699 106.5704 107.8430 109.1091 110.2168 111.2784 113.8391 99.0093 115.5602 114.4007 115.0082 115.5798 116.3387 116.8472 117.3731 117.8578 118.3148 118.7460 119.1852 119.2900
120.9600 121.3196 120.6978 117.6531 118.8916 120.3553 113.0953 107.8044 116.0062 116.2411 107.3224 105.0512 103.4490 103.2827 103.5047 102.8244 99.9715 109.8272 102.2318 116.1090 119.1914 118.1214 119.0220 118.9310 117.1331 113.9643 112.7826 115.1115 114.4583 113.6761 113.1479 112.2631 111.4079 110.4994 109.4954 108.3930 107.2157 106.0031 104.8216 103.8050 103.2210 103.2918 103.9975 105.0648 106.1336 107.1937 108.8229 109.9316 110.6354 111.5538 112.2590 114.2470 111.5775 112.1965 115.3336 115.9980 116.4999 116.9650 117.4797 117.9479 118.4034 118.8640 119.2909 119.5800
124.5900 124.9790 122.9736 118.4267 119.2137 119.7947 121.3577 110.7211 113.8378 111.7748 109.4877 109.5247 102.6558 104.2454 104.9791 99.5615 109.2352 116.2269 124.9264 119.1547 118.8633 119.1536 117.6406 117.1253 116.8476 117.2177 116.4931 115.3395 114.7657 114.1355 113.4225 112.6679 112.1135 111.1926 110.1747 109.2508 108.2989 107.3755 106.5085 105.8267 105.4681 105.5174 105.9514 106.6464 107.6809 108.0782 109.1895 110.2881 111.2954 113.3757 112.6854 112.3850 108.2798 105.4583 116.2724 116.0320 116.5835 117.1232 117.6030 118.0670 118.5048 118.7937 119.0045 119.6100
124.7600 122.6862 120.1941 117.8592 120.8202 121.2728 120.9618 123.3817 127.2853 113.8614 115.3017 115.4263 105.3399 107.9096 113.5786 105.4172 98.9195 107.2872 121.5720 115.8583 119.3094 118.4127 118.1722 117.7421 117.1900 116.6183 116.0929 115.3514 114.9927 114.4089 113.7934 113.1752 110.5810 112.0533 110.8497 110.1328 109.3501 108.6191 107.9798 107.4934 107.2556 107.2783 107.5852 108.1069 108.5705 109.4750 110.3226 110.9495 103.8117 109.0852 114.9159 114.2202 123.1819 114.0603 115.8730 116.2919 116.7994 117.2876 117.7541 118.2036 118.6746 119.0236 120.9346 119.6400
124.7600 122.5953 125.2985 121.8025 124.4386 124.1248 123.8523 115.5505 109.6416 105.7289 112.8442 104.6803 106.6134 102.9151 106.8418 102.7866 104.9979 103.2349 116.3656 114.4920 119.2434 118.7118 118.2311 117.8129 117.4068 116.3311 115.9125 115.9419 115.3025 114.7950 114.2001 113.7084 110.2559 111.9441 111.6372 110.9847 110.3459 109.7531 109.2662 108.9089 108.7259 108.7499 108.9742 109.3589 109.8883 110.5038 111.0951 112.1819 100.7370 100.4348 107.1931 115.4625 119.3251 113.1460 115.9488 116.4912 117.0014 117.4707 117.9248 118.3553 118.7794 119.0889 121.7619 122.9400
124.7900 125.4339 124.6987 124.4746 123.9451 123.4850 123.8987 103.7730 108.4706 112.8057 107.8402 108.4319 114.8140 111.2929 109.4782 101.2737 102.1397 111.1937 112.6829 117.9622 119.1592 118.8598 118.4396 118.0112 117.4684 120.6992 117.3524 117.0972 115.8803 115.1764 114.6207 114.0243 113.4956 113.3952 112.2908 111.7801 111.2574 110.7913 110.4034 110.1334 109.9927 110.0138 110.1757 110.4833 110.8852 111.3626 111.9004 112.2486 109.7903 108.5811 109.5405 111.8784 114.6427 116.3686 116.3613 116.7775 117.2552 117.7119 118.1072 118.5269 118.9203 119.3105 119.4840 120.0200
109.3200 123.8397 120.8437 124.6284 123.8678 123.2835 123.6437 112.8618 110.9766 121.4335 109.1025 113.4151 107.6758 113.5493 107.0784 102.5432 99.6152 111.4056 128.2371 118.8326 119.5837 118.9950 118.6160 118.2133 117.7481 119.9757 113.7310 107.6024 116.0865 115.1842 115.0635 114.5305 113.9970 113.5222 113.0158 112.5642 112.1152 111.7407 111.4261 111.2105 111.1023 111.1169 111.2483 111.4818 111.8106 112.2101 112.6508 113.1578 113.5561 114.2779 115.7881 115.9727 115.6838 116.0520 116.5627 117.0660 117.3207 117.7655 118.3163 118.7077 119.0860 119.4688 119.8803 120.0700
124.8300 125.6703 115.7897 127.3053 125.1486 124.9663 117.4350 112.1054 109.0654 114.8822 118.8678 117.4747 109.9779 100.1398 113.4619 97.8732 102.9959 106.2512 124.5734 119.6398 119.5524 119.1974 118.8196 118.4268 118.0655 117.5010 115.9049 110.1072 116.5052 115.8517 115.5007 115.0186 114.5674 114.1193 113.6913 113.2845 112.9270 112.5763 112.3319 112.1649 112.0792 112.0944 112.1951 112.3860 112.6564 112.9970 113.3786 113.7621 114.2317 114.4625 115.0904 115.1366 114.9843 116.5352 116.8974 117.2810 118.8996 118.3889 118.5493 118.8978 119.2740 119.6268 119.9594 120.1300
124.8500 125.2134 123.7579 123.6271 113.3765 114.0542 116.1279 113.2125 114.4441 113.5697 123.6603 114.0669 112.6295 109.2417 100.6664 98.6003 116.0930 113.0102 120.5895 119.8896 119.7269 119.3829 119.0306 118.6715 118.3092 117.8996 117.8678 117.5561 116.9361 116.3349 115.8881 115.4966 115.0896 114.6931 114.3133 113.9711 113.6547 113.4739 113.5397 113.0258 112.9583 112.9703 113.0576 113.2143 113.4330 113.7190 114.0017 114.5649 114.8012 116.6317 116.0579 115.9601 116.3989 116.7860 117.2233 117.6258 118.0951 118.3242 118.7907 119.1064 119.4661 119.8104 120.1372 120.4300
125.0100 124.1786 118.5976 119.0612 114.7772 112.9701 116.2556 115.9344 117.3567 112.9528 111.8821 115.1652 113.2075 100.3451 114.5132 105.4838 122.3515 120.5923 120.3632 120.2274 119.9085 119.5845 119.2476 118.9108 118.5518 118.1779 117.8171 117.4702 117.0435 116.7367 116.3325 115.9705 115.6048 115.2574 114.9268 114.6259 114.3511 114.0826 113.9347 113.8225 113.7600 113.7685 113.8375 113.9759 114.2111 114.4044 114.9381 111.7539 115.9917 115.7517 115.8692 116.4601 116.7929 117.1682 117.5504 117.9174 118.2653 118.6413 118.9866 119.3220 119.6627 119.9935 120.3055 120.4900
125.0400 119.1285 121.1049 116.1712 113.8522 115.0005 118.5945 112.8020 112.5989 113.1994 112.7653 116.2946 109.9567 105.1411 111.1601 107.5838 104.1953 122.9872 119.4201 120.3742 120.1179 119.7832 119.4663 119.1653 118.8196 118.4828 118.1353 117.8001 117.4416 117.1036 116.7579 116.4259 116.0944 115.7920 115.4926 115.1490 114.9968 114.8059 114.6482 114.5407 114.4934 114.4929 114.5620 114.6721 114.6105 115.0919 115.0407 114.9912 111.7373 106.3525 116.5413 116.8379 117.1831 117.5305 117.8752 118.2187 118.5586 118.8666 119.1577 119.5148 119.8673 120.1873 120.4853 120.5500
125.0600 120.9357 125.6896 118.3192 112.6620 120.7965 115.8347 111.4509 113.4206 113.7836 114.6432 114.3792 108.2551 110.5596 107.0653 103.8042 111.9305 121.5454 118.7335 118.7313 120.5059 120.2859 119.8405 119.4140 119.0696 118.7641 118.4568 118.1275 117.8001 117.4911 117.1825 116.8755 116.5841 116.3117 116.0343 116.5055 115.5565 115.4294 115.3039 115.2098 115.1770 115.1980 115.2707 115.2748 116.4709 115.0077 118.1590 115.8537 116.4248 117.3744 116.9313 117.2584 117.5653 117.8822 118.2042 118.5148 118.8855 119.0583 119.7625 119.8135 120.0862 120.3730 120.6706 120.8500
125.2500 124.8769 125.2447 114.7032 115.3702 115.3182 114.9616 103.6315 114.6225 116.0711 113.6016 111.0972 108.4886 112.7892 102.0444 104.0844 103.6318 99.8206 110.9981 121.4379 120.8145 115.8112 121.4908 119.4725 119.3888 119.1147 118.7646 118.1606 118.1187 117.8900 117.6192 117.3138 117.0458 116.7953 116.4999 116.6554 116.0697 116.0172 115.9096 115.8237 115.7809 115.8204 115.8212 116.4349 112.2200 99.6740 104.7483 117.6591 116.8236 116.9953 117.8140 117.6551 117.9396 118.2343 118.5341 118.8524 119.1511 119.7034 112.1780 120.4132 120.3127 120.5799 120.9992 120.9100
125.2500 125.1003 125.4152 126.2826 124.8667 124.0424 113.7473 115.8223 109.8277 114.9694 121.4419 111.3780 100.3436 108.4990 104.7462 106.0043 124.3533 124.3604 122.9837 120.6317 121.6225 108.8678 119.7494 119.8257 119.2429 119.1542 118.8472 119.9080 118.9172 118.1243 118.0443 117.7343 117.4935 117.2749 117.0677 116.8543 116.7312 116.6167 116.4846 116.4386 116.4090 116.4190 116.7940 111.4508 117.8546 118.6171 111.0102 117.4399 117.3243 117.5065 117.8935 118.0015 118.3159 118.5809 118.8629 119.1573 119.1651 120.3611 111.2107 121.4526 120.3244 120.7680 121.3871 121.2000
125.2800 125.1868 124.6355 124.4790 120.0670 115.5189 117.2360 116.0154 112.6003 114.0533 101.2984 108.0804 110.7305 101.2077 106.0004 110.4383 122.6475 122.0023 121.1621 121.3402 119.0872 120.7336 120.2225 122.6144 118.5186 119.6043 119.7658 114.7081 118.3006 118.6187 118.4223 118.1410 117.9257 117.7223 117.5265 117.3804 117.1613 116.9494 117.0309 117.0652 116.7578 116.9933 118.0341 106.4886 116.8259 116.7768 118.0158 117.4756 117.7709 117.9665 118.1938 118.4371 118.6731 118.9204 119.1815 119.4403 119.7132 119.6460 120.9907 120.4183 120.7783 120.9948 121.2583 121.5400
125.4800 125.8103 125.9649 120.1204 112.2212 117.3313 117.8888 112.3465 109.1172 113.1044 116.1684 106.4288 108.3546 112.7691 112.5899 116.6240 111.2361 109.2040 121.9109 121.3137 119.5915 119.5900 120.6765 113.7753 120.4084 119.7673 119.6619 119.3406 119.0421 118.9334 118.7594 118.5403 118.3379 118.1570 117.9842 117.7485 119.4106 117.7149 117.0516 122.3608 116.9052 117.6049 117.4733 118.6022 118.4418 117.6480 117.8208 118.0603 118.2003 118.3825 118.5869 118.8051 119.0265 119.2607 119.5003 119.7367 119.9799 120.3199 120.4841 120.6587 120.9764 121.2242 121.4644 121.5900
125.5100 121.7353 120.7994 119.2185 114.5670 115.5015 117.3018 113.3636 109.0322 109.2226 108.6796 102.0863 104.8601 108.6247 107.5515 100.4721 104.9027 127.3737 122.1275 121.4840 122.0047 121.0732 120.9655 121.1420 120.2686 119.9380 119.7986 119.6269 119.5194 119.4265 119.1250 118.9249 118.7412 118.5785 118.4132 118.1876 118.1842 118.0098 117.6729 117.6065 117.3841 115.9502 117.9556 117.7606 117.9062 118.4743 119.0786 118.3829 118.6062 118.7876 118.9657 119.1710 119.3781 119.5873 119.8122 120.0366 120.2520 120.4955 120.7283 120.9896 121.1910 121.4358 121.6634 121.8800
125.5400 122.1625 115.2080 116.2332 114.6788 115.1674 114.8731 115.8613 112.7668 106.7470 103.8119 112.2012 107.1828 107.2991 110.4309 110.9107 119.9877 123.4686 122.5212 121.8056 121.4897 121.3268 121.1199 120.8636 120.6154 120.3580 121.7427 120.4495 120.5169 119.6509 119.4724 119.3025 119.1291 118.9739 118.8373 118.7249 118.6217 118.5383 118.3872 118.5273 107.7769 102.6432 119.8504 118.8990 118.4653 119.0856 110.9504 119.7994 119.0190 119.1621 119.3330 119.5151 119.7092 119.9106 120.1159 120.3134 120.5447 120.7598 120.9837 121.2074 121.4255 121.6575 121.8671 121.8800
118.5300 118.9355 117.3259 114.6525 115.3638 116.3439 119.1020 109.5354 110.1049 111.4546 108.5094 112.9364 111.7506 106.2744 122.7807 122.7995 122.8761 115.6914 120.2107 122.0243 121.8242 121.6092 121.4259 121.0957 122.1313 117.7632 107.8171 116.5925 120.7765 119.8745 119.8192 119.6544 119.5067 119.3659 119.2356 119.1199 119.0297 118.9610 118.6734 118.5118 106.8504 112.1901 119.2192 114.5765 119.5481 115.7456 116.9859 119.6386 119.3893 119.5409 119.6927 119.8645 120.0448 120.2244 120.4224 120.6136 120.8208 121.0189 121.2341 121.4387 121.6534 121.8684 122.0476 122.2200
121.8800 121.9755 116.1848 117.6254 118.5636 119.6878 108.7781 112.8479 118.7446 119.8167 109.7148 110.6261 101.7779 106.2345 124.6481 122.9516 122.5525 122.3830 122.4506 122.2628 122.0254 121.8275 121.6235 121.3233 121.8064 107.9384 100.4493 112.7028 120.2813 120.2788 120.1543 120.0078 119.8623 119.7354 119.6106 119.5178 119.4284 119.3576 119.2421 120.0641 120.5204 120.0588 119.8883 120.9164 123.6248 106.7602 120.6525 119.1886 119.7570 119.8950 120.0383 120.1958 120.3577 120.5292 120.7149 120.8926 121.0891 121.2767 121.4794 121.6969 121.7519 123.3319 122.2985 122.4700
125.9000 125.1483 117.8564 117.4900 116.7486 108.9677 111.5286 115.3169 120.0300 114.4618 111.3645 109.9953 124.7145 123.6330 123.7302 123.2151 122.9735 122.9454 122.5526 122.4667 122.2305 122.0590 121.8631 121.7563 121.4393 104.5882 102.3339 120.3731 120.9779 120.6328 120.4936 120.3453 120.2122 120.0897 119.9799 119.8865 119.7967 119.7447 119.1391 118.7568 119.3481 119.4736 121.6205 109.2233 112.8182 109.0340 119.5809 119.9131 120.1225 120.2356 120.3774 120.5217 120.6770 120.8348 120.9989 121.1762 121.3521 121.5348 121.7183 121.9139 122.0557 122.3751 122.3867 122.5300
125.9400 126.3508 115.4891 110.4484 109.1745 114.7430 115.3886 108.4289 110.9481 111.8428 110.4378 110.3218 113.2311 123.8152 123.4434 123.3760 123.2780 122.9585 122.8419 122.6696 122.6782 122.2414 122.1443 121.7595 122.3415 119.7962 119.6866 121.1080 120.9663 120.9733 120.7980 120.6718 120.5456 120.4356 120.3393 120.2534 120.1058 119.9368 127.0365 121.1271 121.4032 119.8145 116.6542 103.9785 121.0334 117.6032 120.5077 120.3182 120.4546 120.6067 120.6772 120.8598 120.9716 121.1326 121.2840 121.4505 121.6131 121.7914 121.9706 122.1385 122.3223 122.5082 122.7016 122.7900
125.9800 125.9562 115.3703 118.4315 114.4077 111.7824 115.8877 111.6461 103.9899 103.6179 102.5166 102.6210 123.8765 123.9211 123.7256 123.1652 121.6423 123.1651 123.0231 123.0088 121.7348 122.1456 122.0275 122.2428 121.8396 122.0933 121.7948 121.1956 121.4087 121.1339 121.1307 120.9806 120.8712 120.7732 120.6802 120.6007 120.4061 121.9271 121.1545 120.4031 106.1600 121.3925 120.0801 120.1257 121.0746 120.3787 120.5471 120.7523 120.8088 120.6044 121.1650 120.9621 121.2822 121.4185 121.5623 121.7184 121.8737 122.0368 122.1989 122.3736 122.5363 122.7244 122.8960 123.0300
126.1400 126.0734 123.3842 118.3119 110.9426 106.8478 108.6207 103.7516 113.1709 107.2944 102.7255 103.7611 120.5361 124.0976 123.8083 122.6114 112.1265 124.4892 123.2097 123.9143 114.1824 118.0882 123.0179 122.3911 122.2969 122.4869 120.8092 120.4655 121.1561 122.0679 121.3663 121.2926 121.1958 121.0905 120.9818 120.9716 120.7303 120.8745 120.1035 121.0324 99.8196 104.6496 123.2705 111.8231 121.6691 120.8188 120.9335 121.0053 121.1054 121.9078 123.8231 121.4696 121.5918 121.6880 121.8353 121.9798 122.1227 122.2810 122.4032 122.6588 122.8177 122.9165 122.7655 123.0900
126.3300 126.5881 120.5937 117.8600 117.4650 117.4119 105.0295 116.3257 113.7169 106.5350 107.9870 122.3376 123.5101 124.2764 124.4346 125.4560 123.8204 123.7699 123.4091 122.8729 119.8097 123.1905 122.5768 122.6679 122.5632 122.5234 123.4279 122.0282 111.2465 121.9929 121.7512 121.5345 121.4698 121.4024 121.5237 121.1534 120.9825 120.3478 118.4741 121.0083 96.4243 119.0707 121.7751 109.1073 121.8188 110.9287 122.2766 121.0956 121.4128 121.5432 121.4124 118.9215 121.8789 121.9853 122.0967 122.2370 122.3835 122.5091 122.7241 122.8511 123.3154 124.6272 123.3724 123.3300
126.3300 126.2205 124.3766 120.7074 116.0444 118.3407 123.7784 112.2422 114.1896 109.4277 118.8555 116.7382 120.7012 124.4298 123.6362 121.5442 124.5530 123.5019 123.6286 123.4323 125.8366 123.1240 123.2375 122.7486 122.9001 122.4683 117.2510 114.2925 121.8007 122.4103 121.5395 122.1518 121.9875 122.1235 119.2098 122.1788 121.7748 122.0659 133.4388 123.9558 97.9846 106.4086 128.0639 122.8358 118.6674 120.6980 122.0450 121.5293 121.7278 121.7712 122.4677 118.2446 122.4052 122.2513 122.3524 122.4853 122.6107 122.8011 122.3039 122.3581 120.7783 114.1789 123.5037 123.6100
126.5300 126.2398 120.4127 120.3119 109.3304 117.5037 113.7106 112.1652 113.3242 109.4000 103.3250 107.3243 124.5511 124.4069 127.7694 114.0317 122.5099 123.7045 123.8817 124.2668 113.7803 106.7700 124.2937 122.7958 122.8230 122.6760 125.7445 111.7628 123.1464 122.7778 124.6988 118.7456 120.8407 122.7197 107.9095 119.2296 114.2156 121.6819 105.9179 104.2303 106.5123 104.5203 110.9492 120.1185 122.0442 121.9720 121.7726 121.8814 122.0091 122.1075 122.1141 122.8099 122.3031 122.5151 122.6150 122.7326 122.8705 122.9306 123.1185 124.2645 126.6376 118.6177 126.0016 123.8500
121.1000 124.4686 117.1316 119.1923 113.0708 111.4478 111.0137 111.0382 107.6696 108.1152 105.4180 111.3898 128.2711 124.8412 112.3815 100.2266 122.9222 124.6571 123.9295 123.9357 115.4357 111.7074 124.1176 123.3076 123.1961 124.5907 110.5033 101.6881 122.5485 105.8291 120.3843 121.3736 117.3835 119.6914 101.9804 109.0671 118.5506 125.3165 103.1408 107.4360 104.5877 124.4866 109.7305 123.6948 122.1349 122.1523 122.1554 122.1390 122.3073 122.3820 122.4691 122.4716 122.6979 122.7491 122.8457 122.9661 123.0856 123.2889 122.5540 123.4523 118.7984 112.6461 123.5518 124.0600
126.7200 116.7333 115.1164 112.5121 111.2856 115.6933 112.0060 112.7785 108.8635 104.8397 104.6896 102.4283 125.1304 126.8578 120.2839 120.5817 124.4624 123.8884 124.2564 124.1329 124.6208 126.0789 124.1469 124.4851 123.2090 124.2912 107.4828 124.8733 122.5421 100.9055 121.8167 117.3474 111.3388 117.8190 105.5314 102.2913 104.8273 108.0084 100.1326 124.4389 110.1420 116.2570 122.9023 121.9355 121.8678 122.4085 122.8370 124.1649 122.6368 122.6046 122.7312 122.8387 122.8115 122.9642 123.6374 123.1275 123.3712 123.4384 126.0519 115.8159 123.7377 125.4247 123.6549 112.0600
113.6100 117.2054 120.3619 113.4260 113.4311 115.3405 113.7162 107.9415 107.4152 108.6447 123.0892 120.4071 117.1833 112.4498 125.9231 124.3677 125.1159 124.5410 124.4315 124.2772 123.7438 124.1952 118.5934 121.1408 123.2471 123.6127 124.4492 123.0026 124.0879 123.5612 125.1058 97.9175 120.2204 112.6065 110.2102 107.9696 123.8406 117.4719 113.5150 121.2462 121.2311 113.6011 123.0829 124.2191 127.2431 121.5679 121.6018 112.9567 121.8926 123.1154 122.9544 123.0643 123.1636 122.9782 123.2535 123.4317 123.5536 123.5880 123.7398 122.6008 124.5525 123.9669 124.2413 124.3000
115.5300 118.1347 118.8259 115.5648 111.6419 114.3552 111.9089 107.9937 106.2070 105.8447 105.6046 108.4739 120.9558 126.0895 126.2519 125.1960 116.6778 124.4597 124.5753 124.4334 124.1281 123.8170 119.7508 121.2690 123.6384 123.7263 123.6238 124.0273 123.3971 107.2361 116.6142 98.1816 120.2546 123.7315 112.7752 113.3108 123.2455 123.9109 115.5737 123.5707 122.8609 124.0079 124.9447 116.6247 125.6817 110.2787 123.5982 108.1058 104.6932 123.9847 123.1577 123.3212 123.3626 119.6858 119.9089 123.6059 123.7685 123.8938 123.9830 124.3220 124.1765 124.3132 124.3973 124.5700
116.0400 115.7494 117.4737 119.9077 112.5995 110.7778 112.6297 109.2921 104.6249 106.1760 108.6758 106.2539 110.4862 125.8176 123.1189 103.5749 124.2866 127.7620 124.1895 124.6379 124.6236 124.3740 126.2741 120.4287 124.1865 123.5782 122.7591 120.0395 123.8094 125.6498 111.6443 105.2398 120.0915 123.1477 119.0312 125.4315 123.0411 123.2216 124.0715 122.9890 123.0868 122.9541 124.4656 109.0839 124.6525 123.9694 124.7049 108.7228 106.2831 122.4966 123.4399 123.6382 123.4252 123.7263 124.2696 123.7091 123.9946 124.0842 124.1980 124.2708 124.4241 124.5281 124.6369 124.7400
114.5400 115.9520 117.9251 118.9092 111.7561 112.3539 112.2087 111.1115 107.2982 107.8042 106.2850 108.5830 129.1081 124.9900 127.0492 121.6206 116.6672 107.5391 126.9156 124.3780 124.3171 124.9571 119.6263 124.9025 123.4276 126.9385 122.4652 125.3115 124.7271 111.8475 107.1584 113.0600 124.6634 123.3007 124.0630 123.2070 123.4616 123.4242 123.3140 123.4202 123.3869 123.4950 123.8805 118.1411 124.3546 123.1080 123.2028 123.2879 124.6340 114.9460 124.0328 123.8045 123.8616 123.9159 123.9600 124.1471 124.2007 124.3009 124.3986 124.5072 124.6103 124.7245 124.8332 124.7900
127.2900 114.1934 114.0515 113.7235 112.1986 110.0953 114.1998 111.9952 106.9509 106.9089 106.1727 120.3526 127.0759 125.3350 126.3288 124.7422 127.6150 123.2716 120.7046 125.6515 125.4412 127.8095 99.5135 123.7881 125.6127 124.7017 106.9254 121.2126 114.5126 106.7668 110.3342 114.4380 124.1846 123.9526 123.7122 123.7938 123.7533 123.7412 123.6305 123.6421 123.5552 123.3879 123.6787 123.6347 123.8087 123.6409 123.8528 123.4209 123.1428 118.1702 123.9674 124.0580 124.0774 124.1595 124.2439 124.3175 124.4104 124.5040 124.5975 124.7014 124.7996 124.9096 125.0177 125.0100
127.2900 114.2252 113.8432 112.8167 113.1723 113.1919 106.7074 113.5027 109.6835 107.4125 116.4320 126.0458 125.9604 125.9179 125.6551 125.6507 125.1412 126.1348 125.4666 125.5519 110.3412 109.3342 113.0717 126.4059 108.2768 120.4869 106.9521 120.5766 116.1191 118.5979 120.2095 125.9089 123.9784 124.0909 124.0399 124.0093 123.1543 123.6027 123.8195 123.8867 124.3188 124.7221 123.7615 123.8968 123.8945 123.9414 123.9665 124.0612 124.0655 124.8581 124.0720 124.2639 124.3001 124.3790 124.4495 124.5335 124.6148 124.7020 124.7937 124.8937 124.9904 125.0935 125.1932 125.2100
113.6000 115.4788 114.0271 113.1178 114.7662 114.8614 112.7105 110.3720 112.5387 119.6459 126.2184 127.1023 126.0701 126.0420 125.8744 125.7613 125.6392 124.1810 105.2256 124.7450 103.2073 101.5106 106.1934 125.2926 101.4748 116.2292 124.6948 126.8046 108.2578 110.3249 125.4240 124.2768 124.3507 124.2667 124.3512 124.4644 120.0006 126.1636 123.8007 124.1284 125.6348 107.4943 126.2468 123.9073 124.1545 124.1930 124.2193 124.2412 124.2995 124.2480 124.4433 124.4766 124.5161 124.5909 124.6539 124.7365 124.8147 124.9001 124.9905 125.0849 125.1756 125.2732 125.3759 125.3800
114.7600 115.1739 114.3365 113.2194 112.5484 112.0353 115.6809 112.1680 110.7976 121.5747 110.8953 127.1263 126.1928 126.1489 126.0245 125.9232 125.9618 126.1344 110.5253 117.2696 103.0600 117.1768 104.2501 107.9889 100.4499 118.0270 125.2107 127.3500 109.9756 120.4593 124.6361 124.7574 124.5100 124.5119 124.5409 125.2150 119.6316 125.1341 123.2830 124.3012 111.5595 119.4631 125.3501 124.2739 124.3706 124.4112 124.4428 124.4787 124.5169 124.5760 124.6025 124.6562 124.7294 124.7964 124.8623 124.9338 125.0188 125.0944 125.1757 125.2690 125.3607 125.4455 125.5474 125.6100
114.1700 115.0481 113.6463 112.8584 113.1371 116.8076 118.7115 105.4161 119.9718 114.5656 115.9344 126.4719 126.2176 126.1559 126.1467 126.1061 125.8696 126.2164 112.1828 106.4009 122.7258 123.6222 107.0478 106.1952 112.9688 119.8246 123.4328 108.0765 125.0029 126.2887 124.7983 124.8188 124.8143 124.4808 125.8493 111.1343 111.6791 111.8434 124.5842 124.4401 103.5489 115.0532 125.0754 124.4932 124.6018 124.6403 124.6597 124.6874 124.7199 124.7727 124.8251 124.8822 124.9386 124.9993 125.0626 125.1308 125.2081 125.2790 125.3750 125.4562 125.5043 125.6411 125.7491 125.8100
115.6900 114.6477 113.6470 104.7733 114.8779 113.0400 118.2254 126.1284 113.3799 128.8555 123.2672 116.9292 128.2039 127.2786 126.4600 126.2059 126.8552 124.3443 99.0056 126.3352 127.0882 120.6098 113.5235 108.7819 121.2709 112.5734 107.4063 108.5777 112.2026 124.8619 125.1010 125.0026 124.9867 125.5123 115.7540 124.2457 106.2452 117.4016 124.7825 125.4884 126.3396 125.8813 125.0882 124.8050 124.8222 124.8551 124.8765 124.9385 125.0140 124.9976 125.0231 125.0825 125.1335 125.2003 125.2648 125.3251 125.3949 125.4928 125.5069 125.6370 125.6922 125.7692 126.2258 126.0000
114.7900 114.4186 114.8596 119.2733 117.6641 122.1918 125.3798 127.9540 122.1476 131.3171 106.5679 115.9704 125.9604 118.2488 125.7420 125.6620 122.5614 129.6699 119.3391 115.9543 120.7602 107.8048 117.5710 119.9381 112.9951 101.7261 117.9180 115.8533 124.4396 126.1118 125.2189 125.2198 125.1869 125.5988 125.3898 122.3635 117.1165 126.2283 125.2643 124.6827 124.5852 124.7027 124.8294 125.0231 125.0367 125.0619 125.0954 124.9761 124.8933 125.1663 125.2757 125.2705 125.3381 125.3917 125.4545 125.5159 125.6382 125.5813 125.7498 125.8165 125.0408 126.0834 126.3281 109.7000
114.8300 113.9996 117.0850 120.7301 122.8941 127.8933 127.3669 127.6740 128.1704 109.8537 104.6386 107.5830 119.9864 123.3003 126.7007 128.2283 113.3395 125.7383 116.2120 127.3879 111.6171 104.5729 106.0057 109.3699 116.2000 113.7819 110.0804 126.2055 125.4371 125.5329 125.4685 125.4069 125.3843 125.2986 124.9830 125.3372 125.3000 125.8784 121.9611 125.7407 124.9415 125.3071 125.2165 125.1940 125.2564 125.2681 125.3087 125.1655 126.0932 125.5192 125.2968 125.5718 125.5279 125.5863 125.6232 125.7023 125.7506 126.2965 122.1829 127.6924 123.1247 126.1331 126.8551 126.1800
128.1000 128.8011 121.2940 126.5168 127.7410 127.6834 127.5579 127.3037 127.2226 127.1432 126.2646 101.0359 123.9235 122.2865 125.6685 126.2747 126.5542 126.6465 107.4869 116.5516 106.2163 103.7597 105.1872 107.3643 113.1602 118.9098 125.2979 123.1134 125.6906 125.7694 125.6788 125.6477 125.5825 125.5786 125.4588 125.4124 126.6350 116.1290 123.0512 124.8835 124.8770 125.4521 126.3627 124.8072 125.5602 125.4450 125.5071 125.3568 124.2268 114.1995 125.9449 125.7075 125.7474 125.7954 125.9615 125.8869 125.9644 125.5801 129.8265 123.7451 126.5699 125.9056 127.0884 114.6200
128.2300 128.0501 128.1178 127.7693 127.8763 127.7545 127.6113 127.8912 124.5886 128.4217 124.9206 114.8867 134.2461 119.2980 127.5473 127.5293 126.3531 114.0409 116.1748 130.2771 120.2948 104.3967 103.7553 121.1249 128.3923 126.5560 124.6449 121.9597 125.9089 125.9073 125.8013 125.7008 125.7780 125.7400 125.7187 125.4306 128.0912 110.4032 115.8849 125.1483 125.2448 125.6458 127.3061 108.5308 127.7605 125.2957 125.6802 125.6612 125.9509 126.1969 125.9976 125.8854 125.9289 126.0325 124.5563 126.2882 126.0571 126.2588 126.2001 127.1116 126.1385 117.9689 118.5827 118.3000
128.2700 128.2221 128.1791 128.0759 127.9706 127.8870 127.6698 128.5245 127.5804 127.6591 128.5915 121.8347 117.6773 113.2841 112.0752 126.2591 122.8096 108.4304 123.1153 127.3365 118.2085 107.0028 107.0403 108.5079 126.2874 125.7224 118.2840 123.7821 125.9827 125.5827 125.9905 125.8283 125.9716 125.9240 125.8818 125.8276 126.0736 124.1989 110.8708 126.1337 125.7463 125.8526 125.7863 125.1412 126.2339 125.7147 125.8703 125.9062 125.9175 125.8320 125.9015 126.0496 126.1147 126.7352 113.2579 127.6527 126.1839 126.2459 126.4232 128.5009 126.9504 123.2230 108.8363 105.8200
128.4100 128.3687 128.2743 128.1825 128.0915 127.9975 127.9508 127.7118 127.5182 127.7374 127.2288 129.1730 114.0562 104.2893 104.5004 110.7496 115.6702 106.8570 124.8225 124.0037 118.6478 107.5522 113.4227 105.4928 125.0073 127.2580 126.5950 119.4080 126.4068 119.2227 125.7878 126.0615 126.1388 126.1179 126.0785 126.0490 125.6584 126.0432 126.6236 126.4431 126.4666 126.0138 126.0505 126.0023 125.8970 125.9726 126.0659 126.0931 126.1225 126.1821 126.2229 126.2163 126.2613 127.2696 121.4457 127.2475 126.3442 126.5331 127.5500 112.0834 121.3254 120.4800 114.3106 109.2300
128.4200 128.4500 128.3600 128.2700 128.1900 128.1000 128.0200 127.9200 127.8500 127.7400 127.6700 127.5600 105.3600 127.3800 117.4400 105.2000 105.2000 107.2200 127.0400 126.9100 126.9500 106.7700 126.7600 126.7600 126.6600 126.5500 126.5800 126.1700 126.1700 121.2600 126.3800 126.2500 126.2700 126.2900 126.1500 126.1600 126.1800 126.1900 105.8400 105.8400 126.0300 126.0300 126.2000 126.1900 126.1900 126.1700 126.1600 126.1500 126.2900 126.2700 126.3800 126.3800 126.3400 126.4600 126.4600 126.5800 126.5500 126.6600 126.7600 116.4300 125.5500 109.3900 108.9800 106.8100
