127.7400 105.7500 105.7500 124.8400 127.7500 127.7400 127.7400 127.7400 127.8700 127.8600 127.8400 127.8300 127.9500 127.9400 127.9100 132.6100 128.0100 128.1100 128.1100 130.4300 116.6200 118.4700 128.2700 128.2500 128.3400 128.4200 128.5100 128.5100 128.5900 128.6700 128.6400 128.7500 127.5400 123.8800 123.8800 121.2600 129.0600 129.1300 129.1900 129.2900 129.3500 129.3500 129.5100 129.5100 129.6500 129.6500 129.7200 129.8900 129.8700 130.0300 130.0300 130.1600 130.2500 130.3000 130.3800 130.4600 121.5200 119.9900 121.0300 130.7300 130.8800 130.9500 131.0000 131.0000
127.7400 117.3283 109.3536 121.9880 124.8744 127.9732 127.6311 127.7027 127.7278 127.7378 127.7539 127.7770 127.8011 127.7995 127.7350 127.1316 126.4323 128.1030 127.3772 120.8724 116.0704 127.7016 127.6784 128.2043 128.7623 128.3416 128.4308 128.4576 129.5538 122.5804 120.6659 123.3772 112.5836 126.1440 109.0009 116.8485 130.2944 128.8252 129.0795 129.1562 126.1979 129.3664 129.5327 129.4765 129.5501 129.6263 129.7014 129.7726 129.8511 129.9050 130.0035 130.0773 130.1551 130.4143 132.3506 126.6394 121.7582 126.9969 126.4671 117.0476 113.4762 129.8629 130.7747 130.9800
113.2800 128.2712 126.3596 121.5767 124.9359 127.6576 127.7510 127.5418 127.5547 127.5850 127.6034 127.6226 127.6449 127.6777 127.7309 127.7976 127.7789 127.4419 132.7776 127.9304 118.1502 126.3538 128.4865 128.7072 122.7771 128.4805 128.2222 128.1844 117.6573 128.1981 121.7157 111.6432 112.8102 117.4011 117.0966 113.7383 125.8499 129.5665 129.7114 129.3724 127.6456 128.3279 129.3213 129.3558 129.4412 129.5196 129.6006 129.6793 129.7626 129.8489 129.9997 130.0185 130.1593 130.5655 121.3501 125.1798 120.1684 130.6558 132.0250 129.7608 129.2005 131.3170 130.9636 130.9700
127.3000 123.4856 121.4142 121.9682 129.9110 124.9254 127.0451 127.5016 127.4544 127.4239 127.4429 127.4632 127.4891 127.5176 127.5110 127.5494 127.5732 127.4910 129.4579 111.7600 116.2750 129.7321 120.1631 114.9618 130.6997 130.5229 128.1933 128.5989 126.6935 117.7234 120.3104 105.7148 118.1691 126.8310 113.1082 122.0136 128.3061 127.4509 129.1126 127.7671 126.4509 129.5042 129.0753 129.2484 129.3457 129.4228 129.5048 129.5920 129.6521 129.7219 129.3283 130.4332 129.9936 123.7487 121.4365 131.9834 128.6122 130.3914 124.6295 131.8679 131.1935 130.4812 130.7681 130.8400
127.1500 124.4502 125.8730 121.9439 123.6759 125.8520 127.7017 125.9833 127.1159 127.2532 127.2814 127.3072 127.3304 127.3589 127.4025 127.4328 127.4518 127.4914 127.9163 124.4893 130.5534 140.2884 116.4431 127.2753 125.8679 127.8096 128.1812 124.7291 129.0624 130.5149 129.9731 117.7933 118.5047 130.8825 125.4728 120.9400 127.5445 129.2186 128.7026 129.1133 128.3602 129.1058 129.0433 129.1676 129.2444 129.3247 129.4106 129.4457 129.9461 129.4871 129.7597 134.4059 114.2425 116.9580 118.1943 116.2656 126.2570 128.1943 118.9899 130.4273 130.4631 130.8726 130.6667 130.7500
127.0000 131.5946 127.4778 120.8918 127.5517 123.7975 125.0555 124.1803 127.4141 127.0775 127.1196 127.1443 127.1841 127.2004 127.2226 127.2595 127.2970 127.3393 127.4221 127.4141 127.5425 125.2519 115.6645 128.2338 128.0568 127.7372 127.7898 128.1105 129.6249 117.6818 125.3632 124.2333 115.3577 129.9079 128.0354 129.4485 128.4742 128.5514 128.6849 128.7030 128.8944 128.8769 128.9594 129.0546 129.1404 129.2239 129.3113 129.3481 129.4279 128.9194 129.0896 112.0958 119.2571 118.1489 125.7214 127.1386 124.9309 115.1775 117.9388 127.7698 130.5919 130.9220 124.9296 130.7200
126.8500 123.5173 120.4093 126.3153 120.8213 126.6174 126.3239 123.3789 126.5483 126.8655 126.9452 126.9611 126.8760 126.9962 127.0754 127.1041 127.1395 127.1873 127.2195 127.2841 128.1483 115.8294 119.0904 128.0483 127.2736 127.6476 127.7677 127.5496 128.1234 123.8176 127.3517 106.5941 121.8216 115.7310 118.6214 129.1239 128.2993 128.4567 128.5479 128.6224 128.7002 128.7832 128.8636 128.9548 129.0308 129.1202 129.2092 129.2371 129.7691 126.0951 121.4730 120.1183 118.0461 129.3814 117.7071 130.7329 125.5219 114.4134 123.8575 131.0614 130.4278 128.9705 129.1549 125.2300
123.4700 120.2405 114.4837 121.4692 119.6994 127.6931 122.3284 123.2897 127.1928 127.0156 126.7963 126.9450 127.5435 126.9965 126.8886 126.9433 126.9851 127.0216 127.0554 127.0963 127.6340 120.8659 129.1862 126.9735 127.4356 127.4735 127.5639 126.7145 131.9024 116.0958 128.1201 121.5544 127.9420 115.0021 129.2844 127.9158 128.4047 128.2841 128.6947 128.3969 128.6140 128.6646 128.7617 128.8365 128.9252 129.0120 129.1048 129.2099 129.5423 128.4309 123.9191 115.7396 130.1628 130.2230 130.7936 120.8226 125.7090 130.4089 130.3242 130.0210 130.5361 129.8197 131.8541 116.9400
123.0000 122.1726 111.7769 125.5039 122.9241 127.1086 125.9692 121.6391 126.3277 124.2209 126.5929 124.5377 121.1732 126.6045 126.7185 126.7726 126.8204 126.8563 126.9052 126.9640 127.2494 126.3578 125.4898 124.2562 127.2238 127.3550 127.3974 126.7160 122.8047 119.8879 126.8723 123.3242 125.5758 129.3001 128.0244 127.8396 128.1311 127.4430 127.1143 128.6425 128.0415 128.6145 128.6341 128.7365 128.8253 128.9094 129.0102 129.0644 128.4536 129.2442 133.0370 123.0526 129.9325 129.1983 129.7803 123.7003 130.5380 122.9531 130.7618 130.0545 130.3570 130.5210 133.0467 118.1500
120.7100 122.2973 112.6733 116.8714 123.8930 127.3146 121.2245 125.8470 126.5587 122.8586 127.2402 122.9754 122.7078 126.8688 126.5101 126.6028 126.6455 126.6871 126.7315 126.8316 126.8700 126.4614 127.8683 127.6286 127.4474 127.0702 127.3227 126.6719 133.2637 127.0597 126.9971 127.6635 127.5591 127.5431 127.9175 128.0143 128.0072 131.9993 114.5840 122.9962 128.8506 128.4193 128.5409 128.6282 128.7155 128.8090 128.8957 129.0583 128.1266 126.6828 131.5179 129.3279 129.4569 129.7369 117.7866 117.5710 128.3991 129.9199 129.9217 130.0851 130.1638 129.8416 130.6614 130.3700
115.1900 116.2322 116.7078 119.8211 119.0679 121.9526 125.5198 125.4702 125.5965 124.1435 121.8980 115.1599 125.7843 126.6544 126.4051 126.4260 126.4765 126.5520 126.5715 126.5748 126.3641 126.7684 127.2152 115.2501 126.8831 126.9180 127.1252 127.0799 126.7509 127.2890 127.4047 127.4651 127.5994 127.6321 127.7281 127.8185 127.9618 127.8129 119.5614 118.3447 128.5512 128.3082 128.4371 128.5209 128.6132 128.7033 128.8062 128.7242 129.4440 129.0697 128.8869 129.2196 129.4243 130.2607 120.4600 120.6193 121.1107 130.1147 129.7037 130.0252 130.0865 130.4306 131.2180 130.3600
126.0200 111.7563 126.4650 114.0027 113.7892 116.3219 126.1292 125.3351 126.8130 119.3866 115.0281 121.1059 120.4534 126.0907 126.1980 126.2530 126.3175 126.1767 126.3793 126.5270 126.5117 126.4778 128.2311 125.4944 128.3304 126.8500 126.9203 127.0438 127.0861 127.1949 127.2600 127.3382 127.3898 127.5035 127.5894 127.6681 127.8568 129.2928 127.5914 125.4584 129.5801 128.1158 128.3139 128.4035 128.5031 128.6047 128.6875 128.8012 128.8099 128.9808 129.0601 129.2510 129.8067 132.7205 118.2309 113.7176 126.5686 130.1643 129.8853 129.9017 130.0853 129.8272 129.7434 116.2900
125.8500 113.1269 120.6854 115.3778 128.1277 109.9693 120.7989 120.6890 118.0308 119.3304 118.3524 121.5611 125.1206 126.2615 125.9478 126.0596 126.6108 127.3965 126.4091 126.2863 126.3423 126.5619 127.6244 125.4352 126.6976 126.6949 126.7866 126.8717 126.9436 126.9476 127.0760 127.0496 127.3255 127.3585 127.4559 127.5445 127.5624 127.1662 126.5719 129.0630 128.0211 128.1676 128.2020 128.2994 128.3939 128.4945 128.5845 128.6834 128.7809 128.8829 128.9551 129.1802 125.7561 119.9142 131.2215 119.9473 125.5999 129.7290 129.7452 129.8178 129.9663 130.6747 129.0318 116.2900
110.5200 114.0395 127.0688 124.1819 128.8290 124.0695 128.9870 127.4890 116.5490 124.3363 123.7408 115.6996 124.8285 125.5271 125.8550 125.7522 127.3952 114.5046 126.2955 126.1449 126.1660 126.2693 126.2984 126.3950 126.3525 126.4084 126.5452 126.6920 126.7585 127.9112 126.8883 127.9379 127.0178 127.2329 127.3233 127.4770 127.2785 129.8150 136.3951 116.2524 128.1765 127.8201 128.1114 128.1934 128.2883 128.3871 128.4864 128.5859 128.6816 128.7770 128.9103 128.8860 128.8658 127.0342 134.4025 119.7395 125.0565 129.5161 129.6917 129.7993 129.6662 129.8597 116.2884 117.8000
128.6300 121.9479 125.6444 126.0026 125.7106 125.8202 119.8453 123.5213 125.8046 126.9710 124.9294 115.4017 124.4727 125.4913 125.6741 125.6384 126.7787 123.2782 127.4233 125.8661 125.9756 126.0422 126.0499 127.4043 127.4500 125.9542 126.5927 126.5806 126.7352 123.1129 115.6197 126.7632 126.9933 127.0915 127.1929 127.2787 127.4750 128.0831 123.1213 129.3358 128.4746 127.8699 127.9808 128.0804 128.1832 128.2813 128.3837 128.4839 128.5878 128.7080 128.8207 128.8605 130.1511 130.0897 129.2016 118.4011 129.7497 129.2357 129.6284 129.6846 129.6846 131.4642 127.4786 117.8000
125.1200 125.8160 125.3257 125.1053 125.0511 125.6935 116.7250 122.5067 125.0218 125.4132 125.7346 121.4449 124.4237 125.3559 125.4639 125.4421 124.8158 128.6436 126.9094 125.9055 125.8650 125.9324 128.4111 111.6574 113.3004 122.4983 127.4212 125.9776 126.3061 127.5939 125.6870 127.0356 126.8379 126.9559 127.0460 127.1524 127.2675 127.3528 127.2343 128.0702 127.6581 127.8184 127.8528 127.9733 128.0763 128.1754 128.2802 128.3841 128.4875 128.5631 128.7094 128.5931 128.7054 129.3421 130.4665 127.5378 129.8215 129.4276 129.5123 129.6123 129.7258 130.0401 129.6629 120.1400
124.9300 124.8353 124.9271 124.9462 124.8645 125.4974 115.5623 121.7658 125.5222 125.0978 125.0177 125.3670 125.2079 125.1976 125.2625 125.3129 125.2399 124.9116 125.5530 125.3629 123.2431 125.6213 120.0641 126.6486 106.4650 108.4121 124.6215 123.4605 126.1549 126.2813 126.6478 126.5703 126.7262 126.8034 126.9295 127.0147 127.1248 127.3041 127.2485 127.5272 127.5967 127.2468 127.8410 127.8482 127.9627 128.0711 128.1751 128.2803 128.4095 128.3627 129.9215 128.6790 129.5451 121.2636 125.3913 129.3123 129.4354 129.2896 129.4451 129.5359 129.6539 129.6223 130.0658 129.9400
124.7300 124.8191 124.7789 124.7435 124.7521 126.2310 115.2920 122.0842 123.8369 124.8220 124.8757 124.8666 124.9645 124.9946 125.1025 125.4760 125.4253 125.3515 125.3145 125.5511 125.1513 127.6360 125.8916 123.3291 112.5942 113.9698 109.7893 119.9550 126.5079 127.0085 126.1885 126.5899 126.5786 126.7308 126.9372 126.7837 126.8942 127.8113 130.4221 129.4513 124.8634 127.8553 127.6237 127.7429 127.8500 127.9583 128.0875 128.1790 128.2852 128.3992 128.3386 130.3686 118.3406 128.3823 129.4956 126.1487 127.7366 129.2981 129.3685 129.4609 129.5615 129.6605 129.6862 129.8300
124.5300 124.5116 124.6478 124.3765 120.5606 113.8982 117.1770 124.3289 125.6010 124.4752 124.6736 124.7177 124.7429 124.7669 125.1243 119.1192 125.2236 124.9542 125.1188 125.1691 125.2604 125.1743 122.1624 117.8038 121.6626 132.5600 110.7806 119.9493 118.3322 126.0653 126.0756 126.4455 125.5080 127.0377 124.9852 126.7279 127.8636 107.5701 119.7548 124.6081 107.8638 128.5613 127.2445 127.6502 127.6963 128.0876 127.9468 128.0904 128.1974 128.2952 128.4607 128.3800 128.6632 128.6299 128.8274 129.5228 129.2781 129.1497 129.2853 129.3888 129.4894 129.6054 129.7147 129.8000
124.3200 123.3761 122.9163 123.8207 120.9705 115.8868 112.0475 128.3003 123.9952 124.4653 124.4528 124.4878 124.6461 124.6606 125.0720 120.6116 124.7154 125.2875 124.8964 124.9210 125.1706 125.1943 129.4531 126.6310 122.7399 121.8241 114.7835 115.3757 124.2043 119.3984 126.3935 126.3082 122.2033 126.6733 123.3355 123.1521 115.5990 126.2099 104.6794 107.7554 131.2193 130.3539 126.9905 127.7581 126.7321 127.4132 127.6658 128.0107 128.0119 128.2204 128.2722 128.2563 129.5512 122.0840 129.2689 128.7091 128.8409 129.1023 129.2036 129.3158 129.4178 129.5270 129.5424 129.7000
124.1100 114.0517 117.5524 122.7110 124.9331 126.2167 111.0587 125.4516 124.2175 124.1813 124.2167 123.8565 124.1923 122.9825 119.7606 124.6477 118.0280 124.2959 124.8259 125.3392 124.9622 124.7681 124.4741 125.1803 127.0795 117.5783 118.2921 111.3072 132.6977 121.8506 125.9249 126.3026 112.0210 116.1430 116.7586 114.0583 105.7503 116.5347 110.1258 115.3014 122.0843 118.8486 127.2217 125.2033 125.0581 124.8276 128.0443 127.8548 128.7079 126.7211 128.1470 125.1127 124.1503 114.8087 121.7132 125.6111 129.2209 128.9057 129.1388 129.2473 129.3412 129.4561 129.8617 129.6700
123.9000 122.4361 122.3369 119.8569 125.4743 124.7745 117.9965 124.5014 123.9189 123.9555 123.9773 123.2760 123.8958 109.1384 118.7855 114.3548 120.8808 124.3994 122.2057 123.0713 124.6389 124.8668 125.3187 124.9938 115.0012 112.2817 113.2706 115.8183 130.9508 122.1406 123.9521 117.1828 116.2425 114.6005 102.1815 104.5058 103.8232 103.1530 103.7345 102.8837 128.9005 119.4379 127.8928 123.9019 128.2738 130.1548 127.0977 127.7959 127.4186 121.7253 124.6735 120.1865 115.2563 106.0399 109.0172 127.7954 129.7183 129.7699 129.1054 129.1709 129.2704 129.3635 130.2758 129.5400
119.2500 117.7662 119.1465 107.7468 124.6042 123.6480 125.5050 123.4235 123.6930 123.7333 123.8116 123.7781 124.5896 123.4756 123.4648 122.4644 120.2064 125.1569 119.2970 124.9744 124.2608 125.1046 124.1106 123.1912 118.1691 116.4528 110.5099 121.1610 110.1670 127.4761 126.5734 117.2485 121.5984 101.6769 104.8239 104.4350 104.5713 112.3674 112.6142 112.1966 126.5878 120.0204 127.4943 127.2077 126.0702 115.1620 126.5064 127.5007 121.2228 112.5795 115.0616 111.2648 108.6762 107.5431 109.2517 128.0676 128.5384 129.3928 128.9624 129.1032 129.1989 129.3296 129.2891 129.5400
107.9300 114.6388 111.0154 111.6512 123.9665 123.0133 121.1048 123.6286 123.4182 123.2753 123.0454 123.8407 123.2533 121.8014 110.5855 110.5532 123.3386 117.8441 118.7367 124.2555 123.5768 129.2950 116.6523 132.5181 126.3651 125.3317 115.8696 113.1320 113.7093 120.9266 115.8202 120.8151 121.7824 108.1240 103.8218 104.0478 103.4572 123.1244 125.2772 127.9126 124.5169 127.1645 129.0352 116.4257 127.5367 126.6646 127.5691 126.7470 119.3881 115.7529 105.4709 108.4871 109.7714 121.4715 121.5613 128.7678 129.6204 129.2720 128.7249 129.0555 129.1304 129.2549 129.3841 129.4100
122.5600 117.3339 116.7698 119.5185 123.2429 123.3397 123.3704 123.0774 123.1450 125.6359 127.5304 115.8678 125.1434 118.8799 122.8226 114.0351 111.4719 116.8816 129.6762 124.0355 123.4339 126.8998 123.5481 125.2967 123.2708 120.0154 114.1107 118.6697 119.2903 129.7043 125.0120 124.2001 105.3795 119.6169 104.3551 104.3150 103.8530 118.4709 115.3598 114.2925 124.9852 127.3464 123.9976 119.2564 128.4954 107.3232 127.7454 119.7988 110.7181 108.4830 107.8145 105.8450 122.2323 125.5772 125.0222 126.7930 127.5090 117.4678 129.8938 128.9458 129.0550 129.1809 129.2960 129.3700
122.7300 122.6685 124.1192 123.4856 122.8075 122.7669 122.8170 122.8053 122.7959 130.0768 136.8501 122.3378 121.9816 111.6075 128.4384 121.7996 115.6986 120.4797 121.9952 123.7500 123.9726 123.9169 124.1681 124.1570 124.7051 118.0271 107.1461 119.7985 132.9576 122.9340 125.6250 120.3531 120.4968 102.8594 104.0973 100.6286 114.9030 121.4953 111.3099 112.2154 117.2972 121.2193 104.3978 125.9805 128.1294 121.4956 130.0557 129.8302 119.7082 105.1583 111.1267 122.6562 126.3616 128.0505 127.1116 127.7178 127.9623 124.9503 128.6973 128.8943 128.9927 129.1147 129.2309 129.2600
122.4700 122.5585 122.1660 122.3798 122.5555 122.5637 122.5757 122.6705 123.0752 128.3245 124.6881 124.2603 124.0771 128.0348 123.6437 122.5629 117.4725 123.8171 123.1258 123.5350 123.6636 123.8035 123.5631 126.2756 124.6250 123.5015 124.4826 120.7476 123.0029 121.8228 113.7635 119.3430 121.2159 114.9070 104.0106 113.5688 133.3274 124.5002 118.1072 119.4226 126.7667 118.4411 127.6687 125.2156 126.2902 125.2047 123.7788 103.1138 120.3399 123.4989 123.7169 122.9901 127.6088 126.2599 128.5024 128.6552 125.9297 128.5626 129.0934 128.8318 128.9326 129.0482 129.1596 129.2400
122.2100 122.1922 124.7724 122.5461 122.2970 122.2647 122.2937 122.3710 122.1707 122.1930 122.1775 122.4468 121.7172 122.4080 122.8710 122.3091 122.3676 123.4636 124.1973 123.4375 123.4247 123.5428 123.8562 118.5146 118.1637 125.1834 120.7221 114.5457 127.6657 122.5035 122.7190 121.6398 124.2591 125.5961 104.0133 109.6605 130.8646 135.7879 123.3041 126.1300 126.2435 125.9283 126.7966 126.5780 126.9334 127.5623 111.2213 105.1186 125.4093 123.6472 127.3233 126.2033 126.8649 127.8312 125.3064 125.6514 133.9278 131.5628 128.4124 128.7332 128.8630 129.0081 129.0978 129.2100
121.9400 121.9674 122.0088 121.9363 121.9583 121.9810 122.0058 122.0958 122.1548 122.1732 122.2597 122.2734 122.6676 122.4249 122.5614 121.9267 122.7492 123.1786 124.0798 118.2067 123.8887 123.3673 123.5860 123.4996 124.4110 116.0446 114.1742 114.4113 123.9385 118.4016 124.6682 124.7205 125.1613 123.5049 114.5255 112.0806 110.9865 115.9970 125.2659 124.4355 125.5182 126.4001 127.6229 126.9010 126.8942 103.5029 126.3157 123.7694 125.9880 124.4314 127.7036 127.9388 113.1212 125.8722 127.4269 124.0754 129.1827 128.3326 128.5496 129.2986 129.1424 128.9917 129.4771 129.1000
121.6600 121.6771 121.6721 121.6636 121.6593 121.6750 121.7043 121.7250 121.7761 121.8299 121.8874 122.2684 120.8508 122.3523 122.1239 122.4890 122.5902 122.4350 123.4643 124.4468 126.0479 123.1538 120.1423 120.5107 121.4854 121.2546 115.9118 106.7674 128.9471 126.7891 123.9484 125.3684 124.6920 124.4457 107.5240 121.8381 117.8436 127.1315 125.7339 125.3247 125.2642 127.8311 125.0233 121.2994 103.9540 118.1302 126.6551 118.5779 109.3226 121.4902 124.2881 116.1045 120.4443 122.6155 120.7932 129.4755 124.1752 127.8384 128.9501 129.9828 128.8006 130.0987 127.3996 129.0800
121.3800 121.3606 121.3403 121.3270 121.3449 121.3582 121.3927 121.4384 121.4751 121.5725 121.7061 121.7853 122.3759 119.5657 123.2656 122.1567 122.2587 122.3483 122.5166 122.0927 122.6372 122.7468 122.7181 120.5845 121.0151 115.1578 122.4237 118.1519 119.6821 111.4678 121.2597 120.7694 122.6192 112.1833 118.7067 129.3261 128.4596 123.2950 123.0181 122.1593 125.8189 125.9708 124.2257 117.2174 121.0555 123.1672 125.4500 118.4527 110.2081 108.6207 113.0622 106.9359 123.6683 117.8575 108.8828 119.4337 102.9755 130.1678 129.4647 129.1582 130.0760 130.5679 116.1766 130.2900
121.0800 121.0345 121.0169 121.0157 121.0222 121.0406 121.0686 121.0878 121.2173 121.1583 120.9971 121.5119 120.9284 121.8768 121.4280 121.8020 121.8645 122.5176 122.3342 122.2968 122.7360 126.5574 113.2936 121.1678 112.3292 111.7863 121.0070 115.4810 114.3008 118.5094 119.2481 107.4719 112.5734 114.9043 107.0772 101.0282 126.1093 128.7635 117.1334 123.3570 123.0753 123.6891 129.3602 131.4670 110.4956 115.3177 125.6472 110.5854 103.6473 113.3437 106.2732 106.9471 117.0687 106.7366 110.5933 108.6734 119.0366 130.4143 129.8539 128.6028 130.2641 130.5171 130.6398 129.4500
120.7700 120.6938 120.6825 120.6708 120.6784 120.7011 120.7414 120.7697 120.7494 124.5984 121.6586 121.0764 121.2176 121.2655 121.4071 121.7195 116.9586 119.5814 120.7588 122.9364 119.6853 124.1225 110.4167 110.2626 111.0222 100.5680 115.8287 124.1525 124.5732 120.5609 128.3785 105.8171 114.4403 117.6337 111.9391 109.6589 114.4998 130.9376 119.2942 115.2665 117.1869 123.6146 119.6125 115.7316 115.7325 120.3835 115.2171 135.0822 107.2107 116.0498 130.9361 103.8985 105.5077 104.3085 103.9591 125.6136 129.0694 128.6800 129.3160 129.9171 129.6001 130.1880 128.8649 129.4400
120.4500 120.3995 120.3248 120.3244 120.3255 120.3500 120.3911 120.4291 120.4557 120.5174 120.4878 120.8096 121.1796 120.9567 121.4430 120.0173 113.9917 117.8378 118.8140 121.7374 122.8304 120.5622 111.7886 104.1286 113.8829 116.0181 116.3899 123.2419 123.4215 122.7440 118.0775 118.7454 115.1019 114.1414 115.0237 112.7211 117.1268 117.4281 118.9767 121.3952 122.9867 114.2892 110.7332 117.1819 126.6510 129.4586 109.7670 112.2129 102.9268 102.2555 103.5336 105.0149 119.5613 104.7201 111.7252 128.3823 127.2719 128.2268 128.9110 129.4331 128.6277 129.6138 129.8911 129.4400
120.1200 119.6346 119.9786 119.9552 119.9612 119.9830 120.0236 120.0777 120.1859 120.2732 120.3714 120.3670 119.7237 115.6614 120.4188 121.9118 124.2441 120.8467 121.9775 121.6139 120.4459 122.6904 108.9903 109.2232 117.3444 128.4748 125.5383 124.6263 124.3447 118.4405 118.3687 124.6176 122.7808 110.8729 109.3842 118.2225 116.6726 115.4233 117.4527 125.7323 123.9919 111.1288 103.8961 129.7254 118.4724 114.2942 110.6249 111.0435 105.0291 105.6496 104.9255 103.1712 115.0515 119.0480 124.3383 125.5407 127.7108 128.0877 129.1177 129.4418 129.1558 128.7546 128.8879 128.7600
119.7800 122.2300 119.3150 119.5808 119.5804 119.6045 119.6485 119.7075 119.7789 119.8653 119.9777 120.1000 121.0944 130.9984 128.3756 112.8080 122.1031 121.0651 121.0738 121.1737 127.6788 126.5509 107.5693 121.2470 112.6748 106.7152 109.6831 117.7040 109.3671 119.7711 110.9835 112.0247 107.4165 124.0214 111.7161 112.7507 114.7658 116.9433 125.4354 125.1193 124.8762 123.6529 123.5520 117.4528 110.6081 104.2546 103.4205 104.7098 104.0583 103.0290 108.5914 120.5548 123.0820 125.8513 126.1535 125.7897 128.0682 128.0438 128.4342 130.1939 128.4472 128.4881 128.5774 128.7400
119.0500 120.4601 119.1729 119.1860 119.1825 119.2059 119.2564 119.3197 119.4079 119.4971 119.6233 119.8449 119.0908 119.8084 126.5326 120.9655 120.6357 120.7765 120.9054 121.7408 120.7571 122.6013 121.3872 123.3821 113.9340 120.5767 113.5439 110.0044 111.4499 117.7954 124.0233 122.6187 120.5079 107.6014 119.9026 116.8568 115.5673 124.7652 125.6314 116.1861 126.2592 124.8819 116.2743 116.7086 105.1766 105.7825 104.2778 103.8343 108.1276 121.2511 122.4114 124.0198 123.9264 124.3596 126.2344 125.8978 127.1403 127.9462 128.0090 128.4473 128.2874 128.5038 128.6652 128.7200
118.6600 118.6581 118.6835 118.7574 118.7583 118.7915 118.8416 118.9132 119.0089 119.1149 119.2339 119.3585 119.7241 119.3764 120.0667 119.6507 120.2846 120.4458 120.5545 121.8816 111.9957 103.4065 118.4384 125.5283 108.0967 121.8855 110.4361 124.0101 123.3733 121.5535 123.6281 117.7475 110.4186 107.6445 112.0586 116.6976 110.6633 114.7179 119.9426 129.8896 122.6224 124.8074 128.6703 106.3475 113.6167 103.7233 102.9933 116.8380 122.8885 122.4495 122.5782 123.0721 124.0054 124.3077 125.1659 126.2574 127.6965 127.8458 128.0129 128.1431 128.2501 128.3607 128.5582 128.6100
118.2500 118.3569 118.3204 118.3041 118.3112 118.3506 118.4061 118.4896 118.5875 118.7113 118.8456 119.0056 119.1126 119.3966 119.5038 119.8070 119.9296 120.1464 120.4120 120.3539 121.1968 121.4887 122.4985 120.9168 120.4727 127.3612 106.8877 114.8803 122.8918 122.7517 122.8814 124.6197 110.9028 119.3566 115.0160 111.0466 106.6689 120.7565 121.3698 103.5592 123.5480 119.0488 110.7396 103.5695 107.5573 117.6676 105.6540 124.2614 121.1763 121.7571 122.8256 123.0638 124.1065 124.0276 127.3328 127.5056 127.6493 127.6694 128.0403 128.1268 128.2905 127.8697 126.7129 128.5900
117.8200 117.8896 117.8442 117.8406 117.8516 117.8906 117.9533 118.0411 118.1514 118.2881 118.4312 118.6001 118.8014 118.9682 119.1815 119.3912 119.6136 119.8339 120.0729 120.3086 120.3632 120.8089 121.0397 121.1006 121.3701 119.2055 122.4869 122.9162 122.3561 122.6928 122.3050 117.6327 123.0170 129.6127 110.2629 110.1203 120.3714 122.3175 113.2495 118.8979 117.1850 114.8423 106.8814 109.2977 126.1380 123.9768 123.2641 121.6353 122.7483 122.8931 121.5015 124.2139 124.9398 119.8786 126.9393 127.3676 128.0273 126.9959 126.8629 127.9991 127.6575 123.5563 107.6481 124.2400
117.3700 117.4031 117.3607 117.3446 117.3582 117.4032 117.4767 117.5801 117.6995 117.8429 118.0045 118.1917 118.3872 118.6021 118.8268 119.0523 119.2910 119.5333 119.7694 120.0440 120.2862 120.5915 120.7647 121.0299 121.7992 121.2347 122.1213 121.8337 122.2371 123.1221 119.1990 123.6903 122.9121 123.9005 110.0684 118.4956 120.1828 123.1348 125.6585 123.1231 123.4386 121.2300 145.4593 102.0322 124.4479 123.6566 124.4535 123.8600 119.6042 125.9826 116.0917 120.5758 118.6356 124.3589 128.3335 127.7686 125.3227 127.3936 119.9339 128.4974 128.6609 132.2879 121.0460 128.5500
116.8900 116.8811 116.8420 116.8226 116.8385 116.8939 116.9726 117.0823 117.2203 117.3769 117.5638 117.7680 117.9801 118.2133 118.4531 118.7020 118.9626 119.2211 119.4861 119.7457 120.0097 120.2816 120.5854 120.6510 120.7973 121.1863 121.1799 121.7192 122.0323 122.1472 122.7488 122.7178 122.9626 120.8251 125.9430 111.3201 104.5216 115.1315 121.0214 115.8589 120.1994 115.9109 127.2596 117.1601 127.2795 93.2607 125.4221 121.3835 114.5368 125.3646 104.3484 104.8528 106.6461 118.5023 122.4638 123.4880 121.3949 123.2503 128.0944 127.6735 128.1804 127.5791 123.7064 115.0100
116.3900 116.3368 116.2859 116.2660 116.2876 116.3418 116.4331 116.5591 116.7123 116.8941 117.0979 117.3225 117.5631 117.8170 118.0805 118.3482 118.6320 118.9035 119.1916 119.4754 119.7619 120.0582 120.2391 121.1120 121.1376 121.1611 121.4684 122.3438 121.6319 122.7307 121.5217 124.6938 124.0943 125.2192 107.1491 107.3858 104.6030 115.4113 113.7905 117.7150 120.9037 113.1607 114.9345 125.5167 136.7628 122.4768 126.0780 126.0157 125.1075 125.3999 110.8079 124.1018 118.6179 119.1099 120.9404 126.4075 128.1578 128.0397 127.7746 128.0241 128.2058 124.8546 129.2287 128.4100
115.8500 115.7540 115.6931 115.6779 115.6977 115.7625 115.8628 116.0051 116.1776 116.3812 116.6076 116.8602 117.1299 117.3991 117.6993 117.9869 118.2928 118.5900 118.8960 119.1948 119.4970 119.6301 120.6634 111.1859 119.1571 121.0144 120.7433 120.4660 113.3525 121.8330 110.9396 113.2141 114.2592 124.7708 112.2028 116.8998 119.3038 119.1090 115.3441 119.5639 115.9782 123.6906 123.7123 105.8387 139.0352 128.4650 125.5993 125.7369 125.1570 138.0679 122.0610 110.7430 118.0129 128.1124 125.4851 126.5997 128.1270 127.5519 127.6277 127.6898 128.9763 105.6813 128.5818 126.1100
115.2800 115.1309 115.0553 115.0418 115.0598 115.1393 115.2608 115.4216 115.6204 115.8443 116.1044 116.3799 116.6735 116.9832 117.3031 117.6203 117.9488 118.2683 118.5992 118.9153 119.2413 119.4567 120.4664 115.3648 120.2160 121.0483 124.1266 123.9642 114.7283 122.8609 104.4401 104.3303 107.6467 111.4629 116.7876 118.8736 123.1961 118.4291 115.0748 116.0057 116.0436 117.1928 118.1061 125.5192 127.4270 125.2201 125.6414 126.6452 129.2686 124.3905 121.6732 104.4846 119.0289 127.6833 106.3469 129.0581 113.2291 129.2362 128.1360 127.2591 125.2645 119.4008 125.8728 126.0800
114.6600 114.4601 114.3799 114.3502 114.3840 114.4691 114.6084 114.7907 115.0196 115.2818 115.5721 115.8833 116.2162 116.5505 116.8983 117.2487 117.5983 117.9508 118.2982 118.6453 118.9715 119.3471 119.4453 119.8517 114.6347 121.1646 121.2313 122.1485 126.4655 131.2880 123.6826 111.9988 114.1966 117.2658 111.8625 115.1951 113.8037 114.7625 116.8989 116.4303 117.7251 122.0925 130.9238 118.2315 115.0884 121.1606 122.1335 121.6009 108.1329 107.5928 109.0042 104.6198 111.6978 127.9478 119.3010 124.0078 122.8574 125.5609 125.1054 121.4831 120.7702 126.9550 128.7454 128.3700
114.0000 113.7338 113.6405 113.6084 113.6433 113.7403 113.9036 114.1217 114.3917 114.6892 115.0177 115.3708 115.7375 116.1149 116.4965 116.8725 117.2565 117.6316 118.0022 118.3685 118.7317 119.1055 119.3669 120.3692 119.1118 120.1014 120.3912 120.8350 122.4300 122.1443 132.2637 115.2944 111.7319 111.8648 110.6071 115.0766 121.8389 116.1013 114.9967 115.5692 123.9445 116.4738 126.3493 113.6959 116.2960 106.0546 103.6014 124.0006 115.5422 103.4108 123.6882 125.6343 125.9020 126.7418 140.6331 119.5291 125.9563 127.1013 127.0832 125.8941 116.0889 113.8623 118.5628 121.2900
113.2900 112.9479 112.8245 112.7894 112.8326 112.9568 113.1503 113.4052 113.7137 114.0657 114.4425 114.8381 115.2528 115.6690 116.0836 116.5064 116.9155 117.3211 117.7165 118.1082 118.4738 118.8520 119.2043 119.5401 120.0853 120.2301 120.5676 120.8853 121.0611 126.3912 124.8003 124.9740 113.1482 110.2169 112.7033 117.3254 116.8266 123.5036 123.1901 123.5956 125.4061 125.8440 107.9444 118.6864 110.4685 102.1705 126.1826 126.3966 116.6102 117.2968 105.1581 104.5425 126.1217 109.5307 128.8566 127.0192 126.9865 127.3843 129.8755 115.2930 123.3517 114.2356 118.1760 117.4600
112.5000 112.0787 111.9390 111.8887 111.9449 112.0941 112.3280 112.6327 112.9981 113.4092 113.8363 114.2885 114.7576 115.2176 115.6779 116.1299 116.5808 117.0142 117.4411 117.8795 118.2120 119.5037 118.9355 119.3893 119.7337 120.0831 120.4121 120.7470 121.0129 121.0863 125.3394 125.0982 110.9183 120.2776 121.2131 119.3251 123.3700 123.2074 124.7042 109.7259 104.0175 123.8472 106.0734 118.1336 104.3583 115.3747 119.0478 127.3634 119.6906 127.2545 104.5743 103.0795 122.6973 126.5711 126.7952 127.0197 127.4171 127.3637 142.2709 117.4471 113.6716 113.3751 118.8724 117.9400
111.6400 111.1183 110.9414 110.8898 110.9545 111.1368 111.4308 111.8006 112.2322 112.7064 113.2280 113.7696 114.2325 114.7649 115.2688 115.7693 116.2524 116.7189 117.1693 117.6020 118.0155 118.4186 118.8726 119.1943 119.5581 119.9336 120.2767 120.6037 121.2263 120.6026 122.9425 119.3530 126.6030 115.8956 122.6304 120.3476 112.6299 123.9937 125.8117 113.0822 123.7393 123.9362 124.8633 118.2002 113.2912 122.8787 125.8016 125.5474 125.9110 109.6869 126.9547 127.1965 126.8698 126.9436 127.0781 127.0844 127.2575 126.8676 127.3690 128.3225 121.8708 129.3332 116.9460 124.5800
110.6800 110.0544 109.8257 109.7469 109.8378 110.0685 110.4355 110.8979 111.4726 111.9805 112.6256 113.4113 113.8284 114.3116 114.8739 115.4127 115.9385 116.4345 116.9174 117.3129 117.7094 118.2519 118.5882 119.3418 119.6713 119.7784 120.1427 120.4582 120.3564 121.8506 122.3002 115.3850 121.5107 114.3886 122.6285 121.6875 121.7407 123.3534 125.7572 133.6384 113.5149 109.5447 128.0472 114.0595 115.0921 119.6559 124.7563 124.2806 127.0085 127.4255 125.7478 125.9455 126.6023 124.4308 126.9062 126.9325 131.2749 118.9058 128.9040 127.2696 128.4690 132.7842 142.7684 127.8700
109.5300 108.8429 108.5445 108.4417 108.5595 108.8710 109.2958 109.9562 110.0952 111.2715 111.8336 108.4876 113.5690 113.8660 114.4947 115.0770 115.6346 116.1740 116.7175 116.7265 118.2551 118.0927 118.5757 116.5854 119.1346 119.6234 119.6768 120.3124 121.6132 107.9904 106.0626 118.1430 116.0625 125.2102 122.2629 122.5926 123.0843 122.9962 120.1595 119.5533 122.8972 108.5286 115.8732 107.1190 124.0235 117.3416 125.1526 122.6659 125.4721 125.5683 126.1569 126.2978 130.4376 115.5458 127.8609 127.7494 129.4351 129.7107 128.3243 128.0971 127.4595 131.2538 112.5348 115.7100
108.3200 107.4634 107.0520 106.9050 107.0690 107.5023 108.0977 108.0141 111.3169 110.1910 111.3150 112.2088 112.7735 113.4697 114.1352 114.7687 115.3609 115.9103 116.4703 117.5251 117.6986 117.7747 118.7612 106.1665 120.0325 113.0916 121.5192 123.8584 125.5721 115.3066 114.5431 122.9059 123.9129 121.7530 122.3503 125.2697 127.6843 111.9313 111.3061 116.6086 121.8800 106.8654 115.2394 128.5786 125.4993 126.7487 125.5601 125.9847 125.8436 125.9628 126.0222 126.2889 126.7396 127.8158 126.4296 121.4143 126.9463 119.7576 121.6672 128.1592 127.8550 129.3962 122.1091 140.4800
106.8800 105.8511 105.2471 105.0368 105.2802 105.8772 106.7329 105.7832 117.9923 109.4028 110.6862 111.4171 112.2721 113.0918 113.8077 114.4788 115.1088 115.7105 116.2913 115.9265 117.1140 117.6766 116.3326 117.4489 118.0015 115.2697 111.0740 114.6360 122.4862 118.2581 112.3543 114.2214 114.6161 122.4552 121.3838 122.0494 107.9424 108.2176 104.9582 127.2650 127.5906 121.4430 123.5378 113.9206 112.5535 124.1376 124.6105 124.9580 125.4229 125.8426 126.0421 126.2803 126.4047 126.2560 124.1758 125.5831 125.8437 126.8173 119.8842 127.9442 127.7381 127.6683 131.0759 134.9500
105.0900 103.9335 102.9987 102.6461 103.0451 103.9958 105.5303 104.1069 107.5008 108.9210 110.0284 111.0181 111.9294 112.7468 113.5166 114.2373 114.8950 115.4785 116.1543 117.0605 117.4957 117.7091 118.5559 118.1513 119.9421 117.0911 111.7189 120.2844 113.5967 108.4504 108.5296 114.2772 119.7602 122.0054 120.3190 117.8194 120.4153 107.1118 104.2031 124.5782 120.7740 124.3617 111.2180 123.0911 117.8544 127.6778 126.5433 127.0165 126.2885 125.8295 126.0238 126.2172 126.4311 126.4873 127.3012 126.7936 127.6355 127.9531 128.3732 127.6632 127.9580 127.2049 124.9519 113.4800
102.5600 101.6465 100.0663 99.3911 100.1784 101.7640 103.5620 105.6130 106.8870 108.2910 109.5011 110.5877 111.5665 112.4644 113.2783 114.0302 114.7221 115.3925 115.7221 117.6011 116.6345 117.0125 120.5430 120.1262 118.3893 119.5390 119.0388 120.1192 112.9020 112.9284 120.7862 123.3040 122.0903 121.9757 122.8764 125.5380 116.3734 113.5895 111.1320 125.1986 123.3966 125.4365 118.4750 118.8010 112.0540 114.5360 116.2688 114.9215 126.3401 125.6831 126.0084 126.2047 126.3910 126.4999 126.6061 126.8644 127.0085 127.0523 127.0438 127.3562 126.8165 133.9021 121.7875 128.0500
99.7800 99.0780 95.6088 93.7170 95.7734 99.2197 101.9776 104.2379 106.1494 107.7169 109.0750 110.2595 111.3052 112.2470 113.0975 113.8716 114.6077 115.1013 116.5987 117.6872 117.8792 118.6352 120.7890 119.8116 119.3928 119.9457 116.1059 110.8738 110.5138 113.9345 112.9557 121.8560 121.6983 122.0722 121.7479 125.1227 120.6607 104.4373 107.7427 126.0235 126.1423 113.2245 117.6040 114.0913 122.3869 122.5644 118.2167 122.6643 126.1863 125.7987 126.0189 126.1967 126.3773 126.5673 126.7562 126.7596 126.8322 127.5722 128.1358 128.5440 127.9785 126.6048 116.5693 112.3200
99.2100 96.3147 89.6915 87.3826 90.0024 96.6423 100.6134 103.4669 105.6096 107.3479 108.7955 110.0434 111.1328 112.1115 112.9891 113.8122 114.3942 117.8137 107.6578 103.7223 108.4863 101.6105 106.7611 108.6792 114.6400 109.8398 107.8930 108.5685 110.8919 107.8025 121.4744 121.2055 121.7236 121.5400 128.1911 119.8381 122.6642 110.5225 110.4272 109.4150 108.3309 134.8698 112.1608 115.7123 119.7791 124.6571 132.0217 123.0897 121.5350 126.0700 126.0139 126.1806 126.3717 126.5710 126.7082 125.7267 132.7142 116.4484 130.5080 111.7740 128.5400 128.5577 116.6403 109.4900
98.9700 94.7052 86.5702 83.8155 86.9971 95.1732 100.0178 103.1265 105.4052 107.1972 108.6960 109.9635 111.0784 112.0611 112.9375 113.7586 114.4831 115.3193 115.6619 115.6703 117.0810 117.3557 109.7960 105.9202 107.2914 105.5431 117.4091 122.1384 120.0224 120.5638 121.0999 121.3828 121.7144 121.5273 129.0735 115.1715 121.7968 110.2047 114.3926 119.3161 114.1083 102.2713 104.3004 106.5455 123.7870 124.9711 125.3864 125.4891 125.5029 125.8545 126.0039 126.1824 126.3716 126.5706 126.7255 125.2212 139.8905 113.9287 129.9632 110.6635 129.3210 129.1611 119.6354 110.1300
99.1300 95.9620 89.2110 86.6300 89.3360 96.3582 100.4742 103.3846 105.5618 107.3137 108.7780 110.0251 111.1272 112.0962 112.9745 113.7746 114.5024 115.0844 116.0990 112.3163 117.5423 111.1748 106.1838 105.0428 112.8909 119.8909 120.0260 122.8800 120.0321 120.6606 121.0523 121.3761 121.6212 125.2409 113.5402 124.0716 122.7602 122.8816 117.8916 121.0755 103.3258 115.9890 104.1679 106.7404 116.0850 125.3272 125.1821 125.2472 125.6319 125.7961 126.0042 126.1874 126.3649 126.5491 126.7260 126.9273 126.6475 126.9433 127.5206 127.8838 127.9889 127.6199 128.5584 132.0600
99.6600 98.6418 94.6549 92.6031 94.9904 98.9506 101.7624 104.1271 106.0571 107.6553 109.0300 110.2252 111.2749 112.2263 113.0785 113.8613 114.5718 115.2455 115.8529 116.6636 116.9431 117.3242 118.9078 121.9259 116.8754 117.3790 117.2600 119.3921 111.5815 121.3400 121.1751 121.3990 121.7189 122.6198 125.8404 109.9058 123.7484 108.9775 117.6380 113.2439 114.8335 113.5421 115.2488 115.1657 118.0601 128.4912 127.1674 124.1402 124.2605 125.8229 126.0013 126.1930 126.3712 126.5532 126.7262 126.9598 127.2028 127.2315 127.2516 127.2755 127.2917 128.2404 134.9116 119.3300
102.4500 101.3681 99.5545 98.7912 99.6978 101.4214 103.4110 105.1967 106.7853 108.1911 109.4280 110.5388 111.5316 112.4282 113.2509 113.9988 114.6992 115.3414 115.9393 116.4573 117.2537 115.5754 121.0496 104.5282 101.1520 98.9752 115.1188 107.4901 122.4577 120.6651 121.1458 121.4391 121.7586 121.9273 124.5854 117.3425 122.2468 124.4094 112.1811 113.2457 103.7382 104.1340 110.2509 114.1244 113.1490 128.2640 130.5877 121.0115 117.4508 124.8472 125.8885 126.2170 126.3877 126.5617 126.7360 126.9023 127.0406 127.2466 127.4553 127.3398 131.2842 127.0112 132.4095 142.4100
103.1100 103.6356 102.5863 102.1878 102.6432 103.7165 105.0224 106.3722 107.6634 108.8515 109.9510 110.9514 111.8694 112.7074 113.4788 114.1989 114.8719 115.4944 116.0771 116.7390 117.2114 120.4716 117.8041 111.5484 105.1140 107.1156 116.3177 106.4875 111.5936 121.2952 121.2030 121.4797 121.7872 122.0972 122.1647 123.2996 124.0022 123.0768 114.7284 101.6948 103.0796 109.1403 114.1699 114.8007 118.8850 123.9651 125.3478 126.0589 120.8095 125.5043 125.8828 126.2357 126.3981 126.5753 126.7523 126.9241 127.0991 127.2632 127.4164 126.7678 134.7280 132.7008 113.9682 115.4700
105.4000 105.4000 103.8500 103.8900 103.7600 105.2000 106.3300 107.3500 108.3300 109.2000 110.0000 111.4200 112.0600 112.6600 113.7400 114.2400 115.1700 115.6000 116.0100 116.7700 117.1300 117.8100 118.1400 118.7500 114.3200 118.1200 119.8500 104.6300 98.6000 120.8400 121.2900 121.5100 121.7200 122.1300 122.3300 122.7100 122.9000 123.2600 126.2600 109.0400 107.8200 109.7000 110.4100 112.1000 115.6000 117.8800 125.3100 125.4400 125.7200 125.8500 125.9800 126.2400 126.3600 126.6100 126.7300 126.9700 127.0800 127.3100 127.4200 127.5300 129.7300 117.9400 118.2600 116.0700
