110.7500 102.5200 102.5300 116.3200 117.8700 119.5800 118.2900 118.2800 121.9200 115.9900 116.3100 116.3100 113.6900 113.1200 124.7900 140.6800 134.7700 124.8800 125.0200 111.4000 103.1500 114.8300 113.0500 125.3600 125.4700 125.4700 125.5700 125.7200 125.8200 125.9100 126.0500 126.1400 126.2800 104.3600 107.5100 106.5500 126.7000 126.6700 116.8500 120.3200 127.0900 125.0700 127.2900 127.3900 127.5000 128.5500 128.6700 127.8800 127.9900 128.0600 128.1600 126.4000 126.4000 115.1400 125.5300 125.8100 107.2500 106.9700 107.0500 107.1400 109.1300 107.3900 107.4800 132.2500
110.7500 102.3553 103.7634 118.5052 118.9628 118.0599 117.3429 117.7194 121.5737 114.3088 115.1336 126.6600 115.0407 120.8953 125.1994 125.9790 120.8778 124.2218 128.5400 106.1052 105.5446 102.9686 124.8574 126.1238 126.1666 124.8946 127.2196 126.1584 111.5773 109.8673 127.8020 119.1051 110.2974 117.6431 103.5378 115.6471 115.5255 115.2309 114.0478 122.6725 109.2554 124.5725 126.8778 126.8900 126.7941 128.7174 112.5269 110.9100 124.3551 126.7363 128.9105 132.4053 118.9839 121.8853 124.0849 131.0515 112.5225 107.7597 107.4567 108.3894 113.7611 111.1978 119.9815 132.2500
111.0700 108.9063 102.3050 105.3628 113.5629 120.5090 118.9092 117.8430 120.9734 109.8511 115.0369 121.3463 113.0731 126.1085 124.0700 124.3866 124.7474 124.3388 124.3320 114.0969 105.0805 102.9155 116.9915 128.2656 106.2403 107.3367 104.6591 127.5878 103.8574 102.5945 118.6727 109.4290 103.0151 109.1804 110.3202 103.1541 111.7041 118.9232 110.1259 129.4747 121.5283 128.4383 127.6635 127.8399 127.7484 130.3456 121.8898 118.0107 123.9568 126.3054 126.9872 117.4218 121.4362 112.1147 127.1776 130.6332 107.4210 106.4708 107.4993 107.4193 109.8024 123.6658 133.0090 133.0800
108.7300 109.3322 108.4921 103.8885 111.9318 120.7311 118.8670 117.6433 119.7474 114.7008 114.4392 119.9806 110.0499 124.9477 124.0767 124.1973 124.2340 124.2689 125.1093 106.4376 101.6088 108.4915 106.3483 102.8004 120.8763 98.8643 127.8997 120.5336 114.3606 109.2088 123.7823 122.9862 102.8742 104.0642 109.9594 105.8020 118.7985 108.4464 115.8913 128.0360 119.5837 126.4487 104.9439 123.1073 122.3621 119.2917 121.3583 122.4547 122.7773 114.7967 120.5776 120.2661 124.1048 121.9548 133.4673 116.2740 106.3788 106.9323 107.3437 107.9462 109.0410 136.1404 132.6932 133.1200
108.0900 109.8717 107.6410 103.1894 114.2562 121.0195 118.4886 115.9628 111.2908 112.8481 112.7881 120.4532 115.6620 121.8298 123.9932 124.0407 124.0596 124.0793 123.9740 124.3350 114.4608 121.3553 108.4497 104.9882 122.4296 120.2249 125.2724 117.6120 120.9602 127.8917 110.4188 109.2879 113.8235 111.6507 112.9987 111.4641 111.2569 127.7781 124.3865 128.0147 117.0474 126.1505 113.3941 106.3317 121.2359 107.2907 119.7604 109.6706 122.5945 118.7992 121.0544 125.9414 126.8718 134.1518 109.8339 106.9316 107.7191 106.9600 107.3684 106.5277 107.5311 123.1327 132.1951 131.9900
107.8500 104.6997 105.3411 104.0565 112.3409 114.1952 111.9004 114.1708 110.2696 110.3690 116.3076 120.8285 110.4458 115.4137 124.1751 123.7912 123.8225 123.9416 124.0077 121.9088 109.7953 125.4207 121.8768 127.6077 119.5556 125.4688 125.0753 124.5550 125.0737 120.7236 127.1460 118.9349 112.7121 113.0931 116.7827 111.8773 109.8896 126.1574 127.2721 118.4470 110.1094 116.9331 115.9868 117.3356 126.1678 105.7049 121.1650 114.2446 119.2039 119.6270 126.0141 131.5002 108.5926 108.3357 105.5014 109.4603 118.7448 105.4445 107.3734 108.2185 124.0768 131.4129 132.1316 131.7000
107.1100 105.0333 105.2791 106.2042 111.9084 115.3828 111.6094 112.8927 109.0666 110.5881 105.3443 119.7605 111.3082 113.4119 123.9220 123.6574 123.5989 123.6868 123.6558 125.5231 123.4389 120.9567 104.4536 124.3215 102.6568 127.0945 124.5513 124.7131 125.0363 125.1415 124.4452 106.2856 118.3961 125.7883 111.3139 117.7454 127.2784 126.2057 113.7740 104.1252 114.7943 116.2445 119.0936 116.1575 102.6825 112.5711 121.1815 125.3516 126.8993 111.2151 127.0339 119.0927 104.7220 105.9334 106.0971 106.2106 106.6632 106.5302 106.2736 120.6870 131.6314 130.3224 126.7033 120.3800
105.5300 100.9085 105.6389 102.1676 110.2904 116.1813 110.0519 112.4758 105.7250 108.8657 117.7085 107.3982 111.6692 116.8422 124.2809 123.2027 123.3602 123.4639 123.4639 123.2046 123.2608 124.7388 119.4612 102.8255 117.3284 124.2397 125.8760 124.3566 125.3093 118.1068 103.3863 104.0085 111.5688 118.7430 107.6457 115.3719 108.5343 119.7954 125.9553 114.7775 116.3284 107.4769 117.6248 120.6786 114.7186 119.7881 122.7398 125.3851 125.3171 121.8316 103.2829 105.5784 105.5528 105.6477 105.8348 106.7903 106.8916 105.1091 129.3319 128.2590 129.5285 122.9154 131.4338 132.8600
106.0200 104.7380 105.8518 102.5377 110.1511 110.2403 109.5494 111.3303 105.4963 109.6268 110.8594 107.6907 114.0975 107.0988 121.1997 123.0977 123.1156 123.1866 123.3368 123.4593 123.7994 123.0291 118.4812 124.2770 126.7391 124.3043 115.5589 124.2529 126.7578 110.6326 111.2440 106.5995 120.0296 110.6171 105.2450 118.9395 111.9380 114.2713 113.1481 112.4389 117.8077 105.5183 116.6489 112.8848 119.0971 123.8325 123.4662 125.2496 126.5431 125.4168 105.8661 105.6229 109.3077 108.2238 107.0565 109.3838 106.6277 109.3473 132.4767 124.2664 130.4868 123.5167 110.9979 107.0800
105.3600 103.4267 103.1310 101.4974 110.8371 110.0640 108.8842 109.7854 105.1906 102.1262 103.6697 110.3435 110.9671 109.8882 123.1176 122.8574 122.8644 123.0256 123.0020 123.1101 123.4341 123.9485 110.9107 118.9064 124.8400 123.9708 126.1970 123.9823 120.9286 125.3665 127.2761 137.5507 126.5104 112.4255 117.4526 122.8164 113.1921 111.8754 114.3477 102.7739 104.7422 110.7525 103.0707 117.6966 118.6614 124.1364 124.4234 122.9437 127.0455 119.0842 105.6920 105.0885 122.3391 115.7306 109.3961 105.8941 107.2421 115.6761 120.2747 131.5495 130.0754 129.5118 112.7649 106.9700
103.4100 101.1358 102.6266 101.2818 105.3810 109.2556 108.5634 107.1102 104.5645 102.8189 100.0090 111.4396 100.0787 113.2815 123.1203 122.4698 122.6222 122.3115 123.3701 123.0650 122.7612 122.6235 116.2741 125.0036 123.8319 104.1787 123.5145 123.7166 120.7467 121.9150 124.3973 122.5562 120.9282 101.0841 112.1441 118.3657 119.4903 108.1064 109.9837 102.6806 103.3665 108.3623 121.1603 119.1025 119.4094 119.3332 127.4457 126.1241 125.7085 115.0405 108.3530 108.7592 109.1046 107.3549 110.3919 105.2857 110.3179 109.8334 126.2492 130.3657 132.3209 119.7085 109.1658 127.6400
99.9000 102.1902 110.3942 100.1603 101.7236 110.0572 109.9146 106.6587 104.1796 102.1308 99.6143 107.6055 100.1493 115.0091 122.4976 122.9887 122.6455 124.9236 116.8784 122.6083 122.6474 123.4087 122.8446 123.6181 124.4725 120.6985 123.6496 123.8375 123.9652 124.0752 123.7761 125.2381 123.7502 103.9793 117.6945 117.2712 113.1563 112.9127 106.7223 105.2241 108.2942 119.6110 121.3752 120.8543 119.9106 121.4609 124.3192 126.4530 123.4135 115.2739 117.8070 108.8510 112.3322 113.8922 104.3125 104.9036 105.0878 126.1184 134.2671 132.5294 130.8643 134.1359 107.0952 116.1800
99.6100 98.6487 111.3761 99.5918 106.1241 98.3449 110.4547 106.7190 102.9159 105.4046 99.5659 106.8691 109.7646 122.6173 122.0457 112.3494 121.0997 110.7362 105.0234 121.7700 122.4376 122.7482 123.9384 118.2419 123.0483 123.4153 123.3445 123.7876 124.1043 124.3055 126.3931 118.8998 99.9042 107.2001 115.0950 116.7005 113.4205 115.5358 111.7081 104.0741 117.8043 122.0234 124.9545 117.4630 118.4168 126.1528 122.7017 120.9746 116.5147 118.8051 125.1420 121.8749 105.4328 112.3601 105.3457 111.7040 108.5952 113.2262 130.6996 131.3894 130.5658 134.0037 113.9665 106.7800
99.3200 100.0063 98.6965 112.8872 108.5707 109.1452 108.0938 106.9314 103.2275 110.7114 103.7068 105.7917 121.6460 121.4936 122.8641 120.3166 125.2417 104.7551 113.1369 122.9683 122.3502 122.3873 122.4963 123.2587 122.7757 122.9952 123.8785 120.6324 121.4629 116.3742 107.0781 116.4865 109.2058 116.4549 116.2695 114.5309 115.2602 103.9784 103.2297 103.8317 121.7084 117.8884 120.4435 122.7282 128.3645 117.3782 114.4011 113.8364 121.6519 127.4065 117.9819 127.8398 102.1665 108.8595 109.9606 118.3033 103.8778 116.0135 127.7029 134.5934 133.9897 128.4203 120.2937 106.7800
99.0200 97.4809 104.6405 106.8729 109.2843 105.6885 107.2291 103.2128 99.7032 123.1331 103.5579 98.1026 123.5993 121.1627 121.0073 121.3072 122.4105 111.3536 122.7077 122.5264 122.5213 122.4208 122.1913 122.3026 123.7855 123.3937 126.1985 110.2904 107.1708 110.2666 111.3395 110.0011 105.5074 114.9360 114.9920 113.1827 114.4288 111.5207 108.9969 102.8827 116.4930 117.0658 121.9468 125.6541 114.3757 117.5860 122.5357 125.3034 126.4393 112.8675 104.9603 121.6535 117.9279 121.4975 121.3398 108.5214 105.0322 125.2103 124.1585 126.8970 128.6789 112.5674 114.5767 106.6400
114.0800 107.0962 113.9967 103.0904 106.5917 105.0704 107.1970 100.8635 99.4419 124.3679 104.8574 115.0626 121.5408 120.7013 121.2564 120.9651 121.3332 124.0092 116.0262 118.7493 112.2620 121.7310 123.4924 119.9238 101.9363 103.1601 121.7137 103.8714 124.0910 118.0647 111.7581 116.2784 114.8709 115.5695 112.2334 112.7653 110.4929 117.2316 102.6797 104.5247 120.6162 122.4984 115.1986 111.4758 112.2784 123.3145 124.0567 123.6019 104.8850 107.6415 106.0643 123.2551 110.3881 114.1335 107.0861 104.6195 113.3718 123.5266 124.8343 125.7067 124.4178 112.6690 119.8906 116.9000
105.9300 106.6183 111.7521 103.0518 101.0015 105.9605 103.5206 103.9540 98.7873 123.6105 121.9648 119.9608 119.7313 103.9247 120.9867 120.7584 120.9245 120.8429 114.3355 106.0789 113.6013 123.0659 117.7002 115.8050 118.1374 98.8119 106.3589 103.4728 109.3990 110.6371 110.3422 116.1101 114.2794 110.4367 110.6311 115.9541 116.8450 114.3246 114.6430 117.0822 122.4704 109.2944 110.1728 122.3519 122.3355 122.2569 125.3857 124.6018 115.0403 119.9193 118.4649 106.7110 121.5085 112.0822 105.0439 105.2165 121.7043 124.5941 119.4760 122.1901 122.2643 130.9056 127.1790 124.1300
105.6200 119.2622 109.7499 104.1656 99.7169 104.9849 99.4091 100.7797 98.3571 122.2922 119.4859 119.5248 122.9549 120.2617 121.3089 121.6743 120.9128 119.9869 108.7854 106.0977 119.4829 115.8357 119.2546 109.7504 102.0909 104.3805 103.5716 99.9678 112.6017 112.1429 112.2475 109.5715 109.7279 109.8524 116.3018 115.4586 113.5385 104.8399 103.9582 116.5130 102.7966 108.7546 123.2967 123.1345 118.1891 123.3135 115.4715 120.2687 121.3696 122.6426 105.0058 104.4960 112.8341 105.6810 112.0590 109.8991 112.6058 114.9924 121.6793 130.6885 125.8377 123.4900 123.4974 126.1100
106.0400 105.6417 102.4451 99.1668 98.8765 101.5807 98.6336 100.6442 99.0698 122.1313 119.4465 119.8009 117.3921 105.6126 120.8541 106.8667 115.4198 119.0339 107.3735 122.6566 121.6031 121.9530 119.3056 111.6533 102.5064 110.7588 104.5885 101.3983 108.9530 111.5146 109.9765 108.8927 109.9258 109.4967 112.3638 111.7886 114.2265 112.4611 104.2059 102.4972 108.0145 116.1027 113.9616 113.3967 113.7552 117.1414 120.5602 120.9484 120.0285 115.0895 116.0778 116.9146 117.2191 108.8176 112.7418 114.6759 119.3587 129.6332 124.3560 121.2257 122.6386 123.7684 124.4873 125.0600
104.8300 102.6675 104.4643 98.1898 97.4180 98.0434 99.2184 110.8382 98.1259 119.8011 119.7736 119.4724 121.5398 118.5742 117.9437 106.8067 104.8598 112.0301 109.9528 120.1800 120.8351 120.8403 111.2111 127.9058 104.9657 113.0165 102.8693 103.0116 107.2180 107.7974 106.9334 109.6155 110.8442 111.4871 113.2722 110.5726 112.7600 106.7969 106.2007 107.0631 108.9216 112.5795 111.6443 113.4016 117.3417 110.4351 118.6599 118.0227 113.1446 114.6926 120.4960 115.9159 105.9266 112.0331 112.4101 128.4407 119.6171 118.3079 121.1514 122.2869 122.7194 124.8385 127.8176 123.6300
104.1200 102.4759 102.4306 95.1858 95.9927 96.4275 97.9465 101.9577 131.2545 113.8300 112.4984 117.2912 117.4158 116.4682 95.4578 97.6179 106.7494 110.2139 111.2170 118.9809 120.6649 120.8710 119.5864 122.3217 116.8927 110.6042 107.8360 107.5197 102.5996 104.6424 106.3279 112.3829 109.4453 107.9817 110.4917 116.5246 103.8395 106.0304 102.2180 104.4572 111.3113 111.4885 110.8719 109.0068 107.4117 105.4019 112.3234 112.5107 112.0625 115.1510 115.1413 119.1643 122.8560 126.6773 118.3110 115.2246 122.8972 121.7281 122.6036 124.1275 127.4082 116.8565 130.2114 134.1500
99.9600 104.6219 99.3762 107.6470 102.7084 96.2056 96.3116 123.8952 116.4290 118.7772 112.1898 119.5128 118.8685 103.9644 95.1712 108.4030 106.2723 108.7224 102.8626 118.6428 120.0288 119.7704 120.7442 117.7427 98.5689 103.0294 104.6290 103.6380 102.7695 105.0722 107.4107 107.0045 115.5017 104.2832 99.9794 103.3966 104.3337 104.9239 103.4116 102.9338 105.1509 104.4619 115.5942 106.9111 113.0879 112.5761 110.8920 112.5910 114.4004 117.6917 119.2670 125.2445 109.5118 110.9068 112.1333 109.3103 113.9988 110.5609 113.8231 115.0953 125.8535 117.9237 128.4404 122.6500
98.9300 103.1381 97.4684 102.6628 112.6682 92.1625 109.2575 106.6472 118.0444 117.5525 119.1454 117.8712 117.0301 99.5850 98.2622 106.7041 102.2085 101.0672 110.5296 119.1509 119.9903 121.0379 116.4852 109.6600 102.9579 105.1698 101.4916 101.6173 102.5172 99.5970 113.2254 111.7585 102.9861 101.5673 101.8316 102.8508 101.3014 100.9449 102.1564 101.6441 110.4834 103.5425 110.8467 110.4308 109.0101 109.1985 112.1631 116.1069 120.6662 123.4382 118.1476 109.2517 103.9900 103.9251 104.3340 104.8386 103.9532 105.7594 104.9004 110.4021 106.9349 128.5587 123.3579 134.1100
103.1500 100.4680 97.6499 115.7404 117.6108 117.9798 102.6560 117.8122 117.4924 117.6082 116.4348 116.4470 119.8287 99.5198 110.4469 102.6840 108.5139 99.1896 115.6836 120.1507 120.2450 118.1793 106.4091 102.2240 110.4348 108.1819 103.7566 100.2781 109.9068 106.1832 108.6315 103.3527 100.3519 100.5816 99.8222 100.3282 101.1312 109.5433 110.7073 104.8712 109.1927 108.6608 107.5612 107.7109 110.7690 114.5696 118.2562 117.3473 117.4674 116.2011 108.6597 113.6412 103.4579 104.9469 105.0615 105.2401 105.3652 105.5770 105.8092 110.9287 106.7078 111.1086 106.3470 118.5400
101.1200 96.4615 97.9858 96.0184 97.1765 109.7756 117.3151 117.2212 109.0154 110.6278 121.7371 99.5457 114.3210 96.1563 98.7532 107.3709 103.7475 98.3197 113.4076 118.9675 119.2643 115.2624 119.5015 102.7890 110.0650 105.5436 100.1029 103.1310 105.1375 101.3523 100.3427 108.3618 103.4709 111.8955 105.3283 102.1311 102.1997 109.6127 107.9791 110.3089 107.0689 106.3322 119.1534 115.7352 116.9429 117.1637 117.7998 117.4344 118.0180 118.1427 101.1703 109.0206 104.4647 104.6386 104.7754 104.9891 105.0325 105.3354 111.0564 114.6156 116.6393 108.6840 114.3023 110.2400
98.8600 95.7357 103.4860 95.6953 119.5633 116.0950 112.3828 106.2987 111.6724 95.5382 87.4802 126.6497 117.4981 108.4864 99.0552 96.9788 105.2475 116.2905 113.8666 98.9886 120.6338 119.8911 116.4421 115.2201 99.1620 101.7897 103.2234 101.2307 109.5415 107.0115 108.6996 108.7575 107.0042 101.0563 102.4514 105.5634 101.1923 105.4305 109.8188 106.2057 104.9695 115.8809 116.1016 118.1616 116.0756 115.6939 115.8157 125.8533 101.8070 120.6778 102.4887 104.0892 104.4887 104.5901 105.2540 104.9315 105.7936 105.5234 117.9446 118.1502 116.5161 117.7716 110.2673 110.8800
97.6100 99.2728 101.6829 115.9803 116.2100 114.5451 116.3005 99.9362 114.7979 103.4439 108.0755 116.3843 115.9846 118.5135 112.1949 118.1218 103.9743 114.0429 120.5417 115.5318 118.7894 119.5327 110.4584 122.9927 105.4895 101.9065 98.9532 101.8766 107.5365 99.6136 102.9070 111.0813 110.5503 105.2475 111.2631 100.6442 107.6463 109.3959 118.6181 112.1383 113.9834 115.1513 114.7444 114.9445 120.3805 123.8153 120.5707 118.8971 102.3345 105.5678 103.9602 104.2581 104.4075 104.7415 104.2619 114.5393 104.0824 105.7882 108.3025 108.9717 108.3843 109.8321 109.3003 109.6000
98.6800 96.9492 115.1651 94.1906 115.1259 114.1479 114.6633 114.4704 115.5307 114.9409 116.5976 115.0877 115.8451 116.7017 110.7933 116.2560 116.5236 99.1626 114.2330 117.6724 118.2222 118.7579 120.6390 102.8633 96.9281 97.3585 101.8755 103.5797 99.7859 106.6754 108.0221 104.9019 106.8212 99.5508 104.3629 111.3509 102.4174 112.4932 113.0856 113.8284 114.1632 113.5797 117.1923 123.2781 124.9330 124.4417 124.7403 108.4088 103.5434 103.7006 104.0468 104.1715 104.4407 104.5378 104.4080 105.1267 106.5365 106.8807 107.8849 115.0586 120.8908 123.5498 124.0486 123.8500
114.4200 99.2421 114.4189 112.6221 115.7430 113.6667 113.7453 113.8758 113.9672 114.2900 114.2936 114.9282 115.2054 115.6566 115.9431 117.1214 103.7700 117.8489 113.7537 101.9186 119.9643 118.0315 116.6251 95.3797 98.1043 99.2247 117.7833 101.6422 105.8973 106.6442 107.1414 108.1034 102.8982 107.8502 115.5624 104.1685 115.1327 102.6825 113.0377 113.1633 121.0690 121.9913 122.5227 123.1059 121.6595 101.7436 102.3329 103.0840 103.6248 103.6094 103.8491 104.0693 103.9725 105.0565 106.4423 104.3712 124.1311 119.3340 121.3520 110.7921 122.3120 122.7683 122.9196 123.1800
113.7200 115.3768 114.2326 105.9856 112.5647 112.7890 113.0895 113.2418 113.3860 113.6298 113.9726 114.2424 114.8134 112.2679 115.3127 115.8754 116.1814 114.7296 114.7829 120.6333 117.1578 113.3485 90.8335 108.1462 101.9827 106.5670 103.2128 105.2282 105.3301 105.8348 106.3052 106.2163 111.9941 109.6360 110.2989 106.8473 109.5089 109.4712 107.4506 108.6376 105.6578 115.9110 121.2236 113.4576 101.0848 114.6080 102.4090 102.7495 102.8319 105.1603 102.9592 104.4390 110.7537 108.8995 121.4968 120.5349 119.8693 120.2284 121.4888 122.2917 122.0685 123.0468 122.3413 122.3900
112.9500 112.8210 112.4317 113.0254 112.8700 112.1177 112.1868 112.3333 112.6075 112.8161 113.0335 113.6866 113.4267 104.6614 110.0859 115.4656 115.5538 116.6491 117.0321 117.1218 116.2817 119.2204 125.3301 100.8420 95.7910 99.0197 101.9999 102.0775 108.6472 109.3764 108.0138 108.4497 107.7602 107.4701 102.6972 99.9326 109.9718 117.7332 103.0951 114.2626 123.5047 118.0987 107.0496 103.2308 103.9446 100.1576 107.1094 106.5956 107.0397 120.8032 107.2054 118.4679 120.6968 115.3571 117.1728 119.2932 119.7044 120.4622 120.8584 122.1100 121.7239 117.9811 121.5088 120.9600
112.1100 111.9796 111.6694 111.2692 111.0755 111.1159 111.2223 111.4755 111.5027 112.0602 114.5029 112.3917 114.2989 111.1747 114.8342 115.0118 115.4333 115.8767 116.4411 116.9064 117.7205 113.8233 93.6302 97.6537 99.3039 104.3684 103.4267 101.7976 104.1635 102.9932 109.0555 104.9181 99.5549 98.6502 99.7098 101.0657 100.5728 103.1196 104.9962 112.0832 118.7726 119.1693 110.2778 114.5794 110.7781 107.6097 119.4786 118.9656 113.3390 113.3451 114.5225 113.2350 115.1819 100.7177 119.9067 119.6843 120.0688 120.8564 120.9930 122.3389 122.7193 110.7952 124.1460 121.2800
111.1600 111.1048 110.6735 110.3390 110.1630 110.0625 110.1507 110.5831 111.5077 99.0105 107.0875 112.3279 112.6406 113.6707 113.6852 114.3518 115.0001 115.6076 115.7867 116.3222 108.4424 114.9380 110.1477 97.8242 97.5885 107.3283 102.2145 106.1491 107.9366 103.1728 111.6641 100.5068 98.2697 99.5153 100.2983 102.4135 104.1468 107.3807 109.1620 114.1278 113.5809 114.5762 115.6556 115.6058 116.9031 116.8215 116.9405 118.4800 101.9162 102.1617 101.5449 108.5670 102.8628 116.2455 117.9145 121.1781 120.8610 120.8239 120.3736 121.6411 121.1776 118.9590 120.9957 122.6000
111.0800 110.1261 109.5993 109.1670 108.8955 108.7994 108.8639 109.9451 94.1462 109.6843 111.1409 111.6002 112.1217 112.7651 113.3939 114.0286 114.7021 114.4596 115.5242 115.4377 111.3107 118.3243 110.5928 96.7696 106.1359 102.3061 103.7349 108.9311 110.5797 111.7390 101.8975 104.0970 104.1432 104.0770 100.4234 102.9792 108.6102 111.9344 113.2817 113.4230 113.9413 113.3487 114.9192 115.6835 115.4408 114.9952 118.2037 108.5571 103.9830 103.9529 104.3928 102.2382 107.0056 109.4740 111.3748 109.9865 122.6190 121.8102 122.6259 122.1801 123.7805 113.8423 125.2881 121.8600
110.0900 109.0805 108.3963 107.8307 107.4645 107.3357 107.4623 110.0013 104.6991 110.3321 109.9811 110.7199 111.4731 112.2083 112.9284 113.5871 114.3116 113.9220 116.1739 118.8615 112.2477 109.9794 107.8941 114.3753 109.5075 115.4935 108.2799 109.4331 106.2336 104.6468 108.7984 110.4223 108.6817 109.5443 106.9677 107.8635 112.0767 111.9611 112.4408 112.9632 113.5731 110.2989 105.0914 118.4744 118.0118 115.1955 120.9828 101.3644 103.4688 103.4758 102.6258 115.8381 111.5023 115.3975 115.7619 103.3327 111.3251 112.1078 111.7228 112.7463 112.9331 114.5224 113.1580 110.9300
108.6200 107.9408 107.0488 106.2806 105.7478 105.5735 105.7755 106.1806 107.6937 107.9452 108.9896 109.9290 110.8253 111.6695 112.4663 113.2477 113.5175 117.2696 105.8560 111.3373 102.5752 104.9295 115.6515 109.1427 104.4733 102.4578 99.6728 107.4948 106.4902 107.0172 110.1197 107.3278 108.5948 109.1541 110.4002 110.7960 110.9474 112.0402 112.7165 113.1678 113.2282 114.5791 101.9016 104.9465 104.9012 105.3248 106.7582 103.0610 103.2866 103.5188 103.3700 107.5060 106.8020 108.9363 105.8038 104.4654 105.2786 106.2160 106.5253 107.4426 108.1340 115.7788 116.1420 118.6500
107.3200 106.7414 105.5406 104.4640 103.6366 103.3510 103.7244 104.6459 105.6489 106.9140 108.0976 109.1847 110.2160 111.1833 112.0198 112.4673 118.9578 94.4665 95.2472 94.4487 98.3395 99.3580 114.4835 95.2430 98.6988 98.5698 101.0905 108.9994 106.0737 106.9025 106.3117 107.6981 108.5017 109.1971 110.2328 111.6126 112.2907 112.7357 112.9611 113.7395 114.6400 115.7832 104.9352 110.3492 105.0335 102.5120 102.4257 103.0855 103.3853 103.6295 103.7460 102.5128 110.4209 102.4263 114.4804 113.8352 115.0268 117.8873 115.5556 115.9949 116.4464 114.2631 115.3443 118.6400
105.8000 105.5045 103.9145 102.2271 100.8995 100.3997 101.0367 102.4584 104.1258 105.7195 107.1846 108.4908 109.6733 110.7356 111.6239 112.5703 117.2419 102.4855 96.2775 108.2846 105.3170 108.6373 117.7535 97.7452 100.1398 98.0413 103.6760 103.7036 104.3450 106.9922 106.4436 106.8153 108.1441 110.4654 99.3199 100.6285 101.1820 104.1942 112.2516 103.7721 106.2216 114.9736 108.5670 112.1920 105.8689 102.7102 102.7640 103.0009 103.0019 103.3156 102.8874 111.6640 113.6404 105.1687 115.4561 114.9038 115.9591 116.2032 116.4668 117.1053 115.9320 115.5335 117.2299 118.0200
105.3900 104.3342 102.1667 99.6570 96.9512 95.5834 97.3124 100.0062 102.4999 104.6012 106.3923 107.9099 109.2254 110.3751 111.4789 111.9730 113.5605 93.2915 99.7954 118.5673 105.5307 117.4280 97.4490 106.2797 97.0243 97.7817 101.8249 103.4697 104.1982 105.7615 104.0717 115.7558 97.4861 99.3863 99.7245 100.5526 101.3701 103.2219 104.3516 106.7441 105.9776 111.3888 106.7934 112.2849 106.0609 108.3556 101.6743 110.3072 110.6401 111.1069 111.7124 112.1311 112.6257 113.2387 113.7276 114.1868 114.8484 114.9717 115.7657 115.7788 116.2157 116.3379 116.6960 118.0100
105.1700 103.4074 100.5953 96.8435 90.8879 88.9496 91.5128 97.4066 101.0381 103.7151 105.7922 107.4871 108.9077 110.1321 111.2269 111.9969 113.1817 115.5812 114.5939 103.6776 103.5238 100.0682 109.2652 99.5314 104.0307 98.9326 111.3495 96.2381 96.3896 119.1967 114.4799 108.4311 112.7611 98.6491 100.5476 99.9031 100.3074 101.9671 105.5310 106.3546 104.8770 105.4647 106.9910 100.6844 106.0835 107.4709 101.2864 109.1454 105.2117 109.5370 110.0804 111.1931 111.4606 111.6889 112.4830 114.1946 114.2847 113.3555 115.0106 115.6550 116.1177 115.9526 115.2165 117.7200
105.0200 102.9068 99.7009 94.5975 86.9256 84.6373 87.6684 95.5993 100.2029 103.2615 105.4937 107.2793 108.7553 110.0209 111.1126 112.1374 113.0807 115.6714 105.2579 94.7509 93.2850 96.8490 103.7151 105.3288 112.2821 114.2025 99.8903 98.6570 101.4514 103.8900 117.7972 109.2923 110.7275 96.5627 113.3171 98.6876 100.3635 101.2225 106.1303 105.5239 105.5885 104.0997 102.9877 102.2077 102.1808 103.4097 106.4872 102.2924 102.5596 102.7059 102.8345 102.8386 102.8067 103.9703 106.4687 115.0669 114.7298 107.5078 115.6161 116.1271 116.1072 117.8125 105.3036 105.8600
104.9900 103.0106 99.8953 94.8070 87.6640 85.6359 88.4295 95.9904 100.3827 103.3481 105.5567 107.3216 108.7832 110.0337 111.1349 112.1725 113.0915 115.4651 108.1828 99.3355 93.5613 94.3611 98.1061 100.8902 104.9181 110.9460 99.4824 102.4018 98.9834 102.4430 115.2278 105.5453 103.4927 101.3996 111.8421 98.0109 99.8838 100.7143 101.9041 100.9893 103.7855 108.1539 103.0098 102.2626 102.7237 102.7578 111.3312 103.3373 105.9579 103.8014 105.1895 106.2305 106.4360 106.9198 114.8742 114.1407 114.3641 115.1593 115.9238 115.6892 115.9109 117.9027 109.2073 105.8600
105.1000 103.6698 101.1676 97.4499 92.8230 90.7382 93.3021 98.2615 101.4720 103.9687 105.9621 107.5996 108.9930 110.1965 111.2411 112.3001 112.9223 113.6444 116.6145 103.9002 96.2893 102.6162 107.1756 96.4854 99.3655 94.9174 104.7923 95.3400 95.8854 96.0870 95.6144 95.8416 96.6140 101.7754 113.2242 98.4332 103.3605 101.3812 102.4024 105.3216 108.6017 102.5792 102.5166 102.1117 102.1344 102.4308 101.7659 102.7377 105.9637 102.4907 105.8027 110.5789 110.8298 110.8518 111.3052 111.2334 112.2092 114.3188 110.2881 114.3157 118.6605 112.3383 110.6727 115.7500
105.3300 104.7106 102.6702 100.5024 98.4559 97.4884 98.7132 100.8147 103.0264 104.9533 106.6318 108.0829 109.3539 110.4876 111.4351 112.4123 113.3997 117.3467 102.9947 115.0838 95.9241 101.2168 107.8666 97.5467 102.0243 98.5223 99.4828 103.7904 104.4792 105.0240 107.4975 108.0898 106.6483 107.5715 101.6195 108.4077 104.2795 98.6598 98.9091 105.9815 108.7564 102.6133 101.5647 103.0742 102.5389 104.2140 104.1357 104.3600 108.2656 111.6164 107.1509 105.9200 110.7513 115.7951 115.4141 116.3149 114.2041 108.5153 114.7483 118.4460 113.3339 109.7903 115.2654 118.9200
107.2200 105.9184 104.4493 102.9902 101.8275 101.4222 101.9663 103.1907 104.6476 106.1002 107.4649 108.7105 109.8401 110.8871 111.7298 112.3238 113.5017 97.9635 90.1804 104.5765 97.0520 94.3564 95.4479 98.5486 97.2265 97.6696 98.3740 106.1921 106.8272 107.3014 108.6011 109.7916 109.1038 118.3436 103.9752 111.5155 99.0467 98.7420 117.4760 100.3042 101.3636 103.6217 104.6598 103.1059 102.9191 104.3102 104.1489 105.6751 110.1609 116.7645 114.3960 103.8944 103.7817 108.2458 109.0488 109.4240 109.7822 104.4038 109.5946 109.6688 107.6720 115.3917 118.9970 117.0400
108.4900 107.1391 106.0536 105.0768 104.3660 104.1235 104.4387 105.1938 106.1988 107.2877 108.3818 109.4318 110.4099 111.3334 112.3338 111.4341 119.4479 93.0174 112.3368 92.8471 94.9349 95.9233 97.7853 100.9479 100.3559 102.5317 102.0431 103.6853 97.5542 103.5241 101.7602 102.4467 106.0816 109.0845 113.9458 102.6269 105.1814 105.0545 108.9446 99.5419 100.9254 101.2813 101.5329 111.7513 117.7558 117.5429 117.8562 114.0044 105.6167 120.7073 110.0451 102.0947 107.6417 107.7748 111.8050 103.2126 104.0685 104.4863 103.4834 114.3829 104.5657 105.2101 108.2592 105.8700
108.8500 108.3257 107.5093 106.8087 106.3273 106.1737 106.3772 106.8882 107.6126 108.4328 109.3153 110.1815 111.0351 111.8307 112.8442 112.4758 114.4938 95.5796 99.5985 100.7503 94.2412 93.6000 104.5977 112.7236 96.3388 106.3499 106.5281 112.5563 109.5367 109.2336 97.6560 103.7469 103.7092 104.6533 105.3331 100.5844 107.7445 108.5371 106.8503 108.3539 109.5581 108.1591 109.8034 110.6736 114.2180 113.5649 122.7004 122.5466 121.4768 104.9332 104.5787 122.8362 122.4561 123.2441 117.4592 124.4484 107.5051 108.8982 108.6978 121.4632 112.2535 113.0512 112.0970 115.0000
108.8500 109.4245 108.8008 108.2784 107.9461 107.8383 107.9762 108.3418 108.8743 109.5202 110.2220 110.9566 111.6636 112.3980 112.7142 119.3007 106.7170 97.5425 101.3849 105.4958 103.7204 105.0354 107.7717 112.7772 96.2654 100.0955 106.7575 100.7949 115.4745 106.9042 111.5619 104.7631 104.8607 102.5093 100.6145 99.7078 105.6989 107.8515 112.0543 106.6199 106.9155 111.1709 110.8127 116.7788 102.5372 113.0033 113.1795 114.3522 114.3621 115.8824 114.5961 115.5076 123.3143 125.7626 125.6103 126.6807 126.1412 126.8907 127.0200 130.2460 109.1562 129.4369 128.9341 129.8100
111.0800 110.4496 109.9518 109.5636 109.3093 109.2296 109.3311 109.6074 110.0113 110.5249 111.0999 111.7057 112.3784 112.5952 116.2122 104.9210 97.4274 94.7946 99.8279 99.5458 102.4966 101.3551 102.8348 106.5120 106.0780 97.4590 100.1783 101.3042 102.6139 109.8929 112.9176 103.7352 100.2624 99.9013 100.2914 103.7497 104.7962 104.1251 104.9252 112.2159 108.3617 113.1548 113.2763 115.0371 112.5896 106.2485 113.8849 114.4165 114.2129 118.4391 103.7984 103.5120 113.2843 112.3703 115.7829 116.6620 117.6124 117.8675 120.2010 105.9929 113.1300 129.8551 129.7178 129.9400
112.0400 111.3957 110.9991 110.6846 110.4930 110.4307 110.5105 110.7221 111.0401 111.4543 111.9298 112.4419 112.9670 113.5504 111.2207 95.4804 110.6642 103.0328 105.7960 104.3152 106.8959 102.0349 102.8812 105.3859 106.6582 107.7592 115.7526 105.6117 99.2105 104.6596 117.3394 101.1907 100.0650 99.7985 100.1402 102.0360 103.5869 102.5624 105.3426 106.2720 102.7525 107.6576 111.4127 116.2560 101.4394 102.3029 116.4607 116.7515 109.9934 115.7307 104.2405 116.7886 115.3930 115.5379 117.3088 118.2097 119.1972 120.4464 115.7025 116.8035 103.8954 104.6181 107.8298 119.4300
112.9000 112.2626 111.9377 111.6874 111.5344 111.4864 111.5514 111.7189 111.9715 112.3128 112.7036 113.1369 113.5970 113.9838 116.2389 108.2700 113.7039 117.0772 99.6729 103.1425 102.0390 100.1846 106.2614 106.5096 109.9730 108.6565 109.7928 111.5639 109.7520 94.8259 113.5695 108.0122 99.2923 100.8541 101.1624 103.8464 104.2600 102.8542 105.7170 105.6777 106.7633 108.5449 113.8061 113.5409 101.6378 104.4822 111.3373 115.5180 115.6901 114.8751 105.9505 119.2838 118.6569 114.8118 115.7362 116.7823 116.6606 115.6492 119.0895 119.1135 114.4651 107.8730 117.8155 105.9000
112.9000 113.0704 112.7942 112.5934 112.4709 112.4317 112.4751 112.6155 112.8221 113.1067 113.4370 113.8150 114.1923 114.6543 115.3630 104.9972 93.3347 101.2778 98.1526 99.4359 100.1329 112.0419 107.0795 102.2440 111.7898 103.7305 105.9583 110.6478 101.5853 103.8829 109.5455 97.5421 99.8881 101.7118 101.1396 104.2067 104.6506 103.3559 105.4132 111.8090 103.9610 104.6734 110.0904 108.0602 104.1932 110.7814 110.6001 110.9686 111.2349 112.3836 115.9108 116.8550 115.2515 114.4835 121.1862 122.3657 112.3333 113.8693 117.8953 117.9457 121.4100 113.5550 115.2244 106.0100
113.6700 113.8142 113.5754 113.4109 113.3090 113.2721 113.3155 113.4323 113.6070 113.8467 114.1300 114.4448 114.7981 114.9935 116.3738 120.3519 108.2130 105.6840 96.5463 101.7822 95.9758 104.9402 102.1017 98.1097 101.1891 98.2585 100.5397 100.3119 105.3071 101.4590 97.7706 99.8527 98.5689 97.9914 102.4505 104.7908 102.7134 105.5503 106.0843 108.8222 104.4402 103.9289 106.1310 108.2258 109.5690 106.8408 110.4865 110.9184 111.6604 112.2121 115.7852 113.4803 111.9712 106.3053 117.4376 117.7848 116.5308 112.0895 118.2414 122.2959 123.3659 112.7702 106.3414 106.0200
114.9900 114.5050 114.3941 114.1533 114.0845 114.0514 114.0819 114.1756 114.3269 114.5316 114.7798 115.0472 115.3806 115.5572 114.3511 102.7563 119.5609 120.6159 99.8881 103.8855 99.3425 100.5011 106.5515 108.4554 92.8367 96.6081 103.5361 99.8558 106.4835 101.3168 102.6082 99.6860 102.5060 111.2873 104.6589 104.8274 106.0352 104.1476 103.7912 111.2518 106.2846 111.7715 106.3262 110.8942 102.7869 103.1868 111.1512 111.2070 111.7863 112.2718 112.4857 113.2201 114.6967 117.0481 109.0578 117.0051 109.3483 111.2552 109.4800 122.6380 122.3526 123.3075 107.1377 116.7200
115.0300 115.1654 114.5757 114.9637 114.7625 114.7653 114.7879 114.8643 114.9962 115.1650 115.3614 115.6937 115.8479 116.1775 120.7544 106.2867 113.8580 117.2846 113.1348 100.7929 107.9732 104.9699 96.5983 106.1701 113.3001 108.1144 100.1922 102.5817 113.1528 98.8972 104.4188 104.2240 105.1588 113.7880 106.9459 103.9453 105.0294 101.4038 101.9778 107.0784 108.0120 114.9424 114.5027 105.4530 101.3559 103.4246 111.8595 111.6245 112.2180 112.6399 113.3739 113.7236 114.1431 114.6401 112.0315 111.9346 116.1237 118.0918 119.0655 119.8303 120.0452 116.1397 115.7590 113.3700
115.6300 115.1606 116.7670 113.8310 115.4018 115.4209 115.4794 115.5117 115.6278 115.7854 116.0332 115.9398 116.5582 116.0807 117.0644 118.1725 104.8954 120.7589 100.8849 103.3307 103.4127 112.6064 98.9192 101.5254 103.9513 111.2820 110.5623 103.1864 101.0290 102.4381 100.0158 101.8325 105.3209 105.4260 106.9762 108.3047 102.2796 101.4740 102.2447 107.1655 107.1157 110.6483 100.5689 111.2638 110.3322 110.8928 111.7223 112.0949 112.1629 112.9399 113.5210 114.0883 114.5617 115.2002 116.1361 115.8028 115.3898 116.7936 117.5411 117.8872 118.0087 121.3514 110.4621 109.5300
116.1900 97.1555 115.1456 115.7985 115.8820 116.0532 115.8006 116.1070 116.1728 116.3564 116.2703 118.8183 116.2032 118.4599 119.4615 102.0228 116.0807 109.4190 97.9973 101.8237 98.8266 109.4432 107.8575 105.2366 103.0354 105.3619 111.6792 105.9734 96.5923 102.4809 107.3544 106.0311 106.5570 102.9005 104.2137 106.6041 107.7184 101.0092 104.9745 122.2511 112.6508 106.3729 112.8786 112.0654 112.5071 113.1826 113.9396 114.7322 114.7908 113.4815 114.2222 114.0722 114.8377 115.3815 115.9213 116.5324 117.3944 118.5815 118.6116 120.2119 119.7399 121.0453 109.0131 110.1400
116.7200 116.4395 116.7756 116.6230 116.6054 116.6624 118.1840 117.5439 116.8861 116.8018 116.9431 110.8107 97.4827 113.9627 111.4755 106.4288 118.3222 104.5470 101.6702 99.0672 95.7687 106.6624 106.1748 101.7314 101.1014 102.0557 102.6600 101.0418 99.0600 108.1277 105.1456 105.0978 116.6880 109.9431 109.2787 104.9324 108.5514 107.1324 110.3640 112.0551 109.0788 106.0897 102.6345 106.4882 111.1399 110.8611 114.2396 114.1905 115.8025 115.9923 116.5220 115.7853 115.8290 115.3807 115.8651 116.3676 116.8994 117.9140 119.2924 107.8944 118.6254 105.4396 106.9918 106.1900
95.2100 116.9068 117.2898 117.1829 117.1168 117.3876 117.0804 121.8848 117.2385 117.4147 117.8204 116.3985 96.0289 102.3597 112.6674 120.0913 116.6207 107.3123 101.1524 97.3914 97.6564 97.2044 107.3510 103.8089 98.6074 98.9211 101.1082 99.1929 99.9033 101.2111 120.7370 120.9134 122.6852 102.2118 110.2395 110.3443 108.5514 110.4214 102.5726 104.4330 112.1055 107.6693 109.8049 102.2521 102.7589 111.2783 114.9386 115.0838 114.9147 115.6177 116.3252 117.4226 118.1162 118.6199 117.3895 122.9265 117.2184 117.8279 118.5577 118.8636 120.6270 107.7609 106.0105 106.2100
118.1200 117.8298 117.7819 117.6871 117.6417 117.6165 117.7218 117.0669 117.7497 117.8519 118.0526 109.4575 99.6188 99.1051 117.2916 119.0353 117.9213 119.2218 120.0953 106.2735 98.5983 98.1366 100.2693 100.5265 99.2990 99.3884 99.4103 99.6998 100.6252 98.4660 122.1877 124.3034 125.0298 112.3092 113.9507 109.1226 112.0204 105.4489 107.3202 104.3778 111.4854 113.1119 105.2703 102.9900 102.4216 97.4321 115.2395 133.8783 127.9988 115.7807 117.3923 118.1309 117.2211 118.1240 119.1214 120.4699 111.5069 110.3702 123.9221 118.5365 119.1270 119.6220 115.5453 106.2200
118.5400 118.3107 118.2081 118.1593 118.1272 118.0575 118.1759 118.3265 118.2211 118.3526 118.2671 118.7731 102.0280 100.8741 106.4737 96.7737 98.4314 99.1258 105.5062 108.2857 111.0988 101.6647 102.4623 104.1007 99.5432 99.5402 99.6406 102.4534 108.3731 109.0463 108.2088 120.3135 124.1386 125.3426 108.1294 103.0846 110.3213 107.1035 108.5070 101.6396 108.4249 110.7271 103.6042 105.8262 104.3407 113.7832 113.4188 121.6989 135.3903 119.3766 125.7552 123.7046 126.0418 121.8788 118.0184 119.7433 120.8938 121.5243 121.1278 122.3908 121.0893 116.0983 107.5222 106.4400
118.9400 118.7304 118.6647 118.6066 118.5897 118.4670 118.0977 116.9747 118.6553 118.7575 118.8463 118.9984 120.0902 111.6401 103.0087 99.6855 115.5363 114.4306 103.7795 110.0305 103.7241 97.6626 102.0593 103.5844 104.0476 100.2835 101.4286 103.9049 105.8724 107.4928 111.0398 110.4102 111.9114 125.3493 126.8993 119.8231 106.5505 102.9933 101.8493 104.7431 106.6771 103.0506 105.9825 111.5126 114.6974 114.9247 129.5751 117.2589 114.0423 126.4619 122.1355 127.4087 141.1666 143.6204 125.8819 121.4360 118.5355 119.7937 120.1675 121.3205 116.9118 114.4324 109.4685 106.3600
119.3200 119.1438 119.0805 119.0374 119.0219 118.9661 116.7266 113.2874 119.1533 119.1333 119.2506 119.1544 121.1061 105.7896 105.0042 105.8727 107.3501 101.4690 96.5217 109.3499 101.2915 100.4198 101.3878 103.7765 106.2952 104.0964 101.2335 104.2945 104.9501 103.8691 108.4914 111.0968 110.0545 110.0291 104.3436 120.3732 118.0849 120.3185 110.9183 111.5302 102.3792 105.3347 109.4404 102.9323 108.7444 113.8124 109.4314 130.3792 118.1795 126.5434 140.8386 142.0071 140.4205 139.6028 139.1375 134.2481 126.0819 125.7684 126.2307 119.7820 116.3860 107.5465 109.1880 106.3800
119.3200 119.3600 119.4000 119.4200 119.0800 119.0900 119.0800 119.4300 119.4000 119.3700 119.6100 119.6100 119.5500 119.7900 105.8200 103.8300 103.8300 98.4000 108.1800 107.4700 98.9900 113.3100 101.0900 102.3400 105.7900 106.4400 103.5400 103.9400 106.3900 105.5300 104.7500 111.3200 111.6100 112.6800 113.4500 104.8500 132.0200 131.7900 113.1400 102.6600 102.9400 103.2600 103.3500 103.4700 104.4900 111.5200 116.4000 136.8700 117.0200 139.1100 139.0800 139.7600 140.4300 140.4600 140.9800 141.5500 141.7100 142.3700 142.6300 121.2100 106.1000 106.2000 111.3100 111.3100
