123.5600 119.5800 119.7900 115.2500 117.3300 123.7700 124.2200 123.1400 123.2700 121.9200 103.3400 103.2000 114.0900 113.1700 121.4000 115.4900 111.7800 111.4300 109.0300 106.0600 109.9400 116.6400 105.8400 102.9700 109.1300 107.9200 107.0100 102.6800 100.2900 119.7100 103.5900 117.3400 101.8600 110.1000 109.7200 119.5900 119.3500 97.1400 104.1900 118.6300 105.0900 125.1500 117.8100 117.8100 104.9000 105.2100 117.2500 117.3000 116.9100 116.9500 116.9600 116.9600 116.9200 116.8900 117.2800 117.2200 117.5600 117.4900 117.8500 118.1200 118.3600 118.3600 118.9000 118.9000
123.5600 123.5952 119.8968 115.0365 113.5183 119.0524 119.9460 120.2229 123.8615 122.6481 111.1822 104.9069 108.4807 118.6379 117.9406 114.1121 111.1323 111.0142 109.9467 107.8902 107.7767 114.5916 112.3358 103.4731 104.8130 106.0136 108.5751 105.5847 103.2057 107.0477 111.4626 111.0684 102.4496 99.2227 101.1058 111.4916 108.3227 94.1156 113.1153 123.6385 118.4156 120.5360 117.1703 118.8740 106.5828 102.8593 102.9000 118.3015 116.7169 116.6314 116.6130 116.6222 116.6618 116.7426 116.8437 116.9806 117.1502 117.3366 117.5966 117.6923 105.1967 118.1227 118.3177 118.8500
104.9200 125.4461 130.1624 129.7275 125.3886 118.3832 114.4185 114.3724 118.5987 118.6678 116.8296 105.6391 108.0512 120.2719 111.7652 112.4202 114.7995 111.3749 110.2481 110.8544 107.9678 110.4583 104.9258 103.1830 101.7038 101.3235 104.6969 106.2351 104.3932 100.4798 111.7208 100.9249 101.8850 98.3468 109.1506 111.6742 107.4682 108.6364 120.1643 122.2131 116.9037 114.5574 117.3033 116.9069 112.8951 103.2428 111.8398 116.4837 115.7812 116.1228 116.0459 116.0524 116.1039 116.1907 116.3125 116.4685 116.6391 116.8555 116.8883 117.5095 117.9010 118.2876 117.9615 118.4600
122.5600 123.8765 122.3234 121.0401 121.3427 130.3074 127.7277 118.3112 117.9627 110.5299 111.2461 105.5125 119.5195 120.8819 116.2435 113.5399 117.0852 110.1528 109.8685 108.2828 107.0866 102.0611 99.0356 103.8420 101.6074 104.9028 107.5690 108.6251 110.4707 103.5321 104.1213 101.8673 109.0587 109.0556 108.1532 105.7025 124.3054 116.2369 117.6004 116.7551 114.8304 117.1097 116.7980 117.2549 106.7146 103.2529 100.3803 106.3889 116.8027 115.4606 115.4287 115.4381 115.4972 115.6027 115.7434 115.9298 116.1504 116.3646 116.6132 117.1296 116.7160 120.1132 117.3726 95.9100
104.8800 108.8004 120.8556 123.3023 120.2254 118.9506 114.1861 125.4307 125.8085 125.7386 118.3043 111.9305 107.4085 108.0549 107.5368 118.2366 117.9302 109.7317 110.2357 103.8555 116.2452 110.4266 107.1263 103.8928 101.0914 111.8647 117.7915 106.4948 106.0559 102.8560 110.3939 110.8147 101.7871 97.4024 112.4578 119.3204 119.2215 118.0819 117.6114 116.3017 116.2856 116.5936 116.1830 115.3582 97.5732 99.8325 103.7203 99.2855 102.8312 116.2218 114.7329 114.7727 114.8603 114.9481 115.3438 114.2746 115.4023 115.8655 115.9966 116.8511 106.3544 107.2422 114.2713 98.7400
123.1000 109.9765 113.6029 115.5075 112.3865 106.2748 124.0539 118.5679 122.2923 104.9822 119.5972 111.6757 104.9129 115.5008 101.4654 106.5299 108.2706 119.9703 109.5386 106.3046 109.5128 112.7258 109.0877 107.9840 102.7329 105.0657 99.8684 99.1779 114.9762 99.0584 99.4562 112.4379 96.3259 100.9589 102.9980 106.0602 118.5007 117.3531 117.1937 116.8521 116.5228 116.0491 115.8256 115.9338 117.7480 103.8454 101.3951 100.6382 110.7238 113.9274 114.0679 114.0819 114.1641 114.2761 114.6003 114.9686 116.7639 115.1971 118.3199 115.9193 114.4294 102.3902 103.2329 102.3800
121.5100 123.8429 127.1798 114.9416 112.0262 120.3491 111.1774 102.9986 116.5212 118.7710 115.4722 106.5410 102.2782 101.1017 118.2236 115.7400 116.7093 105.6850 107.9422 107.0299 108.1483 109.8608 105.2424 108.2258 106.6054 104.3893 102.6359 109.8029 110.9445 121.2330 96.0852 98.2574 116.1580 99.7129 105.5903 117.9831 117.7952 117.2117 116.7993 116.5298 115.9584 115.9069 115.2626 114.6179 115.2685 101.8841 102.6548 109.5433 115.5983 117.2699 113.1838 113.2807 113.4140 113.5523 113.8136 113.9958 114.1972 110.6512 111.6567 115.4471 113.9019 115.9788 115.9332 94.8900
111.5600 113.9449 119.8292 121.2284 117.5502 126.0775 110.2320 110.2340 106.6917 107.1577 103.8035 102.7829 114.8881 102.0438 119.0405 101.5118 107.1682 114.1602 116.8872 105.0553 106.7281 106.2700 110.2280 101.6992 116.0370 103.1378 100.4999 98.8526 115.8278 119.6410 118.3682 121.2158 99.4940 121.7501 106.1553 116.8127 117.0036 116.9757 116.4277 116.0354 111.7337 115.6180 114.7286 113.9663 115.0258 111.9432 99.8321 108.3379 112.5229 112.3419 112.4547 112.4653 112.5902 112.7672 113.0258 113.3199 114.0919 114.0367 115.0016 114.8560 115.2196 116.2442 113.9915 116.4000
109.5300 113.4294 114.7555 114.2353 112.2868 112.0071 109.2262 113.2562 115.2289 119.8690 109.2089 102.5383 102.1750 102.0484 112.0765 117.9840 114.5134 106.7950 106.5658 111.1407 105.1143 104.4032 105.3159 104.0282 115.6397 106.7110 103.7781 103.8692 104.4534 124.7120 97.7940 95.4644 107.8952 116.8680 118.1118 117.4166 117.0429 116.5211 116.1091 115.4119 115.2403 114.5890 114.1574 113.8757 111.3361 93.4098 104.6201 113.7256 111.7771 111.5316 111.5514 111.5476 111.6771 111.9030 112.2152 112.8024 112.9053 113.4430 113.9227 114.4119 114.8066 115.8912 120.4613 116.2700
122.8400 124.5907 120.8673 120.6914 117.7724 111.4557 111.1139 110.3194 112.1578 106.5736 101.7885 103.7566 105.0434 117.2467 113.2917 102.3051 104.3791 105.2944 101.4499 101.3861 107.1014 102.5869 103.3612 101.9143 117.7482 102.1494 112.2220 129.2853 122.3708 123.4626 120.8713 110.9396 118.1574 110.9930 118.1473 117.1216 116.6216 116.1509 116.5753 115.2552 114.5010 114.7132 114.5321 113.2334 106.2940 92.2701 100.1302 111.7887 110.7836 110.4894 110.4607 110.5040 110.6686 110.9246 111.8125 110.2237 112.6582 112.8177 113.3695 113.8680 114.6612 111.5871 117.4831 115.7500
123.6300 123.3458 121.2829 117.1673 117.1958 117.6018 116.8044 116.1788 119.2675 113.7318 106.8080 112.4319 107.4735 108.9537 119.6002 111.1789 107.5040 109.6216 104.9060 124.1741 105.1905 101.5371 112.2457 103.1559 111.0169 119.2952 108.2362 121.8313 118.9440 118.9953 118.2439 120.3343 120.3382 113.4312 117.1670 116.9063 116.3851 113.9196 114.1117 114.7327 114.6226 109.0731 112.3238 113.5519 107.2057 107.5051 109.1707 110.7283 109.7009 109.3847 109.2756 109.3250 109.5362 109.8634 110.4054 106.7876 111.4057 112.1036 112.7753 113.3140 114.9897 107.8305 115.6006 93.6200
123.3100 116.3046 120.2669 115.4111 115.2940 114.7138 116.6966 115.4244 115.6261 118.5582 117.1975 118.0938 119.1335 113.4186 119.5507 104.8801 109.4152 108.5687 114.3317 110.6860 104.9087 105.4072 103.6494 102.1570 107.9413 119.7869 117.6661 121.0022 119.9574 119.3564 118.4538 114.0367 107.9964 118.6709 117.6017 116.7656 116.1289 112.1450 110.8601 114.6151 114.2126 102.9299 105.2176 112.3899 111.1826 111.2108 109.3805 108.9577 108.4627 108.0641 107.8853 107.9497 108.2377 108.6237 111.9095 110.0315 111.5906 111.4775 112.1800 112.8935 113.4463 113.9006 117.0027 121.4000
116.9400 118.7916 115.8260 115.3836 115.4999 111.0166 112.3829 113.7719 113.1181 114.0054 112.4191 113.2386 113.4690 116.6334 114.8131 113.5468 112.9462 110.6938 107.5229 106.4614 99.7594 103.5031 103.3920 105.6625 122.7750 109.7886 120.5674 119.6571 119.3411 119.6983 121.0359 105.7158 102.7885 117.0002 116.7083 116.4241 116.8798 116.0462 116.7098 113.7427 113.2648 108.9052 96.9934 110.5059 110.5168 109.3201 108.6321 107.7876 107.0418 106.4841 106.2391 106.3267 106.7369 107.3085 107.4589 95.3203 109.3660 110.9561 111.5886 112.3859 113.0712 113.9137 120.2877 92.8500
114.2400 122.4511 121.6272 118.3900 118.7504 115.0447 115.6034 109.3305 115.9876 106.4119 114.1941 107.9022 106.2744 111.3140 110.0827 111.3856 103.6673 103.2462 99.4268 100.3846 116.2281 102.2032 107.4394 116.7223 119.2250 117.1715 122.0794 122.0800 119.7147 122.0373 105.5663 99.6136 116.3869 116.7335 116.9028 115.8265 117.1790 107.2744 116.5496 115.4955 114.7112 93.1378 92.1903 107.1880 109.7428 108.5702 107.5046 106.4142 105.3963 104.6017 104.2059 104.3417 104.9636 105.7368 107.4026 117.9679 109.2796 110.1037 111.0500 111.9636 112.6754 112.2319 109.6767 118.5000
116.8000 115.3777 121.7928 116.9804 117.1770 116.9762 116.7648 114.1173 107.3861 103.6414 107.0135 104.3300 106.9965 107.0501 108.0274 108.3954 105.1661 100.6403 101.8281 110.1823 108.9340 100.3863 102.6452 120.7801 112.0499 121.4224 122.3920 103.2999 122.8608 103.0997 93.8043 95.6472 114.4667 114.0829 116.3609 115.2103 115.2169 99.6848 96.2412 103.0587 113.1755 105.0667 102.6846 109.8377 108.9550 107.7064 106.3677 104.9314 103.4764 102.1970 101.5423 101.7780 102.8204 104.1858 105.9433 106.3410 108.1181 109.4989 110.5755 111.5413 112.2572 113.3618 104.5845 92.2000
122.6900 121.5329 121.0014 116.3247 117.0111 117.2348 117.0045 116.6833 114.1816 112.8878 114.9272 115.4321 107.9967 109.4093 109.1456 109.1505 107.3365 106.0031 106.7357 109.0650 103.3131 103.3436 106.9195 124.5949 101.5049 123.1075 117.0858 114.7977 122.1924 94.8121 113.2978 115.7848 116.2706 117.4193 117.8070 117.1518 113.6947 111.5439 108.7367 100.2834 112.6202 113.1413 112.2093 109.7230 108.3066 106.9076 105.2792 103.4154 101.2560 99.1721 97.6925 98.2386 100.2104 102.3993 104.4637 106.2869 107.7935 108.9893 110.1430 111.2209 112.6449 104.4122 109.3921 97.6900
117.4600 121.6351 122.7327 117.1081 117.7874 117.9954 116.7228 116.1768 115.1345 115.5118 118.1378 106.6586 114.5237 107.5598 116.3320 105.8629 103.5069 100.1119 115.7895 108.5443 103.4965 101.2421 99.0819 101.2036 98.9321 106.8112 120.2106 119.5989 121.2864 100.1475 99.0194 120.1250 117.3780 117.6614 107.5017 101.6830 96.5511 92.9581 98.3041 90.7753 114.2480 106.3845 110.3613 108.9551 107.8792 106.2751 104.3613 101.9817 98.9376 94.4645 91.1003 92.3019 97.1323 100.5739 103.2938 105.4042 107.1187 108.5931 109.8410 110.9634 112.0377 111.8477 113.2946 116.5300
126.4900 127.6193 110.5222 110.7146 109.9561 109.3538 108.4328 111.4006 107.0578 106.5759 106.6564 106.7063 110.0237 104.8600 102.0332 101.4315 101.3382 100.3300 112.3997 109.7571 104.8877 123.0519 121.4294 116.5889 112.9436 107.7507 105.9502 121.2537 120.7722 103.4587 121.9137 102.9297 110.1995 100.2366 111.2980 96.0365 98.8640 95.4552 94.0860 95.8583 93.4894 121.0330 104.3214 109.6716 107.5761 105.8802 103.7814 100.9788 97.0724 89.6275 85.8241 87.0545 93.7159 99.2649 102.5590 104.9375 106.8152 108.3611 109.6700 110.8263 111.8349 112.7359 113.5518 114.0500
126.4900 126.7437 124.8311 109.6007 109.9021 108.9769 113.2369 111.7054 107.1602 106.4106 106.5182 106.6511 114.5191 104.5207 103.9620 102.2133 100.9350 101.0470 100.2239 105.6983 117.0018 122.1553 121.2871 115.1333 113.0035 110.0873 109.0377 110.5511 108.6246 106.8990 107.6997 105.3335 121.0897 101.6127 112.1768 97.3506 98.3630 95.8053 93.8484 94.6358 92.7400 120.6516 104.8473 109.8681 107.5763 105.9152 103.6624 100.8125 96.6600 88.6571 84.3445 85.8377 93.0648 99.0383 102.4348 104.8633 106.7668 108.3229 109.6485 110.7995 111.8127 112.7314 113.5764 114.0400
125.5700 124.2276 124.0378 110.5842 110.9747 105.8251 112.1249 109.9689 107.3127 106.5627 106.4034 105.3778 101.8469 102.3139 102.3676 101.6493 100.8283 118.3211 112.6032 118.9391 122.3530 120.4708 121.5765 121.8521 121.8420 110.3650 118.5518 120.1847 117.1998 120.0824 119.6486 118.9066 117.9178 117.9300 116.7731 118.1547 100.4286 94.7166 98.0358 99.6824 98.1208 118.1356 110.6912 109.2206 107.6471 106.0551 104.0418 101.5441 98.2636 92.3836 88.9996 90.1221 95.8271 100.0075 102.9745 105.1932 106.9866 108.4879 109.7735 110.8907 111.8817 112.7625 113.5590 114.0400
116.6500 115.4867 116.2389 117.2956 120.6881 113.1516 113.3983 109.0195 109.2251 108.2947 107.8769 108.7591 108.4162 107.5162 108.1629 105.3083 105.8325 117.1406 115.3891 117.1498 120.6574 119.3469 121.4133 121.0445 120.1858 123.9552 97.1782 114.3011 113.0836 118.2919 118.3128 117.9239 117.5748 116.8606 116.3199 116.2609 114.1127 91.1668 117.5811 109.8721 114.1404 111.1714 110.5436 110.6757 103.4912 106.9829 104.7535 102.8676 100.4892 97.6253 95.4805 96.4018 99.2347 101.7230 103.9723 105.8624 107.4576 108.8290 110.0339 111.0977 112.0573 112.9156 113.7426 114.0700
116.6500 116.0027 115.1467 114.6057 116.4393 111.0162 118.0035 109.9195 110.6804 107.8909 109.4075 110.2722 110.9903 112.2777 106.0254 107.4765 105.7944 116.3607 116.5484 106.6570 122.8864 121.9053 121.5599 121.3940 121.3186 105.9636 120.1464 115.2677 118.2689 119.1120 118.6838 118.1836 117.7023 117.2573 116.7403 115.5078 115.1949 100.0564 107.0151 106.5355 112.5726 112.0602 110.9983 109.6573 109.1819 107.3124 105.9760 104.3538 102.7055 101.1578 100.3277 100.6688 101.9305 103.5926 105.2179 106.7384 108.0958 109.3137 110.4112 111.3964 112.3052 113.1619 112.8376 116.6200
116.4300 115.1305 114.6290 113.5049 112.7063 108.6004 110.1012 106.9529 106.5573 107.5121 105.2410 105.9274 107.2202 112.8110 101.7814 105.2246 106.5257 117.1730 118.8565 117.7350 122.1901 121.8310 121.5375 120.7086 121.4822 107.8187 121.2394 121.1348 119.2867 119.1043 118.6603 118.2308 117.7775 117.3169 116.8545 116.1623 113.3824 107.9066 96.0034 114.0273 112.3787 112.2256 111.3213 110.2874 109.2761 108.3040 107.0918 105.8946 104.7235 103.7814 103.3040 103.4766 104.2383 105.3119 106.5119 107.7105 108.8436 109.9027 110.8772 111.7824 112.6259 113.3808 113.3239 116.6200
108.8800 111.4527 109.1972 109.7577 110.1646 105.0999 104.8262 103.3077 109.0098 109.1730 107.2527 106.7928 111.0985 107.4100 104.7437 106.6879 105.5219 114.9687 121.6360 114.1968 122.8877 121.9402 121.5987 123.0029 124.9597 114.7726 122.2030 114.4275 119.2923 119.3111 118.7678 118.3519 117.9327 117.1685 116.7712 117.0586 110.2191 111.7236 96.8127 117.4576 113.7808 112.6746 111.7689 110.9683 110.0828 109.1463 108.2071 107.2894 106.4611 105.8294 105.5379 105.6404 106.1252 106.8710 107.7671 108.7080 109.6332 110.5514 111.4061 112.2215 112.9851 113.6803 114.5980 114.8400
104.6400 110.5912 108.5098 111.2327 110.3826 110.2864 109.4058 110.9367 115.2591 112.1761 107.1178 113.7727 112.0728 113.5240 110.3909 104.3456 105.6715 115.0837 121.4396 120.1418 122.2939 122.0376 122.1124 109.8534 109.4496 106.8523 107.6730 109.0311 119.8712 119.3900 118.8900 118.4669 117.9545 119.1026 118.7557 114.7396 116.9982 116.7189 111.1321 117.0321 113.9788 113.0498 112.3155 111.5788 110.8219 110.0436 109.2863 108.5620 107.9546 107.5094 107.3068 107.3786 107.7158 108.2554 108.9343 109.7015 110.4550 111.2274 111.9749 112.6994 113.3900 114.0599 114.6536 114.9500
104.6500 105.4714 109.5003 116.3053 109.5806 111.8813 111.4774 114.5614 114.9872 110.8825 113.6147 113.7957 108.4803 115.7425 132.5512 103.1433 119.4672 114.1100 122.9871 122.9702 122.3311 122.0643 122.5479 116.0072 118.8728 115.5320 118.5129 113.8857 120.2223 119.4252 119.0054 118.6855 118.6328 106.9272 112.0213 117.5153 114.6394 115.8628 115.6510 114.8328 113.9449 113.4943 112.8720 112.2167 111.5602 110.9068 110.2886 109.7273 109.2573 108.9261 108.7791 108.8360 109.0820 109.4846 110.0119 110.6310 111.2516 111.9041 112.5635 113.2034 113.8269 114.4308 115.0046 115.4900
114.3300 112.4402 111.6479 112.8373 111.3210 110.8896 114.4968 110.9452 103.4450 112.1039 111.5456 110.9659 105.2389 104.0600 97.4992 109.9666 122.3031 115.3395 123.7914 122.6721 122.4008 122.1284 121.8483 122.4424 121.6567 121.6298 118.5296 119.7633 119.7689 119.5564 119.1604 118.9234 118.2890 111.0187 110.6540 117.7710 116.8815 116.0876 115.5739 115.0871 114.5834 113.9820 113.4213 112.8518 112.2838 111.7399 111.2228 110.7660 110.4030 110.1492 110.0393 110.0807 110.2695 110.5808 110.9971 111.4821 112.0250 112.5759 113.1540 113.7244 114.2846 114.8293 115.3597 115.5900
119.5900 118.5995 117.5946 111.5228 125.6346 114.5834 113.5757 101.4495 115.9245 114.9069 109.8041 108.6518 106.1203 102.1037 107.9401 104.9368 111.4102 121.7512 116.9215 123.3885 122.4482 122.1972 121.9214 121.6017 121.3160 120.9968 120.4504 120.4535 120.0467 119.6908 119.3361 119.0067 118.1523 118.7210 110.5545 118.0474 116.8139 116.5055 115.9719 115.4738 114.9831 114.4782 113.9799 113.4724 112.9826 112.5163 112.0946 111.7225 111.4223 111.2313 111.1445 111.1736 111.3216 111.5694 111.9030 112.3130 112.7630 113.2415 113.7354 114.2400 114.7428 115.2447 115.7269 116.1200
126.6800 126.0285 125.5528 110.0257 112.2511 111.9376 114.4855 105.9104 109.3845 102.8134 104.6060 105.3834 106.3878 105.1271 104.2272 104.4660 106.9501 111.4497 121.0158 123.1294 122.5082 122.3292 122.1003 121.7284 121.4487 121.1220 120.8063 120.4767 120.1939 119.8483 119.5144 119.1150 118.6102 120.2450 115.8653 117.7659 117.6460 116.8310 116.3229 115.8868 115.3842 114.9878 114.5174 114.0752 113.6550 113.2554 112.8953 112.5849 112.3449 112.1896 112.1160 112.1391 112.2624 112.4686 112.7730 113.0358 113.4794 113.8690 114.3144 114.7596 115.2084 115.6534 116.1042 116.2300
119.4200 118.6993 111.4368 111.6579 110.8411 106.5512 105.5956 104.6295 103.9575 114.4839 112.3438 112.0719 106.1884 106.0656 104.9894 104.4240 104.5862 108.6143 114.7231 121.9411 122.7495 122.2525 121.3536 121.8128 121.4810 121.1972 121.1604 120.7083 120.3555 120.0220 119.6836 119.3242 119.0825 118.4574 117.5329 117.0872 115.5919 115.3283 116.4042 116.8019 115.9006 115.3707 115.0607 114.6219 114.2933 113.9512 113.6458 113.3822 113.1845 113.0562 112.9977 113.0134 113.1147 113.2833 113.4024 114.0063 114.0990 114.4470 114.8493 115.2576 115.6699 116.0902 116.4895 116.7400
118.3700 116.2764 110.4683 109.4044 109.5686 108.0601 113.4908 116.8430 116.5376 111.7458 111.8332 106.9774 107.8102 109.1767 104.7889 102.2047 117.3589 125.9181 119.8818 120.0119 122.4771 120.0409 118.7995 122.1366 122.7025 121.8612 119.2388 120.8282 120.4783 120.1892 119.8802 119.5478 118.9971 119.4415 118.8946 118.6409 112.4944 109.4669 115.5462 115.5208 112.9960 116.4949 115.6272 115.2666 114.9079 114.6081 114.3431 114.1189 113.9487 113.8428 113.7938 113.8095 113.8946 114.0322 114.2490 113.4992 110.6970 116.4514 115.6620 115.7614 116.1118 116.5283 116.7656 116.8800
118.8300 118.7036 118.5914 119.7233 115.3886 113.0411 110.7371 112.5793 111.1879 103.4896 106.9983 103.7573 108.9766 111.3020 113.7476 113.6375 126.4840 120.8594 124.2339 123.9571 123.1990 123.7511 122.3504 119.9518 115.6436 122.7475 115.5258 122.0571 120.5628 120.3908 120.0599 119.7952 119.8091 114.0541 116.1612 117.9087 118.3601 119.8272 118.7660 116.7751 100.2065 116.9453 116.0210 115.7930 115.4831 115.2179 114.9898 114.8016 114.6565 114.5635 114.5251 114.5380 114.6066 114.7276 114.8758 115.2825 115.1242 101.5288 116.2853 116.0852 116.5858 116.8774 117.0589 117.3300
118.8700 118.6927 119.1811 115.8448 109.9042 107.8628 106.8509 110.3563 108.5391 106.3990 110.0869 109.8448 109.6581 118.5712 123.7553 107.9799 120.7228 121.0382 123.3554 123.8879 124.5841 114.4142 121.4914 105.1963 107.0166 123.0394 121.3307 121.9681 120.8510 120.5908 120.2853 119.8319 120.8328 99.7893 113.8693 119.7656 114.7285 115.0653 117.0513 115.7225 117.8182 118.6564 116.4119 116.2937 116.0359 115.8021 115.6017 115.4354 115.3100 115.2325 115.2013 115.2059 115.2705 115.3759 115.5287 115.7785 107.0029 116.4703 117.4262 116.7552 117.0150 117.3296 117.6310 117.7700
118.8600 117.7471 114.9430 110.5843 110.6659 109.9303 110.0059 116.6139 112.3046 112.7610 111.7570 106.3957 103.6980 104.3087 111.7694 103.7256 116.0485 122.9027 123.6185 120.5263 107.1445 116.7708 124.5568 112.0139 123.9807 122.1255 121.5256 121.1670 121.0529 120.7627 120.4962 119.9256 119.9013 108.8697 124.9575 117.5861 103.8257 115.2101 116.3320 113.6696 117.1343 117.4917 117.0478 116.7832 116.5470 116.3552 116.1764 116.0280 115.9195 115.8530 115.8271 115.8318 115.8890 115.9724 116.1174 116.3381 116.4219 116.8386 116.6702 117.1848 117.4363 117.7161 118.0019 118.3200
127.0200 122.4016 115.6642 123.1777 111.4073 117.3841 111.1561 113.5250 110.9239 110.1737 107.1767 107.6033 108.6278 103.3161 100.5058 111.6583 120.2779 120.7427 123.7612 119.8670 113.7856 124.3391 122.8779 123.3885 121.3670 121.2110 121.6959 121.7085 121.2447 120.9662 120.7077 120.3857 121.3069 112.6748 108.2260 98.6371 102.0698 116.2643 110.9542 119.4042 118.5767 117.6747 117.4313 117.2615 117.0584 116.8482 116.7208 116.5989 116.4956 116.4286 116.4023 116.4165 116.4622 116.5414 116.6587 116.8079 116.9356 117.1110 117.4133 117.5969 117.8451 118.1024 118.2682 118.7100
127.0400 129.9330 112.2552 118.5235 115.8012 111.2964 110.0073 109.9599 109.6856 108.1263 109.3641 104.7978 117.4883 107.3045 118.7162 118.7832 125.5818 123.3896 123.6845 124.4240 124.5601 123.0190 122.8701 122.5792 123.7277 124.5159 118.6804 121.7533 121.3450 121.1962 120.9140 120.6290 120.4494 109.1374 101.2214 106.0898 100.8187 117.7292 110.2008 118.6142 117.5743 118.8832 118.2968 117.7120 117.4790 117.5501 117.2047 117.1194 117.0294 116.9738 116.9517 116.9605 116.9998 117.0681 117.1757 117.2937 117.4536 117.6368 117.8067 118.0293 118.2489 118.4786 118.7215 118.7900
112.2200 114.0326 112.8334 110.9116 112.5332 111.0547 114.8865 107.6060 109.0920 111.3902 106.8102 102.6179 122.6919 105.7568 127.5707 122.2263 123.5205 122.1061 123.9188 123.4927 123.0637 123.1956 122.8641 123.9262 106.1785 107.2013 115.6115 122.4413 121.5484 121.3823 121.1310 120.9450 120.2964 121.0816 116.9856 120.8584 101.9347 118.3117 119.2948 118.5845 118.5707 118.2881 115.1196 118.9817 118.0143 118.1729 117.6594 117.6245 117.5382 117.4868 117.4661 117.4769 117.5069 117.5727 117.6647 117.7770 117.9160 118.0690 118.2415 118.4370 118.6336 118.8550 119.0771 119.1500
127.2000 110.8574 112.6629 111.9587 111.1732 113.3765 108.4661 112.1750 109.9657 110.3909 109.0700 103.1970 104.0920 114.7937 124.9798 124.7874 124.3512 124.1420 124.0057 123.8115 123.6001 123.2043 124.1122 123.2903 119.1598 110.8607 117.3136 122.1360 121.9196 121.5753 121.3589 121.1154 120.8543 120.7065 120.6767 120.3808 116.2095 119.1991 119.3482 119.2952 119.0605 119.2334 119.6371 111.3563 118.7680 117.9626 118.1769 118.0870 118.0179 117.9721 117.9578 117.9550 117.9887 118.0448 118.1307 118.2286 118.3523 118.5000 118.6520 118.8321 119.0096 119.2189 119.4173 119.6100
127.2200 118.9656 109.5380 107.8328 105.5079 114.4381 112.1822 108.7409 109.2505 107.7667 105.8849 103.7350 114.2080 122.0379 125.0214 124.7231 124.4665 124.4518 124.1322 123.8945 123.8025 123.3048 118.7813 111.9376 123.6072 122.7680 122.7053 122.0501 122.0467 121.7939 121.5741 121.3508 121.1375 120.8715 120.7353 120.4530 120.2381 121.5972 121.9205 117.0817 119.9769 119.1909 114.1413 98.7899 120.2555 118.4212 118.6053 118.5367 118.4645 118.4058 118.3998 118.4175 118.4493 118.4947 118.5703 118.6593 118.7730 118.9065 119.0523 119.2041 119.4073 119.5523 119.7404 119.9300
113.7800 113.7520 107.1241 116.0828 117.2498 108.8310 110.3388 111.1790 108.6966 105.5826 104.4285 115.8995 127.6188 125.4154 125.0880 123.2178 126.2751 127.1741 124.0047 124.0624 123.8758 123.4200 124.7346 123.7966 122.8741 124.1249 122.2879 122.4992 122.2153 122.0108 121.7846 121.5884 121.3698 121.1597 120.9531 120.7417 120.8090 113.7484 109.4923 117.3163 120.7534 119.6271 104.3480 118.7793 120.4629 118.9288 119.0212 118.9596 118.9534 118.9829 118.9004 118.8519 118.8832 118.9251 118.9970 119.0755 119.1835 119.2944 119.4261 119.5853 119.4697 120.0215 120.5613 120.0000
127.2700 123.8218 115.2547 110.3667 109.9409 110.0048 108.5539 111.5921 106.7220 106.5637 117.4902 119.2733 123.4016 120.9674 126.0908 109.2470 126.2519 124.2303 124.3869 124.1708 124.1559 123.8267 123.5348 123.2753 122.7664 119.9860 119.6280 121.4788 122.6090 121.9799 122.0386 121.8011 121.6156 121.4193 121.2241 121.0885 121.2839 111.4703 96.7520 119.2827 120.3104 119.8703 120.2583 120.0640 119.9352 119.4631 119.4215 119.3774 119.0394 118.7254 119.1542 119.2676 119.2959 119.3360 119.3976 119.4749 119.5678 119.6767 119.8017 119.9300 119.9873 120.0833 113.1174 120.3600
127.4000 124.1953 112.2967 112.0539 111.9247 110.4145 113.7576 109.9793 113.3738 107.7879 103.6625 114.9059 119.4806 109.3815 128.5786 112.7908 125.2801 124.4497 124.5242 124.2885 124.8968 121.3930 123.8731 123.5285 123.5093 123.9796 118.3683 114.2199 119.3420 122.5020 122.2038 122.0630 121.8496 121.6215 121.4939 121.2072 121.1620 117.7284 121.4736 122.6808 120.0970 120.3487 120.0994 120.1590 119.9751 119.8867 119.8286 119.4919 122.2336 121.7921 119.7241 119.6811 119.6910 119.7289 119.7819 119.8487 119.9405 120.0394 120.1544 120.2935 120.3789 121.5319 117.3145 120.7100
127.5600 118.5005 111.4654 111.3278 114.2809 113.8147 110.7726 103.6719 107.0499 118.9596 107.7806 114.7223 118.8455 125.0993 124.8882 125.0363 125.2398 124.8168 124.6391 124.3726 124.8597 118.6555 124.2019 123.4568 122.9574 123.7642 104.5842 104.0352 123.6875 123.6606 122.2934 122.2804 121.8840 121.9158 122.4965 121.2272 119.3415 120.8103 122.0756 112.5966 121.7448 120.6571 120.5673 120.4199 120.3516 120.2472 120.1975 120.2379 115.6377 110.2351 120.2174 120.1048 120.0662 120.1011 120.1529 120.2127 120.2936 120.4099 120.5109 120.5454 120.6508 120.8156 121.1904 121.3100
127.5600 122.8211 114.7666 114.3586 108.7728 107.3219 106.0777 104.0193 107.1605 110.1750 108.1590 112.7322 119.4610 126.7387 120.0132 127.0307 124.8129 124.9635 124.7628 124.6144 124.1988 126.0807 126.1832 124.9945 124.6630 125.3479 119.5135 111.5801 126.7468 118.2096 122.4991 122.7337 123.2733 122.1289 115.9191 118.4965 121.8036 120.6627 116.2790 126.2489 109.7269 121.1355 120.9068 120.7694 120.6733 120.6262 120.4572 120.5442 119.8728 120.2863 120.4367 120.4252 120.4259 120.4602 120.5126 120.5695 120.6515 120.6589 120.7102 121.0824 121.8352 121.3312 121.1622 121.3100
116.2900 111.7504 120.3013 110.4738 107.2402 110.6143 108.6952 107.6061 105.9338 104.7319 102.6253 115.0245 112.7379 127.7983 120.8799 126.7996 125.1779 125.0557 124.8968 124.7778 124.5959 121.5848 112.0734 115.9970 124.7588 110.2276 118.1545 123.3757 120.6156 95.5941 123.5377 119.1099 120.0969 121.8773 106.4359 120.3661 119.9628 118.4346 126.4361 121.7447 119.7518 121.8130 121.1624 121.0687 121.0376 120.8148 121.7240 120.8130 120.4410 115.3993 120.8813 120.8179 120.7783 120.7890 120.8109 120.9040 121.0035 121.3345 122.7515 121.2952 110.2714 120.9467 120.9944 121.6600
117.2900 118.8877 112.2532 109.4990 111.2053 110.4011 107.0178 109.0217 104.9316 104.8425 103.9346 108.2410 112.5137 126.3404 125.7913 125.2696 125.3845 125.2012 125.0289 124.8737 124.5141 124.9493 108.8470 109.3106 124.2928 99.4677 128.1020 114.4620 114.4616 115.4763 119.3417 117.8188 122.2355 113.9407 102.8328 104.6805 110.6789 118.7089 112.9933 121.9122 121.8046 121.4825 121.5853 121.4646 121.0657 122.4680 113.9928 121.4996 121.3605 121.2739 121.0910 121.0977 121.1103 121.2460 121.4782 121.1835 121.3763 121.4898 120.2031 114.5688 117.7715 120.0342 121.8693 121.9600
112.1600 111.8827 109.2095 110.6973 110.1717 110.2753 110.0455 106.1958 104.7666 104.3937 103.9679 104.2046 125.1680 125.6705 125.8089 125.6558 125.4330 125.2671 125.1263 125.0447 124.8028 125.4352 121.6971 117.2397 124.0416 118.4611 123.6422 120.7801 119.4980 103.7869 102.0109 117.8808 106.8740 100.4412 103.3746 101.2421 99.7710 111.6094 122.8696 121.9380 121.9823 121.9166 121.6096 121.5598 122.5680 121.9669 117.3855 122.0096 121.3702 121.3532 121.4233 121.4164 121.4383 121.5925 119.1193 121.8948 121.5716 121.6336 113.0389 120.7929 123.3628 120.8416 121.8663 122.2500
111.9800 111.8569 110.7948 110.3414 110.0471 110.5076 106.8966 104.9286 104.5838 106.8672 106.9417 122.1929 130.6158 125.8333 125.9260 125.6886 126.1223 125.2646 125.0740 125.2005 125.1406 123.8909 133.1104 126.2263 124.2986 124.3793 124.1378 124.2808 125.9359 119.0204 123.4366 123.3883 121.1689 107.0482 101.0378 102.2907 99.9969 113.7039 123.8263 122.3532 122.2088 122.1629 122.5938 125.0921 111.2576 123.2231 107.9450 122.7614 121.7555 121.7450 121.7289 121.7316 121.7657 121.7898 121.1410 121.8317 121.8568 122.3862 110.9357 108.8535 121.0846 122.3876 122.3839 122.5200
112.1500 111.1769 110.8646 110.5293 110.2859 109.5519 112.1065 107.3041 104.8885 104.7102 106.7207 110.6131 126.8435 127.5146 125.8719 125.6978 125.7836 114.9376 130.2770 124.6904 125.2872 124.6834 128.4497 124.7519 124.3817 124.4091 124.3143 124.0851 125.3050 114.1904 120.3498 105.9491 115.3085 119.2108 105.1845 109.6897 122.1151 125.2450 122.3010 122.6316 122.3866 123.4650 107.6093 119.5971 110.3953 107.4669 121.1095 121.9563 122.1093 122.0244 122.0339 122.0357 122.0390 122.0766 122.1503 122.1538 122.2176 122.0226 125.1639 115.2239 123.6207 122.5747 122.6713 122.7800
111.5500 111.3302 111.1344 110.4636 109.8880 107.6508 108.1159 104.5265 105.0798 107.2317 104.6376 116.2437 113.8824 121.3111 126.1688 126.0286 126.7902 124.9316 125.8759 125.4586 125.3235 126.0946 128.6283 121.9526 125.2833 124.7189 122.3011 123.6731 124.2798 124.1847 115.5965 114.6619 124.2005 125.2706 108.0753 104.8900 123.2941 122.4876 123.1138 122.8674 122.7336 122.1688 112.4877 102.1179 126.4493 123.2230 122.4953 122.3953 122.3326 122.3305 122.3263 122.3291 122.3364 122.3568 122.3740 122.4355 122.5145 122.5810 122.2771 123.5276 122.5871 122.7815 122.9266 123.0000
112.0300 111.1931 111.2487 109.5565 106.6946 107.1357 105.2913 105.6259 108.7452 107.3652 109.2627 101.5508 127.0642 127.6833 127.3818 125.6527 126.3556 123.6226 125.8095 126.3230 125.6982 122.2613 122.3995 126.2165 125.5234 124.7152 124.7557 124.6568 122.0884 109.5294 104.8849 118.8367 124.7008 124.2613 119.6051 123.1609 123.3815 123.4008 123.1849 123.1102 122.8819 123.6631 113.2840 106.3328 111.2141 122.6878 122.6943 122.6590 122.6286 122.6087 122.6082 122.6064 122.6089 122.6231 122.6749 122.6263 122.3841 122.8420 122.9034 122.8302 123.0376 123.1012 123.1688 123.2900
111.5300 110.1790 104.5853 106.7868 106.6104 105.7399 110.7446 111.2318 105.6958 112.1308 105.7413 113.1229 129.4721 125.5719 132.3285 116.1941 125.9154 127.2885 126.4199 112.8986 122.2215 107.1435 101.3211 126.1186 120.6678 125.4251 124.6833 123.3579 113.0484 112.5070 110.4840 117.9849 121.7292 124.5998 123.6107 123.6388 123.6422 123.9101 123.7599 123.4404 123.1590 122.8947 122.7765 107.8992 120.6526 123.4734 122.9207 122.9513 122.8977 122.8863 122.8755 122.8770 122.9086 122.9500 122.9483 123.2554 125.5887 122.7322 123.1770 123.1975 123.2449 123.3304 123.4159 123.5300
106.2500 116.5265 115.9654 105.8162 107.4294 108.1156 116.2975 106.5962 107.1520 111.9891 116.2080 126.8627 126.4121 127.8549 126.5512 114.9854 122.5508 125.8597 111.2780 103.4606 103.9178 104.7530 110.6778 107.5640 105.7022 116.9836 125.0523 123.7342 109.5949 127.6315 124.4416 123.8421 115.0723 123.9783 124.9908 123.7147 125.1394 120.0410 121.3108 123.2873 123.4366 123.3962 114.8040 121.0471 122.6029 117.5014 123.1487 123.2282 123.1656 123.1496 123.1395 123.1345 123.1723 123.0691 123.3395 123.1084 112.2234 124.5353 123.2161 123.4271 123.4976 123.5713 123.6469 123.7600
119.3200 105.2370 103.0887 110.4653 114.8078 110.7495 118.0335 105.6342 110.3863 113.5563 122.1762 124.4830 127.7277 126.5275 120.4429 129.8306 126.6562 126.3460 117.6889 114.6001 110.7770 103.0501 116.3886 110.4799 118.0508 124.9840 124.8565 126.0223 126.7994 126.2029 124.9408 109.1805 124.3999 128.0070 113.8545 122.1630 114.3322 115.5552 119.9616 123.9832 123.7070 123.6169 124.1974 123.4645 120.0668 122.8777 123.1391 123.5163 123.4149 123.4042 123.3943 123.3847 123.4632 123.8558 121.2104 123.9301 122.1917 123.6129 123.4629 123.6785 123.7383 123.8018 123.8716 123.9900
119.3200 107.8308 111.2501 117.4136 114.8352 116.8795 113.0257 105.4297 110.0272 119.6354 122.8168 119.4660 127.7423 114.0158 114.6268 126.7309 126.7648 128.2940 121.8898 114.5312 123.1018 114.5046 120.0379 106.1723 107.0709 124.8121 126.1869 125.3018 124.7725 125.2480 125.0723 126.1211 125.4824 126.0570 107.5458 113.9355 109.4455 116.2082 125.1950 123.9991 124.0001 123.9623 123.7992 123.6734 124.1766 123.6764 123.7135 123.6682 123.6694 123.6563 123.6469 123.6279 123.7235 124.9973 109.4443 123.7846 123.7277 123.7543 123.6861 123.9057 123.9693 124.0372 124.1074 124.2200
109.7800 114.6183 118.4731 112.2078 115.9110 113.0187 115.3762 110.2360 123.4246 110.5765 114.1938 122.6895 125.1834 127.8873 128.6520 126.8397 126.1360 118.6385 112.2987 117.4126 125.5153 119.4171 122.6703 118.6341 113.5520 126.0754 125.8431 110.8452 112.3902 125.0123 125.1913 122.6644 122.1266 127.2187 108.5985 103.8955 104.4905 102.3533 126.5604 124.2807 124.1993 124.1596 124.1426 124.1283 123.9824 123.9579 124.2841 124.0435 123.9090 123.8979 123.8905 123.8956 123.8926 123.8625 125.2173 125.3532 123.8898 124.0627 124.1366 124.1419 124.1911 124.2513 124.3188 124.4300
117.5100 119.6877 114.2007 107.6339 119.4177 110.3018 128.8999 109.3257 128.9058 122.7184 125.3085 122.9767 126.8361 128.3315 126.7195 127.6698 122.8017 119.3310 113.3140 126.7362 119.2550 117.2117 113.0870 125.7615 126.1569 126.8034 125.2175 128.9277 123.4135 126.9712 125.0256 125.4151 125.2094 115.4348 102.3103 102.3644 100.5861 109.6165 125.7097 124.5149 124.4074 124.4041 124.2862 124.2068 124.2219 124.5982 121.5532 124.2710 124.1621 124.1361 124.1317 124.1306 124.1406 124.1528 123.9628 123.8391 124.1391 124.2679 124.2903 124.3365 124.4365 124.4849 124.5152 124.6400
119.8500 112.7781 115.5911 106.0330 109.3668 115.1620 127.4612 115.3106 122.4857 120.6752 124.4541 104.3433 118.6274 105.1734 120.2425 120.6491 114.8229 126.3070 112.8106 113.2043 122.3421 105.6423 120.2090 120.7168 107.3937 127.1103 128.8937 132.3925 106.1806 125.0615 125.4888 125.3288 126.4481 118.9728 105.5018 114.4206 121.8345 127.4062 124.5733 124.7451 124.8530 124.1288 124.1023 125.7238 124.5411 124.4196 122.6688 124.4868 124.2530 124.2839 124.3581 124.3629 124.3688 124.3761 124.4423 124.6212 124.4505 124.5393 124.4274 124.6176 124.6269 124.6611 124.7935 124.8400
118.8900 114.9642 107.2985 114.7284 128.5612 127.6847 128.2865 124.9946 124.4569 119.3654 104.7841 103.8974 104.2203 124.1298 126.9632 127.0996 126.3016 124.6002 113.8389 117.0088 113.3411 104.8251 115.1055 121.9343 121.5148 127.0363 129.3979 109.9723 126.1890 126.0640 125.5889 125.6405 125.0817 123.6195 123.6880 127.0278 124.4584 124.0519 121.0278 125.0616 124.9553 125.3752 92.8069 127.1971 124.6814 124.6777 124.7764 124.6474 125.7171 125.0866 124.5010 124.5702 124.5958 124.6018 124.6249 124.9480 119.7515 124.9691 125.4996 122.1561 125.0400 125.0064 124.4477 125.0200
128.8600 128.7621 127.1851 128.8000 128.4315 128.3230 128.4722 125.7447 126.3557 123.5807 108.3735 105.4991 125.3375 131.5006 123.5365 127.0284 127.6088 114.3854 114.2733 118.8095 106.2155 112.4942 105.5774 116.9462 128.1311 126.7395 108.9134 109.3504 126.5685 125.0154 125.7914 125.7240 125.4165 125.7463 125.6519 124.6463 127.3809 115.2585 114.5250 125.1240 125.8848 121.6880 110.2142 127.1431 125.2006 124.7141 124.6051 125.4305 116.2061 126.4172 124.9387 124.8273 124.8174 124.8136 124.8421 124.8309 125.2111 125.6591 110.5061 126.2046 125.0121 125.1971 121.5864 119.2400
128.8900 128.5997 128.5566 128.5122 128.5041 128.4164 127.5067 128.7451 124.8017 124.1154 120.7460 115.9286 108.5886 116.3526 119.0613 126.4398 127.3883 125.6414 125.6972 127.7874 105.9541 106.2463 128.7040 126.3799 126.2505 128.3176 104.0321 117.1672 126.1261 126.2237 125.9135 125.8661 125.8263 125.6731 125.6561 125.8988 120.1321 103.4375 117.5901 125.4473 125.5141 112.2088 103.4821 121.0505 122.0463 121.9123 125.1522 127.5375 100.9322 125.9989 124.8443 124.1213 125.0479 125.0959 125.0660 125.0573 125.1878 125.2629 125.3988 125.9688 124.2672 125.4858 116.1689 108.7800
129.0100 128.9465 128.9031 128.8256 128.6388 128.6986 125.9250 124.8589 123.8532 126.2341 129.6463 123.8913 110.5844 126.0270 117.1894 114.6654 117.1930 115.8895 114.7447 127.1798 118.9881 110.9460 129.4880 127.0002 126.1436 128.5354 106.1685 126.5201 126.8560 126.2363 126.1195 125.9977 125.9608 125.8874 125.8329 126.0516 126.7266 101.5044 115.5097 125.4886 125.6870 129.1732 124.4350 125.9357 123.6508 124.9286 120.6152 118.5557 118.8224 125.7264 125.0578 121.0736 125.3887 125.1040 125.1735 125.2854 125.2930 125.8226 109.4211 125.7667 125.8355 125.8393 101.5071 103.6200
131.7500 128.8661 128.8520 128.8046 128.6983 127.8008 113.2334 129.9341 128.9169 128.3465 126.0699 123.0838 104.9054 105.0829 101.5355 107.5173 115.4564 116.1938 132.4743 130.4027 123.1019 124.5401 126.1978 113.9287 117.7535 128.1056 111.2156 122.3767 119.8513 123.2230 126.3746 126.2723 126.1308 126.0559 126.0112 125.5862 126.3505 111.7578 127.6683 125.5007 125.4921 123.2245 109.1863 126.8045 125.6695 125.8587 125.4746 110.1322 112.9274 126.7834 125.7427 126.3368 125.8289 125.9996 125.7160 125.4936 125.7469 125.7306 124.7150 135.4926 120.7308 108.8358 98.5525 104.4600
143.7700 129.0800 128.9900 128.9100 128.8300 128.6600 128.5700 128.5000 128.4000 128.3100 119.7500 127.0800 128.0400 105.8700 105.7700 127.4200 118.3700 113.2800 127.4100 114.4600 127.2200 127.1100 127.1100 105.8300 126.9500 126.8200 126.7400 123.2400 109.8400 118.4200 126.3300 126.3300 126.2300 126.1300 126.1300 126.0200 126.0500 125.9300 125.9600 125.8400 125.8600 125.7300 125.7500 125.6000 125.6200 125.6400 125.6500 103.4900 103.5000 125.5000 125.5100 125.5000 125.5000 125.4900 103.6600 125.6500 125.6300 125.6100 107.2300 121.0100 121.0500 110.3000 104.6500 104.4600
