124.0600 124.0600 116.5000 123.3700 125.9200 126.1000 106.6400 106.4600 122.6900 117.5700 105.1900 105.0800 110.5500 104.9000 118.3100 116.5000 116.5000 109.0100 115.3700 120.4400 104.1500 113.7300 111.3400 111.3400 108.2200 108.2200 104.0600 109.5800 107.0100 112.9700 104.6500 104.3800 124.8700 106.4100 106.4100 124.6100 124.4700 105.9900 124.3500 124.3700 133.7400 124.2300 126.2900 124.0700 124.0800 124.1100 124.1100 124.1200 124.1300 124.1300 124.1200 124.1100 124.0900 124.0800 124.0700 124.2500 124.2300 124.3700 124.3700 116.1500 116.1500 113.2200 124.6000 124.5700
122.4200 128.5697 124.2645 122.9206 124.7432 126.2388 126.1117 114.3745 107.3610 121.9736 111.8008 105.2245 106.5155 108.1103 105.3221 116.3308 110.0611 109.4747 115.9977 120.0541 115.6939 110.8868 110.9979 113.1009 110.5395 110.9213 106.3802 105.6473 107.4395 112.9047 102.1759 104.0478 116.3211 103.9716 109.0375 110.3320 112.0170 111.6937 125.9439 118.8086 123.6267 125.0828 124.0998 123.9349 123.9280 124.1294 124.6122 112.9260 124.2339 123.4583 123.9252 123.9382 123.9477 123.9813 124.0105 124.0463 124.0830 124.0808 124.8973 121.7955 109.3164 123.1640 123.5160 124.5700
122.4200 112.1605 127.1458 126.8115 125.0898 124.9856 125.2992 123.3489 112.8855 111.6149 123.7637 109.5782 103.3511 109.1177 114.5825 113.7379 108.9650 110.2739 108.3921 104.2226 116.6099 118.5170 110.9630 104.5728 104.0569 104.3482 107.0045 111.8279 113.3451 106.8462 104.9946 108.6740 129.6385 116.2359 106.2917 112.5691 112.3224 132.7321 124.6424 123.9557 124.4885 123.7132 123.8439 123.7585 123.6818 123.7287 124.1317 113.6169 124.2166 123.1306 123.6702 123.7096 123.7132 123.7373 123.7733 123.8262 123.8467 123.9199 124.8779 108.5878 103.8598 121.2323 124.2054 113.4100
114.0900 123.7296 115.5557 120.3530 125.5846 127.3044 125.4203 121.9563 119.5614 105.3484 103.6763 122.6629 104.5163 103.2705 108.1802 112.8185 110.8565 113.6304 109.8764 109.4813 103.3955 109.7283 116.4081 115.4718 110.2360 105.7456 111.2168 110.2295 112.5441 104.0762 103.3515 117.1525 121.7310 121.2239 107.4771 120.1269 122.1248 119.0255 123.3823 117.7318 123.8239 123.5856 123.5347 123.5099 123.4194 123.9339 123.1333 114.3464 123.8641 123.7861 123.5418 123.4683 123.4617 123.4933 123.5468 123.5354 123.3542 123.4572 131.0098 105.6419 100.6281 101.1650 116.8920 124.1300
117.7200 117.3374 118.8294 120.6577 114.0375 122.3823 123.9054 126.9924 119.7426 117.8079 109.3306 104.7049 104.5521 102.3434 102.9106 113.9199 111.3977 104.5482 113.6576 105.6233 109.5023 111.7685 113.5710 111.9423 112.1768 108.4796 110.7922 114.2179 102.9027 105.4628 105.7773 112.3195 121.6260 125.2704 123.0318 124.0582 123.8530 123.4125 124.2234 123.5661 123.9224 123.3414 123.3040 123.2548 123.1179 124.2314 114.1853 108.2768 123.6140 116.7205 123.3750 123.2305 123.2076 123.2652 123.0747 123.5945 125.5250 119.1685 117.2964 116.1296 108.4980 112.1672 115.6356 123.8700
117.3600 114.9800 124.3851 124.7934 110.5491 116.8270 117.6438 119.6000 116.7338 106.5714 116.6131 115.5618 103.7458 114.9789 113.9629 115.7849 111.0572 109.7859 114.1255 115.0249 109.5178 107.4565 111.0656 114.0329 112.9153 107.2470 106.5711 114.6190 110.8812 117.2056 119.5507 121.4618 126.8041 115.0741 118.1176 123.6101 123.4488 123.4011 123.2074 123.2086 123.0727 123.1013 123.0464 123.0298 123.0206 122.7785 121.8175 115.5988 122.3155 119.3329 123.0000 123.0395 122.9399 122.9857 123.5671 115.6951 114.0745 102.7921 110.9289 118.2584 122.5655 121.7849 126.8731 123.6500
119.4500 117.2448 108.7170 114.8070 121.3732 119.7635 103.6158 116.5105 117.1936 116.3457 115.9571 108.5102 103.7558 104.9817 115.9884 114.6402 114.0728 111.2679 111.2824 114.4222 111.1457 106.2883 107.3344 108.7565 105.0508 116.8594 111.8380 108.2801 104.9793 123.9887 122.7564 119.5069 121.9182 99.5148 124.6411 123.2252 123.2111 123.1387 123.0811 122.9798 122.9295 122.8453 122.7677 122.7657 122.7992 122.8750 119.9295 102.4883 120.1389 120.2643 122.7444 122.6834 122.6709 122.6937 122.5452 112.6560 124.7594 114.9024 120.1634 115.5587 117.9782 122.9837 123.1827 123.4400
117.7100 120.3363 120.8872 114.8995 113.2901 118.0458 118.9890 119.1768 110.8339 117.5521 116.7335 111.9973 111.7643 109.6684 103.3098 105.8897 114.5850 109.4723 110.5549 109.5409 103.6210 113.3074 106.8481 110.9629 106.4912 111.6909 106.8886 106.5302 108.3331 121.9635 123.1637 123.5313 125.0138 102.5443 121.6335 122.8271 123.0898 122.8886 122.8012 122.7186 122.6353 122.5813 122.5450 122.5919 122.6816 115.8111 123.1173 114.6920 118.9979 121.6800 122.3233 122.3883 122.4006 122.3778 123.6264 123.6973 122.5529 123.5677 122.9904 123.7894 123.0851 123.0082 122.7245 123.1900
118.7900 118.6365 119.9755 120.4857 112.8181 114.7528 115.2305 120.9747 116.2119 109.1240 117.0289 116.4319 115.0519 102.7791 104.0163 103.2758 111.7877 104.1095 109.9476 109.8887 109.5796 114.5203 106.1576 104.2505 103.0549 117.7570 108.8129 120.9776 118.7282 126.4955 125.3796 124.4583 123.5484 122.0558 122.7751 122.6732 122.7775 122.6420 122.5451 122.4554 122.4109 122.2518 122.0268 122.0638 122.7750 111.9970 121.8158 121.2339 122.9172 122.0918 122.0731 122.0786 122.1300 122.7452 116.8655 121.8469 122.3077 122.2829 122.4223 122.4110 123.0148 123.0530 124.4682 122.9400
118.0700 117.9395 118.5099 118.8319 117.5989 119.8335 103.5793 114.9774 115.4027 119.7636 110.2334 116.2232 116.3012 116.3105 106.5005 107.7834 115.2796 113.8303 107.9789 102.9315 105.7596 109.0104 103.6145 104.4614 111.2136 124.1455 121.9313 129.3547 124.7885 122.6195 121.7868 123.3848 123.0576 122.7894 122.6966 122.5876 122.4882 122.3749 122.2789 122.1809 121.9103 122.3981 122.2475 122.7561 120.5054 121.0302 122.6753 121.4186 121.5139 121.7284 121.7654 121.7793 121.8129 122.2230 119.1088 122.6156 121.8684 122.1429 122.2286 122.3349 122.8026 105.0476 115.3743 122.6700
118.0200 117.7049 117.3176 118.0278 118.4608 117.2384 119.2932 111.6824 111.9081 114.4164 119.1342 105.5271 113.9891 113.6409 115.9551 111.9023 107.7186 123.4813 105.1696 102.5790 102.3258 105.4896 103.9441 101.7763 112.1703 114.4666 118.3534 120.7663 118.5273 123.7110 123.2382 123.5302 121.1377 121.2716 122.6660 122.3701 122.2110 122.1032 122.0054 121.9053 121.3345 121.7844 114.5705 124.1490 103.3295 122.7978 121.4427 121.3858 121.4734 121.4436 121.4451 121.4457 121.8401 120.3943 123.0533 122.4744 121.7121 121.8676 121.9355 121.9981 123.5506 114.5523 110.7417 122.4000
117.7700 117.2354 117.4166 117.2890 120.1213 117.5995 117.2581 115.7443 119.1095 113.2041 110.3160 115.8564 116.4907 115.0999 114.7340 117.3194 112.7166 112.7903 111.1425 110.1816 111.9636 112.2404 101.0861 107.3507 109.4051 118.9550 124.0605 123.8725 123.5645 122.9185 122.5442 123.5082 99.4811 114.2506 122.2337 122.0154 121.9698 121.8317 121.7192 121.6024 120.8969 122.6414 105.2362 104.6697 123.9146 121.8734 121.1448 121.1261 121.1125 121.1141 121.1325 121.1094 121.0794 118.3970 109.8651 122.3341 121.4355 121.5468 121.6474 121.8237 121.7919 122.1546 124.1983 122.3600
116.7200 117.3727 117.5802 118.8748 117.2929 122.5377 117.2757 115.9986 112.9350 114.1959 108.5591 106.0800 111.6296 116.5382 110.8395 110.3714 109.4438 113.0883 105.4482 112.6942 119.1032 121.1198 105.9772 119.6497 113.0413 114.7641 123.2052 121.9322 122.8832 122.6480 122.3820 125.6807 121.7739 108.8358 121.3444 121.7915 121.6842 121.5469 121.4270 121.3187 120.7817 122.8973 112.2713 100.2687 123.0995 120.2958 120.7814 120.7936 120.7725 120.7803 120.7956 120.8017 121.2469 121.5763 121.6060 111.2563 121.1904 121.2761 121.3543 121.4679 121.6575 121.5855 121.8891 121.8300
117.7400 112.9378 117.6715 118.0635 120.9028 121.1666 110.4634 115.5049 115.6170 113.7913 115.2600 113.0184 106.6155 110.5619 109.5174 112.8526 109.8145 111.4017 115.2018 101.0026 104.3865 121.9954 112.4780 102.3858 118.7602 121.7098 126.4623 123.2816 123.3627 122.5025 122.0140 100.6765 109.6069 119.7455 122.2658 121.3932 121.3996 121.2664 121.1267 120.9959 120.8845 120.6433 123.5385 104.7198 121.5020 120.2533 120.4460 120.4416 120.4323 120.4331 120.4460 120.4723 120.4559 120.2990 121.0980 116.5577 121.9905 120.9601 121.0540 121.1833 121.3065 121.4938 121.6075 121.5300
107.5800 113.4246 117.3347 119.5389 118.6706 120.0779 116.8766 111.2355 113.3582 113.3851 116.0284 109.6948 110.3638 109.5539 108.9341 112.4198 104.7285 100.7508 104.2235 120.2330 112.9426 123.4065 125.1748 117.0823 113.2037 127.5419 105.9517 116.1454 120.5015 122.3788 123.3069 123.8321 112.9038 116.3745 121.6086 121.3270 121.1398 120.8998 120.8163 120.6912 120.5349 120.6002 120.2212 121.4749 121.2556 120.0751 120.0969 120.0773 120.0669 120.0691 120.0847 120.1267 120.1890 120.1780 120.3010 120.8046 120.4012 120.6054 120.7438 120.8825 121.0283 121.1692 121.3300 121.5300
109.9800 115.2485 116.9151 117.3595 117.5452 110.4388 119.6768 116.5341 116.8891 111.9406 113.9690 115.0453 116.5469 103.4479 113.5865 111.5406 105.8260 111.3307 102.1009 102.8079 107.3297 121.3006 123.1981 124.0493 121.2118 122.2344 122.1934 120.5098 122.7984 121.9388 121.3460 121.7699 118.1503 122.5867 121.0113 120.8899 120.6916 121.0844 120.4734 120.3627 120.2309 120.0855 120.0549 119.7139 119.6187 119.7830 119.7284 119.6997 119.6880 119.6902 119.7110 119.7454 119.8002 119.8906 119.9788 119.9953 120.1808 120.2819 120.4253 120.5697 120.7235 120.8787 121.0451 121.1600
119.8400 116.7899 114.1243 110.3542 107.5310 106.5678 112.5713 112.7398 115.8007 116.2378 105.0391 118.0446 116.3129 111.6827 108.5978 109.8434 107.4206 102.3096 109.4167 110.0945 114.0436 114.7264 122.9794 122.8987 123.4384 122.7460 122.4162 122.2513 122.1562 121.8136 121.6359 121.6741 121.2271 121.1064 120.8506 120.5915 121.6531 115.5895 119.9729 120.0390 119.8604 119.7745 119.6342 119.5687 119.4892 119.3941 119.3436 119.3091 119.2877 119.2965 119.3137 119.3602 119.4138 119.4845 119.5807 119.7035 119.8124 119.9458 120.0927 120.2501 120.4115 120.5815 120.7629 120.8800
114.5700 114.5809 114.8149 114.4276 115.6524 106.2316 109.7608 113.2138 109.4502 115.1900 110.5778 116.2877 114.4211 110.9799 113.5904 109.9586 108.4344 104.8197 105.4422 109.5701 101.9463 125.5873 122.8868 122.8243 122.6485 122.4543 122.3231 121.9051 121.8074 121.5460 121.3770 121.1755 120.9872 120.7608 120.5484 120.9521 111.5277 111.0174 121.2271 119.6090 119.9487 119.3545 119.2628 119.1413 119.0583 118.9548 118.8805 118.8944 118.8717 118.8755 118.9023 118.9490 119.0192 119.1038 119.2022 119.3118 119.4402 119.5912 119.7459 119.9185 120.0887 120.2727 120.4660 120.5500
114.2700 114.2813 113.7413 106.8209 114.9449 115.0875 118.7394 108.3643 112.9108 116.7374 108.5904 115.4851 113.3221 108.2941 108.0571 106.8138 105.9652 107.8809 116.0829 104.3174 109.4213 103.6843 122.2679 122.1995 122.4896 122.5135 120.7905 121.8013 122.1428 121.1375 121.2374 120.9108 120.7083 120.4764 120.1022 120.3355 116.0312 110.8047 112.3126 114.4589 119.0309 118.9274 118.8511 118.7627 118.5991 118.7743 118.9267 118.4296 118.4351 118.4440 118.4737 118.5176 118.5929 118.6865 118.7954 118.9238 119.0658 119.2230 119.3933 119.5756 119.7644 119.9674 120.1720 120.1800
114.4000 114.6530 112.5135 107.7545 106.4303 108.0641 114.1577 111.7843 111.7510 110.1268 109.8575 108.5190 119.4011 116.2964 115.8736 107.2448 106.5754 111.2783 117.5783 107.5882 108.8732 123.5722 118.7569 122.7579 122.4293 123.2154 102.9722 115.9566 110.6994 121.4893 120.8451 120.6629 120.4672 119.9553 120.9208 117.3099 120.3837 107.0353 103.2003 119.0049 119.1678 118.9721 118.7031 118.2284 118.2297 118.0835 114.0074 118.3862 117.9940 117.9684 118.0182 118.0674 118.1458 118.2541 118.3715 118.5098 118.6669 118.8383 119.0291 119.2184 119.4263 119.6423 119.8624 120.1200
114.7000 114.4202 114.7353 114.6447 116.1123 110.0950 106.4106 102.9120 111.9558 114.6752 116.4267 109.6017 107.1602 107.6169 115.3309 112.4512 105.6970 112.9798 121.0906 123.2665 121.5106 121.6029 122.7712 122.7967 121.1415 116.9339 99.0820 108.5290 103.9197 123.1846 120.5185 120.9011 120.3597 120.4810 117.4835 95.2600 101.3752 105.5391 102.2611 118.6839 118.4234 117.9211 111.0865 117.9861 117.4526 118.3422 113.3512 117.2076 117.5031 117.5801 117.5370 117.5936 117.6878 117.7992 117.9326 118.0874 118.2618 118.4481 118.6474 118.8844 119.1016 119.3216 119.5537 119.8000
114.6300 116.0880 114.7834 113.9209 112.8630 113.0624 113.1851 110.8279 105.4991 113.2413 112.2340 110.0757 109.1679 109.4099 104.3455 106.6074 114.5223 108.6825 121.4856 122.4823 123.1701 123.0111 123.9115 123.1699 123.6701 99.7089 116.6577 109.5534 113.7241 121.0713 113.2088 120.4442 119.8351 107.8306 103.2818 103.9850 110.0508 96.8457 105.7108 105.7814 115.6575 118.1628 94.4541 115.2932 116.7792 116.8652 117.1369 125.0639 116.7654 117.2494 117.0189 117.1004 117.1980 117.3196 117.4737 117.6425 117.8328 118.0324 118.2725 118.3083 118.6296 119.0506 119.2097 119.3100
126.7200 117.8633 114.8997 117.3025 114.8817 114.4293 112.8827 113.4909 110.5556 110.5378 109.6860 100.8898 110.1432 110.9743 112.0241 105.9432 106.2397 113.1415 121.1744 115.3807 122.8192 122.4509 119.6197 108.1103 103.0935 103.5996 94.8588 113.5083 121.3483 121.4357 110.9730 116.8899 117.5036 120.2122 100.8397 112.9847 123.1283 105.6517 102.0847 98.9052 109.0565 118.9198 108.0342 102.3305 115.1570 117.9125 117.3258 116.2625 116.2668 116.5158 116.4918 116.5670 116.6762 116.8192 116.9891 117.1766 117.4056 117.5946 117.8890 118.9463 120.3257 118.3816 118.9365 119.3100
116.2500 109.1851 108.5551 124.3211 114.3999 112.9374 117.4824 110.2026 111.0365 110.1556 111.8762 111.5086 103.7084 104.6137 113.5260 108.3057 114.6349 123.8449 120.7071 118.4854 123.1313 122.3949 123.9013 119.1314 101.3468 99.7955 121.9963 103.8730 121.3461 120.6181 109.7857 102.9757 111.0564 104.3727 108.1521 112.7808 113.7637 110.4745 113.3696 99.1237 100.5520 114.4879 108.8952 95.8748 118.0746 114.6107 115.7938 115.9654 115.9745 115.8543 115.9219 116.0074 116.1299 116.2896 116.4799 116.6952 116.8386 117.1899 117.4701 117.3913 119.8705 118.2958 118.6337 118.5600
104.5300 113.1331 109.9741 122.7137 115.2990 115.4459 114.3030 109.9546 109.9178 106.7787 110.9546 117.0923 107.7044 109.6016 104.0487 105.8681 117.1892 123.9090 116.7028 123.1701 122.3352 122.0533 120.5150 104.1815 115.1461 117.7892 110.4777 112.5710 121.1715 120.1183 114.4363 105.3174 107.5114 112.3489 107.0024 97.4303 117.6305 111.2672 101.3046 100.0793 98.8253 107.5738 117.9769 111.4325 128.0108 113.9796 115.2006 115.2832 115.1916 115.2465 115.3039 115.4086 115.5481 115.7283 115.9528 116.2585 116.2330 117.1605 116.9352 117.2920 117.6384 117.8455 118.2660 118.4400
111.3600 119.0021 118.8478 115.0793 120.1662 120.7091 111.5042 119.8553 104.1252 112.3131 107.4538 107.8114 112.1398 103.3378 105.8300 107.2236 124.5595 117.8885 121.7545 122.4672 122.3158 121.8752 121.8186 113.4105 120.7276 101.7153 103.8859 119.6229 119.8388 119.7160 120.0850 113.5483 102.9483 99.3234 102.5218 103.7434 116.7257 108.9109 107.9826 108.9891 104.1855 114.3987 116.0177 115.0455 114.8418 114.1081 114.6925 114.5839 114.5696 114.5796 114.6409 114.7619 114.9249 115.1317 115.3883 116.0131 113.8419 103.5769 117.4044 116.8726 117.2806 117.6187 117.9409 118.0400
114.3700 113.5789 110.7093 109.1105 114.7657 109.6595 113.1289 105.7135 104.9017 113.0137 109.0934 111.9801 106.3387 104.7903 102.4436 114.8956 107.6805 120.8703 119.4584 122.2627 122.2528 122.6967 122.2177 121.9102 120.8621 117.1318 117.8475 122.9060 119.7830 119.5148 119.1640 118.6519 117.4348 99.5438 102.8620 110.6630 118.3628 118.0080 111.0857 115.1084 109.4014 108.2518 114.7675 114.7056 114.4606 114.3005 113.9856 113.9035 113.8354 113.8522 113.9310 114.0676 114.2634 114.5044 114.7713 114.6465 119.6201 120.7249 115.9931 116.4997 116.8779 117.2502 117.6198 117.9200
112.6200 111.9632 112.5699 112.0741 111.4865 109.7084 108.3647 108.0584 108.3073 108.8250 112.4115 109.3557 110.9749 106.0041 103.1590 104.5371 118.4064 101.4446 120.6101 122.7343 121.8480 124.2166 100.8073 123.6213 120.8027 120.8656 120.4693 120.4094 119.7807 119.3353 119.0233 118.5317 119.7026 105.9345 100.7280 100.8164 95.5031 108.4202 116.3878 115.5919 115.0675 113.8249 114.8233 113.9396 113.6825 113.4142 113.2383 113.1056 113.0422 113.0640 113.1613 113.3224 113.5472 113.8233 114.1348 114.4302 117.4433 115.8064 115.7619 116.0766 116.4954 116.8952 117.2935 117.5100
118.2000 117.2605 117.2659 112.2582 110.5986 110.0654 110.6116 110.4786 110.3580 105.7429 103.7542 102.3744 104.7542 104.0139 105.9258 105.9499 100.8914 122.2147 124.3802 123.3297 121.8622 121.7396 121.3317 121.3627 120.8882 120.6332 120.0447 119.9043 119.5649 119.1599 118.7857 118.4981 117.7662 113.1736 103.9036 109.4019 102.1778 95.1805 102.5925 117.1081 114.1447 114.2225 113.6524 113.3167 112.9469 112.6457 112.3993 112.2449 112.1744 112.1957 112.3078 112.5062 112.7744 113.1055 113.4845 113.9014 114.2917 114.6724 115.2272 115.6654 116.1096 116.5500 116.9777 117.3800
123.3400 118.4932 118.2059 116.1879 115.6490 107.3512 108.0559 108.1175 108.9019 111.7846 106.0808 106.1749 105.1648 106.1363 106.9778 102.9666 126.1369 122.6746 121.8440 121.8933 121.5322 117.8150 118.9993 120.8967 120.5558 120.6997 115.6329 119.9606 119.3210 118.9726 118.5875 118.1890 118.0452 117.2660 115.0281 109.4436 107.3922 105.8227 101.1545 114.8775 114.0643 113.4809 113.0400 112.5672 112.1479 111.7836 111.4919 111.2930 111.1987 111.2267 111.3693 111.6137 111.9489 112.3412 112.7754 113.2565 113.7476 114.2468 114.7613 115.2505 115.7363 116.2040 116.6675 116.9400
126.3000 125.7967 125.0360 115.3208 112.4636 110.1721 108.5317 108.1256 107.4389 106.3868 103.5298 101.3407 102.2717 110.8179 120.6593 115.5931 122.3267 122.8616 122.9545 122.6363 122.7926 114.7057 120.5962 119.0413 121.4448 120.5920 122.2533 119.4930 119.2361 118.8271 118.4227 117.8779 117.0505 112.5867 116.6859 115.8122 117.7790 104.1761 112.8623 109.0083 112.9055 112.9614 112.3436 111.8001 111.2813 110.8343 110.4680 110.2222 110.1097 110.1487 110.3254 110.6248 111.0377 111.5129 112.0460 112.5947 113.1648 113.7257 114.2876 114.8347 115.3667 115.8760 116.3757 116.8300
126.2900 121.8494 118.9644 111.7196 112.6061 110.8859 110.3013 110.9856 109.3111 109.1344 105.7214 103.6435 105.2376 107.4853 110.5819 107.3408 121.9730 122.2167 115.5999 123.9935 112.9555 123.8936 113.7965 121.3498 118.8824 118.0893 124.1540 119.2237 119.1182 118.5291 118.2528 117.5200 118.4403 92.4071 113.9667 115.5499 115.3932 115.3604 114.4454 113.6693 113.3587 112.2435 111.6122 110.9717 110.3595 109.7946 109.3372 109.0122 108.8627 108.9044 109.1392 109.5343 110.0471 110.6416 111.2733 111.9226 112.5706 113.2085 113.8315 114.4311 115.0114 115.5625 116.0959 116.2600
126.2800 123.1789 117.2375 111.9769 113.1809 113.3414 111.1866 107.0541 106.1995 104.0589 101.1109 108.9183 103.3053 102.6314 110.9235 116.2514 117.4825 116.4536 110.5452 109.8307 105.2260 108.6186 105.7108 104.5203 112.2283 110.0448 119.2847 118.9231 118.9806 118.9106 118.0294 117.9758 108.0544 109.8943 118.1153 115.2700 115.1325 114.2031 113.6721 112.9997 112.3726 111.7036 110.8858 110.1135 109.3573 108.6518 108.0481 107.6077 107.4054 107.4650 107.7832 108.3119 108.9717 109.7096 110.4673 111.2327 111.9810 112.7017 113.3898 114.0511 114.6734 115.2699 115.8312 116.1700
126.2600 117.4953 118.3524 110.8376 113.3391 115.4833 116.5680 106.5487 105.8432 106.5920 105.8455 106.0428 105.6441 102.8021 100.3656 102.9149 117.2258 106.9558 125.3148 109.5660 117.0800 108.9246 123.1420 111.5379 108.7476 121.7274 119.3363 119.3773 119.1628 111.2501 118.2022 117.6915 114.6319 109.0019 114.0063 114.9338 114.7656 113.8079 113.3845 112.8442 110.0277 111.1805 110.0481 109.2220 108.2897 107.3798 106.5648 105.9487 105.6495 105.7461 106.2082 106.9302 107.7947 108.7201 109.6581 110.5551 111.4121 112.2201 112.9858 113.6957 114.3671 115.0046 115.5937 116.1700
120.3300 121.4950 111.5965 110.3636 110.5284 110.8889 111.6165 109.5592 109.5906 108.0775 108.6160 105.6318 114.1120 104.5749 101.0826 100.7330 120.5178 120.5448 122.2156 123.2451 122.3752 122.6107 119.0608 121.7257 122.6929 119.4422 120.1250 119.0084 119.7760 104.4753 118.4833 118.0594 105.2807 96.7824 115.3079 114.9767 115.5944 115.1548 113.0144 112.2317 109.3635 109.4977 109.4216 108.3377 107.1722 105.9897 104.8602 103.9316 103.4552 103.6090 104.3239 105.3639 106.5464 107.7190 108.8469 109.9032 110.8774 111.7739 112.6095 113.3845 114.0976 114.7680 115.3892 115.6100
111.0000 112.6360 111.0661 110.9084 110.7053 110.5407 109.4201 108.5581 106.7755 104.8566 102.8222 101.6309 114.5980 117.0386 102.3116 118.3647 123.3932 123.7715 122.1290 121.7005 121.3830 120.9506 120.9311 120.3152 119.7352 121.0645 105.6625 119.6960 118.2475 116.0060 118.2561 117.0754 111.6128 111.0927 97.9829 98.1830 93.5097 104.8179 112.9919 111.9064 110.9582 109.3474 108.7525 107.4842 106.0554 104.4874 102.8615 101.3574 100.5374 100.8315 101.9945 103.6271 105.2379 106.7398 108.0941 109.3109 110.4055 111.3872 112.2912 113.1165 113.8695 114.5740 115.2173 115.5500
112.1900 111.2506 115.3682 111.7066 111.6879 113.7925 108.0632 110.5725 105.1964 103.3606 103.1603 104.1697 120.8365 112.1824 120.5952 125.0010 122.7547 122.0862 122.0908 121.8399 121.5328 121.1375 121.2629 120.9887 119.7875 115.4332 110.2294 118.5437 118.4611 118.4221 117.9035 117.0507 117.1022 117.6082 108.5168 104.3586 109.9688 112.4029 112.7217 111.6948 110.5999 109.5627 108.1868 106.7262 105.0145 103.0026 100.5834 98.0289 95.9187 96.6208 99.2580 101.7468 103.9818 105.8507 107.4417 108.8139 110.0147 111.0819 112.0403 112.9062 113.6942 114.4239 115.0908 115.5000
110.5300 110.8259 110.9070 110.0412 110.5185 111.1104 109.1974 109.6351 107.0328 104.9477 105.4272 121.3210 111.1360 121.0053 118.3317 107.2863 127.5124 122.0345 122.0720 121.7974 121.4716 120.9132 121.2443 113.4892 121.1312 117.8646 117.9567 119.0208 118.4572 118.0242 117.5575 117.0648 116.0438 117.4167 100.3084 114.6100 114.3999 113.5825 112.3947 111.4486 110.3598 109.1627 107.7880 106.1728 104.1921 101.6766 98.3948 92.8534 89.1251 90.2996 95.8340 99.9996 102.9498 105.1659 106.9647 108.4634 109.7453 110.8712 111.8691 112.7624 113.5761 114.3163 115.0057 115.4700
117.6900 113.7705 109.8454 110.0618 110.1329 110.3532 108.7060 108.7867 106.1432 105.6588 114.3223 117.5639 99.8956 120.8710 116.5342 99.8563 124.1677 122.0396 122.0651 121.8001 121.4618 121.4935 120.8978 122.0454 104.8861 125.8364 116.9995 119.1076 118.4545 118.0362 117.5554 117.0411 116.4992 115.8797 115.2613 114.9174 113.9411 113.1552 112.3055 111.3298 110.2486 109.0186 107.5943 105.8801 103.7538 100.9224 96.8470 88.9927 84.5310 85.6674 92.9886 98.9617 102.3734 104.8202 106.7252 108.2925 109.6148 110.7732 111.7853 112.6891 113.5183 114.2701 114.9438 115.4500
116.6200 112.5631 110.1052 110.1917 109.8844 109.7704 108.5755 108.5374 105.7618 105.0004 113.0085 122.3455 108.7197 120.5132 116.3204 119.0788 122.2253 122.4838 122.0693 121.7906 121.7949 121.2371 119.3971 121.0773 119.5873 121.9372 118.5990 119.1761 118.4399 118.0004 117.5616 117.0554 116.5121 116.2057 115.1121 114.6684 113.9404 113.4325 112.2793 111.3285 110.2609 109.0441 107.6195 105.9297 103.8258 101.0396 97.1664 89.6608 85.7978 86.8875 93.3787 99.1380 102.4754 104.8738 106.7600 108.3162 109.6405 110.7841 111.7959 112.6971 113.4932 114.3265 115.3818 115.4500
115.5800 110.3869 109.6404 109.3889 109.3764 109.4201 109.0572 106.9719 103.7612 101.8878 100.5268 118.0788 99.8098 120.4021 120.1033 121.1218 122.4279 122.3304 122.1192 121.7577 118.2020 124.1490 100.8602 123.7816 102.2603 105.6446 116.1933 118.3963 119.3070 118.1912 117.5876 117.0101 116.3396 111.9027 115.3734 114.8086 114.3740 113.9876 112.4140 111.4374 110.4177 109.2358 107.8830 106.2902 104.3820 101.9929 98.7518 93.9207 90.7752 91.8717 96.8588 100.4152 103.1902 105.3224 107.0731 108.5418 109.8056 110.9158 111.9072 112.7744 113.3879 116.1488 111.6484 115.4600
109.4100 108.7375 110.5609 110.7081 108.0537 107.8853 109.8071 107.7312 104.3610 103.6069 100.5921 114.0622 114.2583 119.7720 123.5816 115.1606 123.4251 122.2642 122.0566 123.7561 103.6582 120.0530 123.6645 122.5609 106.3476 102.6972 116.7195 113.3983 112.2853 118.0791 117.7423 116.9591 110.9158 111.1762 115.0799 114.8903 113.9819 113.2678 112.5589 111.6747 110.6763 109.5787 108.3355 106.9099 105.2754 103.3753 101.2114 99.0548 97.4161 97.9865 100.0289 102.2601 104.3032 106.0782 107.6042 108.9357 110.1119 111.1566 112.0987 112.9190 113.5748 118.7565 103.0552 115.4800
109.4100 111.7069 107.9212 106.6629 105.9289 106.4025 108.8565 107.5487 112.1913 103.7352 103.3303 105.4768 114.6365 115.8163 123.7967 128.0526 122.5354 122.3963 122.1850 122.8460 119.8091 116.6168 118.0999 120.0123 122.2868 122.9039 108.2651 119.2165 110.1309 118.0361 117.8518 116.9712 117.6088 118.1136 115.9623 114.8745 114.3676 113.6141 112.8080 111.9646 111.0454 110.0360 108.9246 107.6995 106.3534 104.8975 103.4116 102.0785 101.3718 101.6060 102.6599 104.1158 105.5884 106.9954 108.2872 109.4612 110.5226 111.4926 112.3637 113.1562 113.5288 114.8052 116.2014 115.5200
115.2700 113.8623 111.0616 105.5403 107.8012 108.5633 108.5443 107.5290 102.8711 104.5487 120.5858 119.4874 117.6959 122.0171 124.9276 124.4277 122.7945 122.4365 122.2064 121.8131 122.4017 122.4366 110.5398 121.2163 119.6521 118.9885 122.0768 121.6852 119.7148 119.6822 117.5585 117.2009 117.1412 103.9546 110.9871 115.2280 114.5147 113.8289 113.1169 112.3302 111.4919 110.5779 109.6132 108.5650 107.4688 106.3643 105.3168 104.4932 104.0708 104.2094 104.8449 105.7946 106.8909 108.0067 109.0745 110.0735 111.0109 111.8926 112.7194 113.2984 116.2016 110.5444 114.2298 116.0500
116.4000 116.8360 117.5263 107.7737 108.3001 108.1116 109.4859 106.9762 105.3353 107.6673 113.9102 125.2761 124.9633 123.6685 122.6797 122.9190 122.7631 122.5081 122.2453 121.9424 121.5353 121.1914 121.8530 120.5729 120.4856 120.8812 104.0097 108.0491 113.1467 103.9628 118.8260 117.4018 117.8364 110.0115 117.1290 115.1482 114.8147 114.1540 113.4616 112.7493 111.9794 111.1755 110.3319 109.3341 108.5750 107.7243 106.9684 106.4120 106.1329 106.2171 106.6395 107.3006 108.1459 108.9780 109.8427 110.7569 111.5768 112.3471 113.0820 113.6801 115.8553 113.7865 113.8137 116.1200
110.0600 118.1456 109.9203 111.3024 111.2842 113.0140 104.5070 110.6595 106.0114 107.1274 106.5348 129.4440 123.5577 123.6941 123.3191 122.9607 122.8869 122.5935 122.2879 122.0019 121.7282 121.2436 121.3612 120.9809 120.3320 120.5304 111.1604 116.4296 92.0445 113.3488 117.8091 117.4192 116.5061 100.4043 116.9201 115.4310 115.0969 114.4782 113.8538 113.1962 112.5115 111.8246 111.0839 110.5937 110.2171 109.0167 108.3977 107.9767 107.7999 107.8601 108.1545 108.6500 109.2577 110.0019 110.6650 111.5297 112.0989 112.8494 113.5088 114.1893 114.6296 115.9453 116.0454 116.2000
111.9300 112.6767 111.2777 111.0726 111.5487 113.6424 108.5971 110.1210 105.9918 118.0218 121.0189 130.0112 123.1052 123.1580 123.8133 123.2868 122.8680 122.7643 122.3100 122.0797 121.8183 122.1666 116.4543 121.7952 120.6348 120.7266 121.3813 119.2880 114.7894 119.4823 118.2291 117.4243 117.7796 93.5846 117.9381 115.8300 115.3795 114.8440 114.2635 113.6759 113.0607 112.3664 111.2910 108.3885 111.0252 110.0865 108.7114 109.5024 109.2014 109.2393 109.4648 109.8340 110.3176 110.9877 108.8555 112.1550 112.6808 113.3521 114.0093 113.5920 115.2055 115.5397 116.1816 116.6700
117.7300 112.4004 111.1632 111.4391 111.4489 112.9175 111.1184 110.3881 111.3711 112.1815 122.1251 126.3788 124.3263 126.1444 106.4749 123.9418 123.3903 123.5061 122.5757 122.0366 121.8519 121.6190 114.8840 121.3426 118.5246 119.7258 119.6270 120.0451 119.6432 118.8101 118.3958 118.1542 118.4912 115.5723 116.7635 116.2501 115.7174 115.2164 114.6966 114.1583 113.5458 112.6585 110.6469 98.1301 111.6890 102.8251 102.9374 110.9046 110.3945 110.4391 110.6036 110.9008 111.2755 111.8030 111.8836 112.8535 113.2826 113.8764 114.4224 114.8360 115.4840 115.9687 116.4549 116.7700
111.7300 111.3726 111.2376 111.2368 111.5052 109.6376 108.9552 103.7111 104.5559 105.8444 115.5638 100.0335 121.9572 101.1108 124.6821 125.0419 102.5180 122.6243 121.1144 121.8976 122.4883 121.8763 121.2469 119.4800 120.7690 119.7182 120.1209 119.7499 119.3635 119.0076 119.4913 111.0838 118.1109 117.4127 116.9525 116.5444 116.0840 115.6062 115.1255 114.6678 114.1334 114.3743 106.0019 111.6161 114.2895 104.4524 113.4484 111.2110 111.4675 111.4871 111.6197 111.8543 112.1744 112.5425 112.9682 113.4212 113.9181 114.3861 114.8640 115.3635 115.8367 116.3035 116.7519 116.8800
115.1700 110.3021 110.6102 110.8111 110.4753 109.3633 106.5055 103.2157 101.6956 117.9492 114.0793 109.1415 109.5257 104.7344 109.0578 102.3229 118.7125 117.5219 125.5170 105.4331 125.5933 107.1504 101.4213 120.7134 149.9390 117.4357 120.8352 119.8863 119.7410 119.8398 119.6414 118.2720 118.3056 117.7648 117.7168 116.8993 116.4061 116.0142 115.5718 115.1061 115.2393 110.8642 95.7994 114.8761 107.2178 115.0650 112.4122 112.4883 112.4032 112.4280 112.5364 112.7221 112.9894 113.3009 113.6712 114.0558 114.4631 114.8999 115.3403 115.7771 116.2184 116.6474 117.0631 117.3200
110.5800 110.3849 109.8271 110.2047 109.2262 108.4088 104.2507 103.4232 102.9360 103.3373 108.8002 105.2749 111.3121 114.4672 112.5194 122.7022 112.7333 114.0970 120.6142 106.8643 119.5784 121.6787 98.9030 121.6851 119.9802 120.7955 120.3740 120.1142 118.3670 115.3218 107.2547 118.9003 118.3710 118.3514 114.1830 116.3323 116.7994 116.4234 116.0055 115.6216 115.7121 111.9769 101.4206 116.5607 100.3233 114.4080 113.5070 113.2900 113.2508 113.2753 113.3646 113.5156 113.7362 114.0478 114.2753 114.6601 115.0214 115.4303 115.8016 116.2000 116.5991 116.9923 117.3895 117.4300
111.7600 112.7548 111.1488 108.9178 107.9791 107.3210 103.5969 103.8540 103.2218 108.2308 118.8595 105.8083 108.9736 121.7157 98.7990 101.5162 120.2543 102.8666 103.4491 102.8930 100.9927 99.0068 107.9268 121.8001 121.5617 121.0935 120.6125 120.4929 107.2355 115.4798 114.3123 117.9291 114.6128 119.6357 98.8228 116.1149 117.6022 116.6532 116.4831 116.1351 117.6504 117.7995 114.3031 101.2788 115.6042 114.1062 114.2329 114.0621 114.0289 114.0470 114.1166 114.2554 114.4330 114.5138 115.4062 115.4638 116.2630 115.8939 116.2532 116.6231 116.9823 117.3614 117.5495 117.8600
115.3800 113.5056 111.3632 109.4509 109.4192 109.0227 103.3266 103.1291 103.4662 103.9876 106.1193 110.3326 106.0773 109.7464 109.2881 103.3920 109.3676 108.4867 120.9102 102.5812 102.5526 109.1726 122.7869 120.1044 121.1306 120.9957 120.6735 120.4930 118.1627 116.6887 112.2406 113.2309 109.5671 119.5226 108.6784 119.5440 114.2632 117.9277 117.1200 116.5284 116.4319 115.8992 116.9005 112.8592 117.3075 114.8187 114.8656 114.7801 114.7363 114.7497 114.8205 114.9325 115.0879 115.1935 115.5327 104.3218 116.2118 116.2795 116.7118 117.0302 117.3669 117.7104 118.2123 118.3800
114.7800 108.7845 108.5874 109.1877 108.6978 107.8405 104.9571 103.2766 105.8447 108.6465 107.0379 109.3056 109.5581 109.9849 113.0746 109.5630 118.4851 114.1668 118.8723 114.2074 112.2240 121.8025 122.5635 122.2952 123.1337 121.3859 121.2613 121.3361 103.5812 112.0297 98.4213 121.9956 119.3978 119.2734 101.9643 108.1753 104.4681 116.9547 116.5851 125.8480 122.1495 116.3951 108.5488 111.6376 115.9402 115.6259 115.5028 115.4357 115.3940 115.4106 115.4619 115.5688 115.6984 115.7528 117.4307 113.9652 117.4566 116.8770 117.1301 117.4346 117.7157 117.9577 117.8712 96.8700
112.3400 109.3003 110.9329 109.9663 106.7846 109.5370 110.0091 107.1774 105.9996 108.9196 108.1146 111.7991 113.6793 112.7924 111.5896 117.2960 124.5207 125.5439 119.5033 122.9832 123.4775 120.0716 106.9330 122.6390 120.6976 121.1906 121.1992 108.2467 108.6978 112.8848 130.7300 118.6829 119.2690 118.8798 98.1546 103.6359 99.4575 117.9599 118.8261 118.4570 113.8138 116.7623 117.1764 116.8556 116.0434 116.2542 116.1100 116.0392 116.0058 116.0175 116.0666 116.1537 116.2683 116.4268 116.5780 116.8730 116.8659 117.3103 117.5680 117.8237 118.3416 118.2627 119.1167 118.8500
110.6700 113.3450 106.3780 108.6827 112.8196 110.5025 110.5692 106.9334 108.8026 104.1625 116.3347 116.2011 112.4744 113.4888 119.9513 124.8232 123.7952 116.2332 106.4837 123.4918 123.4038 98.1175 112.5787 122.3890 120.3436 121.3040 114.2284 96.5903 114.6984 121.7352 104.4315 117.8989 119.6426 121.2863 98.4291 116.9559 93.0998 105.0047 107.0836 117.0171 117.7045 117.4441 117.1489 116.9369 116.9328 116.7531 116.6712 116.6071 116.5690 116.5915 116.6299 116.7050 116.8180 116.9491 117.1291 117.3456 117.4621 117.7531 117.9073 118.2324 118.4015 116.0985 119.2241 119.2500
104.7000 106.9400 103.5733 109.3118 110.3260 106.6282 119.6823 103.7961 107.8710 111.2074 106.0819 104.1495 119.3074 125.3954 124.3001 123.0362 124.9119 121.4761 117.1963 123.7409 123.9765 123.6515 113.4790 124.0973 121.7193 121.9727 105.4479 102.0697 117.0980 105.4443 120.3954 120.5547 120.0333 119.2789 107.1722 120.1862 119.4999 116.5544 118.4221 118.4034 117.9583 117.8677 117.5644 117.5735 117.3902 117.2739 117.1951 117.1438 117.1944 117.1247 117.1560 117.2316 117.3232 117.4463 117.5895 117.6767 118.2305 118.0059 118.6344 119.2006 119.8017 119.6701 98.1326 119.6100
104.8400 104.2839 107.3041 104.0715 110.8220 108.6126 120.1115 117.9182 104.3646 118.0454 118.6992 117.1238 106.7266 115.1782 124.6138 126.5500 109.7701 124.1351 124.4278 129.2757 104.1509 115.8997 118.3624 115.0965 122.5707 118.8860 98.7410 100.3979 103.3533 116.5561 120.4383 120.0310 120.3178 120.3839 120.8674 119.1857 119.8576 119.3274 118.8634 118.7189 118.3667 118.2632 118.9726 117.8344 117.8532 117.7610 117.6798 117.6360 117.1513 117.6196 117.6959 117.7399 117.7983 117.9062 118.0771 118.6309 114.4801 118.6723 118.9250 109.4298 118.1732 121.3983 119.2452 98.0700
104.8600 108.4738 108.7523 119.4040 114.1924 112.3081 118.8692 108.6148 122.5316 104.6093 111.5266 102.9358 129.0158 120.4854 122.5438 124.1817 121.4644 130.9112 104.0273 120.9301 112.6139 105.9549 123.9924 122.1355 123.6685 106.0283 102.1919 105.0776 122.4766 121.5516 120.8353 120.7368 120.5262 120.2915 119.7892 119.8595 118.9321 117.0063 120.4250 118.8011 117.8963 119.5240 112.6429 118.6635 118.3659 118.2163 118.1789 118.1087 120.6199 118.2581 118.0076 118.1043 118.2954 118.4098 118.4370 118.9827 113.5747 119.3985 120.0221 116.4469 122.2414 103.9107 115.0870 118.6600
116.1400 115.9131 121.5669 114.5406 114.1277 114.7587 128.9914 112.2445 115.2688 112.5889 111.6426 111.6472 130.6469 125.5857 125.6907 123.9597 124.0172 122.5107 101.5767 121.9091 104.2162 119.3909 97.8113 118.8425 122.5978 118.2662 110.2630 118.9650 121.5111 121.5012 121.1368 120.9810 120.7829 120.5655 120.4150 120.9647 123.7631 98.3095 116.4329 119.6568 119.6741 107.4424 115.9823 119.3779 118.6624 118.8719 118.5563 119.3146 103.1276 114.6363 119.0807 118.8929 118.7114 118.6965 119.3291 118.6601 119.7331 119.2937 119.3479 120.0071 121.3910 112.1582 102.2819 108.7800
109.1600 128.2130 127.2258 127.5156 127.2355 126.4149 126.2873 116.7200 111.6500 110.2592 110.6508 104.0280 113.2600 108.5079 127.1972 122.2593 120.6750 111.0335 124.6107 124.2903 122.8256 124.6433 125.3878 122.2987 120.4945 111.6025 100.1823 118.6946 122.6471 121.3691 121.4003 121.3105 121.0356 120.8760 120.3603 120.7274 109.3968 105.3146 108.5358 120.0253 120.6308 98.2133 122.8971 119.0295 118.9495 117.1077 118.8784 121.7067 92.7840 106.2569 119.1909 112.3743 119.6132 120.1526 114.4019 120.7469 119.2041 119.6599 119.9154 119.8923 120.2663 122.4418 111.6919 98.9900
127.0500 126.9907 126.7063 126.3801 126.0802 126.4344 122.6533 122.3989 112.2823 117.3334 128.2690 117.8693 100.6043 124.2340 110.1615 105.1958 107.6411 125.9119 119.3996 123.9833 123.5799 123.1065 124.1019 109.6129 104.9142 107.0375 116.2271 119.6601 121.0359 116.5631 121.9066 121.4236 121.3095 121.1193 120.5586 122.3735 112.5789 117.5530 110.2352 119.9846 121.4497 119.5069 120.3165 119.1868 115.7655 115.9777 116.5543 105.7179 120.1100 117.2739 119.6136 119.6579 119.6864 121.7989 99.9368 122.1194 119.3723 120.0373 120.1451 120.4857 119.2208 114.9893 120.5752 98.9900
127.0800 126.5954 126.9621 126.8702 126.3095 125.7595 118.2708 119.6579 126.6746 126.1706 126.5834 107.1708 115.2625 113.2099 112.4095 104.3049 109.0121 120.8261 124.7767 123.9952 123.7964 124.1253 114.6624 107.5520 111.0418 113.3419 106.0054 116.2077 116.3695 115.6455 122.6931 121.7910 121.5639 121.3863 120.4599 120.7420 121.4477 122.0376 120.8752 120.1545 120.1230 120.2478 120.1164 119.8857 117.8512 119.1771 120.2590 106.2762 97.8988 109.9015 120.0496 119.8575 119.7849 121.5980 104.8381 108.7588 120.5087 120.3719 120.8812 119.0784 114.4538 112.6291 104.2156 99.2400
136.7300 126.0000 126.8800 126.7700 126.6600 126.4200 126.3000 126.1800 118.3000 125.8200 125.6900 125.4500 123.3600 122.5400 125.0400 103.1800 111.1600 125.5600 124.5800 124.0500 123.9000 123.7500 123.6100 107.1900 123.1300 100.9800 102.2000 104.6000 106.4500 115.3000 122.1200 121.9600 121.7700 121.4100 121.4600 121.2200 121.0400 120.8600 120.8900 120.7000 120.4800 120.4800 120.3100 120.3500 120.0800 120.1100 120.1300 120.1500 120.1600 120.1600 120.1400 120.1200 120.0700 120.3400 101.0600 120.5300 120.4800 120.6800 120.6800 115.5700 118.7700 119.9500 99.4400 99.4100
