125.2600 119.5700 120.4700 118.7300 118.7700 118.7900 118.4700 118.4600 117.6800 117.5900 106.5200 102.6100 110.7300 111.3900 117.8800 112.0200 113.1500 113.4100 105.3000 104.1700 109.0000 108.3900 116.7000 110.1100 110.9300 110.8000 105.9300 107.9300 102.1400 100.0800 102.8600 103.5400 98.6500 104.6900 96.2000 117.6000 117.2900 116.9600 116.7200 116.2900 115.8900 110.7700 102.8500 102.8500 114.9200 114.5000 114.0000 114.0600 114.1000 114.1300 114.1200 114.0900 113.9700 114.4600 114.4600 114.8900 115.2500 115.1800 116.0100 115.9300 116.6700 117.0500 117.2900 117.2900
125.2600 114.2641 121.0811 120.0165 120.0887 120.0044 118.8162 118.3064 117.4198 117.9050 104.4920 102.0228 106.4859 113.7053 112.4093 110.2736 110.6001 115.0791 106.8494 103.6776 106.9102 106.5553 113.0932 110.8059 110.7385 109.5936 108.2314 107.7963 104.7678 99.4927 100.5422 101.6289 97.4437 106.6997 96.6285 104.6974 107.0170 120.0708 116.6426 118.2412 114.3743 109.1747 97.8622 99.3455 115.8535 114.1040 113.7238 113.5305 113.4145 113.3653 113.3774 113.4694 113.6185 113.8314 114.0951 114.3988 114.7387 115.4782 115.4408 115.8768 114.8967 116.4045 116.9802 117.1700
125.3900 115.0218 114.6515 110.4460 113.5762 111.5019 117.4286 120.9879 119.5342 121.0731 111.9217 108.7474 113.2761 116.1322 114.6474 112.6790 113.2830 110.3060 104.3325 102.6389 104.3825 107.5178 105.9896 106.0824 103.6707 110.2909 108.5508 107.2157 107.9690 104.1400 98.4525 101.2517 102.2413 107.0996 102.8196 96.4600 102.2456 109.8911 115.8848 109.8804 115.8670 113.7557 98.7471 92.6660 99.4676 113.5988 112.9760 112.7673 112.5678 112.5213 112.5364 112.6465 112.8341 113.0889 113.4032 113.7585 114.1224 114.5420 114.9879 115.5037 114.8132 116.2729 116.6844 117.1700
125.4000 122.4471 118.0985 111.8944 114.7049 114.5253 110.9958 115.7232 114.3843 105.8627 119.2752 113.8737 124.6515 111.8316 114.9328 115.6318 109.2453 109.9695 105.3685 106.8884 104.0271 101.7060 100.1159 101.1660 97.3407 101.5736 114.7536 107.6058 104.1234 105.2675 114.6567 116.8587 101.9269 99.4840 112.4565 117.4749 117.9107 110.6715 116.5250 118.3969 118.5691 114.0144 107.5068 92.9198 100.0883 113.7042 112.3649 111.6012 112.0396 111.5890 111.6368 111.7421 111.9723 112.2960 112.6293 113.0331 113.4300 114.0130 114.4621 114.9222 115.4833 115.9560 116.3426 116.5800
125.2900 120.7460 108.9890 115.9437 121.6929 120.5919 120.2123 115.8460 117.1641 116.2937 110.1630 106.5983 106.1612 101.8960 113.3069 113.6363 111.3265 110.5570 114.1836 113.9499 99.7825 106.6108 104.9631 99.1633 102.8653 114.6986 104.6734 103.5118 101.1468 109.7572 123.0978 101.8396 106.1557 108.1227 110.8119 115.1123 118.5861 116.0556 114.8950 115.2159 107.6307 113.7985 112.7092 90.9590 90.6857 92.9897 111.4875 111.5881 106.6877 110.8104 110.4643 110.7415 111.0305 111.4017 111.7740 112.1837 113.1325 113.3454 113.9417 114.4684 114.9956 115.5009 115.9828 116.0900
122.4500 123.1957 115.4970 102.7442 110.7183 117.3022 105.3485 120.4142 121.1745 105.6143 121.5553 101.4483 111.0811 100.3911 117.7166 110.4356 110.6687 109.5237 116.3999 116.1316 108.6476 109.0666 111.0376 103.7754 104.5712 105.3047 102.5120 106.1829 103.5567 104.6210 101.1835 96.6989 96.4619 99.9332 116.3408 112.7692 115.1996 115.4860 114.8721 114.7248 114.5988 112.8982 112.6163 107.2909 95.2711 88.7820 108.7478 112.5420 97.5382 110.1353 109.4635 109.6032 109.9751 110.4464 110.9443 109.9188 112.1233 112.8065 113.4204 114.0149 114.5904 115.1473 115.7028 115.9700
122.2200 123.2327 119.5884 119.2938 116.8063 120.3666 115.6554 117.8487 103.5912 116.6526 119.0324 101.5853 101.1850 115.3700 119.8863 116.9013 112.8713 111.7427 110.3647 109.3918 109.3420 108.7200 112.5984 105.5349 104.7302 108.1367 112.1445 113.1843 109.1752 116.1077 96.4406 95.6138 117.4886 92.4918 94.4724 115.4690 115.9875 115.1789 114.5628 113.5747 113.3017 112.5939 111.9545 112.1938 102.1476 86.3111 91.5494 118.1335 112.5061 109.0549 108.0274 108.3473 108.8162 109.2902 110.2437 115.6723 111.1988 112.2842 112.8987 113.5615 114.2051 114.8048 115.4860 112.1800
123.0700 118.2545 122.9076 116.8299 116.2981 117.3194 117.0041 117.5425 117.1530 118.1220 119.0259 100.6201 102.3973 101.3582 109.8106 111.6537 117.1568 116.8865 110.4712 111.6633 117.7502 104.1358 109.8098 98.7179 102.4758 106.4744 123.3717 119.3886 120.0186 119.0509 117.7033 120.1419 94.4900 102.3265 113.2613 106.7140 113.7557 114.5741 114.4165 113.1468 119.8744 111.1984 111.3162 110.4305 109.3876 107.6068 95.8101 112.8165 102.8724 105.7635 106.4468 106.8538 107.4771 108.4129 108.8610 110.2001 110.6989 111.6377 112.4147 113.1439 113.8288 114.4533 115.8577 115.3500
117.0900 118.6014 128.7599 127.6773 127.7573 120.1275 116.6297 120.6009 117.3947 117.3925 103.2915 102.6637 102.1116 102.6389 112.8266 112.9890 113.2764 115.3548 110.3844 108.2159 106.7867 106.0064 106.9950 108.4168 105.4955 101.9606 102.8468 118.2884 118.7671 118.4023 117.4673 117.3223 106.0203 116.1536 113.8847 116.5198 115.5506 114.4157 113.8558 113.0434 112.3003 111.5473 110.6372 109.5969 108.8042 106.8900 100.1730 105.7801 104.8004 104.6961 104.5026 105.1012 106.0062 107.0375 108.1825 109.1956 110.2007 111.0842 111.9488 112.7532 113.6266 113.5545 118.7112 102.4400
114.7800 117.2241 117.8887 119.2396 116.8960 116.7831 116.5160 115.9861 117.5764 115.1699 107.1731 115.9323 100.8411 106.5094 116.2575 112.8216 109.2445 110.3495 109.7703 109.3904 111.3620 110.2350 108.3814 104.5642 121.3291 106.9702 118.8395 97.1487 118.4849 113.9759 118.6605 114.1736 116.1841 116.1527 116.3335 115.4022 114.8540 114.2993 113.6044 112.9039 112.1033 111.1614 110.0848 109.0139 107.6301 107.6615 97.3740 98.8589 102.8106 101.7578 101.9881 102.9831 104.3372 105.7685 107.1197 108.3826 109.5361 110.5906 111.5384 112.4198 113.2152 113.3707 117.6720 115.0400
122.6800 120.4739 118.0414 117.9421 119.3094 118.8103 117.5043 116.7750 117.4041 115.9976 111.9231 105.0472 105.8032 108.7154 116.5504 110.5450 112.1962 112.2207 113.2660 113.4088 111.8763 108.7672 108.0395 106.9307 112.3707 122.3102 102.1880 119.1147 119.6924 118.5276 117.7046 113.3799 109.4147 116.5104 116.1054 115.4880 114.8623 114.1410 113.3920 112.5675 111.6638 110.6942 109.6169 108.3866 107.0488 105.7231 103.7848 101.8607 99.1123 98.1015 98.5947 100.4007 102.4998 104.4677 106.1954 107.6995 109.0062 110.1665 111.2004 112.1570 112.9489 112.3863 119.0814 97.4900
122.1800 117.0176 114.7510 116.0301 117.8425 116.9395 117.3268 114.4034 114.5737 116.8882 113.9160 113.4176 115.0020 108.2942 109.5963 109.2763 106.9736 110.5287 112.9479 111.9650 110.8862 110.3131 109.4165 107.5666 115.7464 120.7124 122.4995 120.0076 119.0611 118.2944 118.1116 119.4856 119.4996 116.7530 115.9668 115.3721 114.7099 113.9936 113.2156 112.3918 111.4679 110.4341 109.2604 107.9185 106.3342 104.3931 101.9467 99.0481 94.9865 91.6020 92.7779 97.2788 100.6663 103.3336 105.4179 107.1373 108.5936 109.8492 110.9485 111.9417 112.7509 113.6751 114.8926 115.0600
122.0300 121.0493 115.9175 120.4034 120.2599 120.9292 119.5047 114.5528 114.9901 116.0592 115.1783 114.4485 116.8910 115.2726 109.0788 110.3620 111.4160 112.7396 115.9297 116.4781 111.1388 108.0848 107.4696 115.4884 122.0231 121.9169 118.8992 119.1536 118.9188 118.5628 118.3030 110.3030 109.0129 114.4214 115.9849 115.2872 114.6624 113.9568 113.2619 112.3205 111.3392 110.2665 109.0474 107.6312 105.9436 103.8556 101.1333 97.1419 89.8344 85.9129 87.2873 93.8533 99.2671 102.5514 104.9287 106.8021 108.3505 109.6649 110.8076 111.8177 112.6798 113.4951 115.3929 112.4500
126.2600 117.6894 118.8364 119.6145 120.7780 122.1584 121.9563 117.8954 116.3398 115.9959 117.1684 117.9506 118.1905 121.4374 113.7139 120.6530 115.4801 115.2936 117.0864 121.9917 116.9875 109.1141 105.5107 114.6529 123.3539 124.7281 119.4702 119.4606 118.9208 118.5874 117.9758 106.2073 96.5066 109.9667 115.4982 115.2609 114.6131 114.0784 112.8369 112.3226 111.2933 110.2330 109.0008 107.5713 105.8474 103.6997 100.8585 96.6104 89.1062 84.6722 85.8170 92.8670 98.9433 102.3773 104.8247 106.7295 108.2990 109.6253 110.7706 111.7904 112.7106 113.5974 112.4340 112.4600
126.2600 124.2950 121.0014 118.8170 119.2306 120.9499 121.6462 121.1488 115.1760 115.7439 116.4737 117.5862 116.4537 121.2866 124.3829 122.3691 106.5398 107.8287 105.0188 103.3385 106.6224 100.3124 104.5995 114.9070 115.3278 121.5753 119.7568 119.3300 118.9128 118.3719 119.8181 115.0583 117.0909 117.2184 115.8619 115.3182 114.9098 113.5870 117.1043 112.2561 111.3467 110.3258 109.1278 107.7373 106.1011 104.0887 101.5237 97.9975 92.3456 88.7262 89.5967 95.4885 99.8566 102.8670 105.1237 106.9408 108.4450 109.7325 110.8617 111.8613 112.7184 113.3631 117.0162 122.1700
126.2600 124.9367 121.8632 116.8909 118.8250 120.2314 121.0971 122.5507 119.8757 115.3438 115.8235 117.0908 118.3357 103.1938 103.8780 115.6783 113.4127 97.0941 97.0590 112.2763 116.0594 106.6963 111.1251 120.0302 123.3422 120.0462 119.7445 119.4070 119.0176 120.3516 101.7457 106.1368 122.0995 116.0851 116.1791 115.4288 113.9899 122.6018 112.1909 112.5939 111.5812 110.5636 109.4311 108.1239 106.6291 104.8761 102.7688 100.3927 97.4721 94.9972 95.8780 98.9738 101.5368 103.8617 105.7749 107.3887 108.7805 109.9922 111.0594 111.9984 112.9912 114.1798 116.2579 99.1700
126.3700 126.1097 125.5540 125.3827 121.5491 118.4983 118.0915 117.9723 116.6540 116.2781 117.3628 122.9660 114.9464 121.4642 117.4219 115.5228 115.4300 132.1612 117.0245 112.5846 106.1092 101.5612 106.9705 119.3552 103.0776 123.9267 119.3935 119.7581 118.7062 111.8870 118.5110 118.1990 117.6326 116.6209 116.1207 115.5222 114.1638 121.7386 111.8029 112.7869 111.8388 110.7629 109.7862 108.6592 107.3593 105.9046 104.2867 102.5914 100.9680 100.0684 100.3977 101.7012 103.3776 105.0952 106.6413 108.0252 109.2563 110.3673 111.3607 112.2335 113.1156 113.4305 118.4500 102.6900
126.3700 126.1912 124.7413 122.2691 119.6042 118.0837 117.4907 116.0142 115.9810 116.4480 118.8224 130.0483 107.9570 107.3643 107.3580 106.7889 103.7458 100.5927 111.8094 99.2970 108.3738 112.0099 108.6779 123.6459 101.4056 118.7993 120.6567 119.5962 120.3810 98.4055 114.7060 117.6795 117.3004 116.7949 116.2601 115.6619 115.0166 114.1465 118.0184 112.4858 112.1772 111.2958 110.3634 109.3388 108.2072 107.0207 105.7969 104.6013 103.6260 103.1101 103.2836 104.0742 105.1730 106.4063 107.6186 108.7650 109.8422 110.8216 111.7497 112.5398 112.4591 124.8807 112.2513 103.0000
126.3800 126.1907 125.6641 120.3837 118.7763 112.7060 120.5815 110.3705 118.4006 118.4580 116.4127 103.3907 116.8589 115.5674 113.5603 117.0884 112.2891 99.2602 112.7584 107.7222 104.4479 123.1931 121.0778 101.8090 99.9419 115.9636 119.5644 119.6860 119.6634 119.8892 118.6867 117.9402 117.4361 116.9357 116.4175 115.8571 115.3000 114.5693 113.9255 113.3277 112.7987 110.9021 111.2589 110.0490 109.1325 108.1117 107.1482 106.3676 105.6994 105.3850 105.4954 105.9866 106.7525 107.6555 108.6146 109.5676 110.4821 111.3546 112.1731 112.9269 113.7617 113.7598 115.2787 115.2200
126.3800 125.8508 124.0074 118.5475 119.7811 120.7990 112.8877 106.9185 116.5241 117.8476 117.1870 101.2326 100.1015 99.8956 99.9781 100.0063 102.8012 107.5710 103.3443 120.6774 122.9685 122.5136 122.1211 123.0760 122.0598 118.7806 114.7879 118.7978 119.1240 118.5571 118.3333 118.0200 117.5878 117.1137 116.6117 116.0890 115.5330 115.1503 114.7787 113.3843 112.2112 105.0600 116.5088 111.0595 109.9797 109.2847 108.7446 107.8338 107.4033 107.1877 107.2589 107.5996 108.1568 108.8383 109.5996 110.3755 111.1594 111.9164 112.6477 113.3557 114.0048 114.6833 115.1382 115.7300
127.0100 122.6241 120.5605 121.2583 120.0201 122.7893 122.1281 107.6848 117.4940 116.3543 109.4917 105.3773 108.3122 106.5063 106.7382 108.8553 117.5972 123.0411 126.4140 123.5064 121.6692 125.8694 120.9238 120.5032 120.4119 121.1400 115.4178 118.4522 119.1464 119.1345 118.6201 118.2011 117.7615 117.2990 116.8287 116.3329 115.7352 114.7912 112.0626 114.4111 110.8956 111.7227 97.3346 111.4127 110.7973 110.6063 108.4709 109.4603 108.8360 108.6756 108.7285 108.9838 109.3927 109.9270 110.5344 111.1848 111.8482 112.5090 113.1531 113.7904 114.3871 114.9567 115.4993 115.8300
126.5400 124.9097 127.1473 125.3375 123.8442 123.3173 125.6808 122.3981 119.2108 118.5366 118.6432 123.2712 113.2886 114.9496 122.9809 111.4890 106.1611 114.2765 129.0576 122.3947 121.9190 121.2204 121.6510 121.4184 121.0139 120.5077 120.8202 119.9363 119.5346 119.1288 118.7714 118.3663 117.9533 117.5174 117.0615 116.6364 116.0397 115.7028 110.7603 114.5083 113.5463 113.5761 103.9059 113.9650 111.8098 111.1247 108.4422 110.4811 110.0695 109.9513 109.9904 110.1836 110.4981 110.9256 111.4187 111.9583 112.5213 113.1014 113.6710 114.2393 114.7918 115.3439 115.7776 119.3100
126.5400 124.5623 125.9847 126.0422 126.2285 123.2417 126.2705 121.6118 112.0094 115.7141 120.8938 115.9855 130.4824 113.0025 118.0267 110.7463 106.3082 112.6453 122.4972 118.3130 122.6043 122.0305 121.5911 121.2915 120.9509 121.1152 120.0358 119.9459 119.7847 119.3329 118.9537 118.5590 118.1599 117.7454 117.3155 116.8969 116.2369 115.6913 112.7067 115.0341 113.5492 112.3171 113.2876 113.5567 112.4254 112.1493 111.6474 111.3776 111.1607 111.0618 111.0933 111.2476 111.4945 111.8401 112.2439 112.6964 113.1852 113.6841 114.1898 114.7060 115.1997 115.7109 116.1844 119.3100
126.5600 126.4848 126.4803 126.1243 126.2012 126.2308 120.7724 116.2067 122.2825 112.9567 109.3708 109.5424 97.1179 114.0784 102.9733 104.5785 102.9007 121.9710 122.6765 122.5730 122.1149 122.0155 121.7401 121.4526 121.1412 121.0850 121.4222 120.0820 119.8824 119.4702 119.1417 118.7626 118.3825 117.9863 117.5828 117.1874 116.7605 116.5288 112.4462 108.6057 115.8188 114.5392 114.0920 113.6286 113.2192 112.8164 112.5357 112.2842 112.1209 112.0463 112.0708 112.1937 112.3990 112.6784 113.0147 113.3990 113.8136 114.2658 114.7133 115.1669 115.6212 116.0706 116.4505 117.0000
133.8200 127.3763 123.8403 126.3472 125.2746 125.9802 116.4223 112.6811 125.1801 122.6549 111.2047 118.2467 115.6337 107.6614 106.1506 111.7204 116.4271 119.2706 127.3360 122.6605 122.4454 122.1104 121.8393 121.5433 121.2089 121.8374 111.3115 127.0587 119.3455 119.6890 119.3424 118.9717 118.6121 118.2457 117.8617 117.4638 117.0259 116.9998 117.3330 110.5473 115.5162 115.0020 114.6306 114.2512 113.9047 113.5962 113.3260 113.1274 112.9902 112.9328 112.9504 113.0510 113.2197 113.4578 113.7384 114.0736 114.4383 114.8154 115.2158 115.6262 116.0430 116.4499 116.8688 117.1100
126.5900 128.2591 111.3577 132.5796 127.5393 127.1814 118.6418 112.8438 118.2285 117.3655 123.6913 117.8452 113.2648 116.2499 121.7414 107.9879 119.5767 128.7832 124.9662 122.6020 122.4590 122.2366 121.9603 121.6789 121.4075 121.4441 117.8443 121.3674 120.2527 119.8474 119.5387 119.2032 118.8551 118.4670 118.1486 117.7288 117.4043 116.9926 116.5997 116.2605 116.6166 115.4865 115.1975 114.8629 114.5645 114.2943 114.0666 113.9001 113.7913 113.7402 113.7528 113.8295 113.9716 114.1782 114.4188 114.7069 115.0208 115.3644 115.7213 116.0844 116.4571 116.8347 117.2129 117.5700
126.7200 126.7334 124.9297 119.2593 118.0776 120.6626 116.2077 118.4034 129.9030 119.9679 117.5133 116.6494 116.0960 130.0435 108.2549 116.5567 113.4713 123.1221 122.1661 122.7395 122.5982 122.3437 122.0839 121.8111 121.5603 121.2086 121.1118 120.3683 120.3778 120.0568 119.7481 119.4279 119.1052 118.7966 118.4066 118.2704 117.7241 117.4039 117.0280 116.6799 116.3679 115.9747 115.7375 115.4444 115.1816 114.9386 114.7989 114.5960 114.5093 114.4709 114.4815 114.5564 114.6736 114.8482 115.0543 115.3070 115.5853 115.8818 116.2057 116.5382 116.8710 117.2212 117.5622 117.6400
126.7400 126.6313 127.5320 116.3861 121.7313 118.2001 116.1517 127.0762 128.4372 118.7438 114.0346 119.0972 110.9291 118.0476 102.7286 113.9403 114.7934 128.8248 123.2751 123.0218 122.7189 122.4729 122.2164 121.9520 121.6844 121.5050 120.2515 120.8681 120.5393 120.2744 119.9716 119.6611 119.3066 119.3550 115.3886 118.2976 118.0394 117.7397 117.4432 117.1456 116.8372 116.5345 116.2549 115.9980 115.7501 115.6253 115.0748 115.2655 115.1847 115.1538 115.1624 115.2213 115.3243 115.4729 115.6544 115.8774 116.1198 116.3847 116.6711 116.9621 117.2816 117.5962 117.9124 118.1100
126.7600 126.6709 126.5131 126.8545 120.0773 116.3721 116.6655 121.6282 123.6429 112.1677 114.4924 117.7461 114.1202 126.0528 112.4090 114.7104 111.3111 131.5804 128.3092 122.9641 122.7478 122.6207 122.3573 122.0960 121.8472 121.5707 121.2699 121.0548 120.7577 120.4754 120.1914 119.8922 119.6226 119.3247 118.6095 119.2566 118.2662 118.1418 117.8235 117.5388 117.2613 116.9977 116.7484 116.5236 116.3748 115.5803 118.3866 115.7753 115.8008 115.7822 115.7898 115.8355 115.9338 116.0606 116.2162 116.4093 116.6224 116.8681 117.1237 117.4027 117.6811 117.9706 118.2655 118.5100
126.7800 126.7345 126.5946 123.2088 120.8909 124.6295 117.0198 111.6969 117.6813 124.7315 107.5339 115.4002 111.7772 113.2871 109.8175 108.0195 106.8593 117.5514 120.3276 124.2772 122.9449 122.4809 122.2862 122.2634 121.9862 121.7459 121.4768 121.1587 120.9332 120.6978 120.4158 120.1439 119.8299 119.9120 114.9398 117.2044 118.8853 118.4911 118.1962 117.9591 117.6941 117.4497 117.2301 117.0247 116.8789 116.6419 119.5523 116.0406 116.3898 116.3690 116.3766 116.4186 116.5001 116.6109 116.7569 116.9285 117.2041 117.3476 117.5404 117.8198 118.0585 118.3474 118.5448 118.6000
126.8000 126.7741 126.5753 126.6212 126.2167 124.0574 116.4982 110.3984 111.8770 116.3939 117.2203 113.1694 111.5235 108.7694 106.4503 107.2761 108.7280 116.9840 124.1624 123.1908 123.1250 123.3747 123.0525 122.3197 122.3996 121.8850 121.6086 121.8963 121.3920 120.8769 120.6414 120.3812 120.1438 119.8386 119.6498 119.8121 119.0741 119.1652 118.5978 118.2956 118.0927 117.8924 117.6763 117.4971 117.3321 117.1222 116.7342 117.0229 116.9347 116.9147 116.9170 116.9655 117.0331 117.1338 117.2508 117.3825 117.4760 117.8263 117.9966 118.2083 118.5035 118.4888 119.4880 119.0200
126.9400 126.8244 126.6608 126.7743 122.3372 117.0882 115.1756 118.0663 122.2616 126.6031 114.7397 103.7690 112.0185 111.8311 116.5365 124.6484 124.3950 124.5749 123.4671 123.4286 123.1590 125.9594 124.1724 122.8962 122.2005 122.0496 121.3335 118.0430 121.7428 121.0015 120.8934 120.6297 120.3793 120.0840 119.7407 119.6617 119.2964 119.1857 119.1198 118.7029 118.5846 118.2762 118.1294 117.9543 117.7947 117.6861 117.6223 117.4981 117.4466 117.4316 117.4322 117.4739 117.5323 117.6275 117.7349 117.6349 120.0318 118.1925 118.3937 118.6154 118.8204 119.2109 120.3619 119.3800
126.9600 126.8485 126.5750 126.2751 116.8274 116.4424 116.4743 116.9761 122.1814 137.9452 110.0600 116.5812 120.6029 108.6229 131.2431 125.9002 125.3713 124.5579 123.8707 123.5699 123.4129 122.6747 122.2488 119.9330 121.6722 122.2356 121.5477 115.0801 120.9224 121.3754 121.0994 120.8877 120.5076 120.6878 120.5887 120.0056 119.7056 119.6760 118.4147 118.8312 118.5764 118.7748 118.5413 118.3846 118.2589 118.1440 118.0398 117.9787 117.9354 117.9175 117.9235 117.9576 118.0122 118.0938 118.1725 118.3478 118.3214 118.6222 118.8033 118.9827 119.1778 119.2801 119.5748 119.8000
127.1200 127.0164 126.8757 125.6443 117.3365 117.3043 117.4298 113.9718 112.5833 111.2690 116.7535 113.4989 115.3146 108.2555 118.2589 105.5174 114.6931 123.4513 123.8037 123.7594 123.5113 123.3676 123.1267 122.9523 123.0703 122.2924 122.8830 123.4714 121.6988 121.5184 121.3384 121.1268 120.9452 118.3709 118.1845 120.3663 120.0137 121.3917 120.3160 127.0665 119.1752 119.1098 118.9486 118.8097 118.6764 118.5850 118.5027 118.4376 118.3987 118.3783 118.3883 118.4116 118.4666 118.5407 118.6314 118.7354 118.8946 119.0191 119.1740 119.3518 119.5444 119.7332 119.9401 119.8500
127.1400 126.7054 121.2789 123.3628 120.7814 117.3265 118.4718 116.6800 110.5692 116.9662 112.0784 108.5518 116.0191 116.7225 108.7524 117.5733 116.8886 121.7530 124.0637 123.8700 123.6396 123.4553 123.2211 122.9987 122.8549 122.6419 122.2807 122.1016 121.9208 121.7841 121.5657 121.3709 120.8606 121.5235 120.8384 120.3358 120.3036 120.6152 118.9899 122.2625 118.8149 119.5076 119.3139 119.2029 119.1112 119.0013 118.9248 118.8699 118.8298 118.8196 118.8231 118.8515 118.8952 118.9617 119.0429 119.1479 119.2650 119.4007 119.5470 119.7060 119.8791 120.0543 120.2390 120.5100
127.1700 124.2045 118.4084 119.5071 120.9339 117.7347 111.4676 120.7166 116.5552 116.7182 122.0709 111.5125 110.8378 110.4793 121.9354 126.5387 125.3733 123.9331 124.1867 123.9820 123.7950 123.5968 123.4118 123.1964 122.3839 124.5029 122.9746 122.3131 122.2446 121.9762 121.8018 121.6055 121.3936 121.2078 120.8671 120.7986 120.6378 120.4281 120.3947 119.8758 120.0277 119.8303 119.8594 119.6057 119.4043 119.3962 119.3361 119.2833 119.2494 119.2334 119.2428 119.2656 119.3070 119.3669 119.4459 119.5366 119.6494 119.7720 119.9034 120.0502 120.2031 120.3713 120.5478 120.5800
127.3000 124.2650 120.1311 120.1165 113.1516 117.7558 127.1298 124.7702 113.3395 124.6466 115.7187 113.4554 112.3280 116.7781 127.1872 124.8200 124.7076 124.5655 124.3059 124.1285 123.9424 123.7588 123.6541 123.1082 122.9395 111.8616 117.4590 123.9492 122.2907 122.2240 122.0218 121.8370 121.6477 121.4711 121.2807 121.0992 120.9361 120.7735 120.5943 120.4551 120.1434 120.3925 119.6750 119.5906 119.9427 119.8020 119.7256 119.6747 119.6467 119.6340 119.6357 119.6599 119.7013 119.7545 119.8282 119.9151 120.0119 120.1273 120.2496 120.3890 120.5298 120.6822 120.8474 120.9400
127.3300 121.1922 116.9085 114.7356 121.2788 126.7350 132.3033 121.2981 121.3920 125.3257 124.6907 124.0487 114.8101 126.7963 124.4833 125.1554 124.7503 124.6251 124.4506 124.2714 124.0894 123.9376 123.7828 122.9764 123.9423 121.1756 119.1323 122.8975 122.5749 122.4208 122.2492 122.0691 121.8938 121.7166 121.5437 121.3795 121.2198 121.0683 120.8957 120.7521 120.6593 122.8415 120.6455 120.5841 120.0923 120.1723 120.0934 120.0558 120.0297 120.0248 120.0217 120.0380 120.0724 120.1285 120.1933 120.2712 120.3617 120.4641 120.5788 120.7110 120.8436 120.9853 121.1384 121.2500
127.3600 122.7331 118.3608 116.2833 115.5088 124.2146 115.9939 117.3612 116.9837 116.8224 120.2659 126.7991 117.9946 126.7022 124.9730 125.1108 124.9320 124.7564 124.5867 124.4131 124.2560 123.8387 125.6616 106.0365 122.2379 123.2420 124.0620 122.5718 122.9144 122.6378 122.4806 122.3008 122.1347 121.9693 121.8039 121.6501 121.4952 121.3740 121.2950 121.3633 120.8921 120.5505 121.8913 119.3676 120.4735 120.5236 120.4597 120.4180 120.3863 120.3570 120.3825 120.4049 120.4308 120.4802 120.5400 120.6185 120.7010 120.7987 120.8997 121.0205 121.1465 121.2844 121.4246 121.5600
127.4900 126.6465 118.3890 119.2480 122.3520 117.1249 117.6157 109.8540 103.3351 111.3973 109.3744 109.7902 119.7333 125.7744 125.5173 125.1900 125.0585 124.8931 124.7211 124.5586 124.3667 124.3371 123.8735 123.9215 123.7287 123.4888 123.3183 123.7089 123.0076 122.8639 122.6977 122.5351 122.3735 122.2183 122.0600 121.8803 122.2615 121.6822 121.2872 117.9350 121.6878 121.1311 116.8094 120.0785 120.7838 120.8827 120.8035 120.7668 120.7705 120.8423 120.7325 120.7537 120.7781 120.8244 120.8809 120.9459 121.0281 121.1154 121.2199 121.3241 121.4495 121.5723 121.7078 121.8100
127.5200 128.2361 118.6825 119.3901 118.0428 114.9070 112.6569 104.8554 108.8186 108.3519 111.5114 117.6666 125.8543 125.4882 125.5296 125.3471 125.1829 125.0251 124.8680 124.7003 124.5385 124.3713 124.1518 123.8781 123.9299 123.7260 123.6630 123.2181 123.2703 123.1367 122.9062 122.7642 122.6010 122.4601 122.3135 122.1545 121.8701 114.2902 118.9021 116.8476 122.4093 121.4663 121.9281 121.2440 121.2161 121.1693 121.1364 121.1077 120.9989 120.7326 121.0701 121.0711 121.1165 121.1553 121.2096 121.2735 121.3407 121.4227 121.4966 121.6540 121.7311 121.8498 121.9787 122.1500
127.6800 124.8029 119.3547 120.7774 117.4899 108.0506 106.2594 113.0339 112.2508 109.2607 109.6740 113.9721 123.7124 126.0334 125.6244 125.4709 125.3170 125.1559 125.0011 124.8497 124.6939 124.5180 124.4143 124.2178 124.0172 123.9969 122.7154 121.3464 123.7176 122.8919 123.1128 122.9885 122.8341 122.7199 122.5549 122.3826 122.9728 121.7096 122.6581 121.7025 112.1697 121.9980 121.6581 121.5414 121.5799 121.5208 121.4561 121.4574 121.3421 125.2906 121.5705 121.4974 121.4278 121.4757 121.5223 121.5812 121.6685 121.7309 121.9489 121.7680 122.0425 122.1935 122.2331 122.1500
127.6900 128.4463 119.2148 119.7993 116.9044 123.2567 117.4348 117.5087 106.9881 110.2573 108.2242 121.9612 122.0122 126.0722 125.7559 125.6192 125.4437 125.3017 125.1453 124.9952 124.8358 124.6884 124.5211 124.3841 124.2325 124.9471 123.0005 113.0851 122.3823 124.2152 123.5910 123.2436 123.1949 122.8290 122.7822 122.6151 122.4084 121.6352 123.6666 122.1029 122.2049 122.0066 121.8822 122.7668 121.6819 121.8385 121.6869 122.9305 108.8073 107.5415 120.9496 121.4511 121.7738 121.7825 121.8238 121.8783 121.8829 122.0269 122.0347 122.5753 124.0279 122.2901 122.5166 122.4400
127.8400 128.0812 124.2087 119.5086 116.1305 118.3653 114.2187 112.7499 114.7046 113.5977 118.0839 110.0516 124.3394 126.0751 125.7893 125.7498 125.5775 125.4395 125.2867 125.1406 124.9913 124.8330 124.6671 124.6670 124.3359 124.1965 109.9402 114.5581 124.8033 123.3524 123.7046 123.3287 122.8229 123.3672 123.7778 122.7973 123.0771 126.4071 127.1513 121.8988 122.5687 122.3505 122.1786 126.0595 121.6086 122.1846 121.9417 122.6411 123.4991 122.9184 122.3040 121.9074 122.0582 122.0817 122.1242 122.1765 122.1908 122.1174 121.9088 121.7887 121.1758 122.7526 122.8049 122.7000
127.8400 128.8768 124.4279 117.6836 114.7634 119.5728 106.4437 110.6622 111.5359 107.7599 103.6152 107.1064 126.7090 127.0265 127.1361 125.3616 125.7844 125.5648 125.4292 125.2871 125.1424 125.0141 124.8917 124.0523 124.5658 123.9187 126.5404 125.8864 124.0020 124.7441 125.3731 123.1449 124.0006 122.7455 109.7630 125.1532 124.2771 109.7527 123.1023 122.6858 122.7002 122.6007 122.4264 122.0293 122.4766 122.3376 122.6372 122.3320 121.8722 122.0660 122.1582 122.2629 122.3445 122.3581 122.4021 122.4618 122.4533 122.4433 123.1901 123.3922 118.7688 123.4808 123.0823 123.1800
128.0000 120.0370 118.4764 116.7599 115.4384 119.5840 114.7929 115.7367 115.3245 104.8764 116.6356 118.6634 127.3527 124.1443 116.4627 127.0614 125.8013 125.7069 125.5704 125.4330 125.2966 125.1704 124.8603 125.4917 124.7593 124.5672 124.4787 124.5680 121.2945 112.9104 120.7632 126.7261 123.5675 113.7053 106.0824 126.4682 119.1841 109.6204 124.8242 122.9963 122.9324 122.8687 122.8210 122.8802 122.6745 123.0963 119.3347 122.3867 122.6947 122.6243 122.6265 122.6236 122.6136 122.6722 122.6648 122.7411 122.7557 122.8001 123.3203 122.9653 115.8183 121.0335 123.1052 123.2100
116.6200 117.3462 120.5099 115.6705 115.9011 117.0475 123.4295 115.3638 107.1922 104.9416 110.1026 114.7102 128.3128 126.0845 119.4831 126.3454 126.0037 125.8434 125.7132 125.5760 125.4676 125.2129 126.0937 125.1335 124.8778 124.7970 124.6777 124.5649 122.8234 110.6983 106.2774 123.5204 123.2299 116.3176 106.6114 113.9216 113.1469 114.3245 124.3509 123.2853 123.1830 123.1417 123.0611 122.6648 122.8242 122.3169 128.3047 124.1379 122.8558 122.8333 122.8517 122.8631 122.8819 122.8357 123.2213 122.8947 123.0370 123.0776 124.0140 121.8489 123.3796 124.0609 123.4034 123.4600
122.8900 116.7322 118.1261 116.3295 114.9524 116.8687 113.4057 106.6183 105.2029 108.2534 115.0029 107.7627 125.4152 126.7767 126.6925 126.1307 126.1223 125.9805 125.8589 125.7229 125.5967 125.5279 123.7292 125.2374 125.1053 124.9654 124.8432 124.5469 125.5180 126.9201 124.6708 113.9586 117.5752 121.8233 111.5983 108.4961 112.0862 125.8777 123.1517 123.5304 123.4305 123.4013 123.6493 126.3906 123.0350 124.4028 108.3549 124.7876 123.1117 123.1041 123.1254 123.1426 123.1496 122.9929 125.0433 123.2830 123.2999 123.3222 124.3000 113.2668 123.5362 123.4042 123.6712 123.7000
116.0300 118.1968 121.4628 119.3609 117.9899 113.0042 110.4714 114.1827 112.8533 108.0581 111.2678 110.1457 128.0307 126.3022 126.5209 126.3653 126.2493 126.1219 126.0005 125.8670 125.7334 125.5308 125.6412 125.3518 125.2345 125.1604 125.0449 124.7309 125.6051 120.3539 108.2703 113.2037 121.1744 128.7391 109.0563 126.2955 124.5948 124.1872 123.6573 123.7518 123.7371 123.4409 123.6324 125.6170 120.0839 122.4643 122.9452 123.4048 123.4139 123.3752 123.3799 123.3922 123.4051 123.4436 123.2958 123.3109 123.5352 123.6036 123.6424 124.4778 124.3556 123.8677 123.9476 123.9300
123.2500 116.2981 116.9952 119.0084 112.0739 106.3082 111.0094 111.2440 110.0193 106.3036 105.6094 113.7903 128.6693 126.6014 126.6340 126.4992 126.3314 126.2596 126.1476 125.9322 125.8210 126.2586 119.8313 123.5263 125.7754 125.3194 125.1062 125.1584 126.8691 119.1378 105.3674 125.2484 124.7636 124.8745 117.8164 126.9018 123.9768 124.0991 124.0568 123.9763 124.0191 123.7389 117.5131 119.7733 123.8785 123.5870 123.6125 123.6650 123.6348 123.6308 123.6323 123.6441 123.6559 123.6789 123.7487 123.8510 123.7929 123.8667 123.8954 123.8307 123.9150 124.0951 124.1563 124.1500
123.1800 117.6131 116.7370 112.4400 115.4886 115.5280 114.3483 112.2699 109.4092 107.4785 106.6848 125.3407 126.7632 127.0831 125.3370 127.1690 126.5748 126.2164 125.6592 126.3896 126.6550 125.8726 128.3921 125.2680 125.5924 125.3072 125.9001 123.8472 118.4087 129.8666 110.5453 128.2639 124.7448 124.4193 125.3599 124.5157 124.4100 124.3594 124.2745 124.2060 124.2138 124.1099 118.1784 120.3380 123.7144 124.0284 123.9318 123.8822 123.8816 123.8717 123.8750 123.8869 123.8965 123.9107 123.9405 123.7653 124.2922 123.7612 124.2086 124.1922 124.2597 124.2998 124.3765 124.3700
119.2600 120.7292 119.2014 117.5305 111.9112 112.9984 114.7508 114.4004 109.1584 112.0908 111.4152 113.1483 128.1080 127.3768 122.6414 125.5813 123.0159 127.2663 122.1044 127.3148 118.6678 107.9605 124.1613 109.6461 124.5174 125.4004 131.1976 126.1839 113.4981 119.0886 125.1748 124.7271 124.8088 124.8905 124.7645 124.7305 124.7179 124.4527 124.4737 124.4256 124.3864 124.1960 124.4907 124.3274 124.1255 124.1584 124.1391 124.1276 124.1120 124.1143 124.1164 124.1195 124.1404 124.1868 124.2584 124.3145 126.0692 125.3135 124.1064 124.3989 124.4516 124.5237 124.5895 124.5800
119.2600 119.0470 121.9353 111.4798 113.8600 113.5515 113.2183 110.7448 106.8036 112.7090 113.3099 124.4930 127.1635 127.0080 127.0266 126.4154 111.5316 127.3112 119.6763 115.3895 106.3291 112.0990 114.1124 129.0759 101.4926 118.6259 127.5696 112.8624 123.9293 122.6360 125.3701 125.2237 125.1823 125.1203 124.7750 124.6672 124.0826 124.9940 124.6843 124.6289 124.6747 124.4728 124.4154 124.4267 124.4263 124.4009 124.3713 124.3575 124.3421 124.3446 124.3467 124.3462 124.3662 124.2206 124.1495 125.2829 113.9042 123.5113 124.4718 124.6126 124.6730 124.7312 124.8028 124.7900
118.6600 118.5683 119.1775 113.9291 113.1980 112.5722 113.7675 112.4171 117.6078 128.7602 129.6407 128.6707 127.3848 127.3282 124.5371 128.1888 127.1975 129.6333 113.3477 127.2940 116.2857 103.2642 125.2654 121.2300 119.3686 125.5318 126.6256 123.8001 112.4389 126.9389 125.3224 125.4084 125.3710 125.2659 125.6605 131.4019 122.1717 125.2880 125.1655 125.0466 124.0849 124.7547 124.7350 124.6804 124.6402 124.6182 124.5964 124.5775 124.5713 124.5629 124.5651 124.5680 124.6104 125.2541 126.0751 124.4435 125.5522 125.7449 124.7307 124.8269 124.8786 124.9378 124.9981 124.9700
117.5000 114.2233 113.6469 113.8129 113.3102 109.7282 124.1042 104.7261 118.6050 123.2489 127.2878 127.5337 127.3677 127.6156 125.4352 126.6358 126.9568 121.7097 100.9621 121.5373 128.8172 113.0784 119.3006 103.9316 107.1991 123.5213 125.9638 126.9990 109.9066 127.0590 125.5856 125.5868 125.5522 126.2910 121.3783 124.0084 126.3683 115.5183 127.1503 124.8024 124.1368 125.2967 124.9350 124.8910 124.8564 124.8360 124.8144 124.8034 124.7898 124.7838 124.7851 124.7855 124.8036 125.9920 110.2764 126.4728 124.4559 124.6967 124.9811 125.0365 125.0852 125.1370 125.1940 125.1900
117.5000 115.1305 114.7962 112.5697 114.3888 123.0629 129.0035 119.7681 121.9877 125.7612 135.4771 128.8626 127.3505 127.3052 127.3829 127.5023 128.3253 122.6828 114.8226 127.8586 127.3750 126.3657 127.0374 127.9281 126.6795 123.7513 125.6923 127.2582 125.9729 125.0443 125.9276 125.7517 125.7855 126.5661 112.7564 112.0374 113.8059 104.5936 126.4470 125.3317 125.3295 125.1368 125.1413 125.0921 125.0720 125.0448 125.0265 125.0101 125.0038 124.9945 125.0007 125.0059 125.0728 125.0239 124.3342 125.7323 124.9769 125.1992 125.1805 125.1776 125.2834 125.3350 125.3961 125.3800
115.7800 115.3694 114.5940 115.9109 121.4272 127.4997 128.5685 128.5793 130.1997 118.8309 107.4384 121.5003 129.1607 127.5956 127.5079 127.2412 127.7867 124.3987 123.9646 128.2670 126.5169 113.0227 114.7641 130.9332 125.9008 126.5878 129.5161 111.8917 127.4832 125.8385 126.0118 125.9377 125.7850 127.1392 113.4216 108.5189 113.1203 124.1427 126.3368 125.4600 125.3887 125.3770 125.3687 125.3130 125.2767 125.2517 125.2344 125.2185 125.2307 125.2286 125.2098 125.2163 125.2168 125.2758 125.2801 125.1097 125.2059 125.3332 125.4908 125.8507 125.4333 125.5431 125.5770 125.5700
115.3600 114.7935 117.0175 107.5682 127.0116 127.7529 128.4551 128.9941 122.6449 120.4312 127.9254 112.1388 117.1920 122.3917 127.8086 127.6445 117.9524 129.8599 126.7486 123.2554 128.2016 108.5283 127.2577 126.5516 126.5265 126.7404 126.9476 113.9528 127.7440 125.6432 126.2092 126.0984 126.1149 126.2357 114.9842 124.2966 107.4782 125.3574 125.6351 125.6607 125.6180 125.5814 125.3849 125.4554 125.4977 125.4554 125.4327 125.4277 125.3102 125.3159 125.4122 125.4235 125.4299 125.4388 125.4728 125.5471 125.5436 125.5351 125.6208 122.0392 126.3166 125.6862 125.7731 125.7600
117.8100 128.2199 117.5045 128.7978 128.9833 128.5301 129.4052 118.4514 128.8068 106.4320 127.6435 108.5423 121.9087 123.9498 128.0932 128.1089 123.3741 128.6265 127.0271 122.5309 114.7761 109.4985 111.1153 116.9131 127.3482 126.8018 126.4711 126.6499 126.1494 126.5793 126.3617 126.2773 126.2224 126.2315 126.8202 126.9967 126.6173 127.1672 125.4591 125.7757 125.8041 125.7369 126.4460 125.8076 125.6481 125.6492 125.6372 125.5891 126.2267 125.7199 125.6084 125.6187 125.6286 125.6400 125.6541 125.6703 125.6997 125.7095 126.1789 123.6789 126.0732 125.9259 125.9862 125.9400
129.1300 130.0296 128.3310 129.4531 128.6863 128.6923 128.6551 125.9297 109.7694 125.7730 107.6009 104.9505 106.8078 112.8700 124.5586 128.0706 127.4051 128.9572 125.1953 121.4728 106.0930 110.7830 117.3868 124.1277 126.5800 126.8253 127.1643 127.4179 126.2799 126.6421 126.5250 126.4821 126.4336 126.3370 126.2774 126.0822 126.8708 111.5611 121.3026 126.0329 125.7527 126.6533 113.1665 128.5186 125.8804 125.8329 125.7976 126.3908 120.5199 126.4069 125.8080 125.8061 125.8257 125.8354 125.8543 125.8780 125.9073 125.9324 125.9516 126.3030 126.0719 125.7972 125.8566 126.1100
129.2400 129.2471 129.0645 129.0814 128.9691 128.8599 128.4852 130.6451 127.5960 129.6425 129.9321 129.5820 124.9597 122.5583 126.0646 126.9536 128.2197 127.5467 128.1968 128.6584 117.0985 105.9833 129.1482 127.4389 127.1146 126.9975 123.3871 122.5672 126.9381 126.9521 126.6732 126.5625 126.5614 126.5035 126.4056 126.3373 128.3792 107.6849 121.8907 126.1684 125.8694 127.2081 105.8086 122.7654 126.1531 126.0312 126.0078 126.0647 125.2122 126.0150 125.9767 126.0043 126.0127 126.0231 126.0479 126.0604 126.0865 126.1231 126.1142 126.0417 126.1533 125.8474 124.4208 124.2200
129.3600 129.3056 129.2420 129.1027 129.0232 128.8836 128.9625 128.1917 128.4404 128.4887 127.8953 122.2092 120.3876 126.3851 116.6513 107.7779 119.6712 111.4563 122.4583 127.6258 128.1330 109.8450 126.2302 127.3195 127.2772 127.3669 126.2235 121.2696 127.6346 125.1177 126.8627 126.7004 126.7415 126.6740 126.6131 126.4760 127.0587 124.8381 117.0432 126.3663 126.1466 126.8126 125.3539 126.3047 126.0670 126.2274 126.2012 126.2011 126.2287 126.1850 126.1843 126.1907 126.1985 126.2074 126.2316 126.2513 126.2715 126.3047 126.2170 126.6023 126.3250 127.7718 114.4095 126.1800
129.3900 129.3623 129.2695 129.2050 129.1099 129.0300 128.9096 128.9510 128.7611 128.6412 122.7364 106.1148 107.4839 111.2317 117.6568 110.4652 120.6044 104.7830 121.0672 128.3457 128.8585 127.9208 129.0092 127.4784 127.4847 126.8631 128.0013 130.7004 123.8218 122.9432 126.2125 127.0133 126.8944 126.8312 126.7711 126.7140 126.2306 125.2491 124.3337 126.5268 126.5256 126.2308 126.3983 126.3862 126.4443 126.4019 126.3860 126.3887 126.3744 126.3658 126.3687 126.3733 126.3817 126.3915 126.4096 126.4309 126.4556 126.4832 126.5638 126.7983 117.9273 122.5977 114.7071 128.7500
127.5700 129.4300 129.3500 129.2700 129.1900 129.1100 129.0300 128.9500 128.7900 128.7100 107.6500 128.5400 128.4500 128.3700 106.2900 108.8800 128.1200 119.6000 127.9400 106.8400 106.8400 127.6800 127.6800 127.6100 127.4900 127.4100 129.3900 129.3900 109.3000 122.0000 122.0000 127.0500 126.9500 126.9800 126.8700 126.7700 126.7900 126.7900 126.6900 126.7200 126.5900 126.6100 126.6200 126.4800 126.4900 126.5100 126.5200 126.5300 126.5300 126.5300 126.5300 126.5300 126.5200 126.5200 126.5000 126.4900 126.6300 126.6200 126.6000 123.2100 123.2100 120.2800 112.8200 109.3900
