123.8200 126.2500 123.6400 114.5300 109.5400 123.4800 122.2600 122.2600 120.8100 121.4400 111.5500 112.8200 104.5400 104.5100 119.8500 118.1000 116.3500 116.1800 116.2100 117.0100 117.0100 119.2300 115.6400 110.6700 110.9800 111.9700 114.6400 112.5300 102.4700 102.1500 104.3300 107.3100 110.6900 106.6100 106.1700 123.3300 123.3300 107.9700 123.0300 123.0300 122.8700 128.9900 122.7400 122.5500 122.5900 122.3800 108.0500 122.4300 122.2000 122.2200 122.2300 122.2300 122.2300 122.2300 122.2100 122.4400 122.4200 122.3900 122.3700 122.5700 108.6400 122.7200 122.8900 122.8900
123.8200 123.2154 118.0233 117.7485 110.6006 118.1093 111.1064 125.1177 120.7104 119.4218 118.4440 116.9428 105.6024 114.1276 109.5908 119.0201 116.2638 115.7576 119.3656 119.9643 112.9623 119.7081 116.0883 104.0885 111.0964 111.6424 113.9161 102.4641 103.6137 101.2925 101.0397 106.6465 101.2875 103.3083 107.8439 113.6267 113.0400 130.5998 124.1630 110.0868 122.9210 121.3783 122.3973 122.4195 122.3108 121.9519 112.3809 121.3133 122.1475 122.0078 122.0661 122.0554 122.0777 122.0966 122.1215 122.1475 122.1426 122.2351 124.2914 104.6630 102.6749 120.7240 124.1632 122.6300
115.4300 120.9764 121.7164 124.5473 116.3116 108.5496 110.4226 114.6007 123.2679 123.0381 113.5532 117.8165 112.4824 110.8160 119.3825 116.2018 115.6471 113.9589 117.2097 124.1815 116.5558 107.7181 115.6993 100.2423 103.5456 102.4859 107.3141 107.0769 109.2155 102.1535 103.1620 124.5818 116.5947 103.5166 110.8136 108.6423 125.0423 123.1759 122.3236 122.8804 123.3045 122.3917 122.1590 122.1607 122.0737 125.1901 120.9316 124.7481 121.6410 121.8104 121.7908 121.7859 121.7829 121.7946 121.8168 121.8848 121.9610 121.8223 124.3525 101.6840 100.8965 106.9541 111.8145 122.3400
116.6900 113.4663 117.9595 120.0076 121.7522 112.7149 114.7110 109.4060 115.4609 116.0429 115.7554 118.3115 114.5533 116.8364 110.7290 111.9384 116.0433 112.5983 117.6196 111.0997 112.9980 104.6726 112.0345 112.1415 100.0529 100.2706 108.1504 112.0424 116.1862 107.7808 103.2920 116.2270 125.3049 101.5389 110.7056 112.7085 114.9795 121.1768 122.2198 120.5782 122.0593 122.0330 121.9135 121.8471 121.8332 110.6865 105.2766 124.5139 122.7910 121.4541 121.4674 121.4646 121.4688 121.4819 121.5505 121.2396 121.7776 121.4861 108.7362 101.6454 106.4439 99.9174 110.2143 122.0900
113.6800 108.9575 117.0438 115.3778 106.5388 118.4936 118.3445 115.7699 109.2307 109.9075 114.5731 109.9579 119.4836 106.7852 112.8536 112.1264 112.9208 117.0276 109.1425 121.6789 108.6741 119.6434 113.0252 116.0514 112.5049 103.0054 106.5559 106.0057 110.7121 107.2791 119.8354 112.3823 125.6855 115.7321 103.3369 118.9162 118.9126 120.2196 122.5143 122.0688 121.9470 121.7362 121.6337 121.5156 121.7184 119.2365 102.3481 120.4404 110.5718 122.2396 121.1477 121.1236 121.1617 121.1762 120.8838 123.0891 120.7835 123.2010 113.3867 100.8046 110.6361 108.0585 122.2471 121.8000
117.8400 115.0196 114.1201 117.9168 103.6563 119.8161 117.3063 116.8794 117.0995 111.7533 109.5638 108.3172 113.7339 102.6941 117.8596 116.3695 115.5775 112.0206 114.4624 109.6048 115.0868 113.5569 112.6142 118.4458 114.1313 109.1088 109.4513 102.7266 120.3996 125.5247 127.2362 105.3403 123.8200 126.9242 104.5622 122.0653 122.5170 121.9815 121.8918 121.6862 121.4825 121.3892 121.3290 121.2680 120.8069 122.1472 119.5007 102.3375 109.2371 119.2263 120.8180 120.8275 120.7927 120.6698 122.6817 105.9216 123.8197 101.4486 114.7964 113.8620 125.1199 120.3223 122.1863 121.5200
117.6400 118.3241 116.4003 114.8828 115.1228 107.2392 109.0576 113.5456 117.6183 116.3530 113.6766 107.2082 109.3881 107.6560 113.3563 116.9933 117.4718 113.8566 111.3318 111.7058 109.0194 117.0761 117.4386 111.9004 119.3634 112.9458 120.3990 102.6825 109.3423 120.3331 122.8177 105.4666 122.9228 108.5763 116.1816 122.9118 121.5050 121.7473 121.5534 121.4538 121.4489 121.4356 120.9079 120.9491 121.1803 124.4775 102.3308 111.8156 113.9767 120.9000 120.4618 120.4661 120.4557 120.4216 120.3414 112.7169 124.6954 119.1956 113.3598 114.6024 117.0081 120.4346 121.1804 121.2000
117.4600 118.5899 114.8401 120.5376 119.7907 111.1704 108.8091 105.7475 110.0686 113.2358 114.7416 114.9321 103.0734 103.0576 108.2307 112.0639 116.9044 114.4383 117.2718 112.1130 111.9686 114.4666 117.9482 109.3806 102.3130 115.4294 110.6044 105.0244 106.6880 125.5864 122.7963 120.7750 119.5925 117.3365 126.8825 120.0134 120.6953 121.4576 121.3112 121.1468 116.9326 119.5751 120.6249 120.4731 120.8518 107.5351 104.2703 113.2103 117.8230 120.2992 120.0286 120.1032 120.0947 120.0267 120.6489 121.0284 120.6419 120.5355 120.7328 120.4187 121.1606 121.0371 120.6237 120.8800
117.2500 117.0169 117.8288 118.0155 119.1353 121.4253 109.2540 110.8468 113.7847 109.6649 111.7321 112.2451 103.3749 104.7242 109.2461 111.2913 109.5838 115.4728 112.1557 110.7460 111.4312 112.3399 114.2637 116.3518 117.8952 104.7828 110.0055 115.0024 114.9442 121.7411 119.9017 113.9258 121.4204 115.0502 121.9282 121.7376 121.4492 121.1432 121.0009 120.6803 120.6897 120.5814 120.6318 121.1910 119.5201 117.3978 114.3854 120.2651 120.4777 119.7856 120.6367 119.7590 119.7010 120.1768 115.7913 119.6534 119.9263 120.0006 119.9813 120.2153 120.4522 118.7087 120.4168 120.5500
117.7600 115.2855 115.1824 116.9246 116.4920 116.4102 118.8756 117.5486 111.7096 105.5861 109.3140 103.3224 104.4853 109.7579 113.8906 113.7021 108.4469 108.7566 111.7719 109.3323 108.8447 109.7373 108.4325 112.0868 120.3042 121.0915 111.3773 119.1129 124.5542 119.3521 122.2965 115.5267 121.5701 121.8305 120.6659 121.5214 121.0415 120.8812 120.7753 120.4577 108.3873 121.1534 120.1909 106.0431 118.9803 120.9063 101.6647 119.7558 119.3090 119.5426 111.8377 119.7070 119.0214 113.6885 114.7599 119.4204 119.5834 119.6227 119.7478 119.8527 120.1613 122.1038 97.8511 120.5000
113.4400 117.3283 117.0345 111.1365 116.3036 116.8255 119.0950 119.0595 114.9777 114.8268 112.5912 108.1916 105.2677 106.8463 102.4656 109.4470 109.4448 111.6495 107.7575 106.9133 106.0345 108.8601 110.2148 109.1183 121.8572 120.9137 124.0526 125.7688 127.7578 122.2969 122.5201 122.7501 107.4756 124.9826 123.6161 120.8678 120.8784 120.6049 120.4465 120.3560 111.7529 112.9453 107.1221 102.4253 104.7781 119.3834 120.7143 120.1724 119.0011 120.9670 106.1399 120.0006 118.7294 120.1426 119.3604 119.0091 119.0773 119.2456 119.3575 119.4894 119.4210 118.0086 98.7522 120.2000
105.3900 118.5658 113.5605 108.1192 115.4383 109.7039 113.6573 114.2714 114.3317 114.7085 113.1973 116.3805 109.2629 109.6125 106.7368 108.6445 104.8784 110.0266 111.7665 111.0075 99.6584 109.8933 115.1247 107.2097 104.0442 121.5766 122.2214 122.4385 121.7714 121.9038 121.6943 123.0571 119.0126 126.5915 126.6364 119.8609 120.7174 119.9797 120.4252 121.1721 118.0903 101.1576 97.1368 98.0196 121.0650 119.4300 118.5382 118.4678 118.5946 119.1702 107.2671 120.5833 118.7559 113.1382 118.7798 118.7708 119.0452 118.8405 118.9702 119.1132 119.1813 117.1426 101.1976 97.8400
110.5500 106.8026 106.8970 113.8778 115.3741 109.0617 111.3477 111.4015 114.9664 112.3392 107.8907 114.2065 116.5632 112.3843 108.3273 107.4623 103.6402 102.6310 104.1375 102.9864 106.8365 114.0108 109.6299 112.4537 120.3249 118.7965 122.6516 122.3759 122.2408 121.9899 120.9068 121.1876 94.6692 119.2180 120.6510 120.5706 120.0006 121.9504 109.9432 116.0274 119.7463 121.0797 100.0743 95.2254 121.6145 118.0237 118.4184 118.2431 118.1684 118.5978 108.7321 118.0205 117.8169 115.3674 118.6371 112.5002 118.4573 118.4327 118.5622 118.7196 118.7557 119.4754 120.2726 119.4600
112.9800 115.9100 116.0761 107.1379 108.9272 110.4284 112.5573 109.3008 118.2480 110.0693 110.1240 110.5034 112.4217 115.4872 111.5612 112.0151 115.3660 106.2940 104.1529 117.4834 101.3397 105.2203 99.2925 105.6072 127.9212 120.6870 122.4767 122.0533 121.8688 121.4445 124.2510 112.0460 110.5325 114.3941 120.5991 120.1188 120.0487 117.8003 101.9454 120.9062 117.9853 97.8490 113.3700 98.8734 121.3661 117.7985 117.8757 117.7853 117.6838 117.6383 118.6428 118.3950 117.9412 117.7398 118.1408 117.9269 117.8253 117.9818 118.1397 118.3143 118.5057 118.7693 119.0087 118.9900
120.8500 114.7438 117.4936 105.6068 113.1961 109.7878 107.7783 105.7771 108.5032 106.9666 112.1301 109.6537 110.2029 108.1959 110.2298 111.6643 116.7373 103.5213 103.9719 110.2462 104.2821 109.0765 112.5004 116.2993 115.4198 120.9321 122.3887 121.8569 121.7701 121.1367 121.4213 95.0045 110.2847 113.9923 120.6007 119.8606 119.6383 118.0211 114.6119 114.8118 121.9435 96.3634 112.1080 103.8125 119.3715 117.3908 117.4335 117.3094 117.1970 117.1046 116.9440 116.8944 116.9748 117.0254 117.0469 117.2019 117.3830 117.5269 117.6967 117.8811 118.0897 118.3074 118.5293 118.6300
120.8900 118.6622 117.9592 117.2315 109.4567 114.4454 113.7411 109.5920 108.6577 106.9580 104.9612 104.8460 107.6438 108.6923 110.3667 104.5098 105.8662 104.9455 103.5435 119.0036 118.3001 122.8272 121.7864 122.3428 128.4085 121.3757 122.0927 122.7876 121.5258 121.4605 116.1470 113.5743 119.5556 120.1693 119.8243 119.6856 119.3629 119.2876 119.1589 115.4354 118.1421 120.2272 117.2672 119.1686 116.9547 117.0539 116.9397 116.8033 116.6761 116.5817 116.5347 116.5094 116.5110 116.5602 116.6541 116.7507 116.8796 117.0441 117.2355 117.4487 117.6744 117.9077 118.1625 118.2000
119.8100 119.6478 119.0724 118.6811 112.5615 114.7800 110.4645 112.6012 108.9863 110.0972 108.9507 107.0403 115.0023 111.1077 109.7293 109.3348 106.2400 101.5420 102.9416 127.1723 115.5665 121.2271 116.3814 122.4784 123.2779 122.6360 122.3136 121.4451 121.3905 121.0508 120.4364 120.1853 120.2384 120.1101 119.6331 119.3548 119.0067 118.8472 118.1940 118.5646 117.8364 117.5363 117.5221 116.8030 116.8650 116.6831 116.4253 116.2634 116.1233 116.0159 115.9498 115.9188 115.9359 115.9758 116.0663 116.1975 116.3534 116.5444 116.7525 116.9846 117.2368 117.4980 117.7807 117.7000
119.1100 118.5770 119.1834 113.3311 113.2780 111.0165 110.6440 113.8595 111.9788 110.1483 106.3694 112.3530 115.7126 108.6473 106.8860 103.4515 103.8582 104.5341 113.2887 109.0635 108.0876 124.8960 122.4484 122.0197 121.8545 122.7018 105.2164 122.8683 121.1268 120.8725 120.5982 120.3406 120.0097 119.6921 119.3979 119.1019 118.7775 118.4615 118.2118 117.4664 117.7608 117.1724 116.9340 116.6269 116.3691 116.1041 115.8894 115.6935 115.5361 115.4102 115.3395 115.2976 115.3103 115.3757 115.4727 115.6203 115.7901 116.0115 116.2459 116.5068 116.7829 117.0788 117.3793 117.6300
119.6300 118.6978 118.3125 118.5064 112.5208 113.3079 111.0960 114.4925 111.1589 110.3457 112.9009 114.6290 109.5746 109.2934 110.5221 109.2813 104.4861 111.7793 119.0192 100.4659 112.3729 122.8593 123.2185 113.7374 121.1564 114.3368 112.8417 120.9865 121.1615 120.5661 120.4271 120.0880 119.7673 119.3796 119.2374 118.9523 118.2046 118.9348 118.4962 111.1047 117.3566 116.7573 116.4663 116.1471 115.8454 115.5663 115.3053 115.0875 114.9066 114.7695 114.6732 114.6363 114.6499 114.7164 114.8382 115.0069 115.2070 115.4471 115.7189 116.0129 116.3198 116.6411 116.9745 117.1900
121.0700 119.5744 110.5180 112.0823 112.7335 113.0751 112.6463 112.7669 112.2988 110.8934 113.6700 114.3615 110.1739 104.3536 102.0345 106.4644 108.5267 115.1822 116.8385 109.6129 118.2686 118.8097 123.0513 123.1463 121.0931 108.0173 103.8795 111.6517 112.8092 120.6646 120.2852 119.8474 120.0198 119.6253 119.7585 116.2961 114.3815 113.3401 119.2039 113.4015 117.3386 116.3198 116.0054 115.6532 115.3180 114.9727 114.7041 114.4482 114.2367 114.0676 113.9653 113.9178 113.9381 114.0099 114.1518 114.3448 114.5815 114.8609 115.1667 115.4956 115.8392 116.2037 116.5708 116.6400
119.3800 113.4608 114.3181 113.4998 112.5352 109.6876 110.0860 111.4655 110.5305 111.4646 115.1309 112.8307 110.7686 103.1504 105.3598 105.6164 105.1129 116.9498 119.7664 126.5720 123.9912 122.4761 122.1351 121.9144 119.1413 106.7218 97.8688 100.7599 111.0085 120.7269 120.5575 120.4708 115.2796 112.4595 116.0531 105.9401 122.9708 102.6038 114.1308 99.1395 117.2892 115.6933 115.5739 115.0352 115.2396 114.3357 113.9236 113.8129 113.5049 113.3161 113.1769 113.1275 113.1530 113.2457 113.4122 113.6354 113.9116 114.2305 114.5873 114.9657 115.3464 115.7505 116.0329 116.5600
119.3600 119.8014 120.3542 118.4589 116.2715 110.4653 110.6358 110.2717 108.8967 107.4912 110.0130 109.0749 110.2192 115.3521 110.1685 111.1930 102.8197 106.8050 119.2987 118.8549 122.5801 122.4544 123.4017 124.9218 111.6739 96.3217 108.8673 105.5789 103.2255 110.7960 117.7035 121.9881 99.9600 97.3143 103.4129 102.5044 101.3433 114.3559 104.6456 116.0619 115.6943 115.6025 114.7859 115.6848 110.3695 115.0823 113.5104 113.0009 112.7228 112.4866 112.3323 112.2606 112.2934 112.4022 112.6077 112.8765 113.2068 113.5669 113.8876 114.4033 114.8262 115.2959 115.6472 115.9100
113.6900 115.1562 114.2236 113.0629 116.6076 111.6716 111.3477 111.9225 114.0435 113.0610 112.1181 109.8154 109.3561 108.8885 108.6688 110.4621 101.7786 110.2136 118.1769 118.0238 123.3292 122.8341 112.3976 111.8148 114.8199 97.2148 125.1208 112.8210 103.3165 111.2719 114.7347 113.0048 98.6240 110.1644 99.5110 106.5853 105.1138 97.4976 98.3688 116.0357 116.2365 114.8325 114.4479 109.3879 95.4185 106.5826 112.5754 111.9466 111.8712 111.5784 111.3873 111.3084 111.3435 111.4797 111.7244 112.0548 112.4370 112.8809 113.6053 114.3552 114.2786 114.8176 115.3186 115.9100
106.6300 118.6723 109.9390 109.8300 112.3846 111.3702 111.8140 109.4741 110.4792 111.2890 116.1388 109.7319 106.0706 103.5746 102.4833 102.2806 107.8050 116.1527 106.5933 124.8739 122.7553 121.9919 119.8715 97.2568 98.1866 98.7265 111.4322 120.6165 113.0952 121.5721 120.0482 99.4805 100.2916 106.5025 107.4578 105.6120 128.2835 110.7910 107.9374 96.0469 111.2357 116.7685 114.2613 115.9780 116.8653 111.6006 112.5062 111.6203 110.9231 110.5756 110.3330 110.2286 110.2729 110.4532 110.7508 111.1539 111.6223 112.1691 112.0918 109.6159 114.0124 114.3375 114.9636 115.2300
110.3300 111.7938 109.8935 108.6533 117.8640 116.8146 112.3656 110.8048 111.7469 108.6021 108.4755 110.1666 103.3907 104.7835 113.8420 100.7917 116.9007 115.5495 112.7265 123.9886 122.5838 121.9194 122.9513 97.0107 98.7981 105.7268 109.7525 108.9698 121.5286 119.8274 118.8178 115.0394 103.1253 103.0079 102.7576 105.4127 116.3617 87.4555 120.7902 109.4175 93.3693 104.2472 113.9325 112.4858 112.4109 112.2906 109.6363 110.5262 109.8800 109.4447 109.1345 108.9975 109.0567 109.2889 109.6821 110.1725 110.7763 111.3809 112.0187 113.1409 113.4891 113.3652 114.1504 114.6500
111.0700 109.6925 107.7336 109.3933 110.7762 109.8434 107.4679 105.4239 106.0158 115.8916 111.7331 114.8329 107.5478 111.8013 103.4744 104.4302 117.1498 110.5653 123.7113 123.2442 122.5870 122.1812 122.1205 115.5571 116.3761 104.9190 111.9534 109.0758 120.6118 119.7380 119.0490 119.5760 97.5024 97.5084 100.5854 99.7758 95.1357 109.0827 99.7062 104.5762 108.5473 112.9001 95.3655 114.5522 111.4524 110.8680 110.4933 109.3935 108.7565 108.1717 107.7537 107.5670 107.6345 107.9585 108.4666 109.1226 109.8585 110.5913 111.3850 112.0249 112.5620 115.1203 114.1893 114.5200
123.5900 121.5725 121.5055 121.2322 115.3455 116.7464 104.2828 107.8549 104.0334 119.7429 114.8842 107.3514 106.1004 107.0347 105.1040 115.4042 110.9260 125.2693 121.3106 122.7308 122.5112 122.1674 120.1230 121.2227 122.3044 119.0792 119.6700 119.2224 120.2176 119.5743 119.2604 119.3409 103.0852 98.9449 105.7070 112.4358 113.9959 98.7522 91.4397 100.8336 107.2058 115.0772 109.8740 112.2017 111.0169 110.1480 109.2757 108.3674 107.4734 106.7035 106.1223 105.8519 105.9557 106.4142 107.1242 107.9687 108.9741 109.6592 110.6735 111.4926 112.2899 112.8398 113.7566 113.9100
123.2600 123.2912 123.7897 114.7693 113.9160 113.7587 108.0237 108.4355 108.0655 108.6947 107.4459 104.8395 107.4153 105.0830 103.3920 104.4136 105.3723 109.3536 121.1241 122.9088 122.3443 122.1733 122.1971 121.4775 122.8158 101.7230 121.5365 116.9634 119.8519 119.5543 119.1180 118.3341 119.9919 98.3569 101.6145 95.5980 114.1877 115.0879 114.4961 114.8100 106.8568 113.7785 112.2062 111.3228 110.4823 109.4422 108.3807 107.2457 106.0961 105.0028 104.1333 103.7102 103.8793 104.5769 105.6380 106.5528 110.6267 111.3116 109.9313 110.9404 111.8615 112.6823 113.4378 113.8100
115.1400 122.0881 117.5497 109.3465 111.4056 109.7941 109.5699 109.6144 109.1144 109.2409 105.4474 103.7200 102.6013 102.1958 101.7855 101.4552 105.2480 112.5257 118.2334 122.3566 122.3738 122.2050 122.7566 109.2364 123.6652 109.4302 122.9746 119.8677 119.9015 119.4383 119.0213 119.2236 117.1708 118.5710 99.4682 102.0469 95.5646 114.0253 114.9023 114.0989 113.4043 112.8579 111.9067 110.9348 109.9156 108.7724 107.5054 106.1055 104.5856 103.0073 101.6046 100.8840 101.1681 102.3341 103.8725 105.4722 106.6478 107.8867 109.4664 110.4894 111.4707 112.3547 113.1766 113.7000
126.7400 119.0182 116.4152 108.6603 108.8389 108.0098 108.2520 103.7273 106.5317 108.5716 105.2759 104.0219 102.5851 111.7585 104.5102 101.8072 104.4307 107.8032 125.2988 111.5193 123.1643 120.4365 110.1027 122.6499 122.1074 118.2130 117.3133 118.6065 117.0889 119.1147 119.4506 117.9726 95.8615 111.0405 94.4528 108.4113 119.1723 91.6561 107.7736 114.0155 113.4094 112.4823 111.6036 110.5813 109.4575 108.1884 106.7362 105.0298 103.0407 100.7165 98.3248 96.4909 97.2983 99.6454 102.0403 104.1855 106.0395 107.6158 108.9054 110.1044 111.1568 112.1027 112.9575 113.6200
126.7300 125.2819 126.6478 105.7045 107.1808 106.8782 106.3173 107.2716 105.5146 105.6488 101.8521 102.8978 106.5627 102.6341 113.8171 106.5133 123.9701 124.7252 123.7447 123.8385 123.1489 121.5399 101.3939 119.8395 116.7012 121.1279 115.3410 105.6258 102.3161 115.0670 117.3650 105.1842 99.2073 98.0757 97.7477 94.9876 105.9423 109.3247 112.5563 113.8007 113.2297 112.3395 111.3870 110.3321 109.1376 107.7611 106.1367 104.1664 101.6634 98.3760 93.1916 89.7462 91.0800 96.4207 100.3029 103.1411 105.3023 107.0652 108.5516 109.8231 110.9332 111.9230 112.8080 113.5600
126.7300 114.4546 110.7124 111.0163 110.9961 109.3260 109.1920 108.0742 106.9011 107.7626 105.0041 104.8314 115.4772 109.2496 107.3616 105.7883 122.7139 120.9601 120.1480 122.3525 116.9968 117.1679 125.6612 106.3401 109.0332 119.8105 116.0649 112.1879 104.2893 110.5302 112.9832 101.9367 104.1774 104.7275 100.8665 99.1986 107.5869 120.6000 115.2125 111.7399 113.7600 112.2536 111.2730 110.2048 108.9681 107.5389 105.8114 103.6689 100.8148 96.6554 88.8737 85.2170 86.4989 93.4455 99.1834 102.5263 104.9308 106.8187 108.3604 109.6744 110.8211 111.8284 112.7370 113.5200
126.7300 120.6647 119.7676 120.0015 110.5112 110.9140 108.9890 110.5083 108.6979 107.9141 108.5157 102.8572 101.6462 102.8535 124.6149 109.5933 118.3969 124.0630 117.3634 126.3368 103.9117 109.1519 122.5680 107.8146 116.0109 121.2551 120.7800 121.8451 117.0670 111.9829 110.8325 110.4023 110.1233 106.5279 105.6013 105.7775 118.9462 115.2374 114.5501 109.3697 113.2210 112.3289 111.3121 110.2030 108.9763 107.5458 105.8295 103.6792 100.8429 96.6864 88.8896 85.1101 86.6631 93.5613 99.2153 102.5482 104.9383 106.8212 108.3717 109.6800 110.8213 111.8316 112.7420 113.5100
126.7300 126.0887 115.0605 115.0019 108.0437 109.1947 109.1883 109.0681 108.5655 104.2764 105.7699 102.7912 102.9295 100.4241 109.4176 112.7483 112.7304 116.8674 125.4625 110.4471 107.5421 125.6729 122.9340 123.5072 106.4998 120.8418 120.0116 120.3735 120.2271 121.0467 120.0876 120.0930 119.4830 109.9548 121.8017 118.0012 113.8777 115.3147 115.2239 114.4995 113.1056 112.1065 111.3222 110.3435 109.1542 107.7735 106.1652 104.2005 101.7584 98.5889 93.5664 90.0476 91.3749 96.6834 100.4001 103.1979 105.3448 107.1003 108.5685 109.8344 110.9503 111.9397 112.8250 113.5500
122.7200 122.3655 108.6606 109.2133 111.3929 110.9024 110.5271 110.0633 107.9003 105.9752 106.0059 105.0372 101.2406 107.2606 100.5647 106.3197 114.4581 110.6275 123.3981 113.7410 105.3837 120.3995 117.8970 120.2775 119.2334 123.1585 120.0902 119.9910 119.6656 119.1243 118.8956 118.0133 118.7677 100.6214 102.3089 118.8181 116.8135 115.3736 114.6521 113.9358 113.7233 113.0089 111.4715 110.6206 109.4883 108.2256 106.7723 105.0881 103.0944 100.8524 98.6156 96.7825 97.5679 99.8270 102.1579 104.2647 106.0593 107.6051 108.9447 110.1228 111.1637 112.0827 112.9356 113.6000
120.1000 120.1197 110.7322 110.2676 110.2021 108.9390 108.1130 107.8851 107.2225 110.7761 109.0359 105.5671 115.8908 101.7260 103.9947 102.4228 117.1302 123.2373 123.5084 122.2162 114.9407 121.9754 121.4146 122.3005 121.2456 121.6314 122.0506 121.0055 119.8615 118.4706 118.7983 118.4723 117.7443 110.8197 113.3129 100.4076 114.5389 115.6124 114.9220 114.4170 108.8785 107.8533 111.9440 111.0186 109.9301 108.8039 107.5529 106.1705 104.6779 103.1351 101.7400 101.0310 101.3123 102.4659 103.9924 105.5245 106.9560 108.2655 109.4533 110.5211 111.5503 112.5466 113.3426 113.6700
117.1200 116.8147 116.4272 118.0075 115.8546 110.0699 110.5184 110.5649 110.6617 110.9627 110.6516 105.3091 116.7248 104.1819 105.6213 108.8021 125.4173 123.7741 122.8166 122.9217 123.2085 122.2680 121.8362 121.3675 121.1324 123.7782 100.5946 122.4656 119.7773 118.8559 119.1018 118.6233 118.6543 118.6471 118.0389 113.5737 116.0539 115.6386 115.1227 114.4135 112.7356 112.7224 112.2051 111.4094 110.4786 109.4886 108.4257 107.3103 106.1714 105.0874 104.2419 103.8158 103.9914 104.6674 105.6735 106.8305 107.9339 109.0290 110.0512 110.9729 112.0234 112.3964 112.8994 113.7700
117.1300 118.2961 118.4670 105.4266 118.2952 110.8914 108.5029 105.7587 111.1276 108.6034 105.7771 110.5035 121.8701 118.0572 123.2038 123.6957 123.3499 123.0745 123.0443 122.7300 122.4122 122.2159 121.9469 121.7580 121.1093 113.6781 119.0447 119.5905 120.0504 119.6254 119.1768 118.8062 118.3844 117.5633 117.5353 117.6086 116.9392 116.4750 115.2832 114.7167 114.1572 113.6580 112.6802 111.8892 111.0727 110.2197 109.3275 108.4310 107.5551 106.7794 106.2038 105.9329 106.0442 106.4930 107.2022 108.0378 108.9275 109.8228 110.7163 111.5139 111.9142 120.0017 115.3119 114.3600
113.1800 115.8194 111.3360 112.9241 111.7491 111.6903 110.3915 114.0321 109.8695 110.1430 112.1010 125.6297 118.9970 123.5882 106.1397 115.3243 135.4783 123.9210 123.1455 122.8096 122.5504 122.1535 122.0775 118.3351 122.0776 117.7636 121.3943 120.4868 120.0000 119.6915 119.3325 118.8096 118.1777 121.1430 95.2958 119.1432 94.4579 117.3871 113.1453 114.9927 114.4288 113.7665 113.1292 112.4227 111.6983 110.9698 110.2118 109.5168 108.8291 108.2254 107.8161 107.6310 107.7133 108.0266 108.5373 109.1818 109.8939 110.6362 111.3832 112.0826 112.9252 112.5508 113.7431 114.4800
114.2100 118.3149 111.6647 111.2124 111.8322 112.6136 111.7468 111.9226 102.5469 102.2603 113.1712 113.4158 108.2965 102.8771 107.0224 104.2305 129.5545 121.9244 123.0696 122.9126 122.6316 122.3388 122.3618 122.9349 106.1848 121.0914 118.4836 120.1731 120.0912 119.8009 119.3919 119.0474 118.5801 113.1535 93.4631 95.8811 94.4193 110.7277 106.2066 116.4382 114.7075 114.1960 113.5960 112.9764 112.3402 111.7041 111.0800 110.5152 109.8188 109.5179 109.2154 109.0585 109.1109 109.3497 109.7366 110.2353 110.8110 111.4265 112.0555 112.6994 113.3318 113.9963 114.5353 114.6100
123.9800 119.7922 111.1277 105.4825 106.6713 106.4470 105.3787 104.8303 103.5916 103.1654 101.2431 117.5366 112.3313 104.9332 107.8788 119.4358 122.3420 123.6058 123.2305 122.8238 122.2846 122.6328 122.1313 121.9429 120.3019 101.7624 126.3827 122.2752 120.2166 119.9643 119.3883 116.7957 99.7703 96.3283 106.8817 119.8675 119.0117 95.4648 110.2370 115.5354 115.1720 114.6003 114.0791 113.5294 112.9713 112.4391 111.5924 111.3880 111.8806 110.5918 110.3475 110.2763 110.3216 110.5045 110.8033 111.2053 111.6778 112.1898 112.7317 113.2867 113.8462 114.3310 114.8899 115.1900
122.1100 115.3051 105.9667 106.9270 105.8185 106.0904 105.9320 104.2077 103.4692 106.0179 102.2288 112.7764 114.1021 119.6778 126.4642 115.7532 123.0814 123.0456 123.1982 124.0079 126.1148 120.7797 122.5766 123.5915 98.2296 108.9830 125.8556 125.3782 120.2970 120.0386 119.7065 120.2001 119.0101 118.1191 120.0304 117.7054 117.9297 120.0518 117.9475 117.2236 116.5052 115.0304 114.5739 114.0797 113.5959 113.1628 112.6524 113.9387 103.7035 112.3361 111.4185 111.3414 111.3810 111.5252 111.7727 112.0969 112.4794 112.9203 113.3868 113.8467 114.3856 114.8544 115.3603 115.8700
122.0300 123.2189 104.2212 106.2145 106.5089 106.7694 106.4658 107.5665 107.6166 104.1974 102.9317 103.5901 123.9449 121.5535 124.4654 124.5558 123.6227 123.5706 124.5325 117.9185 115.2910 120.1476 114.1239 118.2963 107.8253 123.5922 122.9185 120.1260 120.6759 120.1787 119.9772 119.3730 117.8366 108.6139 119.3338 113.0077 117.7460 116.7626 116.6237 112.0634 113.8846 115.4830 115.0892 114.6281 114.1965 113.8152 113.3719 113.6950 103.4592 114.0649 112.3047 112.2979 112.3378 112.4528 112.6450 112.9204 113.2500 113.6013 113.9711 114.5321 114.7818 115.2628 115.8010 116.3800
126.6100 117.1342 106.1971 108.5244 108.0035 108.8145 109.7319 108.9193 105.5156 104.2548 110.9565 110.5468 118.0310 124.9819 123.6621 123.8868 123.7991 123.8252 115.0031 111.0253 109.2958 119.5488 110.8058 120.8266 122.8180 123.9021 110.0948 122.2509 121.0443 120.5857 119.3745 119.4530 113.2800 101.7246 110.1710 111.0581 118.8036 118.4768 117.5004 113.7820 117.9148 116.1622 115.5306 115.1605 114.7521 114.4381 113.9270 113.6806 114.4699 113.2045 113.2370 113.1659 113.1906 113.2804 113.4527 113.6729 113.9456 114.3342 114.4382 114.9557 114.2262 116.1617 116.0520 116.3800
109.3600 108.5008 108.7681 108.7726 111.4269 106.5711 106.2115 106.7999 103.3198 106.1960 123.6521 112.6589 119.5515 123.8826 123.8663 123.7505 125.0098 120.7374 112.3184 124.0964 121.8602 110.9061 126.1220 117.1524 121.8123 107.2316 105.9418 122.4153 119.2222 123.1836 118.7767 121.2876 113.3127 108.7918 104.8997 121.8047 108.6702 117.1233 117.2568 117.9224 115.9872 116.4017 116.0557 115.6032 115.2079 115.4483 115.6963 114.6754 114.1772 114.1205 113.9895 113.9536 113.9733 114.0504 114.1117 114.3805 114.5992 114.8656 113.4458 115.9858 116.3718 105.0553 117.2287 117.0000
116.7000 113.2112 110.5239 104.8471 107.8816 106.4962 105.4676 103.6317 107.3478 104.3747 115.4059 118.1188 127.8076 124.4833 123.9983 123.0440 117.6056 118.5126 120.8158 123.1872 123.6843 118.6383 110.8854 104.8070 122.8102 114.9489 123.3830 112.0977 102.5571 107.7983 116.8733 109.0701 98.3782 99.2838 106.8001 100.2192 114.4968 117.7167 117.8673 117.4774 117.1096 117.0126 116.3917 116.1289 115.7340 116.2087 103.1850 115.4397 114.9369 114.7886 114.7064 114.6671 114.6928 114.8189 115.4221 114.9512 115.2492 115.4374 116.7398 107.1090 115.3778 113.5051 116.2640 96.3600
118.7600 114.5647 107.6201 106.9746 109.6921 110.1154 108.5718 104.4018 104.2518 102.5879 84.3808 118.0655 125.6620 124.2323 124.0276 124.0244 121.1085 123.6865 123.6033 123.5452 123.0828 124.8340 116.2478 119.6512 123.3221 122.9804 122.2199 98.3675 119.0499 116.7644 118.7019 99.3383 101.9619 102.3871 98.3560 115.5046 119.7894 118.3468 118.1179 117.8657 117.5522 117.1108 117.5384 117.3308 116.1768 116.1451 110.4141 116.7244 115.5428 115.4374 115.3611 115.3250 115.3575 115.5004 111.1523 116.4255 115.6997 116.0224 117.1482 102.3967 118.1682 117.0874 117.2095 117.5900
126.4000 116.7169 110.9079 109.2369 109.5964 109.4895 106.9645 105.1256 102.8185 119.0121 122.5567 118.5801 127.3755 127.7683 125.0124 124.2496 125.0773 124.4954 123.3417 123.3351 124.3296 107.9268 121.8420 122.8334 116.9521 122.3337 122.3791 120.4881 122.7296 123.0828 112.0745 102.6939 117.5354 102.5440 120.4016 119.1141 119.2224 118.7618 118.4961 118.1898 118.0090 117.3675 112.1201 108.9167 119.3033 99.7246 115.8591 116.5633 116.1562 116.0409 115.9797 115.9391 115.9892 116.1804 113.7394 116.1983 116.3054 116.5491 117.1773 111.7343 118.4848 117.4921 117.7369 118.0300
110.0700 110.0274 109.6266 108.9411 108.8605 108.8892 111.0095 103.5031 104.0876 103.9859 115.3290 100.2214 124.4912 101.3589 123.6375 124.9569 116.0399 134.7331 123.4204 123.4923 123.4593 122.9540 122.6130 123.2080 121.8154 122.5244 122.0883 121.7573 121.2071 122.1230 104.0409 99.8108 115.4182 119.3408 119.9272 119.6697 119.3740 119.1165 118.8315 118.5897 118.3139 114.0060 94.8527 96.4944 115.2355 93.4088 116.8956 116.4742 116.7128 116.6122 116.5505 116.5215 116.5246 116.5948 116.8841 116.8279 116.8348 117.0573 117.2495 118.0427 117.6614 117.9643 118.1789 118.4400
109.7000 109.4322 109.3236 109.2013 108.3203 108.4998 105.8680 104.0582 104.1955 101.7532 116.3509 105.1053 109.3764 107.9206 108.6009 102.7902 115.3953 109.4834 123.6962 106.9852 124.2529 123.2088 116.8844 118.4120 106.1790 131.0394 121.1551 122.0265 121.5877 123.2104 106.8000 103.3190 121.0712 120.1628 119.9593 119.9231 119.6802 119.4141 119.1722 118.9056 120.4237 122.1300 109.3753 96.5473 113.0024 110.4909 117.9449 117.2444 117.2145 117.1354 117.0811 117.0641 117.0740 117.1404 116.9780 117.1783 117.4487 117.5496 117.7164 117.8479 118.1116 118.3365 118.5655 118.5300
109.6300 109.2043 108.7500 109.3195 108.4233 106.8168 105.3829 103.9769 103.9898 102.5895 116.0780 115.5354 108.9659 124.4577 106.2580 119.6584 109.7256 110.9730 116.5572 123.9149 124.2337 122.3512 103.0422 101.2273 117.4964 123.1869 122.5973 121.8899 121.9137 118.1985 104.9020 118.6051 122.0700 120.6367 120.9099 120.2610 119.9309 119.7314 119.4876 118.7445 116.8573 119.2751 101.9499 97.6937 103.6300 117.7871 117.8825 117.7927 117.7215 117.6352 117.5923 117.5682 117.5746 117.6471 117.3658 117.2810 118.8240 118.1415 118.1567 118.3330 118.5211 118.7176 118.9270 118.9700
108.3200 107.6684 107.6919 107.7180 107.3326 103.7587 108.6462 103.8670 104.2973 104.1299 122.1409 113.7630 120.5106 117.1802 109.9678 101.7111 115.7766 114.3238 104.0739 105.6082 120.7547 104.0965 103.2334 106.4125 124.0980 122.2262 122.7016 120.6710 120.7318 101.6595 114.7600 122.1954 118.1298 121.0236 110.5322 119.4343 120.0398 120.0368 119.7351 119.6074 120.0129 101.4124 103.0952 99.7980 100.9195 120.1115 118.6500 118.7125 118.1807 118.1007 118.0664 118.0513 118.0743 118.2197 117.6986 115.2998 118.2307 118.6691 118.5517 118.7366 118.9153 119.0999 119.2915 119.3700
107.9800 113.5331 108.6285 106.0147 105.2578 105.4103 104.4755 104.5112 104.5587 102.1279 113.5548 100.8130 102.8006 112.0372 108.7853 105.8332 113.4512 115.3310 106.9965 109.4644 106.0228 104.8474 109.5161 126.0473 123.1385 123.0163 122.5274 114.0617 110.6956 124.3594 115.7210 114.5511 116.7672 122.0250 122.0777 122.1995 120.7884 120.4238 119.7945 119.0488 120.3033 119.0108 118.1951 110.2745 99.1951 113.9955 111.2146 118.9467 118.6208 118.5507 118.5207 118.5012 118.5265 118.4014 118.5676 118.8704 122.9158 118.6204 118.7828 119.1403 119.2901 119.4656 119.6391 119.7000
109.9400 115.4426 108.2311 108.5959 106.0016 104.7061 108.9609 103.1039 103.6414 104.3136 104.1429 103.8480 112.2327 106.7478 112.6787 115.5046 127.5432 110.6222 113.3095 113.8817 106.2690 100.1860 121.3957 124.9205 122.6617 122.4807 122.8782 123.9829 117.4605 121.1902 108.8973 108.5182 124.9456 123.0590 114.5513 111.6051 118.2042 118.9855 122.8517 122.5724 115.0423 120.2245 114.7907 113.6906 117.8282 118.5805 118.5050 119.2676 119.0604 118.9759 118.9502 118.9355 118.9838 119.5137 118.8754 119.9094 107.2952 97.9483 117.8093 119.5233 119.6577 119.8027 119.9951 120.1300
109.9400 106.4007 116.9788 107.1352 104.0624 103.8165 111.3336 113.7661 109.8002 104.1913 101.6961 110.3212 113.1935 115.0070 107.2069 116.9628 117.8346 111.2792 116.7263 107.9324 128.7053 116.0131 118.7206 119.2908 113.1521 124.5402 123.5265 111.2747 110.4219 110.6514 126.5811 129.7557 119.3968 109.3933 103.2610 114.2791 107.7209 108.5197 121.2192 117.5598 107.6463 104.8658 112.2948 97.4562 122.1442 119.2814 119.6140 119.5195 119.4397 119.3972 119.3595 119.3409 119.3694 120.7118 102.6172 116.4748 118.7413 121.2412 121.3421 119.8385 119.9998 120.2260 120.2323 120.4900
107.9600 107.3480 114.6626 108.9042 114.3185 106.1449 119.7316 110.1142 108.2780 104.0884 114.1815 119.1717 118.9817 119.4196 113.0489 116.0796 113.1792 108.1866 104.9465 120.3035 124.5391 109.9323 119.1539 118.6632 113.7031 122.4420 116.8117 105.9009 126.4715 123.8511 122.4411 126.4517 123.4992 107.8547 100.2128 102.7343 100.9778 114.2624 121.3902 121.8690 122.4891 118.3505 111.2560 109.9022 120.9591 120.0595 119.9682 119.9094 119.8268 119.7886 119.7578 119.7429 119.7457 119.3403 123.2171 104.3445 120.4208 119.6990 119.7694 120.2158 120.4061 120.1319 121.3573 120.8200
108.1400 105.3930 105.6988 104.7389 120.3161 110.3769 111.1367 102.1120 102.3604 115.5216 105.8353 107.2481 120.5008 123.0939 119.1424 116.8327 123.3458 119.1478 112.4792 123.5347 125.4628 105.3666 132.4343 124.5459 123.6045 124.7952 121.3030 109.1406 120.2148 109.4571 119.8712 122.4944 123.2533 112.8480 118.9819 116.1608 104.5972 116.0343 121.7668 121.0809 120.7411 121.3486 111.9603 121.9841 120.4773 120.5208 120.2967 120.2235 120.2225 120.1660 120.1300 120.1247 120.1227 120.1860 119.7349 121.8727 120.9254 120.4683 120.4482 120.8555 120.7209 120.8647 116.4649 99.1500
115.2900 107.7314 105.6548 106.6348 107.8796 104.4334 122.2380 120.3273 117.9931 111.7571 108.7841 112.7286 104.8981 107.0260 124.2217 123.7609 121.2676 125.0421 129.0634 110.3701 110.3204 116.7041 112.9033 116.6721 122.7539 117.1156 99.1672 118.1174 122.6983 109.4500 119.0496 122.5355 122.6946 113.4890 123.2016 126.8183 120.9717 121.7618 121.4506 121.3479 122.0956 111.0220 121.6832 120.7479 120.8582 121.4870 121.2733 120.5751 120.3832 120.4367 120.4894 120.4830 120.4825 120.4948 120.6138 120.3505 120.5912 120.6456 121.3320 118.9973 121.1175 121.4808 116.3215 121.4100
105.8100 105.8809 106.5670 107.3511 111.1078 122.2853 123.2490 104.3916 121.6186 104.5178 104.0466 105.2210 102.8175 115.0372 126.3838 125.7465 124.9843 122.8461 110.7358 105.0814 104.7909 107.7838 112.0412 127.3805 126.2768 108.1817 101.5697 124.4109 117.5578 123.8687 123.0501 122.9442 122.3846 123.2902 122.0558 122.3127 122.8701 119.9330 121.9176 121.8503 116.8340 108.4086 122.7127 120.9799 121.1455 120.9092 120.9895 120.8976 122.0683 121.3546 120.7816 120.7901 120.8324 120.8475 120.8670 120.9071 121.2384 121.2962 122.3535 117.5748 126.4075 120.1712 117.1363 121.4600
123.3700 109.1040 123.0580 125.8358 124.7745 123.5124 118.2487 130.2597 107.7782 128.5911 107.1819 104.7009 112.1478 125.5343 125.3894 125.4581 126.7342 115.6818 124.9537 104.3778 105.4577 103.8048 105.1437 122.8122 122.5629 103.1229 106.1703 113.6958 115.5773 124.9400 123.0970 123.2030 123.0019 122.8634 122.7088 123.1621 118.2025 116.7661 118.8499 121.9452 117.1965 106.7947 120.4573 121.9611 121.5238 121.4858 121.1462 122.4683 111.7316 122.7538 121.3692 121.3481 121.1802 121.2004 121.2064 121.2438 121.3475 121.5709 108.9947 119.1683 125.6264 121.6332 115.7436 100.2400
108.0600 122.7335 121.9625 120.2943 120.0722 122.3024 120.7176 126.2199 127.4181 123.7693 101.8118 106.4750 123.8761 111.0215 115.7955 115.7433 123.8306 124.6472 114.6913 126.7608 126.7080 124.0994 125.3335 122.4246 125.1663 125.7786 112.8857 117.9980 124.3499 123.8196 123.4669 123.3426 123.1889 123.0387 122.8238 123.5796 109.4023 100.4887 112.3809 121.9955 124.4868 98.8949 110.7502 120.9610 121.0826 120.1414 121.7659 124.8666 99.3129 122.3395 118.8494 121.5493 121.4082 121.3867 121.5472 121.5422 121.7139 121.7508 123.0815 125.7200 118.6914 128.2818 103.8792 100.0500
122.5200 128.8758 127.4707 128.5213 122.8458 123.2390 117.9310 125.5308 121.2359 108.3905 115.1975 108.0176 122.9518 108.7606 104.7191 102.7501 115.0866 108.6466 124.0460 124.9840 124.4261 125.2325 119.4762 102.3392 124.4421 107.7329 114.9715 129.4278 124.1343 123.1902 123.6032 123.5361 123.3914 123.3409 123.1366 122.8188 125.1783 113.0267 110.2839 122.5206 123.3789 116.3911 125.6912 119.5030 121.2646 121.0525 118.0317 104.2579 118.6954 123.2395 115.4144 122.3122 121.6185 122.3912 121.6852 121.9222 121.9025 122.1481 114.0467 114.1188 122.1955 124.1374 111.3242 102.8400
128.0200 127.4314 127.9140 127.7821 128.0791 121.7266 108.0097 123.1961 116.0882 118.6266 127.3357 118.5237 106.6169 107.6174 106.3444 105.0464 109.3821 116.2122 128.2051 125.4050 125.4138 124.8034 127.0483 109.0692 125.4541 107.3446 114.6353 112.9291 115.7541 115.8615 123.8751 123.4655 123.7065 123.4710 123.3669 123.1338 122.4859 125.4478 122.8202 122.8463 122.4789 123.2996 122.4250 123.1045 121.9291 122.1701 115.6664 107.9898 104.9130 123.8527 122.9769 122.0913 122.1787 114.7254 121.1628 121.6673 122.3744 122.2346 123.5831 118.7080 117.1564 109.0040 104.2841 100.5900
143.7500 126.9000 127.8500 127.7600 127.6500 127.5500 127.3500 127.2400 116.6400 126.9300 115.6300 126.7000 122.4800 119.9300 114.9300 113.9500 104.0200 126.1700 125.6700 125.5400 125.4200 125.2900 125.1800 125.0400 124.8000 124.8000 111.4000 109.7300 117.9200 107.4600 123.9800 123.9800 123.4700 123.5600 123.4200 123.4500 123.2600 123.1300 122.9900 122.9900 122.8800 122.8800 122.7100 122.5300 115.2300 122.3700 122.4000 122.4400 122.4400 122.2200 122.2300 122.2300 122.2300 122.2300 122.2000 122.4300 122.4100 122.3800 116.0800 117.8000 119.7500 109.0500 103.4500 103.4500
