123.0700 124.2900 124.6300 124.7700 124.4300 128.9500 129.3200 107.0700 128.9100 127.7100 106.8000 106.7300 120.6100 116.9600 116.9600 116.8000 114.7700 111.1800 118.1500 118.3800 119.2400 114.8500 116.4200 112.8200 110.0700 110.0700 108.3000 112.4600 109.6800 110.7600 104.9900 104.9000 104.9000 113.9900 109.8900 126.6000 126.6000 126.4900 126.3800 126.4100 126.2900 133.7100 126.1900 126.2100 126.0800 126.0900 126.1100 125.9700 125.9800 126.0000 126.0100 126.0200 125.8600 125.8600 125.8600 125.8600 125.8600 126.0200 104.6600 107.7400 112.0700 125.9700 126.1100 126.1100
123.0700 124.5734 125.6271 124.0948 114.0755 128.2230 129.3316 112.7111 118.8740 111.9454 118.2526 112.2418 104.3824 110.1238 117.4367 118.0863 111.1734 110.9281 118.2600 114.8644 118.7444 115.6591 115.5758 112.3399 110.9691 107.2359 109.3200 108.1004 109.7188 105.8405 105.8804 112.3086 107.2846 104.3872 106.1324 106.0252 124.4089 110.7528 128.7282 118.7517 119.7213 126.3178 125.7894 125.9809 125.9947 127.0654 119.2236 126.3403 125.7000 125.9070 125.8460 125.8244 125.8195 125.8073 125.7464 125.7876 125.3605 124.4014 106.2618 107.3711 112.5597 117.3257 125.8960 125.9400
123.4800 123.0025 124.7905 125.3431 126.3776 123.1186 131.3452 126.8299 120.6489 107.9891 119.5294 111.1843 105.8533 107.4363 114.3219 114.7202 110.3859 115.8316 116.7991 103.3595 116.5593 116.3481 114.5465 108.5158 106.2763 105.7081 107.0169 109.4608 116.9245 105.5282 105.4333 112.9659 112.4886 117.8367 106.7741 109.5267 124.4276 120.9243 127.6573 125.4286 127.0038 126.1287 125.9954 125.8819 125.6620 125.8343 111.6499 118.0793 125.6299 125.7608 125.6485 125.6340 125.6240 125.6053 125.6317 125.7240 125.2572 124.4865 102.9803 103.9296 108.2095 101.2195 128.0091 125.7600
123.4800 125.0434 125.5337 126.5528 125.2251 128.8187 127.3656 128.4617 126.8707 116.2100 119.9387 104.5620 107.3067 105.8593 120.5006 112.2550 114.4374 116.1590 111.4198 109.0283 107.4211 108.9867 117.6730 115.4056 110.9385 108.3947 114.6212 106.8851 117.4035 106.8306 108.5716 115.7406 123.7160 115.1548 101.9874 125.2504 115.3246 124.8626 125.9873 123.8899 125.7972 125.7642 125.7684 125.6705 125.5841 126.8989 124.3001 118.7094 125.3264 125.5031 125.4509 125.4371 125.4216 125.4016 125.4851 125.4617 122.5038 125.1653 103.2866 108.7487 104.8172 114.7823 127.4866 125.5800
120.2500 119.4403 124.8391 127.6643 125.9809 124.5461 122.7259 110.3312 123.9880 119.2419 119.1408 103.5624 105.9109 104.5976 115.6030 118.8412 114.1407 113.9263 114.9945 112.2465 108.2745 110.1584 113.4284 115.4479 111.6832 109.4156 110.3343 117.4062 109.4791 109.1425 103.6747 109.5418 125.8977 123.4555 119.5621 114.5234 126.2728 126.4520 126.0931 125.1740 126.0310 125.6058 125.5435 125.4939 125.1969 126.7962 102.8287 128.0124 125.9831 125.3003 125.2570 125.2314 125.2254 125.2137 125.2059 125.9319 111.9015 115.0668 109.8145 114.0705 108.1747 120.1440 124.9209 125.4000
119.7000 118.5875 123.9260 125.2649 126.0148 120.7462 127.1646 125.0782 109.9816 112.5692 119.5385 121.8549 107.6097 105.2043 118.7139 106.9288 117.1130 112.1659 117.3284 109.2807 111.5835 106.4293 112.1844 115.6056 113.5017 114.8996 106.4382 118.2713 109.7987 122.5660 122.9579 121.5754 127.9332 120.7897 129.9986 126.1499 125.9657 125.5346 125.5752 125.6174 125.4472 125.4179 125.3706 125.2806 125.2062 125.5484 123.1828 107.4386 108.1474 126.8467 124.9642 125.0065 124.9953 125.0044 124.9555 125.0150 125.3709 100.7326 119.9802 123.5112 120.0066 121.9770 125.6404 125.2100
121.1300 120.6655 120.5770 120.6489 125.3314 116.9616 127.2767 125.5572 124.5710 123.5182 117.0044 117.6248 104.4330 104.6804 118.9735 115.4415 112.4369 115.1941 111.5534 111.8606 112.2204 114.2548 104.5377 111.6646 108.1024 112.8233 108.5482 107.3338 105.2651 123.6061 118.6480 131.1809 127.0428 98.4614 121.1403 125.4609 125.2445 125.5755 125.4318 125.3448 125.3068 125.2278 125.1695 125.1004 124.9538 124.8046 99.2471 108.8299 122.6490 125.9262 124.8154 124.8313 124.8728 124.8336 124.7592 124.6080 128.1824 106.9588 117.3443 120.0669 117.5107 126.1006 124.9179 125.0100
122.6300 125.3456 108.3680 123.5201 120.6227 120.0531 124.8768 126.9799 126.4668 125.5194 124.5728 117.8626 118.8175 103.2258 106.2094 108.5597 121.4399 120.3013 112.8295 111.0269 119.2170 105.3041 113.3138 112.0824 111.9883 106.5879 106.3218 109.1096 108.8764 124.5261 125.7974 128.6416 111.7078 113.5737 125.3441 125.0801 124.8807 125.3206 125.2478 125.1731 125.0905 125.0293 124.9530 124.9035 124.4673 127.1346 104.8523 122.5352 124.6576 124.3325 124.5844 124.5102 124.3395 124.3830 124.5122 124.2602 126.4903 106.8323 127.1530 125.3754 124.8940 124.5878 124.8280 124.8200
121.1600 121.8458 124.3042 124.4065 122.0263 123.2248 119.8439 123.9832 123.0732 124.5144 122.0171 106.2524 118.7495 108.8885 106.7562 107.6243 116.7670 112.7104 122.3427 110.6361 111.0699 107.7661 107.6972 104.2304 106.6494 116.6989 114.3489 116.0178 120.7498 120.8247 123.2451 124.8062 113.9843 117.9984 125.4452 125.2916 125.2954 125.0950 125.0487 124.9758 124.9162 124.8170 124.8084 124.6600 124.1717 127.5266 104.0710 123.8616 124.3293 124.3313 124.4161 124.2258 125.0653 124.9200 124.9072 124.2351 124.6343 122.1669 124.1899 124.2250 124.3275 124.4979 124.5144 124.6100
120.9200 118.9443 121.8534 125.2703 123.1385 122.8478 122.9088 116.6970 112.0149 116.6350 117.8082 124.5323 107.3736 118.7390 112.9019 110.8076 113.6938 111.0306 110.0750 110.6122 109.4824 111.3704 112.4228 103.6031 120.0186 121.4249 128.7382 122.7417 130.6417 125.4807 126.6588 125.7445 125.6807 125.1321 125.3223 125.1828 125.0148 124.9582 124.8551 124.7647 124.5936 124.6468 124.3507 124.5654 125.1941 126.0725 114.4862 124.8140 124.5553 124.1672 124.1647 123.7188 125.5939 109.1862 125.2755 124.1521 124.1150 124.3368 124.2563 124.2178 124.2321 124.2505 124.2984 124.4100
114.9300 115.7617 120.8606 122.9927 126.2719 123.2452 120.8995 124.9480 122.1353 107.5028 112.9983 121.9321 120.5107 122.4056 121.7064 120.0128 116.3735 117.5485 102.8181 106.1580 113.7932 107.4398 108.0480 106.5288 121.8044 120.0605 127.9275 122.7640 123.5353 125.6489 125.4044 126.6196 121.9540 126.1229 125.7907 124.9733 124.8449 124.7345 124.6388 124.5860 124.2138 124.5478 122.3470 125.3091 116.0554 125.2242 125.2538 124.2716 123.9261 123.8725 123.9308 124.0486 123.5405 124.4274 124.2844 124.2970 124.0079 123.8722 123.8286 123.9438 123.9763 124.0284 124.0678 124.2000
118.8900 122.2185 117.9964 119.6255 124.7120 124.4377 116.3416 120.4946 120.2492 119.1793 116.6638 115.8028 118.2605 120.5934 108.7062 115.0556 114.2800 111.4622 105.8330 105.5618 126.1588 119.0695 110.0930 105.9076 112.2794 119.4019 125.8538 125.8410 125.7829 125.4180 125.1859 125.3369 106.9264 109.2037 124.4168 124.6932 124.7250 124.6335 124.3911 124.1312 123.9803 125.5120 102.2138 117.6038 119.5880 124.2271 123.7028 123.7808 123.8009 123.7317 123.6908 124.0178 120.2367 123.7483 123.7999 120.3420 123.2796 123.5248 123.5419 123.7132 123.7457 123.7836 123.8366 123.7600
118.8900 118.3231 120.9538 122.7535 112.7546 120.9918 123.0418 122.0094 117.8669 117.6502 115.3267 110.6799 116.0159 114.5053 118.9845 108.4252 112.8574 114.5525 105.8359 108.3340 121.1847 115.6565 118.9514 122.1264 119.1786 120.3727 125.5909 125.0607 125.3698 125.1253 125.1440 125.3406 122.8116 112.9604 122.7347 124.5711 124.2684 124.6857 118.9960 124.8536 123.9010 124.8923 98.9650 103.5771 120.4390 124.0000 123.6548 123.5611 123.5071 123.4736 123.4419 123.4071 123.6835 123.6235 123.7772 117.4392 112.4388 124.5731 123.0775 123.4773 123.5055 123.5493 123.5970 123.5300
115.3000 118.4087 119.6806 123.9845 106.0561 120.2627 112.4770 116.3401 115.6058 119.5585 120.2808 115.4766 115.3349 117.3832 110.1623 114.4315 103.5147 112.7801 119.5877 114.0915 120.7804 128.9566 126.4403 99.6969 123.4660 123.0889 127.0065 126.0742 126.1045 125.0356 125.1097 131.5375 115.5017 122.2976 125.2171 124.2559 124.2958 123.4004 111.2850 123.5415 123.2942 124.3954 104.0157 118.9217 124.7805 123.4751 123.3900 123.3186 123.2712 123.2241 123.1920 123.1618 123.0815 123.0448 123.5232 124.0448 125.4778 122.8857 123.2433 123.2069 123.2506 123.3045 123.3384 123.2900
111.2500 113.8672 116.6393 119.8459 118.8190 123.4488 121.2548 113.0567 118.6914 118.7033 117.3542 118.1492 120.4248 103.9416 104.2272 116.3254 115.9759 106.6706 108.3847 108.0173 110.3385 126.7695 127.0421 119.9972 116.9199 122.8056 117.5566 114.4868 124.5107 124.9343 124.5575 125.0183 116.7397 123.5169 124.1145 124.2053 124.0009 123.4424 120.9886 124.2902 123.3504 123.8229 123.0749 123.3051 122.7965 123.2851 123.1224 123.0651 123.0118 122.9655 122.9318 122.8978 122.8865 122.8788 122.7803 122.6259 122.5066 122.9365 122.9093 122.9532 122.9968 123.0364 123.1041 123.0500
117.2300 116.8054 115.3873 115.9327 119.2716 123.8733 125.0130 116.7901 114.6837 117.2894 118.4703 121.2148 110.5381 113.8789 115.2379 110.9744 109.6759 107.4994 114.5805 119.1054 113.8064 123.1004 125.8483 126.0852 122.1894 125.4213 125.6414 121.4675 125.2981 124.5173 124.6765 124.6209 121.6895 125.3382 123.9639 123.9199 123.8505 123.6179 123.7000 123.4262 123.4203 123.4920 116.1898 123.3279 122.9565 122.9479 122.8653 122.8006 122.7521 122.6992 122.6602 122.6239 122.6037 122.5836 122.6016 122.6339 122.6663 122.6101 122.6470 122.6843 122.7376 122.7812 122.1513 118.5400
116.6700 116.5339 119.6748 117.5355 111.1413 119.0368 115.4518 116.8707 115.4987 116.2008 112.9622 116.2819 104.3904 113.0198 114.7738 116.9787 107.4778 103.2360 108.4844 107.1192 117.5808 126.3015 125.1598 125.3731 125.3693 125.2123 125.3361 124.8574 124.6030 124.3985 124.4096 124.4695 124.1239 124.0504 123.8377 123.8763 123.9934 124.6542 123.3557 122.5441 123.5366 122.9979 123.5503 122.8599 122.7948 122.6699 122.6093 122.5365 122.4801 122.4208 122.3786 122.3485 122.3202 122.3056 122.3003 122.2889 122.3057 122.3411 122.3698 122.4046 122.4594 122.5052 122.3971 122.5400
116.4500 116.4966 115.4128 113.2704 117.4667 111.4749 110.1714 106.5677 119.5882 113.9137 114.0842 108.4470 113.4997 114.2116 112.5635 113.0071 119.4136 106.1262 110.8082 108.5762 108.7513 126.2408 125.3604 125.2800 125.0364 125.3216 124.7430 124.5400 125.4463 124.4232 124.2428 124.0977 123.9582 123.8311 123.7015 123.7419 113.0429 120.4329 124.8687 126.5944 117.8241 122.8005 122.6799 122.5702 122.4034 122.4253 122.3224 122.2638 122.1983 122.1437 122.0960 122.0607 122.0289 122.0164 122.0107 122.0169 122.0157 122.0328 122.0779 122.1252 122.1789 122.2157 122.3257 122.2800
122.2800 128.9736 115.8915 116.4599 112.4173 118.2554 115.4478 108.7415 114.0277 116.9704 116.9621 110.4939 108.9039 110.3818 123.9167 105.3752 106.8819 107.5883 116.1487 114.0179 105.1075 110.0439 118.5978 125.5031 124.9613 124.4233 112.0408 112.6890 116.3830 124.2388 124.0029 124.1255 123.7364 123.6071 123.4061 123.5348 116.6432 115.3443 123.6962 107.2497 110.3001 120.3431 122.0119 122.4213 123.2274 122.0645 122.0931 121.9684 121.9028 121.8484 121.8010 121.7592 121.7351 121.7100 121.7068 121.7131 121.7534 121.7914 121.8006 121.8296 121.8858 121.9218 122.0772 122.0100
122.2200 120.2796 115.0280 119.6564 122.4328 117.0165 110.8283 120.9271 117.4856 112.1548 112.2005 118.0494 111.0591 110.4117 110.7794 116.1303 109.9280 110.0065 115.0177 114.1134 110.1548 120.9532 116.1313 125.7285 124.0967 127.2964 105.6287 123.9062 105.5042 117.6455 124.4005 121.9182 124.2183 123.7427 124.3081 121.1196 119.4735 110.2015 118.0740 121.4800 106.3953 120.4472 121.7230 122.4581 111.4415 122.7858 121.8608 121.6543 121.6099 121.5436 121.4938 121.4538 121.4235 121.4040 121.3920 121.3697 121.3815 121.3415 121.5006 121.5238 121.4112 122.3090 122.6519 121.7200
120.6100 124.3561 115.4377 113.8463 114.6946 111.5180 120.6920 110.1057 117.1330 113.8788 109.3250 110.8230 116.8581 119.7788 108.9830 106.8125 115.0007 109.7337 119.0285 119.2320 118.0218 125.0246 125.1256 124.9770 125.7223 115.9329 102.9652 104.4339 123.6050 123.4879 123.0869 113.9801 121.2309 118.1238 117.4219 101.2599 106.7581 112.9752 108.8384 105.7988 124.5344 124.1552 114.9613 121.3882 104.4002 123.5583 121.3930 121.3107 121.2969 121.2364 121.1769 121.1299 121.0966 121.0889 121.0398 121.1642 120.4201 121.0376 121.2129 121.2120 121.2674 121.0638 131.9625 121.4300
120.5100 110.4786 120.7810 117.9335 114.8457 111.4611 113.5434 119.0124 115.3746 115.9746 117.7942 112.1590 115.5442 113.5395 106.4104 111.2783 111.3534 117.1429 115.5896 121.2857 125.4299 124.7908 125.1154 126.0206 116.9253 111.7029 109.8971 115.3015 126.4931 117.1367 115.1111 118.4898 107.9553 108.4718 103.6310 114.9117 118.7496 100.0006 111.2885 99.2984 120.5812 122.0611 105.4601 124.3645 115.7444 114.5655 122.3413 121.2350 120.9522 120.9215 120.8482 120.7945 120.7713 120.7142 120.4489 117.1711 115.8716 120.6027 120.9614 120.8245 120.9377 121.0600 120.4837 121.1300
116.0600 118.4941 113.2037 116.4631 119.4019 112.5755 110.4443 110.0617 115.0934 115.6461 113.5041 113.8872 108.2289 108.4114 108.8501 104.8161 113.8445 108.1541 119.6396 118.6893 125.8282 124.8662 123.0675 115.2152 103.1736 107.0045 116.0560 118.2633 124.4852 123.6017 116.6308 111.2976 110.9088 105.0207 108.7623 118.6195 126.5473 102.5713 116.2890 108.5736 119.6625 121.9943 98.7860 102.6058 121.4247 114.8474 120.9990 120.7386 120.6585 120.5849 120.5100 120.4617 120.3760 120.8728 120.4857 120.9795 117.0854 120.4657 120.6126 120.6451 120.6020 120.7894 120.9421 120.8100
105.9900 119.8078 105.3920 117.7821 116.5493 116.4208 110.8379 109.5686 109.3638 109.7926 113.5306 114.7058 107.6240 107.6256 112.4086 110.7676 112.2854 116.6076 124.0170 111.6276 125.4855 124.3401 125.8196 103.6535 110.5286 110.1564 112.5502 110.1176 123.2504 123.4769 121.8510 118.0885 117.7199 113.8259 118.2667 101.8946 110.6746 121.3535 119.6054 102.3580 112.9271 114.0493 105.0211 121.0397 119.6849 122.1386 115.9475 120.4211 120.3060 120.2311 120.1525 120.1143 120.0929 118.8279 116.3509 116.6948 111.9143 119.5921 118.0737 119.9538 120.2822 120.3506 120.4584 120.4500
105.9700 109.2058 112.6321 113.6919 112.2748 115.5430 114.6750 113.1893 109.7564 107.9605 106.4869 107.5452 112.7807 113.2394 104.8689 108.5248 114.3094 122.5071 118.5692 118.4014 126.5019 124.4709 123.9992 98.0281 117.6612 114.9747 126.0305 124.3362 124.2590 123.3124 121.9951 120.2467 115.8817 107.5800 113.1321 102.8404 116.6387 106.5021 115.0434 104.9149 106.5110 106.1701 121.7708 128.5174 120.3132 120.6517 119.8260 120.4766 119.9542 119.8568 119.7789 119.7746 119.3915 120.9582 114.9486 119.1020 103.8916 120.5599 119.1541 119.9652 119.8313 120.0186 120.1329 120.1500
105.9700 119.6590 117.3265 115.7982 114.9344 112.3601 110.8242 107.5470 105.4301 113.6372 109.5790 108.0833 106.4310 106.7709 104.7225 109.3697 121.1571 120.3261 119.3975 125.9181 124.7795 124.4237 125.7170 121.7244 124.0702 106.2681 110.7801 121.9491 122.8390 122.8337 123.0698 122.5435 120.9317 101.8529 105.0340 105.5512 110.0358 108.9029 114.8820 110.0377 123.9251 111.6818 120.6851 120.7922 119.7711 120.0389 119.8352 119.6171 119.5858 119.4816 119.3972 119.3243 119.3141 119.0528 119.5568 118.0199 120.8435 119.0107 119.4538 119.4168 119.5529 119.6477 119.7769 119.7900
115.4600 115.4077 117.1626 116.8015 115.8879 114.5987 109.2152 108.9385 108.5242 115.5636 112.3505 109.4056 108.4724 103.4025 108.7991 107.9385 117.7855 111.5885 124.2574 124.7456 124.7073 124.3383 122.7532 109.1871 126.9566 122.7913 120.3842 121.2463 123.2592 122.8254 122.5796 122.3348 122.3509 120.9145 111.8784 100.0080 105.0486 115.1510 115.5366 121.2828 116.6810 113.1175 120.3476 119.9114 119.7926 119.6081 119.4599 119.3306 119.1969 119.0869 118.9937 118.9235 118.8599 118.8711 118.7112 119.1553 117.4676 118.9918 118.9537 119.0601 119.1480 119.2758 119.4135 119.4300
115.6600 115.2562 114.8622 114.4871 118.3707 109.6170 109.2153 109.5711 109.2347 110.1806 108.6664 110.3599 105.9553 109.8941 103.9552 109.1526 103.7533 112.2288 125.8995 124.4216 124.4941 124.2204 124.4974 122.7790 120.0868 106.8354 124.9195 123.0185 122.7781 122.6558 122.4237 122.2320 122.2497 116.5506 112.7636 103.8674 111.5751 103.3677 119.1606 120.5994 119.9779 120.0109 119.9057 119.5717 119.4208 119.2532 119.0811 118.9240 118.7908 118.6765 118.5704 118.4902 118.4359 118.3936 118.3662 117.9381 118.3720 118.4156 118.5536 118.6386 118.7472 118.8811 119.0297 119.0300
119.8600 118.2671 114.0546 114.1387 113.5964 112.6491 115.3611 109.1793 109.0022 106.9482 105.7226 104.3102 104.0699 114.1024 104.8218 103.7901 101.6581 103.3762 121.5878 124.0005 124.3131 124.4356 124.0993 123.7203 122.6089 123.5374 123.1510 122.9318 122.7002 122.4716 122.2282 122.1870 121.5374 122.7782 115.4785 103.1997 107.8009 100.3394 115.6281 117.8666 120.6033 119.5890 119.5055 119.2622 119.0628 118.8694 118.6911 118.5285 118.3788 118.2448 118.1303 118.0423 117.9759 117.9348 117.9150 117.9784 117.9507 118.0238 118.0991 118.2077 118.3257 118.4686 118.6336 118.6200
119.4700 117.2517 114.0341 113.1906 113.1441 112.9035 112.3676 110.2696 109.3893 112.6268 104.7471 104.1176 103.8658 104.2035 117.8302 109.5123 109.2210 113.4600 110.2894 111.4255 126.0517 122.1028 121.3019 123.6926 123.5422 123.3640 123.0076 122.7819 122.5172 122.3182 121.9564 120.9394 121.8480 120.0205 120.4921 121.7337 120.6129 118.2817 121.2795 116.6949 121.1536 119.1133 119.1606 118.9047 118.6949 118.4841 118.2830 118.1070 117.9363 117.7959 117.6710 117.5663 117.4933 117.4460 117.4309 117.4389 117.4736 117.5384 117.6297 117.7438 117.8862 118.0390 118.2252 118.1900
120.5100 123.3520 123.5378 113.9382 113.1910 113.0167 117.9625 111.0562 111.6988 110.8971 106.8170 105.1905 111.4326 112.5544 115.5899 113.1892 122.9133 124.7806 120.8213 124.4320 118.5386 96.8610 97.5865 123.4377 122.2292 122.4456 122.6770 123.8791 122.2707 122.2135 122.1432 116.0323 120.8843 98.8704 104.0838 124.9257 120.5734 119.8457 119.7245 119.5487 119.0908 119.1342 118.7857 118.5541 118.3071 118.0851 117.8676 117.6613 117.4853 117.3216 117.1836 117.0708 116.9911 116.9327 116.9098 116.9243 116.9662 117.0388 117.1388 117.2721 117.4197 117.5961 117.7914 117.7300
124.8200 120.1415 119.3371 116.2890 113.3216 109.4836 113.2014 113.0302 111.9513 117.7951 110.1575 109.6152 110.9167 110.7667 106.2006 114.0035 125.1178 112.9111 116.4334 126.2163 128.7285 108.9154 104.1546 105.0097 114.6805 124.5015 123.0508 131.5913 122.0076 122.1593 121.3027 122.9503 106.4358 110.7597 107.3938 105.4818 113.3097 119.4397 119.6070 119.2726 119.2152 118.7223 118.4139 118.1800 117.9145 117.6655 117.4310 117.2045 117.0066 116.8197 116.6660 116.5451 116.4412 116.3916 116.3645 116.3801 116.4186 116.4991 116.6173 116.7643 116.9336 117.1330 117.3533 117.6800
118.4200 116.1765 114.5886 113.5123 110.9787 109.9873 107.7053 107.4982 106.2373 113.4580 111.3698 112.9308 111.9330 103.2057 105.6597 118.1740 125.1969 119.1647 105.8825 115.0157 112.6413 119.0399 121.5752 109.2047 99.6427 115.7383 122.3268 121.1770 121.4916 121.9742 121.7204 122.4523 107.9347 113.4731 102.2321 95.9828 106.2485 120.6783 118.9566 119.2178 117.7174 117.0212 118.0026 117.7999 117.5119 117.2389 116.9799 116.7279 116.4976 116.2984 116.1200 115.9839 115.8725 115.7505 115.7434 115.7595 115.8405 115.9398 116.0691 116.2282 116.4276 116.6441 116.8836 117.2500
112.8600 115.4346 115.0323 116.9917 110.3792 107.7644 113.9921 108.6544 105.2999 103.5050 102.9131 104.1135 103.5767 112.4923 103.5427 99.0112 116.9511 119.7427 126.2343 114.4849 109.7672 120.6218 124.3121 126.2016 120.5223 120.2964 122.2273 122.3649 121.9791 119.7578 121.4797 120.3547 122.6830 100.9480 100.5078 106.1747 103.7817 122.6645 118.8106 118.2005 125.0594 121.3056 117.7786 117.4090 117.0984 116.7918 116.4990 116.2305 115.9773 115.7488 115.5459 115.3800 115.2544 115.4418 115.4086 115.2818 115.2099 115.3301 115.4866 115.6670 115.8893 116.1320 116.4019 116.7500
119.0500 115.5917 115.7702 114.1052 110.8847 108.9359 111.5329 110.1352 109.0643 106.3221 106.9738 103.8613 106.3724 106.2035 103.5613 115.2935 125.1190 118.3723 126.2772 123.4673 124.1658 120.1972 122.9890 122.0834 123.4210 126.0906 123.9116 121.8959 121.7959 120.6413 121.1082 120.9160 121.9227 111.1939 112.0057 103.8115 93.7328 112.9573 118.1741 117.2698 123.8749 114.2754 117.4595 116.9490 116.6827 116.3469 116.0177 115.7067 115.4184 115.1571 114.9271 114.7477 114.5983 113.4927 112.1702 114.4908 114.5364 114.6878 114.8580 115.0736 115.3173 115.6003 115.9051 116.0700
113.6800 111.3210 110.7302 111.1927 110.9421 111.4685 111.7340 110.4591 108.6296 105.5792 109.1276 109.0661 107.9300 101.5192 105.2551 111.7591 113.9954 111.0726 109.9997 126.1359 125.1238 124.0701 124.2694 124.6433 114.0919 104.6155 108.4638 122.4634 121.6395 121.5404 121.2280 120.8322 120.2435 121.0274 120.0350 117.6869 114.4542 115.8721 119.3477 122.0923 117.6614 116.8655 117.1598 116.6263 116.2167 115.8370 115.5097 115.1153 114.8290 114.5381 114.2679 114.0702 113.8184 113.6454 111.4077 113.8909 113.8250 113.9838 114.1903 114.4413 114.7237 115.0422 115.3886 115.5200
113.1100 111.1134 111.8441 111.1842 111.3620 111.4816 110.9645 110.7335 109.9829 107.2215 107.3455 103.5679 117.0014 115.8323 108.1520 106.0052 115.4148 122.0078 121.6702 113.3866 109.1497 124.2937 125.1967 108.0748 122.5697 116.5108 107.0737 121.9872 121.5806 121.2201 120.9278 120.3471 120.3783 120.9587 119.0962 119.5147 119.7635 118.4593 118.2353 118.6370 117.4653 117.0628 116.6044 116.2310 115.7771 115.5529 115.2293 114.5942 114.2279 113.8737 113.5659 113.3129 113.1229 112.9732 113.1817 112.9486 113.0599 113.2315 113.4705 113.7598 114.0960 114.4586 114.8434 114.9500
113.3100 112.2432 111.0648 110.6619 110.7556 110.5280 109.8450 108.9843 107.2027 106.1767 105.7759 117.6363 119.6528 108.8773 127.7876 101.5148 119.6266 122.0990 125.8223 106.0553 123.7089 125.3051 105.4289 103.1718 106.7491 126.9535 120.6798 121.5890 121.4662 121.1133 120.8746 120.0010 118.9625 106.1683 120.6676 119.0223 118.6979 118.3694 117.8957 117.4620 117.1368 116.6860 116.2474 115.7364 115.7871 110.7617 113.7211 114.0776 113.5497 113.1736 112.8084 112.5051 112.2650 112.1099 112.0028 112.0801 112.2049 112.4196 112.6915 113.0311 113.4299 113.8460 114.2941 114.2300
117.3300 116.0721 111.3369 111.3725 111.3565 110.9757 110.3124 110.1237 108.0056 105.6740 110.2599 122.4997 104.3610 126.4353 125.0948 103.1929 122.8334 119.2187 124.3863 123.7648 123.6674 123.6567 101.5287 119.4282 102.0916 104.1278 116.3015 121.9137 121.2494 120.9869 120.6509 120.3570 121.8480 102.4555 99.8495 120.7393 118.3347 117.7493 117.3604 117.2950 116.8123 116.3415 115.8850 115.4094 114.9567 114.2323 114.1492 113.3257 112.9032 112.4235 111.9949 111.6299 111.3366 111.1408 111.0678 111.1011 111.2552 111.5169 111.8360 112.5887 112.6586 113.1941 113.7265 114.1300
116.9800 114.1996 107.0859 107.5893 107.6987 110.3115 111.3359 111.5727 108.5467 104.7660 103.5096 120.1133 113.0113 118.2037 124.5351 125.1155 124.5269 124.0231 123.9540 123.6630 123.5655 123.2691 123.7043 122.5971 115.8756 99.1288 127.0500 120.3310 121.4535 120.9092 120.5587 120.3036 118.9932 119.7314 105.2344 120.0174 120.2087 124.4064 117.2542 116.8115 116.7888 116.6759 115.3667 114.9979 114.5398 113.8728 113.3066 112.7764 112.1838 111.6335 111.1225 110.6608 110.2980 110.0557 109.9446 109.9988 110.1958 110.5281 110.9269 110.9465 110.0693 112.7176 113.1264 113.4600
116.6300 117.0873 112.4254 104.4099 104.5899 109.6681 109.7795 107.9868 108.9955 103.6969 104.5760 120.5617 113.9198 123.7569 124.1411 124.3416 124.0701 124.0244 123.8119 123.6556 122.3455 122.7280 122.4990 122.3705 123.2671 124.5777 123.1527 114.7631 120.5865 120.6066 120.4617 120.0879 119.8736 119.5657 119.1588 118.5224 117.7449 117.2737 117.8485 118.0147 115.2137 111.7530 113.3880 115.2040 113.9668 113.4065 112.7946 112.1155 111.4594 110.8001 110.1695 109.5974 109.1321 108.8106 108.6735 108.7382 109.0033 109.4271 109.8952 110.8884 111.1975 111.8996 112.5519 113.2500
110.8400 109.3746 108.0126 108.6920 109.3598 110.9383 110.2335 108.0637 112.5077 103.3893 111.0139 107.1127 118.1443 123.5867 125.7077 124.6067 124.3673 124.0563 123.8009 123.7217 119.9351 118.7261 123.0482 122.5994 121.9966 122.1201 113.2643 123.1024 107.3555 121.1647 120.4386 119.9949 119.7014 119.2404 118.5222 118.3205 118.1600 117.6345 117.2043 113.0478 108.9751 93.3671 98.4929 112.3080 112.4796 113.1041 112.2393 111.4766 110.7026 109.9190 109.1488 108.4220 107.8068 107.3714 107.1784 107.2778 107.6287 108.1939 108.8907 109.5918 110.4220 111.2028 111.9735 112.3300
110.8300 111.8536 112.4613 113.0971 111.2360 111.2215 110.1658 109.3678 106.4523 111.4672 119.2102 122.9710 123.8779 125.9910 126.0788 124.8427 124.3024 123.9888 123.7536 123.5063 123.6369 123.5350 122.6936 122.4592 122.3116 122.3414 109.9486 121.4223 121.3756 120.5745 120.3501 119.9330 119.7610 117.5490 119.3865 118.3361 117.8162 117.2683 117.7672 102.8761 105.2255 97.4099 103.9713 106.7891 114.6621 112.0346 111.6462 110.8669 109.9543 109.0115 108.0507 107.1210 106.2744 105.6535 105.3763 105.5169 106.0293 106.8082 107.7285 108.6835 109.6398 110.5445 111.4136 112.3300
118.0600 112.7300 112.5486 116.1767 112.4542 113.9345 111.4319 108.3515 106.5676 109.0769 122.6234 124.8407 125.2169 124.5667 124.4925 124.1636 124.2724 123.9204 123.6905 123.5074 123.0922 122.5791 122.6354 122.4529 122.1337 121.8317 123.3054 122.6718 120.5786 120.4863 120.2150 119.7752 119.4335 117.2656 120.2106 118.0834 117.7429 117.2815 116.6569 117.3571 117.9974 109.4463 115.3080 109.5906 116.8768 111.4137 111.1978 110.2830 109.2244 108.1056 106.9194 105.6712 104.5061 103.5540 103.0940 103.3218 104.1324 105.2513 106.4850 107.6971 108.8463 109.9123 110.8976 111.3600
111.8100 112.2527 111.6804 113.5746 112.6397 109.2710 112.9976 108.5127 104.1314 104.8321 126.8790 125.9196 124.8232 124.6548 124.3598 124.3485 124.0912 124.0380 123.8357 123.5769 123.4147 124.4589 122.8416 122.3438 122.0488 121.7956 121.2123 120.8546 120.8951 120.5754 120.2872 120.1414 120.3316 118.6486 118.5865 118.1280 117.6369 117.1405 116.6282 115.8353 114.8600 115.7078 114.7186 113.4250 112.7011 112.1192 110.7276 109.7334 108.5560 107.2370 105.7656 104.1375 102.3959 100.8548 100.0471 100.4865 101.8124 103.5476 105.2111 106.7442 108.1184 109.3461 110.4475 111.2200
111.2100 111.4478 111.2463 110.7040 110.5849 110.1922 108.0006 107.3427 104.2553 103.0361 122.6985 120.5538 124.8539 125.4294 126.1739 125.1287 124.2266 123.4158 122.4449 123.0351 125.8541 113.1461 120.7976 122.4513 122.1987 121.8453 121.4550 121.2066 120.8271 120.2613 119.7129 120.8884 108.0622 124.1977 118.5993 118.0267 117.5624 117.0682 116.5364 116.0146 115.4460 114.4012 113.5413 113.2247 112.4046 111.4825 110.4505 109.3048 108.0043 106.4907 104.7052 102.5772 100.0157 97.1526 94.9170 96.0485 99.0971 101.7323 104.0274 105.9149 107.5087 108.8817 110.0818 111.2200
110.2000 110.5369 110.6956 110.6488 110.2304 109.8795 106.7281 104.8979 104.1133 103.4230 119.5403 114.4000 125.3315 114.8947 115.4315 116.4535 115.9767 124.8700 119.0386 123.9141 118.6082 101.7048 116.7577 121.4970 120.1317 120.6176 121.4139 121.1187 120.7912 121.0747 121.7228 119.9670 117.7573 120.3638 119.9436 118.2893 117.5267 117.0129 116.4792 115.8858 115.1770 115.0241 114.5677 113.0999 112.2474 111.3065 110.2380 109.0183 107.6128 105.9423 103.8937 101.2390 97.7536 91.6275 88.4388 89.8364 95.9460 100.1254 103.0508 105.2454 107.0574 108.5566 109.8327 110.2900
109.7000 110.1242 109.8862 109.5796 108.3195 108.0273 107.1334 109.5555 103.9317 102.5992 119.5524 108.7359 113.9853 107.5653 110.4220 111.3820 106.9896 104.9111 102.4745 123.3548 100.0104 119.6287 115.9616 120.6470 121.6583 121.0549 121.4030 121.1059 120.7330 122.3305 100.0607 115.6890 118.3795 115.7200 114.1880 112.1484 118.1306 117.0238 116.4392 115.8711 115.0339 115.0082 97.6456 111.7464 112.0752 111.2200 110.1316 108.8873 107.4383 105.6901 103.5046 100.5510 96.2530 88.0564 84.1982 86.2160 93.5553 99.2723 102.6684 105.0954 106.8694 108.4169 109.7324 110.2500
109.4300 109.8028 109.4262 109.5961 109.2769 108.5719 106.1497 104.0458 103.7093 102.5863 114.6230 109.2470 108.9934 108.4207 106.8005 109.9503 103.8951 103.2240 115.4665 123.6016 98.3853 121.6088 115.8153 120.7684 121.9545 121.8299 121.4468 121.0711 120.7471 123.4712 98.1328 113.9113 117.4650 114.8273 114.5123 112.0005 118.0676 117.0151 116.4653 115.8753 114.7703 116.0175 101.0262 114.4761 112.4988 111.2269 110.1710 108.9355 107.5049 105.7798 103.6427 100.8230 96.7552 89.5871 85.9575 87.6485 94.5540 99.6362 102.5072 105.0222 107.0264 108.4662 109.7648 110.2600
114.3000 114.2356 107.7433 108.3015 105.8543 105.1767 104.1945 103.6712 110.4426 118.4906 106.7043 106.6309 104.3613 103.0949 101.4356 126.3432 118.9381 124.8826 111.2814 118.3943 123.6637 123.0125 122.7598 122.4608 122.0895 121.7720 121.4679 121.1951 121.0442 110.4909 114.3148 111.7777 119.8047 118.6083 111.2463 118.8676 117.3631 117.0352 116.4909 115.9522 116.2745 100.9349 112.6131 120.4824 112.8337 111.3650 110.3313 109.1547 107.7927 106.2075 104.2899 101.9118 98.9005 94.5835 91.5073 93.1104 97.6982 101.2238 102.6682 115.9345 106.3493 108.6847 109.9524 110.3100
112.6600 111.7418 111.7783 110.5834 109.4477 108.8697 107.7165 103.9033 103.3155 103.1406 105.8121 107.9682 110.2052 112.3958 115.9904 124.6429 120.2313 123.5918 124.9138 123.6357 122.8235 122.6826 122.2704 122.3705 122.0580 121.7788 121.3833 121.0111 118.8424 98.4802 106.7277 101.9027 121.6252 115.7562 117.5007 117.5733 117.5638 117.1159 116.6348 115.7621 112.1222 99.8975 102.1523 124.9416 112.5981 112.0034 110.6062 109.5169 108.2816 106.8676 105.2523 103.3919 101.3400 99.2561 98.0371 98.7550 100.5794 102.6894 104.5811 106.1743 107.8568 108.9627 110.4027 111.1400
112.2500 109.7797 110.6448 110.4356 109.9019 108.4094 113.5834 104.1634 104.0203 118.9368 116.7399 127.5517 126.5206 126.1742 119.4564 124.7746 124.3539 124.2342 117.9566 124.1337 124.2078 123.9024 121.0071 122.3666 122.2285 121.9238 122.0206 108.9117 106.4367 115.4683 121.6813 97.6741 115.5501 99.9167 111.9745 117.9355 117.4935 117.2147 116.7422 115.5618 115.0480 100.0278 111.4966 112.2779 112.5167 111.8850 111.0245 110.0093 108.9069 107.6880 106.3741 104.9593 103.5385 102.3308 101.7483 102.0526 103.1140 104.4735 105.8489 107.4615 108.6297 109.6473 110.0079 111.2600
109.3000 109.5248 109.5571 108.7392 107.4928 106.5578 103.0913 102.8990 106.5890 119.7805 104.3361 126.1810 124.6660 124.5929 125.1314 124.3367 123.8127 124.6854 113.5546 124.8292 117.0250 113.0868 123.7517 122.0111 121.6645 121.2974 121.8682 104.1993 105.9645 124.4342 100.0686 104.1514 105.7248 119.9741 120.0792 118.1714 117.7697 117.4073 116.8033 116.0870 117.3025 116.3711 101.2362 114.0094 112.9549 112.3234 111.4712 110.5663 109.6084 108.5836 107.5211 106.4648 105.4766 104.7242 104.3654 104.5495 105.1871 106.1039 107.1599 108.2169 109.2859 110.1385 109.7460 112.2000
110.1300 113.3776 107.2264 107.5056 106.8729 104.9443 104.5121 115.1971 107.3647 104.2004 128.4194 124.7816 125.1796 125.1072 123.1069 124.6761 124.0870 125.7381 113.0992 125.2552 111.5546 115.1726 118.7151 120.9197 122.1909 123.1042 125.6893 104.1096 100.8893 109.3106 106.2513 121.8021 119.6841 118.1702 117.9199 119.4474 118.0543 117.2825 117.2726 116.5875 110.5876 115.7095 111.9557 113.5033 113.3752 112.7806 111.9829 111.1887 110.3543 109.4986 108.6358 107.8217 107.1131 106.5943 106.3704 106.4840 106.9129 107.5744 108.3519 109.2263 110.0571 110.7952 111.4237 112.2000
110.5600 112.1786 108.6308 110.0025 106.8207 105.4094 103.9836 112.1810 106.1656 108.0370 113.8429 126.3599 125.0495 124.8092 123.1398 124.2423 124.3337 124.7557 120.5780 121.4584 125.6202 118.4763 122.7262 122.6064 122.6709 111.6756 112.1731 109.3718 109.9187 100.2304 120.3454 118.6989 119.5646 119.4229 120.9643 105.8984 121.4036 112.8092 117.6041 116.4650 111.1175 111.8945 116.0880 116.6636 113.5909 113.1178 112.4829 111.8255 111.1084 110.3938 109.6877 109.0566 108.5274 108.1566 107.9909 108.0727 108.3826 108.8547 109.4893 110.1361 111.0474 108.9344 115.3866 113.1200
105.3400 106.9970 107.5373 110.1982 115.1271 108.8329 115.2712 104.7863 112.3525 102.3262 117.0494 122.3316 125.1105 125.5451 128.2056 125.3430 123.8418 122.7345 124.8769 122.4927 124.5899 109.9919 125.3076 122.4015 122.7956 116.9971 96.3782 116.2020 120.6438 120.2521 120.6355 120.3241 119.4499 119.8887 105.4388 97.5510 116.6134 109.9011 117.4867 117.0556 118.8203 97.6059 116.3737 115.4844 114.9260 113.6892 114.1007 112.3868 111.8456 111.2406 110.6815 110.1730 109.7617 109.4861 109.3701 109.4459 109.6553 110.0501 110.4246 111.0499 111.6331 109.5329 90.2363 91.3100
105.3500 104.8348 104.5567 105.7651 114.1247 110.9486 116.4257 109.0108 103.1601 105.3444 105.0661 125.2748 125.6354 121.4950 105.9115 127.0821 124.5011 122.8773 110.6182 123.7463 120.3008 102.4474 125.0037 122.3457 121.6479 117.1738 117.1010 115.9545 118.1871 121.7286 119.6898 120.2503 119.8070 119.4632 116.6926 114.0579 125.5533 124.3348 119.2076 116.8818 118.2327 112.0134 116.1946 115.2008 114.0224 101.6731 106.9470 114.0564 112.5070 112.0654 111.5896 111.1841 110.8592 110.6420 110.5489 110.5429 110.7939 110.9905 111.8658 112.6051 112.3234 112.7020 109.8100 92.9800
105.3600 105.3630 106.6159 105.1560 108.1440 104.9820 112.7412 108.3578 111.7755 106.5573 109.8394 103.5834 121.2584 111.6561 123.6021 108.4626 114.3815 106.3204 124.4331 123.0264 120.1363 97.9066 123.3396 117.7893 125.5579 101.8617 104.9491 101.5170 105.4230 118.9130 120.5348 120.4470 120.0703 120.4176 119.4623 118.4928 105.8716 114.8742 118.0479 118.7800 103.3604 103.3505 117.4936 116.2680 102.3166 89.3142 110.1148 111.3380 112.8650 112.8259 112.4376 112.1011 111.8316 111.6666 111.6011 111.7904 111.2897 112.3167 112.5026 101.6378 112.9583 114.1199 115.0458 92.1600
105.3700 105.4796 107.4511 124.7774 126.1461 125.0831 125.1724 102.7703 104.4790 104.3478 103.1290 116.6127 125.5403 118.7827 125.6469 123.2508 124.5636 122.8367 124.0578 123.8483 123.1964 116.6561 121.4862 104.7574 104.4929 104.6352 109.2359 106.3383 101.4103 123.5575 120.7360 120.5131 120.2462 119.9002 119.3707 119.6935 118.3555 116.3937 115.3847 117.5537 114.2382 100.0916 114.3336 115.8353 114.8447 114.3734 114.0185 109.4076 114.1210 113.5496 113.2144 112.9457 112.7244 112.5812 112.5124 112.5040 107.9931 112.7346 111.8416 112.6396 117.5373 101.7579 105.9270 113.6600
127.3800 127.5647 116.4705 112.3626 126.5855 125.6716 127.5975 105.2923 111.4538 107.2842 110.3607 102.5376 135.6735 125.0612 124.1849 125.0117 124.5376 124.3121 124.0862 123.8564 123.5423 122.8356 110.3863 122.4201 123.3834 109.6129 104.8949 112.8480 100.2798 123.0722 120.5985 120.7237 120.4010 120.0529 119.7609 119.5279 119.0093 118.9644 118.6196 119.2879 105.3320 99.0322 114.7428 114.2720 120.0292 112.9361 119.0869 117.1917 114.5508 114.1925 113.9702 113.6946 113.5268 113.3876 113.3733 113.3578 113.9242 114.5842 101.8365 112.3244 114.8184 106.8940 96.4852 106.5300
122.9000 125.7094 128.1035 123.4159 113.9563 113.4194 111.3809 111.0901 108.1903 105.3475 106.4915 102.3616 124.3672 111.3706 106.4245 127.3161 122.8423 124.3108 124.4057 123.9250 117.2661 107.1488 108.0698 110.2386 100.3294 100.9203 116.3244 118.2553 109.8133 121.1169 121.2991 120.8595 120.5645 120.2569 119.9384 119.6481 119.3293 118.9181 118.7231 118.0089 117.6004 103.4726 107.1683 113.5347 104.9660 97.1457 105.2363 116.2830 115.1022 114.6884 114.5290 114.4826 114.1914 114.3636 114.1705 114.1526 114.2483 114.1564 114.6580 117.2426 114.8956 104.7985 116.6826 95.1300
130.7100 127.3421 126.7845 127.1866 128.3315 128.4934 124.5529 128.8644 122.9997 122.1241 128.5154 113.4158 123.7790 126.6573 122.7612 117.8454 111.3428 124.0510 124.7447 123.0542 123.0621 107.2596 106.7609 104.1694 104.8536 102.9089 120.2992 118.1065 121.7087 115.0901 121.5889 121.0701 120.7311 120.4462 120.1478 119.8358 119.5280 119.2276 118.8713 118.5266 118.3387 121.8096 98.2069 95.6894 117.0267 96.3245 112.2501 115.9198 115.7459 117.2042 115.5905 114.9166 115.9223 111.2953 115.5821 114.9162 114.8880 114.8987 115.7203 97.7469 116.7535 111.5963 112.6540 95.1300
127.5300 127.6214 127.3475 126.8798 126.1563 126.9195 115.6679 126.6373 126.2472 126.1796 124.8178 121.7778 122.0925 118.8342 102.8813 108.5730 117.3480 120.7309 123.8335 118.7253 123.0850 111.1393 111.3465 103.8721 102.8215 98.7916 117.7947 108.4255 115.4964 119.0277 121.6802 121.1765 120.9256 120.6405 120.3497 120.0627 119.7644 119.4591 119.1347 118.8921 118.2301 118.6486 98.8758 105.3516 115.9177 113.5224 118.7321 116.4712 116.1828 116.6594 115.5533 115.4742 115.5624 97.2844 113.2373 115.6004 115.4098 115.7875 115.6152 110.5202 115.9596 116.5903 95.2036 96.0500
142.5500 127.9900 127.3300 127.1000 126.9900 126.7600 126.6400 126.5200 126.2800 126.1500 125.9000 125.7700 125.6400 104.0400 108.5300 110.8900 128.9600 125.9600 124.3600 124.2100 108.2900 110.2500 109.8300 102.8700 106.5700 100.8900 101.7200 119.2100 106.7900 121.7900 121.5700 121.3600 120.9400 120.7300 120.5000 120.3100 119.8100 119.5700 119.3200 119.1000 118.8100 118.5400 102.1700 95.7100 95.7100 117.1300 117.1800 116.9100 116.5000 116.6000 116.2400 116.3100 115.8700 93.9100 93.9400 115.9300 115.8700 116.3100 116.3100 117.7700 116.6200 106.6400 95.1800 95.1800
