123.3500 124.2600 107.5900 122.5000 122.8100 120.1100 119.7300 110.2900 114.4900 118.2400 118.6100 121.2300 106.4600 106.8500 106.2900 120.3600 119.3400 119.4100 124.6400 124.9700 113.5300 121.0300 118.5600 108.0700 112.2500 111.4500 109.4100 109.4100 104.7300 105.2400 124.2800 110.4600 110.4600 117.4800 126.0800 126.1100 125.9700 125.8600 125.7700 125.6700 125.6700 126.3700 125.4400 125.4400 113.1100 125.1800 125.2200 125.0800 125.1100 124.9700 124.9900 124.8300 124.8500 124.8700 124.8800 124.7100 124.7300 124.7400 104.1900 104.9100 112.2800 124.7400 124.7300 124.7200
122.5300 125.2731 118.4571 124.2199 122.6884 121.4623 120.4887 116.9599 114.4578 111.3767 118.0965 112.4034 111.6214 105.6844 113.1901 119.2746 119.0847 119.1866 119.5954 123.7625 121.2516 110.6233 118.6877 107.5449 109.4604 111.0151 110.7532 109.6732 104.3346 105.0592 117.7323 112.8195 113.0346 114.5602 104.2702 119.5413 112.5734 125.7951 126.9119 119.4535 121.2758 125.6630 125.2903 126.1433 119.8901 121.7085 124.6089 124.9587 124.9066 124.8642 124.8104 124.7606 124.7098 124.6745 124.7377 125.5918 115.6509 111.0887 105.9112 105.9126 112.5733 122.0631 123.6111 124.5200
123.1700 124.1604 125.4728 124.6461 125.0549 116.2421 120.2780 116.8907 119.1770 112.6778 114.5823 105.0102 119.9588 105.0648 111.7063 107.9585 119.4527 116.2409 119.6138 115.4470 114.9460 110.4095 114.4057 108.7010 105.9040 113.1862 105.9664 110.6433 111.7990 105.7854 108.8797 126.5920 109.0129 115.3743 113.1232 112.6985 118.7289 125.9768 125.4165 125.2909 125.9338 125.2098 125.1922 125.0360 120.7382 114.9675 126.1022 124.6561 124.7020 124.6544 124.6000 124.5488 124.5202 124.4521 124.1867 124.6042 112.9064 102.5024 102.5043 104.7418 104.5958 123.5009 125.0452 124.3100
123.1700 119.9408 127.7269 112.2271 128.4502 116.4997 123.8440 119.1559 118.6004 119.7637 113.4116 108.3795 108.2713 117.9309 113.4663 111.3231 114.8536 111.3911 117.8568 119.5931 115.6068 110.3618 109.6257 112.0943 103.9383 108.2484 104.8047 115.8740 116.5926 104.0767 119.3266 130.8163 120.9957 110.1031 110.5911 122.4868 126.2227 125.2562 125.4445 120.7629 122.8495 125.0558 125.0047 124.5891 121.4079 108.7420 106.5287 124.6946 124.4872 124.4489 124.3798 124.3262 124.2971 124.3198 126.0036 125.6238 125.7885 101.2521 104.5858 105.6013 114.2038 105.7328 125.5997 124.1000
121.0700 120.6297 122.2371 124.0652 113.3563 128.6101 127.8091 124.4239 125.7716 108.9814 119.2319 119.3259 110.4489 108.9256 109.6145 112.3271 113.1385 112.0388 107.8990 111.3489 121.2975 113.1773 114.0803 115.3322 111.8066 119.3095 108.9615 109.6775 109.8518 107.5866 105.1375 121.0513 122.8214 128.6986 112.6150 120.3805 115.2225 125.8933 124.2524 124.3325 123.8804 124.9492 124.7897 124.5104 125.5788 115.6100 111.7782 122.3529 124.3284 124.1660 124.1675 124.1019 124.0688 124.0697 117.7004 111.0435 125.3152 101.0329 110.0715 109.8031 114.3553 122.9108 124.0450 123.8900
120.9800 121.1626 124.8403 121.4726 110.9418 108.3345 123.4055 124.8364 121.7775 108.2120 120.4897 118.8171 118.7363 111.3303 112.9206 113.8067 112.8644 113.7884 108.2460 108.2646 117.5462 115.5395 113.9892 117.7612 118.7356 110.8285 113.0188 106.8688 113.9588 123.4110 117.3722 121.0700 126.5339 125.1545 122.4967 126.3970 124.6684 125.1501 124.9478 124.8584 124.9564 124.6376 124.5819 124.4718 124.1799 118.1361 110.9538 116.2968 123.9009 123.8810 123.9385 123.8740 123.8435 123.8644 120.4148 99.2066 104.4530 110.2720 121.0671 121.2536 130.3328 119.9114 124.3644 123.6600
120.1800 122.9270 116.0825 121.9272 127.2041 125.1934 127.9646 127.3927 120.5086 110.4173 125.0477 112.5095 106.6360 119.1100 113.9838 111.4016 112.6134 112.4201 114.6598 110.8829 107.5437 116.9149 117.5541 111.5528 118.8356 115.5132 113.7373 115.3289 125.9209 126.2630 121.8830 126.1945 124.0293 106.9793 125.7713 125.3035 124.9481 124.8146 124.8155 124.6665 124.5459 124.4725 124.3839 124.3145 123.4725 128.0074 109.1611 110.7919 123.6939 123.6760 123.6930 123.6357 123.5820 123.4920 124.6067 121.4916 110.1224 115.6380 115.7607 116.0125 118.1523 123.6026 123.2716 123.4400
113.6000 116.5999 119.3905 121.4648 125.0687 126.7985 114.6868 118.5765 117.8512 117.4439 118.2688 105.3873 106.7576 104.1992 116.7389 114.1699 110.8151 111.8117 111.5729 114.1171 112.0864 106.7776 111.8819 115.4972 111.7455 117.7347 114.7801 110.5263 118.6547 126.7840 125.1983 125.5564 125.5110 126.3607 125.2715 124.6889 124.9831 124.6517 124.6020 124.4666 124.4283 124.2412 124.0662 123.7466 125.2139 118.3732 106.3229 119.7389 121.0838 123.3083 123.4548 123.3867 123.3385 123.1521 123.1251 124.4167 107.9406 120.2413 123.8366 124.7361 123.6398 123.0614 123.1998 123.2000
117.9400 118.9527 121.0083 119.9228 120.6029 126.4662 118.8511 122.1291 116.3084 117.1328 117.4483 113.0393 105.6555 105.5079 107.9728 117.6269 114.3161 110.2528 109.8228 114.0130 113.5411 113.2382 108.2284 112.2875 112.8337 112.2617 117.3198 120.2108 114.9332 128.1365 130.8402 125.3502 117.5403 110.5762 120.7670 125.5424 124.5674 124.5579 124.4049 124.3050 123.9759 124.1597 124.4475 123.6551 118.3420 103.6914 117.2919 126.3779 123.6073 123.3697 123.2109 123.1803 123.0594 123.3680 124.0341 124.0505 111.2972 123.8551 122.2144 122.4384 122.7983 122.9128 122.9078 122.9600
124.9200 119.5239 116.2524 116.8456 116.7536 115.7348 123.1442 120.5898 117.3889 111.9602 116.4488 119.2820 118.1530 107.2672 106.3098 111.8662 112.9994 114.3914 108.6744 110.3677 111.3441 113.3568 112.6088 112.2491 114.0680 121.9163 116.7490 119.5450 127.5862 127.8098 124.9433 124.8782 125.5977 125.4161 125.8519 124.1762 124.5524 124.3388 124.2199 124.1132 123.9342 124.3477 108.1252 123.8796 118.5842 122.9743 123.7384 122.8160 123.2720 122.9259 122.9535 122.7713 123.0949 122.4289 125.6224 107.6241 124.9002 123.5601 122.2409 122.7164 122.6267 122.6225 122.6436 122.7200
108.4400 108.8591 116.6965 110.0289 119.2473 117.7968 113.7506 122.9179 115.9419 119.0501 116.8040 120.3830 105.4313 116.4807 114.8697 108.8171 113.1942 110.8597 106.7549 108.1879 109.8160 108.4092 109.7565 109.7097 111.0830 121.6458 129.4854 123.5905 127.9649 124.6092 125.2408 124.9613 124.7758 112.7526 124.7126 124.4468 124.3161 124.1135 124.0200 123.8755 123.6807 124.1693 114.2769 126.8635 123.9581 122.4735 122.9279 123.1176 122.8437 122.7299 122.6972 123.2456 120.3218 122.8417 124.0036 106.1779 124.3872 122.1335 122.2287 122.3022 122.3245 122.3323 122.3529 122.4600
123.2300 117.0819 105.5348 109.6981 114.9873 115.6692 107.0194 112.5551 113.6355 118.0926 114.5884 117.8717 111.1419 113.5180 116.7761 115.0194 118.7885 106.1767 105.2623 111.8888 103.7927 111.4727 105.7701 110.1803 121.7705 114.4921 125.0300 125.3078 125.0585 125.3469 124.7273 126.4352 110.8252 123.1090 125.3354 124.2334 124.0736 123.9969 123.9471 123.6365 122.1164 125.5279 114.5922 102.4325 123.4308 122.9916 122.7531 122.7180 122.6160 122.5100 122.4202 123.4481 113.0159 122.7302 121.7135 120.4266 121.9851 121.8589 122.0961 122.0380 122.0383 122.0848 122.0755 122.2000
122.8800 121.7642 112.7905 116.9716 113.0497 111.0036 111.6872 115.2593 111.2872 111.6094 118.2732 116.2278 117.6885 107.1792 116.6202 121.7689 121.6896 108.2665 105.7570 104.2450 102.9123 116.1296 103.2251 111.5936 127.2827 126.1979 126.3191 125.1655 125.0092 124.9923 125.3074 117.7136 100.9116 122.3890 123.2360 124.0690 123.7220 124.8355 116.7583 125.6963 127.5469 111.6441 100.6307 97.9432 124.6584 123.2703 122.5883 122.4468 122.3418 122.2285 122.2024 121.9920 122.8487 123.9676 106.5255 121.3165 113.7413 121.7870 121.7696 121.7320 121.7730 121.5282 120.7488 121.9300
122.8800 118.1110 116.8545 119.0507 119.5707 115.8040 112.4583 112.7776 106.4069 107.0465 112.5362 107.2113 109.4410 112.1916 106.4774 121.0061 114.9380 115.1780 106.5075 111.4662 107.8286 108.1221 103.3391 111.5774 124.2046 119.8359 125.6169 125.9438 125.1665 124.8959 125.3497 114.2765 107.3017 117.9044 124.8648 123.8413 123.6968 113.2930 103.1858 122.3722 124.2230 113.2745 107.5770 113.3836 113.2137 122.4287 122.3017 122.1885 122.0772 121.9764 121.8656 121.7964 121.5561 123.5759 107.3923 123.3767 121.3975 121.4657 121.4598 121.4159 121.4448 121.4283 117.6935 121.3600
111.6800 115.9891 119.1329 116.8491 117.2160 118.4641 118.4116 108.2726 111.1486 110.4719 119.6149 109.7711 107.3382 106.6855 107.6124 114.7534 109.6816 103.1698 104.1421 113.7496 104.4310 122.7046 103.1273 104.3909 122.9910 127.0332 117.5708 119.1343 124.9622 124.5978 125.0592 115.8988 115.9344 114.9075 124.2823 123.7408 123.5903 125.8589 117.4834 123.3202 122.2605 116.0675 100.8114 117.1343 122.2706 122.3719 122.0498 121.9164 121.7952 121.6905 121.5802 121.4560 121.4886 122.8106 107.4828 121.7901 120.7404 121.0862 121.1198 121.0983 121.1168 121.1142 121.8758 120.0500
112.0600 116.3076 115.7601 114.8202 116.3762 117.9431 118.1640 117.4635 115.7643 104.1766 112.8282 105.4573 113.7428 107.4796 108.8330 111.0326 108.6702 104.1908 112.5999 112.2908 113.1157 123.1959 122.2851 122.5423 125.5960 125.2625 122.7437 122.5550 124.7594 124.5366 124.3926 122.8856 123.7860 121.1891 124.0956 123.5266 123.4253 123.7868 123.8308 122.7566 123.1295 121.9025 116.9984 121.9701 121.8079 121.9047 121.7952 121.6331 121.5152 121.3972 121.2797 121.1607 121.1534 120.9126 122.0104 121.9901 120.7045 120.7844 120.7686 120.7578 120.7833 120.7612 120.0883 117.3100
121.2200 120.2983 121.5319 112.8633 114.3268 107.4076 117.9313 118.2534 117.3380 114.5190 106.7111 114.1503 118.4500 104.9504 112.0072 109.0634 109.7941 103.9325 104.7308 125.9590 109.4557 126.2761 125.6454 125.5840 125.2290 125.0832 125.0282 124.9325 124.5561 124.4099 124.2268 124.1003 123.8037 123.9318 123.5721 123.2891 123.1792 123.0346 122.6231 122.4535 122.5442 122.3963 122.1192 122.1587 121.7594 121.7270 121.4932 121.3588 121.2238 121.0935 120.9697 120.8660 120.7499 120.6951 120.4159 120.2847 120.4455 120.4473 120.4245 120.4155 120.4228 120.4166 120.3033 120.4300
121.0000 120.8691 119.5487 114.9889 116.7630 107.9764 108.7234 113.2395 116.5146 113.7181 118.0103 110.7796 108.3543 116.6693 107.2602 112.0200 105.1605 115.5468 113.2656 112.5321 129.9976 126.4685 125.6570 125.2803 124.9785 124.8419 125.7787 124.3241 124.4436 124.2617 124.0791 123.8759 123.6946 123.5218 123.3403 123.4219 122.8193 122.4365 125.0331 119.2817 123.4230 121.9783 121.9386 121.5874 121.5775 121.3737 121.2243 121.0683 120.9174 120.7809 120.6477 120.5392 120.4296 120.3219 120.2717 120.2240 120.1319 120.0763 120.0591 120.0495 120.0607 120.0684 120.1156 120.1000
106.8900 107.3326 120.9366 115.2524 115.4256 115.5878 114.0012 110.8369 110.9281 111.6789 114.4486 114.5729 114.8792 110.3966 108.5974 112.3952 103.7862 107.5075 114.9169 110.5947 107.1568 126.2175 125.2881 125.1927 125.1881 113.6175 118.8680 124.2819 124.4839 124.1018 123.9286 123.7398 123.4565 123.4127 123.6578 122.0977 106.9026 122.4451 123.3185 117.7836 123.8723 121.4675 121.6560 121.4615 121.2456 121.1202 120.9373 120.7644 120.6089 120.4624 120.3266 120.1973 120.0740 119.9750 119.8786 119.8052 119.7489 119.7048 119.6814 119.6686 119.6770 119.7078 119.7421 119.7500
106.5400 108.4175 106.5035 104.6677 110.4902 115.5506 116.0726 118.3505 116.9338 110.2693 110.0931 113.1903 115.1130 114.7749 113.2075 108.6842 106.2796 111.6165 120.4784 114.6614 116.0822 125.8046 125.3207 124.9944 124.4416 123.3555 101.8718 118.5721 122.5745 123.9425 123.7555 123.6220 123.3779 122.1322 124.9648 119.9460 105.9348 111.8343 119.6190 121.3113 121.4687 121.6319 121.3105 121.8599 120.9254 120.6799 120.6477 120.4524 120.2903 120.1366 119.9794 119.8401 119.7616 119.6104 119.5032 119.4309 119.3589 119.3062 119.2840 119.2681 119.2763 119.3040 119.3477 119.3900
121.0900 118.8542 116.5174 108.0152 107.7889 104.5548 109.5895 112.5750 113.0062 114.1412 114.8282 111.8709 110.8376 112.5515 118.9141 114.2565 105.7500 118.4021 121.3277 121.9370 120.4963 125.1062 125.0005 125.3880 125.3576 115.3626 110.8739 102.3273 124.5373 124.1192 123.6360 123.6682 122.2176 109.2379 114.8060 113.8156 114.9610 114.8876 104.2656 121.5799 122.4904 121.1968 120.6896 117.1608 121.7349 122.3598 120.2428 120.1636 119.9619 119.7928 119.6410 119.4907 119.1164 119.1666 119.1541 118.9961 118.9617 118.9094 118.8686 118.8575 118.8605 118.8949 118.9455 119.0200
120.8000 109.1741 114.2668 115.7790 113.6666 112.5621 107.6507 108.8296 102.6263 111.4269 111.7948 118.8619 111.6517 109.8175 109.6317 108.8612 104.2616 111.8577 124.8637 123.8286 126.2636 125.2544 125.0885 119.3709 122.0318 103.5840 107.8679 105.3807 122.4066 123.5818 123.3641 124.4838 113.6499 100.4542 100.3837 107.7302 122.6425 107.1765 108.1084 105.8646 123.1476 121.0170 114.1767 102.3132 106.6808 117.4331 119.9880 119.7958 119.6274 119.4468 119.2686 118.9668 120.2382 119.1032 118.6811 118.7170 118.5007 118.4135 118.4224 118.4186 118.4262 118.4603 118.5154 118.6200
128.4900 118.1656 116.2420 115.6155 112.4944 113.9664 112.3055 113.3885 109.7384 108.1807 102.9295 109.0324 105.3920 110.1865 111.9332 107.9624 113.9362 116.9034 120.7220 119.5952 125.5499 125.3787 119.9174 107.6409 107.3520 101.7834 108.7164 126.3819 125.3642 123.5800 123.3324 118.0758 112.9619 108.8522 100.4230 107.9490 111.9814 112.9299 106.5106 103.2459 108.2030 123.0459 124.2121 111.2260 114.6441 115.4195 120.5006 119.4399 119.2902 119.0837 118.8933 118.6871 117.2555 103.1451 118.4688 117.9747 118.0403 118.2245 118.0728 117.9620 117.9737 117.9999 118.0700 118.2100
117.4400 111.3439 109.7270 118.2462 113.7027 113.6599 111.8216 113.9231 112.5279 112.9230 107.6077 110.4098 105.9473 104.8693 107.3092 104.0706 121.4080 118.4196 119.8100 122.6579 125.4094 124.4991 122.1261 100.3627 102.1290 101.1064 110.1124 114.8856 123.3564 123.3677 124.0804 111.6823 112.1067 102.5044 99.1434 112.9996 103.8650 126.2317 112.2594 106.4655 87.0595 111.8289 104.6070 117.5248 131.6326 116.3434 118.7651 119.1853 118.9150 118.7164 118.5008 118.1243 119.0963 112.6466 114.7382 116.9699 117.1864 116.8442 115.9085 117.4813 117.5107 117.5193 117.5891 117.7800
106.3400 111.4458 108.7267 118.8796 116.0836 117.8373 110.2613 112.1389 112.3344 110.4788 114.8974 112.8368 108.8079 105.9599 105.5105 110.2989 118.1807 116.2525 119.7119 126.1153 125.1104 124.9387 123.2418 110.9782 118.3359 104.8587 122.2266 109.2152 124.5587 123.1760 123.1980 114.0852 99.9465 103.8705 102.8673 106.8744 116.8785 125.4757 109.3919 103.4525 122.6179 102.9998 100.5750 120.6546 118.4343 117.3108 119.4264 118.7917 118.5749 118.3342 118.1017 118.0485 117.3072 112.9265 104.0673 116.6486 110.7549 117.1008 116.7273 116.9635 116.9796 117.0135 117.0910 117.3200
111.9800 118.2587 120.8432 113.7284 112.3744 115.6524 116.8041 109.8681 105.9585 104.2804 110.0600 108.3466 116.9669 104.3778 109.1745 107.7403 124.9817 115.5434 123.5957 124.8848 124.8635 124.4128 123.7112 121.3579 125.7039 118.8390 96.6274 122.2175 124.6004 123.7624 122.6443 125.5483 120.8001 104.3521 98.6668 100.3902 102.2036 103.1870 98.5635 101.9207 109.4278 106.9354 112.1371 119.9901 119.2238 119.0339 118.7641 118.4484 118.2057 117.9408 117.5619 117.4211 116.9625 117.4442 114.0360 117.5522 117.0847 116.5059 116.4639 116.3988 116.4272 116.4775 116.5605 116.8400
113.0300 115.6209 120.8357 109.1321 115.2357 110.3044 112.5171 107.3831 107.0606 117.0115 111.1890 110.7950 106.9793 105.6889 103.0040 116.1129 117.4597 122.7718 122.1988 125.7920 125.0315 125.6611 126.8203 125.7781 123.4688 124.1783 124.2071 122.2417 122.2687 115.4869 111.0280 106.5973 103.6926 107.9615 115.0487 114.2825 118.0163 135.9389 108.1832 110.0294 115.6786 113.4719 119.5849 119.1594 119.0010 118.6662 118.3810 118.0993 117.8077 117.3967 119.0516 117.0442 116.7684 116.3604 119.2214 115.5666 115.8797 115.9208 115.8645 115.8419 115.8402 115.9066 115.9949 115.7900
113.0600 112.3700 111.8992 111.1992 110.3418 111.0038 109.9329 108.7467 109.0059 110.3293 109.9574 109.7897 109.9450 106.1560 104.0605 104.0839 118.4945 104.1129 117.0176 124.8931 125.9914 107.7815 102.6402 113.3523 124.9768 124.8983 123.4861 123.2297 123.1491 122.3022 122.0381 123.5146 102.3670 105.5705 102.5246 100.9915 120.3519 112.4822 120.4491 120.1836 119.5940 119.4518 119.4200 119.0063 118.6924 118.3832 118.0594 117.7340 117.4417 117.0326 117.0833 116.2967 116.2596 115.8453 116.1393 110.5364 115.6428 115.3128 115.2230 115.2065 115.2226 115.2906 115.3986 115.2100
123.9700 123.7998 123.3735 116.0984 111.3186 110.2377 109.3467 111.1800 110.6854 109.0088 104.5282 104.4991 104.8078 103.9136 107.3012 104.6519 102.5966 115.9209 120.7156 124.7716 124.5532 125.3556 126.8970 102.7582 122.2718 109.1847 123.3532 123.2870 122.9522 122.6675 122.4829 121.6016 118.9540 99.2300 100.5640 113.1847 100.5422 119.2895 119.9228 119.9338 119.7029 119.3650 119.0486 118.7421 118.3989 118.0555 117.7173 117.3635 117.0353 116.6735 116.3760 116.0415 115.7291 115.3920 115.2682 115.3417 115.0641 114.6581 114.5642 114.5345 114.5520 114.6295 114.7600 114.5800
121.9100 121.2991 121.8492 120.3635 121.4794 107.7421 109.0799 108.6337 109.1642 112.8399 105.5539 106.9317 106.2454 106.4251 108.2486 106.9397 105.7018 117.2644 125.9664 113.4388 125.2943 121.2857 116.9536 125.6776 125.0529 124.6939 118.5857 124.1679 122.9799 122.7554 122.5594 122.3161 123.2888 121.2040 115.7191 104.0364 121.0481 121.1730 114.3030 119.8751 119.5636 119.1503 118.8203 118.4609 118.1107 117.7394 117.3732 117.0017 116.6246 116.2511 115.8790 115.5277 115.1806 114.8706 114.5752 114.2916 114.0485 113.9465 113.8364 113.8010 113.8267 113.9206 114.0627 113.9100
128.1500 122.4458 126.4570 119.5311 117.3972 110.7624 110.1435 109.9753 108.5232 107.4228 105.0713 103.9830 104.7938 107.3615 119.5946 115.5080 125.2200 126.2456 125.2405 125.5810 124.9552 116.0364 123.5281 121.1502 124.3135 123.5858 123.5902 119.4045 122.9935 122.6640 122.1953 122.3141 119.9642 99.3521 112.3855 123.1003 120.3857 114.9234 120.7675 119.2930 119.3314 118.9359 118.5721 118.2016 117.8206 117.4313 117.0313 116.6292 116.2209 115.8086 115.4066 115.0057 114.6194 114.2455 113.9116 113.6213 113.3680 113.1676 113.0484 113.0073 113.0361 113.1433 113.3166 113.1800
128.1400 120.3418 121.1964 112.7224 111.3851 111.7907 111.0556 110.3694 109.7269 109.7907 107.8902 107.1325 106.4120 109.0171 112.6688 107.8365 114.8554 124.1565 117.3617 127.0196 117.7618 137.5048 116.7139 111.3919 122.0005 121.7638 124.3654 110.6601 123.8754 122.1925 121.7632 123.2940 104.5791 104.1213 97.7521 121.9087 127.1606 119.8982 120.1437 119.4129 119.0935 118.7245 118.3434 117.9479 117.5393 117.1186 116.6922 116.2544 115.8132 115.3598 114.9085 114.4624 114.0254 113.6046 113.2104 112.8562 112.5598 112.3366 112.1812 112.1254 112.1665 112.2923 112.5074 112.2900
118.2000 118.0526 117.6707 119.9730 114.0448 113.8310 113.4781 114.1561 108.0863 106.5093 103.6109 110.1114 104.3033 103.4116 113.8253 118.2254 119.4407 120.8515 111.9032 112.2192 108.6489 91.1891 108.2020 107.9081 114.7035 113.6123 123.4026 124.0627 123.3400 124.0722 123.3068 119.4926 96.3746 104.1560 111.1065 113.6706 131.8691 118.8741 119.7888 119.2948 118.8214 118.5015 118.1215 117.6991 117.2660 116.8272 116.3699 115.8928 115.4133 114.9131 114.4089 113.9108 113.4150 112.9337 112.4758 112.0435 111.6802 111.4074 111.2215 111.1546 111.1958 111.3616 111.6184 112.2900
120.5800 116.2257 120.0367 115.0937 113.7169 113.0375 113.3351 113.6039 115.1246 105.9906 108.5721 106.8886 107.0066 105.7431 101.7971 101.6643 118.4811 111.9815 128.3936 112.1458 118.8862 117.8736 129.2450 114.7392 111.2284 124.3974 122.9283 122.6008 121.8322 113.5875 109.7419 123.1398 114.7067 98.9893 109.9995 98.2497 119.1195 119.0444 119.4488 119.0826 119.0534 118.5304 117.9098 117.4588 117.0067 116.5411 116.0509 115.5359 115.0101 114.4675 113.9143 113.3521 112.7197 112.1758 111.5973 111.1677 110.7201 110.3733 110.1464 110.0504 110.1169 110.3217 110.6460 110.4900
120.5800 113.5016 114.1780 111.4774 111.0614 109.5622 109.6556 108.4929 111.9382 107.4125 105.9305 107.0356 111.6773 106.1881 107.5496 105.3304 121.1701 120.5381 124.6395 126.0508 125.3232 124.2539 123.2402 125.1813 128.7704 124.5767 123.9646 122.5144 117.0797 100.6133 114.6106 109.2343 108.4841 101.1132 98.7172 109.5257 128.5483 120.2751 119.4246 118.9221 117.0407 117.6027 117.6351 117.2656 116.7702 116.2743 115.7467 115.2018 114.6305 114.0340 113.4178 112.7935 112.1384 111.7813 111.2853 110.2123 109.6664 109.2102 108.9168 108.7920 108.8730 109.1449 109.5652 109.3900
118.9900 117.3282 110.1935 113.4574 116.5334 110.9538 112.1805 109.3594 109.0325 107.8400 108.7480 103.2672 113.1014 117.1427 100.2900 119.4371 125.9237 124.1341 124.9470 124.5994 124.3009 124.1017 124.0256 124.7929 106.6819 109.9913 108.1911 123.9381 121.6100 117.4504 123.5443 120.2531 114.7927 100.8758 96.0862 103.4558 100.4768 110.9483 119.6165 118.8808 118.2287 117.4291 117.5039 117.0589 116.5462 116.0213 115.4627 114.8822 114.2696 113.6229 112.9434 112.1836 111.4326 105.9332 109.9352 109.1242 108.4866 107.8953 107.4892 107.3201 107.4349 107.7980 108.3569 108.0300
110.4800 112.1159 110.0381 109.7492 111.0829 115.6732 109.2702 108.9720 107.3919 105.6930 105.5237 106.9385 124.7897 117.3806 123.0485 124.0417 124.7611 125.0949 124.8266 124.6913 124.4756 124.1029 124.4990 124.1459 121.7724 113.3712 120.8115 121.8659 122.4342 122.8726 122.0017 121.7554 122.3382 121.6335 118.5609 115.6510 113.6786 104.6813 119.3812 118.8242 118.3047 117.9628 117.3463 116.8742 116.3483 115.7979 115.2130 114.5898 113.9350 113.2291 112.4895 111.6888 110.8968 110.2648 109.0756 108.0869 107.1874 106.3754 105.7914 105.5520 105.7111 106.2348 107.0017 108.0300
118.0500 111.2587 109.4403 109.0468 109.3744 110.8938 108.3886 108.8797 106.2588 104.8221 105.0725 121.5025 111.5961 126.1432 119.4513 115.4957 132.6703 125.2597 124.9010 124.6561 124.4796 123.8511 123.2154 118.5911 124.4609 120.9866 122.4529 122.7849 122.3784 122.0492 121.8070 121.5132 120.7001 121.5149 108.5110 121.2162 120.3992 117.9717 118.9978 118.6609 118.1706 117.7076 117.2277 116.7189 116.1751 115.5989 114.9872 114.3375 113.6381 112.8874 112.0756 111.1965 110.2316 109.2227 108.0886 106.9303 105.7291 104.5855 103.7052 103.3170 103.5838 104.3850 105.4938 106.2800
111.8400 110.4762 109.9838 109.8080 109.9319 109.9526 108.3523 108.3798 105.7169 105.2555 118.7437 114.8663 119.7456 126.0629 118.1960 106.2526 128.5926 125.0590 124.8223 124.5844 124.4361 123.1127 123.9097 126.1137 101.4020 122.5418 114.2487 123.3956 122.3130 122.0801 121.8047 121.5148 121.2997 120.8346 120.0858 120.2002 119.6705 119.3284 118.9064 118.5524 118.0882 117.6156 117.1165 116.5952 116.0321 115.4417 114.8078 114.1180 113.3824 112.5889 111.7108 110.7559 109.7005 108.5253 107.2080 105.7531 104.1427 102.4837 101.0282 100.3435 100.8188 102.1628 103.8138 104.5200
110.9200 110.2702 110.2464 110.0142 109.7973 109.8686 109.2775 108.0460 105.3883 104.7239 102.1463 120.9104 104.4017 127.0129 117.2515 125.7133 125.2802 125.0505 124.7308 124.6160 124.0530 124.0537 123.7606 125.4710 100.3110 113.6310 119.5777 123.8069 122.2604 122.0376 121.7908 121.6927 119.2668 120.8755 120.3673 120.0075 118.8241 117.9818 118.9862 118.4739 118.0135 117.5366 117.0338 116.4994 115.9320 115.3201 114.6678 113.9601 113.1925 112.3518 111.4337 110.4087 109.2531 107.9447 106.4284 104.6517 102.5434 100.0514 97.3301 95.4915 96.7925 99.5449 102.0729 104.0400
109.3000 110.4884 110.5358 110.1973 110.0013 110.0994 109.8032 106.9303 106.9904 104.8222 103.5812 121.4062 110.9609 127.4245 127.2754 113.6875 126.4809 124.9938 124.4773 125.5179 111.4270 125.5837 124.2173 125.3946 104.3694 109.4910 120.2411 115.6941 122.5031 122.0192 121.8283 121.8447 109.4071 122.4103 119.9605 120.0994 119.7798 119.4461 118.8977 118.4309 118.0050 117.5481 117.0245 116.4486 115.8612 115.2355 114.5685 113.8511 113.0626 112.2004 111.2373 110.1686 108.9389 107.5224 105.8423 103.7758 101.1121 97.5151 91.6699 88.6688 90.6989 96.5801 100.4758 101.8500
116.4300 112.1540 110.1743 109.1369 110.6648 108.0640 105.5002 104.1900 116.4934 104.0715 107.9927 114.1200 114.7468 127.1499 126.2866 126.2827 125.5095 125.0241 124.7815 125.1478 125.2893 123.8037 117.3387 125.1525 124.8728 126.7582 104.8204 113.0510 121.3166 121.7887 121.7870 121.4524 122.6736 121.2570 120.2213 120.0203 119.6257 119.1983 118.8087 118.4223 117.9957 117.1510 116.6639 116.3309 115.8423 115.2142 114.5308 113.7988 113.0075 112.1263 111.1493 110.0531 108.7941 107.3263 105.5577 103.3281 100.3100 95.7771 87.7226 84.4452 86.5613 94.2974 99.5705 101.5400
116.4300 114.5009 114.4944 109.9902 110.9532 111.6322 105.1885 104.5972 103.2856 103.8026 114.8262 115.0715 104.5467 127.8703 126.7264 125.2227 125.1503 125.0104 124.7778 124.2943 123.7747 125.0248 109.1610 123.5976 122.7497 123.5405 113.4506 125.3348 122.4201 121.8393 121.7392 121.3397 120.7489 122.3164 121.4452 120.0680 119.7413 119.3864 118.9813 118.4001 117.5305 118.5610 119.2735 117.1316 115.7307 115.2027 114.5368 113.8120 113.0168 112.1388 111.1693 110.0724 108.8244 107.3648 105.6149 103.4304 100.5059 96.1673 88.7267 85.3873 87.5740 94.9392 99.7812 101.4700
117.0300 111.1529 112.2152 108.8103 108.3661 106.4476 106.0247 104.1951 105.0319 110.1645 106.4066 115.2426 114.7544 127.1868 126.8976 125.5861 125.2141 125.0346 124.8602 124.6762 124.3204 124.7932 125.2267 123.8480 123.5746 123.7623 123.9199 122.3211 122.2858 122.3972 121.7059 121.4480 121.8394 108.7554 120.6239 119.9451 119.3114 118.8847 118.3726 118.6229 119.8944 105.6340 106.3304 115.8408 116.0511 115.2592 114.5986 113.8843 113.0985 112.2399 111.2961 110.2399 109.0338 107.6653 106.0358 104.0505 101.5822 98.4108 93.7019 90.8738 92.8530 97.6903 101.0132 103.8300
116.6300 110.1983 116.0312 111.4831 111.5469 112.8427 112.5888 111.1194 106.4943 114.0432 115.9904 122.7098 128.2978 125.6115 125.4398 125.4568 125.2584 124.9674 124.5303 124.4765 124.4337 123.6722 123.6093 123.6997 123.4345 123.0860 122.7474 122.6997 122.3604 122.2038 121.7486 121.3698 121.6092 111.9194 120.1364 120.7541 121.8015 120.9152 121.1395 114.3097 102.4844 101.7496 97.3609 107.4266 115.8016 115.3374 114.7114 114.0127 113.2509 112.4308 111.5202 110.5158 109.4004 108.0892 106.6848 105.0337 103.0913 100.9493 98.8186 97.5710 98.4443 100.5073 102.7072 103.8300
117.5200 119.7045 115.2019 113.5138 113.7234 113.9196 113.1639 113.0818 108.4170 107.4103 122.5281 124.4901 126.4056 125.8772 125.4210 125.3896 125.2448 125.3837 126.2873 124.9563 124.1091 124.9002 123.6204 123.6477 123.2254 122.9848 122.9226 122.6451 122.3620 122.0864 121.8211 121.2110 122.8470 123.2337 121.2986 114.2241 106.1130 107.4827 106.3126 98.5539 93.8536 97.9912 91.8814 115.3916 115.7091 115.4912 114.8675 114.1938 113.4657 112.6879 111.8322 110.9062 109.8336 109.0901 107.7785 106.1455 104.7263 103.2606 102.0389 101.4703 101.8602 102.9992 104.4188 106.0400
119.2500 120.3689 113.0383 118.3967 113.6908 112.4865 113.1524 110.4501 107.2390 118.0854 130.5755 118.0337 127.3118 125.8956 126.5614 125.6997 125.6210 121.5362 115.7967 124.8277 125.8197 112.1454 125.0997 124.2996 124.4587 124.1353 122.8524 122.6958 122.4407 122.1175 121.6280 123.2305 106.6928 112.6509 111.3853 113.2598 100.6124 98.9674 99.8711 116.2110 113.6090 113.7206 112.9569 117.5189 116.2710 115.6638 115.0602 114.4256 113.7334 113.0028 112.2053 111.3541 110.6945 106.3881 107.9346 107.3351 106.2545 105.2426 104.4829 104.1560 104.3802 105.0773 106.0506 106.3300
110.2500 111.9801 111.0687 111.2170 109.9445 110.6220 106.5537 105.1137 105.3198 108.7169 121.8070 112.5739 127.0151 122.5975 112.0468 127.1555 120.5424 120.4960 125.2978 125.8485 114.6583 122.9433 112.7961 125.4149 112.5079 123.8457 122.6525 122.7444 122.4398 122.3069 122.5538 110.6405 119.2301 105.5887 115.7326 120.8260 118.3276 118.1247 117.8812 119.2663 118.9613 118.3134 117.7458 116.7844 116.4096 115.8623 115.2962 114.6879 114.0463 113.3657 112.6379 111.8723 111.0863 110.1017 109.3580 108.5200 107.6346 106.9345 106.4125 106.2026 106.3497 106.8157 107.4950 107.7400
110.0900 110.5058 110.4118 110.0401 108.9260 107.8576 111.8630 104.7731 105.4693 103.6996 117.5403 101.9087 120.4758 110.0372 122.9091 123.4907 103.6782 122.5653 103.3373 126.9159 124.5402 124.5763 111.8479 124.7667 122.3671 123.3551 123.0738 122.7967 122.5586 121.8465 121.3418 112.9142 121.1536 112.0850 117.8387 111.5288 121.3111 119.6929 119.3039 118.8556 118.3947 118.3843 117.1363 117.3674 116.5750 116.0838 115.5666 114.9896 114.3879 113.7598 113.1061 112.4181 111.6964 111.0155 110.2372 109.5950 108.9082 108.3768 108.0034 107.8563 107.9575 108.2904 108.8005 109.2900
111.7900 109.5015 109.6883 109.6879 109.0402 108.7163 105.9459 104.8856 103.8609 117.4158 111.0261 111.8756 115.4659 112.4651 103.8553 102.5266 119.6180 114.8221 124.1653 115.4636 109.7110 124.3468 102.1111 123.2402 123.2139 123.3532 123.1204 122.7769 122.8824 123.4943 103.3250 118.9928 119.7683 120.3624 112.2595 120.7108 119.8044 119.8480 119.4196 119.0926 118.8106 113.2030 102.4262 118.9497 116.5665 116.3811 115.8510 115.3183 114.7636 114.1820 113.5949 112.9819 112.3633 111.7399 111.1301 110.5191 110.0531 109.6328 109.3549 109.2473 109.3262 109.5737 109.9555 110.3000
110.9300 112.4902 108.4378 108.4242 106.7634 105.5386 105.4914 106.5208 104.7518 103.6862 106.2929 103.3819 123.1583 123.2246 115.9006 114.0664 120.2621 114.0253 119.8459 126.0773 124.8837 124.3754 124.5537 124.1780 123.7750 123.4330 123.0751 122.9575 121.3675 101.2495 123.4077 99.5801 113.7784 122.0860 118.6239 118.8026 120.1499 119.9066 119.5386 119.2123 117.7524 114.5847 101.6809 122.5545 116.2362 116.8181 116.1540 115.6606 115.1493 114.6233 114.0950 113.5434 113.0010 112.4972 111.9361 111.6715 111.0119 110.7429 110.5317 110.4496 110.5054 110.6953 111.0033 111.4500
113.7500 118.8592 108.5941 109.6434 109.3572 109.4785 109.2116 107.2887 104.9224 107.5028 118.7965 110.0700 119.4818 115.5868 103.8152 110.2010 114.0277 109.9062 110.7744 122.4296 125.8646 124.7195 118.2002 123.8571 123.5473 123.6243 123.2990 112.8846 104.9241 105.0836 122.4845 126.6758 118.0469 115.4730 119.6726 119.7152 120.2634 120.0462 119.8045 119.1567 113.5314 102.1929 107.9296 118.8724 115.7402 116.9205 116.4929 116.0145 115.5867 115.0102 114.5836 114.0925 113.6252 113.1628 112.6512 112.8721 111.9904 111.7161 111.6074 111.5024 111.5453 111.6916 111.9466 112.3400
111.0200 109.7350 109.9151 109.3543 108.3910 108.1573 105.2234 103.8870 105.2031 122.9170 109.3088 122.4863 118.6848 118.2734 116.8268 127.4711 126.0166 128.8084 103.2800 121.6706 118.3215 119.0939 125.0720 124.8072 125.8140 123.1223 124.9707 107.5153 118.8791 121.6465 115.0712 115.1258 94.6832 105.4831 116.2880 122.3233 120.1836 120.2723 119.6652 120.7621 117.3048 109.0382 102.0375 117.6332 118.0138 117.2246 116.8194 116.3525 115.9927 115.6731 115.2482 114.6969 114.2464 113.8347 113.5732 111.6463 110.8977 112.6714 112.5256 112.4396 112.4766 112.5943 112.8023 113.1500
111.6900 108.8307 108.3216 107.2124 105.9225 105.8488 104.9083 114.2585 103.9536 119.1902 113.7159 126.6792 126.7979 127.4018 127.7134 125.1010 125.1549 126.9531 120.6059 118.4082 116.6521 111.5645 113.1755 123.4691 124.7188 124.7623 125.4183 124.2153 115.4225 105.6567 103.5826 111.2590 109.2429 124.9437 119.0657 115.1262 120.4254 120.0511 121.0915 108.8306 106.0855 100.5438 110.9119 119.2443 117.5902 117.3642 117.1071 116.7186 115.3358 107.7947 115.3852 115.1563 114.8293 114.4536 113.9951 109.0808 105.3424 113.2213 113.3806 113.2926 113.3162 113.4204 113.5918 113.8900
120.0300 108.2530 108.2388 107.0039 107.8428 107.4736 103.5030 110.5398 104.2706 106.5754 118.4809 128.5010 127.1651 125.5011 126.8086 125.8056 125.6767 125.9368 122.6805 120.9161 121.2260 116.0432 113.7244 123.2723 123.7632 113.1359 115.3481 107.9538 106.0533 112.2491 120.6156 124.5848 123.2025 120.8005 120.7558 100.2386 123.2423 115.6045 121.1734 109.2149 97.5348 107.0854 120.1874 118.5323 118.8494 117.1311 119.1501 116.9474 117.4327 120.2065 116.0640 115.7505 115.3804 115.1152 114.7520 114.6518 114.4271 114.2640 114.0798 114.0578 114.0854 114.1729 114.3130 114.5600
117.0100 106.2465 107.2584 108.4832 117.7310 109.0748 119.0447 115.0099 118.3780 111.2324 113.2085 111.8785 125.4574 125.9174 126.0165 125.8491 125.6483 121.7808 124.0567 120.8304 123.0823 127.3787 125.9772 124.1302 123.1669 119.8301 100.7539 119.0173 103.0611 125.3535 123.2759 121.8357 121.7594 121.3904 124.0138 116.2593 120.9820 109.7619 121.2021 121.0795 116.6428 106.1241 119.5960 117.6899 102.4329 118.6566 109.6578 117.4488 117.1741 116.6685 116.4975 116.2860 115.9132 115.6966 115.2309 115.0031 115.0834 114.8917 114.7952 114.7743 114.7882 114.8603 114.9858 115.1900
106.2700 106.4755 106.3083 104.9647 109.6505 123.1779 120.4768 126.6508 117.2028 112.9306 114.4710 113.8966 127.6311 124.8796 124.7259 125.7580 126.9027 125.7142 133.2962 126.1327 126.3252 109.5155 126.0123 125.8001 126.5553 110.9387 103.9188 114.9227 121.1041 124.3703 122.5880 122.5319 122.0933 123.8406 102.2184 106.3899 110.4559 119.8264 120.5454 120.0918 123.3261 106.6315 106.9506 118.4135 99.2872 105.6702 118.9236 118.3983 117.5452 117.2901 116.9916 116.6784 116.4287 116.1772 116.0042 115.8246 115.6442 115.5460 115.4547 115.4495 115.4484 115.5098 115.6103 115.7700
106.2800 105.3009 104.9097 116.5491 120.3204 122.6937 119.5995 119.7454 107.6228 115.8001 112.2151 106.8264 122.4730 111.1362 126.7463 127.7781 107.0274 122.6622 110.9385 109.6132 128.5903 123.9767 123.5131 113.1729 110.8475 113.0592 118.4817 102.0513 104.4933 121.4040 122.4597 122.6598 122.3151 122.4045 118.5286 117.9729 109.6682 120.5742 120.3752 122.4084 99.2616 110.9316 117.9806 119.5870 103.5552 101.4704 120.3675 113.5256 117.8285 117.4853 117.4040 117.1550 116.9200 116.7066 116.5172 116.2783 116.1523 116.0094 115.9936 116.0658 116.0054 116.0902 116.1916 116.3200
126.7800 122.4479 115.4119 121.8368 127.8555 129.2783 129.8686 105.3634 119.7200 106.9168 104.8888 101.5750 132.2212 122.4081 126.2229 126.2631 124.9440 124.2844 125.6717 113.5406 114.0180 111.3141 113.0771 125.4666 125.1284 103.4042 107.2218 100.7599 124.6105 124.4123 122.8593 122.7421 122.5495 122.2446 122.3501 122.3922 121.3208 122.2676 122.0909 110.4986 97.7439 113.1590 120.0700 120.7382 113.8802 104.8809 115.6869 108.4957 118.6664 118.0493 117.8375 117.6181 117.3976 117.2690 116.5518 116.4855 115.5958 116.1709 113.7544 117.3121 116.4778 116.7392 116.7886 116.8300
128.4100 128.2743 125.3561 124.0189 126.2408 127.6175 129.6255 108.6539 105.8737 103.5984 119.9480 117.2743 121.1800 117.3522 127.6802 126.0289 125.7509 125.7802 125.8998 118.4636 113.2089 124.0009 110.8281 124.2913 119.3025 102.2670 104.8917 100.8381 118.5150 122.8051 123.3749 122.8584 122.6569 122.4180 122.3088 121.8787 120.2550 102.5227 111.1169 122.0946 98.3137 107.5952 112.6992 113.8069 121.9253 106.2625 114.6158 116.2921 118.1939 118.4386 118.2344 117.9089 117.8459 117.7124 117.4584 112.3804 108.7574 120.2145 118.0956 117.0847 117.0073 116.9194 117.0527 117.3100
133.7500 126.1618 128.5067 128.2708 128.4678 122.7364 126.2823 113.2233 114.7266 117.6665 107.6392 106.9266 110.5878 115.3203 134.1107 126.3207 125.5143 125.8328 125.9531 125.6776 127.0208 114.5244 112.7331 106.8969 123.2613 105.6610 104.0670 111.0390 111.7233 124.3353 123.2257 123.0319 122.8168 122.5748 122.3358 122.0824 122.1195 124.3017 123.4139 121.8455 121.0277 115.0696 101.3637 116.4362 111.1019 97.0498 119.8482 117.4263 119.7176 118.7252 118.6218 118.5080 118.8873 118.0368 118.1077 118.6201 105.3572 101.5611 119.8598 117.5731 117.1656 118.5333 118.7106 117.7700
132.6100 128.4536 128.2614 127.7968 127.1207 112.5069 115.2115 121.9774 126.5208 124.9020 124.6953 116.4095 105.7099 121.2070 114.3037 125.5549 117.6485 123.4226 127.5123 125.2223 125.5281 118.9447 104.1778 104.6290 104.5785 102.9265 104.5301 119.0666 125.3580 125.1605 123.3029 123.1997 122.9621 122.7525 122.5297 122.3301 122.0012 119.6836 113.4901 120.5095 106.2244 120.3478 101.4489 101.3612 101.4601 119.1321 112.4328 91.7734 119.7719 119.7902 119.0981 117.3286 118.4225 118.1821 118.0684 119.4253 103.0121 96.1886 119.5062 118.3747 118.4828 119.9963 99.3518 118.2000
128.4500 128.3806 128.2708 127.8940 129.1475 115.8192 124.6185 127.9517 127.4662 127.4503 127.3316 128.9477 123.4149 117.9068 105.3961 112.1720 119.2689 129.8595 125.4158 126.3179 126.3213 120.3022 110.1054 103.4147 111.2282 107.4964 105.6959 109.1483 122.0446 128.9395 123.6906 123.4334 123.1119 122.9108 122.6993 122.5061 122.0155 123.4757 123.8810 108.3414 111.3671 115.9640 99.7148 101.1202 99.1841 114.8611 117.7956 106.2048 120.4149 119.2892 120.0526 109.6275 114.8803 119.5812 118.4296 113.8286 93.5487 117.8761 118.7819 116.4676 117.3859 103.5817 98.8807 97.3900
144.6600 130.3300 128.2700 128.1800 127.9800 127.8700 127.7700 127.5600 127.4600 127.3500 127.1300 127.0200 126.7900 107.4200 106.8700 117.2500 128.5800 123.5900 125.8300 125.7000 111.8700 110.4000 125.1700 110.5500 117.3600 107.6200 102.9600 116.6100 114.4500 122.4500 123.5600 123.4000 123.2400 123.0900 122.7400 122.5600 122.3900 122.2300 122.0300 109.0400 107.3300 103.5300 104.7700 104.3500 104.3200 104.3200 120.2700 120.3200 119.8500 119.8500 119.6700 97.4200 97.4400 119.2500 119.2500 118.9600 99.0700 99.0700 119.2400 114.9500 114.4400 102.7200 102.7200 97.1700
