123.3300 107.0400 110.8100 122.7000 119.9800 119.9800 120.4100 118.6500 112.7700 118.1300 116.9200 115.3900 111.5000 106.7300 110.0400 120.2800 118.5900 112.9000 122.2200 122.4400 113.7900 120.4400 118.0100 108.8500 112.1400 112.1400 109.1800 109.1800 105.1000 106.5700 106.2000 112.3900 112.3900 112.9000 104.6500 125.1500 124.9900 124.8700 124.7700 124.6200 124.6400 131.0300 124.3700 124.4200 110.0300 110.0300 124.1100 124.1500 123.9800 124.0300 124.0300 123.8600 123.8700 123.8900 123.9000 123.9100 123.6900 123.9100 101.9000 105.0800 110.5000 116.6800 123.8400 123.8200
123.4700 129.5438 120.2717 124.7045 121.6996 119.3958 119.7498 114.6128 112.9897 118.9764 120.3999 111.6310 113.7377 107.9513 109.7009 117.0420 118.7467 115.7354 113.4765 116.8255 119.7928 112.2992 116.2169 110.1121 107.8491 110.4575 111.0924 109.2106 104.4136 103.2232 105.5355 113.5572 113.1066 111.4759 103.9476 113.1886 108.0081 125.5467 125.5535 115.3406 121.6959 127.0625 123.7095 123.9566 120.0853 117.9588 126.5621 123.5453 123.9088 123.8216 123.7976 123.7598 123.7235 123.6966 123.6916 123.6332 123.3430 122.4274 100.4729 107.0907 107.8037 119.6102 125.0983 123.8200
123.4700 125.0303 128.4165 127.0765 123.6664 122.7449 119.6081 120.7703 118.1754 115.3780 110.2301 102.8153 116.7484 106.6126 111.8670 111.4840 115.8384 116.3781 118.9918 115.7819 117.2031 107.5602 106.9484 105.5008 105.5104 107.1015 110.2815 109.8866 105.0605 104.0726 106.1488 115.1669 109.3205 114.1161 110.6791 111.1518 117.2811 126.9835 124.6453 124.6310 124.1247 123.9917 124.1464 123.9309 125.0043 111.0698 114.7103 124.7904 123.6523 123.5934 123.5510 123.5120 123.4785 123.4706 123.4075 123.9094 123.8387 122.9029 101.4724 105.8162 105.7518 109.6665 121.8298 123.6000
122.7400 125.9565 130.6130 134.8854 131.8534 129.8237 124.1501 120.5719 119.0710 116.5109 115.4964 112.6802 111.4786 110.1776 104.8743 105.3923 109.3473 111.9304 116.4761 118.4576 107.1732 111.7068 115.9043 103.0871 103.6606 111.7001 108.8979 114.9565 117.4846 104.3150 120.4007 143.7894 125.4184 116.3305 110.9747 126.0556 123.3058 124.1254 124.0098 121.0670 124.1010 123.9760 123.8869 123.8263 123.7286 115.6034 117.5597 123.8139 123.2853 123.3838 123.3005 123.2585 123.2308 123.2203 123.1442 121.0738 115.7621 123.2700 104.3166 107.4488 108.0723 98.5530 124.7080 123.3600
122.3800 124.5325 129.9216 110.6978 108.6703 120.8054 123.7885 125.7953 124.2157 120.5252 118.0983 116.9725 112.8563 107.2335 106.4104 115.3297 108.6328 108.8465 114.7640 115.0566 117.4137 111.1836 116.6257 111.2479 108.9488 116.3952 109.6816 110.0094 108.0854 101.9800 106.7400 120.3572 126.0907 125.9564 115.4258 117.8372 118.7135 124.6707 123.9051 123.8748 123.9740 123.6950 123.6341 123.5641 123.7297 119.4045 115.0455 120.0945 123.6303 122.9717 123.0538 123.0040 122.9720 122.9812 122.4687 119.7178 99.4501 114.6252 114.3034 112.8607 108.8332 115.6755 120.5749 123.1300
120.8500 120.6695 131.1294 121.3401 120.0959 117.5830 117.5971 118.6693 126.8447 115.9970 121.7135 120.6562 117.5490 105.7294 111.5830 114.8203 107.5114 108.6914 108.5301 116.2616 119.5779 113.6641 114.9628 116.6797 115.2275 111.9066 106.8489 107.1540 110.7405 120.0024 117.2031 121.0508 125.4245 124.2791 123.1956 125.5674 123.7603 123.9659 123.8655 123.6862 123.7205 123.6795 123.3278 123.2948 123.0761 124.8622 110.4994 133.0627 120.6451 122.7493 122.7829 122.7409 122.6980 122.6881 122.6468 117.3247 104.1370 98.2600 118.8644 121.3142 118.4427 121.0003 123.0535 122.8800
122.0800 123.1593 118.6913 119.4907 126.8036 119.7117 118.9741 117.8239 120.0529 108.2884 117.7166 116.9093 117.7086 120.1123 112.1268 112.6357 112.8629 108.5906 108.5952 108.7600 108.1564 111.1733 115.6181 107.8077 117.5284 109.7431 107.0067 117.0496 124.6200 124.9697 121.6134 125.4473 122.1990 106.5143 125.4936 123.9565 123.9347 123.7402 123.6600 123.7472 121.2531 122.5837 123.1676 123.1892 122.7947 121.7357 112.6008 114.8802 112.5790 121.4863 122.5385 122.4643 122.4225 122.4010 122.1633 122.4004 115.3652 110.6684 113.0622 118.4431 115.6727 121.9321 122.4029 122.6300
122.9300 126.1385 119.0902 128.2432 125.7981 126.7721 118.1636 119.4069 118.0798 118.6608 118.7439 107.2963 105.2112 108.5391 113.5742 111.8532 112.8697 110.9120 109.3143 108.3029 107.7760 112.1641 109.0391 114.1686 107.6538 115.5675 111.4592 107.1869 118.3397 125.7009 124.4574 124.3908 124.8340 120.5077 123.6426 123.8856 123.6801 123.5813 123.4348 123.3367 122.6615 123.3708 122.9006 122.6701 123.9485 122.1049 112.8608 115.0474 119.1882 122.7851 122.2571 122.1838 122.1335 122.0974 122.0757 121.7431 125.5294 102.4135 124.8125 122.7403 122.5762 122.1813 122.1939 122.3700
112.9700 120.3239 125.4257 127.0123 119.3265 117.4637 117.5347 118.5216 116.0900 118.0445 116.6091 112.6881 104.4956 104.5569 105.4580 115.0136 111.4462 110.4667 111.6217 113.5782 108.2024 108.6187 103.3169 108.4759 112.7430 111.7316 115.9431 118.0044 107.9771 128.9013 122.5968 125.2191 117.0742 112.3572 122.3885 124.0885 123.4641 123.3555 123.2303 123.0625 123.0251 122.7212 122.7099 122.6009 119.9397 101.6503 115.5342 121.5971 122.8855 121.7861 121.9088 121.8850 121.8514 121.8999 121.7638 121.6918 121.7868 117.9208 121.5840 121.6417 121.7093 121.8679 121.9330 121.8300
112.1200 112.2127 119.0390 120.9531 126.3265 112.6130 118.4336 118.5407 120.1048 118.5102 117.3509 109.9552 107.3179 106.6442 105.5812 109.9323 116.0242 109.4229 106.8073 111.7784 110.8145 106.2922 106.4181 104.2978 115.7373 118.6527 115.4157 116.3778 124.9522 121.6542 123.4633 124.7716 120.2830 125.5892 122.7923 123.4408 123.3104 123.1430 123.0015 122.8627 122.6728 122.7657 122.4283 122.2925 121.9884 123.8166 113.9430 120.8851 121.4559 121.6957 121.6786 121.5837 121.4752 121.5177 121.5974 121.5192 121.5306 121.7767 121.5602 121.5134 121.5379 121.5721 121.6288 121.5400
119.0400 114.9053 116.3298 114.6377 120.2881 122.0688 124.5569 118.6647 116.0478 118.9217 117.7218 117.4368 117.9156 116.6578 107.8171 108.0775 113.7104 112.8773 110.3071 109.3966 104.7742 105.1042 106.9740 105.4545 111.0839 121.6925 126.8204 122.2749 126.7121 123.7241 124.1425 124.4669 109.6223 112.7680 123.3147 123.3124 123.0834 122.9603 122.8316 122.6627 122.3013 123.0422 118.1794 122.5061 121.9320 122.5758 117.7627 121.8829 121.6624 121.3704 121.3482 121.3474 121.7285 121.1337 121.0527 121.0352 121.0311 121.0540 121.0837 121.1557 121.2043 121.2602 121.3220 121.2500
112.4700 113.4676 116.5535 113.4951 116.4576 111.8401 122.1729 115.1204 110.2650 118.6891 115.7415 115.6618 116.6666 116.3898 118.8587 115.3851 114.9439 106.7794 102.5402 111.4740 104.6355 106.8958 102.0789 105.2195 114.5020 118.6979 124.7797 124.4644 124.0253 124.1774 123.5096 125.6052 109.6585 123.8102 121.0658 123.0084 122.8115 122.7011 122.0392 122.3559 122.1671 123.1579 110.1061 113.9514 121.9352 121.4153 121.5646 121.2386 121.1666 121.1163 121.0375 121.0525 117.0953 121.4329 120.6468 120.3893 119.9720 120.7177 120.7156 120.8368 120.8807 120.9360 121.0065 120.9100
117.2500 116.5141 116.9140 119.4173 116.6833 111.9327 112.8961 106.2245 122.4044 120.4982 117.2500 118.6382 116.4350 115.4484 116.0934 118.5084 114.6106 107.5432 103.7468 107.4665 105.6735 112.8116 104.6839 114.3120 121.8096 125.8958 124.4219 124.1659 124.0677 123.9168 124.2057 116.5320 99.3555 121.3782 120.2272 123.1174 122.6822 122.9618 121.9437 121.7878 121.4076 119.8941 100.3505 96.1788 120.5701 121.6866 121.1000 120.9998 120.8960 120.7761 120.6879 120.8837 118.1210 120.4847 120.1216 119.5526 102.2100 121.2467 120.1490 120.5024 120.5390 120.5966 120.6703 120.9100
117.2000 113.5854 117.7240 118.1900 119.2121 117.2621 113.9356 114.5058 110.4907 112.6246 114.9408 118.2173 115.4897 114.7582 113.3935 119.5717 114.2059 113.4863 109.5382 104.6109 113.5961 108.2677 97.9760 112.6901 121.2270 120.7668 124.3743 124.5036 123.8562 123.7854 124.0921 112.8229 106.8005 120.5852 123.7162 122.4961 122.3519 122.2158 107.5490 121.2602 122.7871 109.5962 97.2651 107.4108 111.3149 120.9483 120.8140 120.6725 120.5590 120.4521 120.3637 120.2761 120.5434 120.2135 120.2081 120.2352 125.9984 119.7892 120.1945 120.1343 120.1798 120.2497 120.3297 120.2900
116.6700 114.1753 115.8540 117.1047 118.4305 118.0157 117.1425 116.4503 112.9215 114.9079 109.9072 108.2090 108.2016 117.2149 114.3771 117.6377 106.0251 111.4296 102.2870 119.8743 107.6662 119.4199 130.2626 101.5678 120.1495 128.6079 121.2507 123.0019 123.7587 123.5882 123.3511 118.6895 115.7887 112.0758 123.1363 122.4193 122.2830 122.1434 119.2441 121.6609 120.7930 114.6895 105.8131 121.2709 120.8421 120.8976 120.4865 120.3523 120.2255 120.1059 119.9985 119.9140 119.7964 119.7740 119.7221 119.7199 118.9841 119.7415 119.7087 119.7578 119.8191 119.8939 119.9487 119.9500
116.6100 115.4046 114.6183 117.1152 120.2254 120.8110 119.7961 119.3173 115.3171 108.5549 104.9313 114.7574 110.3593 106.4421 114.2147 119.2621 103.5641 112.1897 104.1661 114.9355 117.4265 127.0269 125.5847 121.4777 112.6997 121.0895 122.3310 123.0419 123.6130 123.3841 123.0698 124.0509 123.2321 119.2800 122.8823 122.1967 122.0155 121.6928 122.3628 121.2700 122.0400 119.1687 116.2252 120.7268 120.2622 120.3497 120.1816 120.0057 119.8708 119.7442 119.6373 119.5351 119.4533 119.3814 119.3409 119.2997 119.4268 119.2977 119.3273 119.3677 119.4463 119.4498 119.6296 119.5900
117.9500 115.8189 124.7110 107.7452 117.7414 112.6191 121.1048 121.2835 117.4189 117.5425 111.9114 110.9035 118.0013 112.7763 111.1371 111.9899 106.2884 104.0390 104.7217 114.3538 122.5724 123.6331 124.7494 124.8268 123.6891 125.0026 123.8176 123.7501 123.5104 123.2636 123.0773 122.7933 122.5613 122.6915 122.1782 122.0245 121.7646 121.5777 121.2864 120.9757 121.0396 120.2467 119.8264 120.4424 120.1825 119.9857 119.8156 119.6639 119.5109 119.3779 119.2554 119.1394 119.0571 118.9836 118.9317 118.8921 118.8603 118.8889 118.9152 118.9647 119.0327 119.1357 117.6689 114.4400
120.4200 128.8051 120.4553 119.6208 119.8267 111.0931 106.3447 114.5936 118.2841 115.4872 112.4334 117.8696 118.7210 107.4188 110.4793 109.7398 103.8208 111.5735 116.0424 105.9520 127.4779 124.1589 124.5596 124.3593 123.4791 126.3931 103.7610 125.6371 122.9404 123.1367 122.8921 122.6613 122.4503 122.2246 122.0116 121.7649 121.6155 121.1644 122.3018 118.6298 121.3681 120.5493 120.3720 120.0022 119.8740 119.6582 119.4737 119.2994 119.1335 118.9843 118.8494 118.7340 118.6359 118.5594 118.4985 118.4594 118.4479 118.4553 118.4792 118.5386 118.6187 118.6902 119.0188 118.8200
120.1900 120.3213 114.6342 118.4662 118.2030 119.6934 118.2937 108.9604 112.7268 115.7622 113.3608 118.3730 113.4627 117.5813 113.8481 108.2901 106.1804 114.3599 117.9737 104.6392 117.5005 124.5068 124.6704 124.1784 123.8984 120.8898 113.4666 124.5199 122.1548 123.1246 122.6778 122.4773 122.2343 121.9416 121.8450 121.5239 121.2083 121.2950 121.1860 119.0891 121.6275 119.9718 119.9473 119.7560 119.4822 119.3301 119.1122 118.9247 118.7433 118.5831 118.4324 118.3031 118.1935 118.1079 118.0429 118.0012 117.9886 117.9960 118.0289 118.0909 118.1690 118.2435 118.3612 118.4100
120.1900 115.3898 114.1432 117.6646 117.9497 117.7503 110.4103 111.4322 109.5251 111.7869 109.9023 113.7787 116.5236 105.5456 105.6360 107.3924 106.8470 107.5995 118.1906 108.0598 126.9706 120.4464 121.7457 124.1485 123.5584 126.0715 106.6889 123.7691 112.0244 121.7614 122.2933 122.6601 121.8656 122.5377 122.5451 121.4827 115.4012 116.0763 119.6776 120.3989 119.8507 119.8037 119.8548 119.9095 119.1953 118.9741 118.7404 118.5404 118.3451 118.1647 117.9982 117.8575 117.7407 117.6389 117.5627 117.5244 117.5031 117.5085 117.5536 117.6144 117.7049 117.8316 117.9705 117.9800
113.2700 111.9149 110.4198 107.9208 115.3265 114.3627 118.0662 120.7068 113.0343 111.8623 109.7044 112.7843 115.1175 114.6238 115.9464 106.8907 105.8161 114.9272 123.4747 122.1393 121.2697 123.0692 124.5777 123.9806 123.2192 119.9065 104.2134 113.4969 118.0786 123.5682 122.2028 121.3504 118.2549 115.5669 119.2433 122.6887 112.1973 109.1501 114.0202 120.3456 121.2113 119.7056 117.2133 116.7629 118.7477 118.6168 118.3613 118.1385 117.9272 117.7305 117.5477 117.3907 117.2593 117.1521 117.0658 117.0108 116.9923 116.9979 117.0502 117.1218 117.2259 117.3425 117.4967 117.5200
120.1200 116.1018 110.2778 112.4924 110.4263 106.9834 112.0685 110.9133 110.5541 121.4734 116.2500 110.6352 114.4118 109.3980 110.3772 109.7230 105.2714 120.1844 121.1144 119.9651 125.2951 124.7580 125.2061 124.2200 125.7854 111.7965 114.8106 126.2352 123.0211 122.5834 122.2095 118.2919 110.4627 98.3481 101.8845 109.8130 108.8543 110.3723 105.8599 109.5851 119.2568 119.8826 108.2884 117.4750 118.3859 118.1751 117.9877 117.7139 117.4866 117.2722 117.0741 116.8901 116.7413 116.6051 116.5057 116.4669 116.4448 116.4635 116.4822 116.5427 116.6854 116.8485 117.0182 117.0400
115.9100 115.6690 111.5489 115.2872 113.1320 111.2784 111.9710 108.8433 103.5493 109.0508 109.2077 114.1641 113.4608 111.4566 107.4397 110.6591 108.3430 122.9093 119.2836 122.9500 124.1255 124.7126 116.6489 119.5107 114.9248 103.2034 112.2212 121.9742 122.4568 122.3930 121.9018 122.8179 122.1971 117.6111 105.2479 108.5357 110.6151 113.4865 101.9096 112.9966 117.1149 120.3598 120.4034 108.7562 117.6100 117.7494 117.7583 117.2955 117.0414 116.7905 116.5743 116.3758 116.2010 116.1001 116.0305 115.8911 115.8648 115.8698 116.0691 116.2186 116.1358 116.3188 116.5084 116.4600
115.8100 108.5791 107.3409 112.7691 111.8365 112.5536 110.4671 112.2538 109.0723 110.6442 105.5270 107.8283 102.8559 102.9096 110.5271 109.3305 114.8946 125.5710 111.2320 125.5024 124.0380 124.5371 109.8928 99.8942 99.3423 110.5266 129.1769 124.8525 122.0286 122.3050 122.1358 115.2823 107.5140 110.3965 106.1626 104.9448 107.4610 116.4998 112.6098 106.4358 97.8271 114.2361 118.1696 107.4455 118.2202 115.2049 116.8713 116.8414 116.5578 116.3013 116.0450 115.8249 115.6252 115.4333 115.1075 115.5657 115.2519 115.3587 113.0231 115.1127 115.5622 115.7660 115.9780 116.4600
105.7600 115.3149 112.5943 116.8861 116.7103 116.7892 113.9123 116.8335 105.7502 112.3440 111.5231 109.0631 107.6991 106.0504 111.9990 115.1647 118.1481 119.5606 109.2090 125.2575 123.9328 124.0095 125.3713 119.3954 110.6170 103.3409 134.5241 126.4918 122.3560 122.0031 121.6026 118.9620 102.5784 106.9484 103.7947 105.0821 109.7255 104.2048 108.2460 123.8743 115.9998 107.2797 104.4542 118.4947 117.1098 116.1781 116.9630 116.3873 116.0968 115.7663 115.4991 115.2447 115.0163 114.8178 114.5291 117.1256 114.2985 114.5688 114.6593 114.8652 114.9033 115.1768 115.4150 115.3900
116.6500 116.7051 116.2804 115.8935 115.3758 119.0595 109.6518 113.0122 109.1717 112.9016 113.2905 114.4894 109.6602 107.2300 106.3468 110.0899 121.4489 114.5106 123.3015 125.2808 124.1265 123.8884 123.1397 123.9217 121.0513 118.7448 121.6572 119.2099 122.0782 121.9920 121.3828 123.4073 107.9454 101.2744 98.5129 97.7535 118.2530 108.7344 98.4029 119.6967 98.5727 116.2010 120.4137 117.1750 116.9954 116.6698 116.3013 115.9206 115.5683 115.2264 115.1374 114.7429 114.3383 113.9215 115.5584 102.4676 114.7083 113.8858 113.9231 114.0866 114.3015 114.5386 114.8281 114.7500
127.7300 113.5355 124.5566 112.9033 123.4271 114.9810 118.4178 105.4637 106.1757 114.1795 111.5169 107.2698 105.4523 111.6401 101.9159 116.3597 125.8068 133.3290 124.7693 124.3354 124.0909 123.8511 123.7917 123.3750 123.2583 123.3182 123.2991 123.0347 123.3779 111.6640 123.7438 121.6573 120.6049 113.8596 103.5606 124.5047 125.6730 114.9653 104.0236 100.0606 111.9308 109.4420 118.3294 116.9544 116.6364 116.2645 115.8501 115.4543 115.0570 114.8563 110.8107 113.9485 113.6452 113.4198 112.9837 114.6101 113.7298 113.0917 113.1897 113.3581 113.5887 113.8754 114.1960 114.0500
127.7200 109.3203 126.2388 112.7342 116.3712 117.2856 117.2374 104.4084 117.8469 117.3638 111.9937 115.6822 105.3453 105.0318 103.1946 105.5623 105.3219 106.1187 123.8654 124.3352 123.9652 123.7845 123.5318 123.3101 123.0495 122.7712 122.5123 122.3243 121.4910 118.5791 111.7617 122.0002 109.1592 110.9980 102.5433 110.2613 118.3749 138.7214 116.2119 117.9798 118.0124 116.9270 117.2664 116.7216 116.3045 115.8520 115.4066 114.9676 114.4831 114.2561 113.1665 113.7298 112.8873 112.5754 112.6890 110.4905 112.0640 112.2160 112.3320 112.5474 112.8303 113.1651 113.5406 113.9200
114.1300 113.2636 112.6283 112.2044 112.5078 111.5997 113.4721 113.3504 112.2729 114.7606 111.7419 112.1625 106.0252 104.5093 107.7505 106.4745 103.6231 121.8605 124.6624 124.2993 123.8620 123.7330 123.4763 123.2329 122.9645 122.7167 122.4049 122.1397 121.8715 121.9066 121.3995 121.4246 111.8326 99.8221 99.2461 98.9327 97.3649 111.7917 118.9005 118.1244 117.5171 117.3961 116.8008 116.4239 115.9375 115.4594 114.9673 114.4622 113.9371 113.4938 112.9473 112.5216 112.1214 111.7569 111.4438 111.5257 111.3622 111.2552 111.4075 111.6642 111.9998 112.3972 112.8505 113.2200
127.5900 119.1901 113.6404 113.0211 111.6102 111.2713 110.7252 111.1294 110.6225 112.3481 107.0631 107.1185 106.1426 117.4165 116.6303 109.1270 127.3885 124.4585 124.2614 124.0018 123.6584 119.6650 121.9614 123.1744 122.8389 122.5213 119.4993 122.2690 121.8311 121.3751 121.0374 120.2123 123.0960 99.6279 108.1539 99.0722 120.9682 99.5748 118.8761 117.6806 117.5816 117.0855 116.5816 116.0891 115.5799 115.0639 114.5240 113.9673 113.4138 112.8455 112.2871 111.7428 111.2400 110.7994 110.4590 110.1902 110.0948 110.1723 110.3681 110.6932 111.1028 111.5896 112.1230 112.4600
127.5800 128.5835 128.3204 121.9945 108.3720 108.2407 107.9962 111.9735 109.3449 107.9653 107.3235 108.0937 108.7436 109.0729 120.6574 115.6329 125.8716 124.1326 124.4888 125.6287 124.5724 117.1202 122.5245 121.4549 123.1172 122.5773 122.4339 121.9996 121.7352 121.4621 121.2046 120.8899 117.8309 114.3617 115.2764 107.1179 120.8505 116.5651 114.5892 117.9518 117.2923 116.7842 116.3031 115.7889 115.2463 114.6745 114.0890 113.4757 112.8433 112.1946 111.5470 110.9093 110.2954 109.7557 109.3028 109.0080 108.8758 108.9511 109.2021 109.6066 110.1297 110.7214 111.3578 111.4900
123.8400 125.5234 118.7688 120.4604 110.4901 110.1705 108.8446 108.2618 108.1855 106.3613 107.4160 103.6647 107.0548 110.4868 107.2527 104.8891 127.1791 123.9530 126.6546 115.7109 116.5425 123.9330 115.8178 122.3036 121.1184 122.4574 122.2089 121.9203 121.6554 121.3378 121.1157 120.2948 120.0533 102.8071 121.6754 120.4360 118.8320 121.0120 118.0506 117.4095 117.1266 116.5947 116.0629 115.5098 114.9295 114.3171 113.6793 113.0007 112.2928 111.5525 110.7953 110.0300 109.2807 108.5870 108.0080 107.5929 107.4183 107.5121 107.8650 108.4017 109.0689 109.8080 110.5728 111.3700
127.5600 122.0513 111.3467 112.8879 110.8997 111.0145 110.3483 110.3093 107.5530 106.4563 109.2437 103.8483 103.2818 103.3902 115.8644 111.3106 117.5031 126.0457 117.6116 101.7039 102.4607 119.0405 107.6423 103.6582 122.1902 122.7124 122.2074 121.8942 121.5972 121.2585 121.0061 121.5272 111.6229 109.8745 117.3286 114.3192 120.4083 117.9862 117.7625 117.3220 116.8389 116.3711 115.8333 115.2525 114.6419 113.9843 113.2872 112.5429 111.7638 110.9220 110.0465 109.1225 108.1984 107.3013 106.5081 105.9221 105.6742 105.8072 106.3039 107.0441 107.9298 108.8468 109.7713 110.1700
118.5500 119.9993 116.1558 116.2486 112.4779 113.1707 113.8470 111.0145 107.8271 106.7853 105.1496 104.0041 102.7347 104.9787 102.8132 112.5795 112.7446 117.6741 122.4137 113.7431 124.6534 120.1935 123.6967 117.9784 122.8051 121.8970 121.9696 121.8684 121.5257 121.2046 120.9651 121.4777 104.2404 114.4624 119.3231 115.4182 118.9855 118.2716 117.7958 117.2813 116.9417 116.2291 115.6480 115.0330 114.3821 113.6853 112.9406 112.1308 111.2653 110.3191 109.3077 108.2095 107.0574 105.8627 104.7602 103.8809 103.4736 103.7065 104.4627 105.5288 106.7028 107.8803 108.9901 110.1700
127.5400 119.8244 114.7176 114.2606 113.7504 115.9201 115.4997 116.0268 110.8960 111.3030 109.7711 104.6976 115.9140 108.2980 102.5761 99.4911 117.4231 121.0259 124.6658 125.8790 124.1960 123.8107 120.4720 123.6857 123.6738 121.6453 122.5493 121.7546 121.5551 121.1720 120.8699 120.6787 117.0181 109.3246 94.9879 117.4259 117.2223 117.7188 117.6363 117.1389 114.7348 115.9179 115.4086 114.8526 114.1673 113.4404 112.6384 111.7793 110.8259 109.7794 108.6229 107.3223 105.8893 104.3256 102.6910 101.2625 100.5658 100.9633 102.2294 103.8586 105.4473 106.9268 108.2573 108.8900
114.7600 116.2892 111.8245 110.1271 111.2799 111.0963 111.3985 111.1703 108.2589 106.8565 105.3016 102.2400 120.2005 112.8001 100.4742 121.1284 122.3470 125.6312 124.3765 123.6582 123.4477 123.3303 123.4403 122.7294 122.5136 123.0987 116.7643 119.3800 121.0154 121.1969 120.8090 120.5148 120.3170 121.4219 116.1456 119.6903 113.9720 118.2072 117.6709 117.0723 116.1923 115.5977 115.3409 114.7094 114.0005 113.2400 112.4057 111.4917 110.4736 109.3390 108.0370 106.5457 104.8059 102.7423 100.3086 97.7571 95.8867 96.9810 99.6346 102.0676 104.2329 106.0659 107.6289 108.7100
117.7300 113.0227 114.3491 113.2908 113.0986 114.9375 109.3374 112.2139 107.2699 104.4616 105.9733 102.7898 123.2882 112.2803 123.9327 126.5118 124.8931 123.8695 124.0859 123.9515 123.7073 123.4415 123.1452 123.7685 122.1557 123.7789 107.9076 119.0870 121.5483 121.1333 120.7777 120.5316 120.1300 111.2017 99.4720 105.9317 119.1588 116.9825 116.6562 116.9408 116.5108 115.9599 115.2647 114.6067 113.8880 113.1084 112.2459 111.2934 110.2258 109.0175 107.6143 105.9541 103.9340 101.3399 97.9391 92.2305 89.2281 90.8034 96.5777 100.4242 103.2548 105.4164 107.1717 108.5800
116.8400 110.8815 111.6204 110.6131 110.8353 111.5321 110.3207 109.9518 108.6910 105.5861 106.9182 115.1778 118.5007 112.4027 125.7100 107.8434 126.6790 124.4079 124.2021 123.9051 123.6391 123.3882 124.1884 112.2922 124.0320 118.5127 121.1106 122.4756 121.3864 121.1502 120.7806 120.4116 120.0352 120.5307 106.2914 120.4978 118.3995 117.9359 117.2106 116.9639 116.4432 115.8438 115.2304 114.5587 113.8379 113.0422 112.1697 111.1987 110.1114 108.8637 107.3988 105.6555 103.4588 100.5084 96.1279 88.0715 84.2932 86.4358 94.0033 99.4435 102.7093 105.0719 106.9314 107.5000
117.0200 110.7372 111.0297 110.4213 110.6803 110.9896 111.0143 110.9209 109.3314 105.7109 106.0315 116.6592 118.5559 114.3821 126.3671 105.1266 126.0340 124.6534 124.1747 123.9086 123.6589 123.4029 123.3529 122.8751 122.9288 121.7116 118.2149 118.3866 121.2343 121.1640 120.7838 120.3865 120.0678 121.2933 106.8749 120.1894 118.2990 117.9570 117.4978 116.9831 116.4449 115.8584 115.2393 114.5662 113.8462 113.0526 112.1822 111.2120 110.1280 108.8835 107.4359 105.6965 103.5224 100.6165 96.4636 88.8501 85.4650 87.2973 94.3973 99.5811 102.7930 105.1268 106.9632 107.5000
117.5400 117.1799 110.1346 110.5930 110.6340 110.4927 109.4222 109.3390 107.5839 105.9928 108.3194 121.8562 114.1389 125.0067 126.4935 101.9063 121.5700 124.7756 124.1444 123.9275 123.6404 123.5800 123.1790 122.6535 115.2237 119.8362 119.7762 120.7065 121.3038 121.1316 120.7906 120.4493 120.2911 120.3469 119.7602 118.8671 118.4775 118.2630 117.3623 117.0205 116.4852 115.9012 115.2902 114.6284 113.9076 113.1289 112.2799 111.3329 110.2742 109.0748 107.6977 106.0677 104.1061 101.6491 98.3261 93.5157 90.5328 92.2066 97.3651 100.7762 103.4560 105.5493 107.2564 108.5800
112.0500 111.3802 110.9143 111.0295 110.7410 110.8275 111.2551 111.1344 107.3927 103.6267 103.6430 111.9613 118.2218 109.6060 126.2599 126.6429 124.7645 124.3656 124.1644 123.8403 123.4162 122.3809 123.1748 122.7821 111.6007 99.9735 123.6798 120.0863 121.8343 121.0327 120.8431 120.4278 118.5477 118.6416 119.2576 118.9712 118.2474 119.6504 117.0212 117.0759 116.5571 115.9856 115.3821 114.7285 114.0317 113.2780 112.4532 111.5478 110.5479 109.4287 108.1660 106.7139 105.0497 103.0933 101.1035 98.7642 97.2687 98.1480 100.2460 102.5014 104.5162 106.2599 107.7677 108.7000
119.3000 110.7692 111.8811 111.3072 112.9660 109.1833 109.5073 108.5794 110.6367 103.5606 103.8332 109.1665 116.8971 120.0776 124.3382 124.0614 124.6619 124.4099 124.2957 124.1409 111.2896 122.0859 122.7501 123.4662 107.6204 104.9236 115.4245 119.8677 120.3993 121.0743 120.9113 121.6770 107.0997 118.0874 119.2514 119.0656 118.4895 118.0193 117.7367 117.1787 116.6511 116.1065 115.5158 114.8973 114.2209 113.4851 112.7081 111.8540 110.9230 109.8995 108.7715 107.5234 106.1595 104.6901 103.2121 101.8997 101.2958 101.6378 102.7994 104.2672 105.7450 107.1469 108.4258 108.8900
109.8800 109.2927 107.1830 108.7328 111.5275 107.2492 105.8237 104.4219 114.2997 103.4243 108.2652 113.5578 108.4895 126.7501 127.0517 125.4083 124.7636 124.4217 124.2230 123.8213 120.6189 123.2192 123.0947 124.0305 124.7107 125.5417 106.1430 112.3929 122.1345 120.8351 120.9613 120.7539 121.7327 121.6052 120.4822 118.7949 118.5679 118.2499 117.7514 117.2918 116.7808 116.2290 115.6809 114.9621 114.3682 113.7543 113.0141 112.2202 111.3753 110.4587 109.4693 108.4207 107.3226 106.2134 105.1742 104.3828 104.0216 104.2264 104.9226 105.9055 107.0025 108.1108 109.1796 109.9300
116.3500 110.2114 111.5867 105.7377 105.1094 108.9833 109.1538 105.4105 102.5610 105.9463 123.8431 119.0633 113.8853 126.0995 131.8729 124.4894 124.7582 124.4535 124.2191 124.0205 123.9782 123.5546 123.3360 122.7188 122.1811 123.3071 125.2364 125.9544 121.8444 121.5696 120.7794 120.5999 120.2350 111.2961 120.7089 120.2339 118.7484 118.3753 117.9032 117.4244 116.9674 116.5749 115.8662 116.0091 114.6660 114.0525 113.3842 112.6456 111.8786 111.0692 110.2162 109.3415 108.4588 107.6068 106.8689 106.3248 106.0955 106.2320 106.6880 107.3828 108.2042 109.0833 109.9687 111.1100
117.6000 120.0333 112.9728 107.8853 107.7573 108.4652 108.3112 106.6208 109.9060 109.4858 117.3379 126.2020 126.8710 125.1532 124.5087 125.0075 124.6940 124.5262 124.3713 124.0410 123.7879 123.3279 123.1682 123.0969 123.0132 122.4852 116.1447 104.5900 124.5861 122.8756 120.8168 120.8180 121.3071 110.8942 108.4667 110.0275 119.2907 118.5131 118.0316 117.6528 117.0018 115.8011 116.2079 115.7023 115.1044 114.5503 113.6479 113.1109 112.4222 111.7006 110.9721 110.2333 109.5257 108.8642 108.3192 107.9356 107.7673 107.8622 108.1863 108.6940 109.3331 110.0345 110.7664 111.1100
118.7000 116.8444 111.2535 112.5997 111.6812 113.4076 110.4446 114.8521 111.8132 110.6775 116.5784 126.9048 124.8543 125.4919 125.2639 124.9806 124.8138 124.4110 123.9798 123.9736 123.6677 125.2157 124.1833 123.3893 122.8049 122.7358 115.3070 116.0580 102.1899 114.3365 121.1156 120.8776 119.9769 121.4267 106.5113 116.7676 119.1403 118.6380 118.2092 117.5789 118.7710 115.8656 115.6417 117.5588 113.9126 113.4992 114.2529 113.6096 112.9696 112.3492 111.7238 111.1057 110.5240 110.0038 109.5763 109.2911 109.1733 109.2404 109.4829 109.8706 110.3641 110.9325 111.5501 112.2100
117.8400 112.2228 112.6867 112.5652 113.1955 113.2494 113.2579 111.1663 107.3935 114.0161 132.2565 130.0676 125.9310 125.2535 125.1841 124.9826 124.6079 124.9798 125.1773 123.9527 125.9424 105.2762 124.1782 122.6848 122.9372 122.7120 123.2280 123.0389 116.8902 120.8394 121.3963 121.4954 110.5633 118.5591 119.4017 120.1208 119.1853 118.7630 118.4705 118.9546 104.4071 116.7293 96.2806 102.0096 99.6002 107.2382 115.2134 114.0305 113.5420 112.9903 112.4520 111.9290 111.4489 111.0277 110.6986 110.4731 110.3807 110.4327 110.6222 110.9226 111.3154 111.7870 112.2945 112.3300
116.9400 117.4510 111.9087 112.4522 112.5906 114.7914 111.5488 113.3143 109.8458 110.4063 124.8240 112.3834 125.6570 124.7076 125.1598 125.2091 124.4446 123.0160 114.6968 124.1801 124.1083 121.1248 120.7501 123.7491 120.6586 122.9442 122.4693 122.3670 122.6664 121.7397 120.9263 120.6599 118.1692 120.7870 120.0120 119.6832 119.3537 118.9673 118.6336 118.1627 114.6996 112.1548 97.3105 95.7512 102.6660 115.2067 115.0167 114.5694 114.0939 113.6162 113.1423 112.7019 112.3061 111.9588 111.6917 111.5157 111.4427 111.4828 111.6298 111.8766 112.2007 112.5852 113.0131 113.1100
116.9500 112.8153 112.5644 112.5138 111.5596 110.4207 109.1252 106.1040 104.5842 103.4212 122.4742 100.0772 124.3885 108.0984 126.7580 124.1220 112.3852 118.4603 126.3367 124.1231 124.1957 126.7057 117.0853 124.5633 122.8992 122.7651 122.5800 122.2856 121.9101 121.9196 124.0079 127.0588 120.8663 120.4992 120.1769 119.8553 119.4963 119.1704 118.8161 118.3204 118.0114 117.3598 106.2638 109.0619 117.4313 115.9744 115.5202 115.0836 114.6362 114.2149 113.8080 113.4392 113.0958 112.8047 112.5836 112.4427 112.3911 112.4192 112.5411 112.7426 113.0073 113.3313 113.6997 113.9700
110.4400 110.8222 110.6535 110.9582 111.1011 109.0145 106.6662 104.7873 103.9767 121.4201 107.9798 113.2316 106.3782 112.4978 106.0910 106.9155 128.1546 113.0369 122.5711 103.3098 123.8465 116.3141 99.5979 124.8981 123.4662 122.9157 122.6694 122.3900 122.3188 121.8300 121.3527 115.9703 121.4247 120.7097 120.2430 119.6670 119.7200 119.3757 119.0458 118.6516 115.6211 102.0037 114.7888 123.2716 116.8810 116.4737 115.9239 115.5707 115.1699 114.8019 114.4462 114.1238 113.8311 113.5877 113.4076 113.2892 113.2243 113.2677 113.3639 113.5313 113.7559 114.0325 114.3538 114.5900
110.7600 110.5709 110.3081 110.6524 109.5064 105.5294 105.6721 104.7232 103.7039 106.8739 109.2293 105.1199 119.6617 125.6931 113.4917 120.4658 117.7267 113.8173 121.9536 123.4851 120.2859 121.0385 125.2850 123.3396 123.2654 123.0081 122.7969 122.4473 121.7110 122.3850 113.6942 122.0838 120.9758 120.7186 118.2408 114.1097 120.5042 119.5604 119.2351 118.9133 118.7992 119.0452 100.1580 109.0901 119.1250 116.7181 116.4098 116.0357 115.6857 115.3579 115.0503 114.7714 114.5196 114.3168 114.1479 114.0655 114.0705 114.0316 114.1195 114.2598 114.4582 114.6910 114.9677 115.3200
112.0100 111.6217 108.6331 108.2008 107.9365 105.9152 113.0611 104.5002 103.5070 119.8060 121.1024 103.1106 118.9134 120.4156 103.6888 102.7230 116.1761 109.6318 97.6624 113.5060 115.2220 105.1741 125.1280 122.9181 123.3372 123.0879 122.9272 122.8102 105.7452 118.5591 105.4647 122.8221 120.5487 121.5801 117.9197 120.1982 120.1590 119.7759 119.4756 119.1464 118.5950 121.0152 102.6421 113.2458 116.9945 117.1700 116.8182 116.5076 116.1903 115.8999 115.6236 115.3783 115.1571 114.9920 114.8005 114.3143 110.3151 114.8532 114.7578 114.9362 115.1115 115.3080 115.5529 115.9200
114.6700 113.1415 110.7910 110.4024 109.6315 108.8503 104.8784 103.9451 104.0407 102.0395 114.0111 110.3748 113.7552 112.8471 115.0387 109.6638 112.5794 127.9649 106.3013 109.7492 118.9369 121.5294 122.7925 124.5476 123.1267 123.2338 122.7919 124.4565 107.2039 125.6550 116.1073 121.3428 107.8301 117.0056 120.2565 116.4623 119.4341 120.3060 119.7093 119.4091 119.3552 118.3364 93.0175 119.1996 117.3054 117.7504 117.2482 116.9597 116.6769 116.4134 116.1687 115.9455 115.7668 115.6471 115.1106 112.5201 93.7546 115.9821 115.1083 115.5728 115.7211 115.8931 116.1077 115.9200
114.4100 108.6149 114.0593 109.4704 108.6881 107.6190 110.1594 112.0773 106.9212 111.7194 114.7734 114.5721 114.4561 112.8776 125.0784 128.3789 126.5710 126.3021 119.0816 118.1467 110.0698 125.8889 113.1666 120.7732 123.7989 123.5821 123.9823 114.2945 98.6750 118.7525 113.5336 124.0331 107.1725 106.4057 109.3903 111.0142 114.8878 120.0555 119.6039 119.8754 114.2104 116.4639 102.2161 112.5236 118.7800 117.8937 117.5625 117.3744 117.1418 116.9065 116.6827 116.5170 116.3011 116.2774 116.6330 113.5830 98.1157 116.7457 115.5890 116.1736 116.2924 116.4414 116.6304 116.4900
107.2100 110.9964 111.8472 110.7369 105.0944 108.4125 109.6562 108.6639 106.8426 110.8003 106.2042 119.7400 125.2306 119.1116 124.1842 124.8973 124.8999 126.9826 126.1913 125.4797 125.0634 119.8520 98.3881 123.5584 120.9986 122.9623 124.5405 104.1564 113.0946 122.1835 121.5337 121.9803 124.0901 125.3787 109.5041 110.8351 121.1667 121.9878 120.1590 120.0753 117.4510 108.4569 122.0849 119.1536 118.5665 118.3084 117.9073 117.8966 117.5794 117.3740 117.1841 117.0206 116.6798 114.0829 109.3398 117.0384 117.5810 116.9907 116.4134 116.7085 116.8253 116.9640 117.1307 117.0000
109.3200 109.1771 107.1257 121.1733 112.8750 112.4159 114.9842 105.1032 105.8514 105.2911 117.1443 128.3733 126.4836 126.6572 125.9966 125.7144 125.4350 116.3435 120.1705 124.8203 123.8149 119.0515 117.3970 125.4967 121.5441 125.2081 115.5153 105.2306 123.9433 123.1018 121.6314 121.9034 121.1416 121.8847 109.4492 119.7009 123.2867 121.2038 115.9947 120.1030 114.5254 100.7392 120.2734 119.0981 118.7845 118.1953 119.0347 117.9588 118.0568 117.8188 117.6519 117.5352 117.1434 114.0600 116.9517 116.5442 116.8009 116.9540 117.1328 117.2416 117.3366 117.4699 117.6030 117.8900
110.7800 105.6623 105.8571 109.5182 118.3479 105.7392 111.7457 107.1485 110.6354 115.5216 107.2404 121.3985 127.2128 126.0167 126.1808 125.2812 127.8329 122.1441 122.9541 125.0023 127.0266 111.1285 130.2477 126.6695 123.7171 123.4782 100.1407 118.4823 106.2109 126.6623 122.2878 122.4529 122.1871 121.7057 114.8813 121.5966 103.7217 106.1288 123.5870 119.9538 120.1655 115.6990 119.4873 119.2121 119.1425 114.6462 112.7989 120.1974 118.5537 118.2383 118.0952 117.9827 117.6121 117.9903 117.5812 117.6968 118.3418 117.6379 117.6439 117.6515 117.7819 117.8384 118.0843 117.9400
106.0500 105.6202 108.1032 103.4848 108.1094 113.6301 120.7326 123.0911 107.4798 121.1189 120.2777 107.6870 117.4908 125.5476 125.8149 127.3981 105.3148 127.1523 131.3331 112.3074 111.6985 110.5171 122.1801 117.5346 126.4022 114.3278 103.7045 111.9941 107.1362 121.9605 122.3314 122.5255 122.3233 122.1510 122.2011 121.7292 118.2458 119.6688 121.1776 120.0532 121.3237 106.5482 121.0009 121.2300 119.9940 121.2413 99.4539 120.4054 118.4435 118.7074 118.5410 118.4180 118.3732 118.2124 118.0138 117.9249 111.4429 118.4362 117.7952 118.4889 118.1983 119.3514 118.7593 118.3800
109.5500 110.6071 114.0618 119.3926 126.6136 127.3113 129.5751 105.2681 124.2464 110.5688 112.8243 109.0026 115.9299 126.1901 126.2888 125.8608 125.7723 112.3475 106.1869 100.9831 118.2013 123.8458 110.2574 109.1984 108.9191 103.2297 102.3801 99.3113 123.4058 123.0234 122.9037 122.7054 122.4948 122.1753 122.0780 121.6589 121.5347 119.1694 121.9434 121.7183 114.7401 100.4742 113.3248 121.6091 119.8423 118.7461 96.4398 112.3048 119.9057 119.1046 118.9118 118.8213 118.7175 118.6627 118.5725 117.0109 114.1465 118.5116 117.7377 114.4640 119.6464 118.1903 122.2063 118.7900
128.0800 128.3465 128.1329 128.0258 127.5255 127.5024 127.8406 124.1441 113.3248 109.6151 104.5213 113.5012 125.7249 126.1744 126.2559 125.8961 125.5044 119.0091 118.9590 125.4657 126.9408 109.1390 104.1474 113.5933 119.6121 126.4734 105.1017 111.5634 124.0543 123.5184 123.1321 122.8391 122.6787 122.4481 122.2676 122.3117 117.4443 100.6337 109.1208 124.2838 107.6813 110.8173 104.3553 104.5593 122.2214 120.5556 119.3748 117.2643 114.9132 119.8468 119.4408 119.2188 119.1334 119.0793 119.0093 119.3921 119.3555 118.9019 118.8216 119.0388 119.4660 120.3722 119.5377 119.1900
132.5800 126.9264 127.9788 127.8149 127.6760 127.6485 127.6523 124.1340 105.8949 106.5634 112.2916 104.7463 127.9628 109.7395 119.0081 126.3909 125.9390 124.9345 126.0503 125.1088 125.3426 116.5847 114.4705 122.1674 122.8122 115.9899 105.2491 105.3397 102.8243 125.4531 122.8222 123.1046 122.8405 122.6635 122.3259 123.5461 111.3216 118.0855 122.3020 120.9437 122.6854 122.3491 119.3220 105.5143 108.7829 112.2686 120.6515 121.0159 117.2213 121.1304 118.6449 119.7672 119.5219 119.4874 119.4377 119.3460 119.1979 119.9589 120.0771 119.3807 118.9084 120.1779 102.1280 121.8700
128.2300 128.1342 128.0628 127.9002 127.7129 127.7456 123.6466 126.7772 112.4075 123.3134 128.8751 117.4553 119.1643 121.7883 103.3014 121.0493 135.9241 120.2815 124.7605 125.3997 126.0669 116.8200 127.4651 123.7643 108.4170 102.7045 111.5728 126.0758 112.3150 119.7648 123.6526 123.2505 123.0244 122.8374 122.7454 122.1827 123.4369 122.7165 121.9501 121.7331 121.4323 123.5967 122.7631 121.4625 98.8924 112.5003 99.3170 102.5825 120.1966 118.7185 117.2330 120.3357 119.9343 119.7795 119.9359 119.8003 119.2825 117.5160 107.6693 120.1044 120.7835 121.4782 98.5234 98.0800
130.8000 128.8324 127.9776 127.9525 127.6385 127.4529 113.8512 123.4041 128.4986 127.7540 125.6566 124.1618 105.2931 127.1416 109.7722 105.0698 105.7309 130.2205 125.4156 125.6154 125.2612 125.4391 122.1594 106.9650 106.7297 121.3367 104.9622 109.2445 118.7669 116.6245 123.9113 123.1341 123.2319 123.0445 122.8464 122.6882 122.3420 122.3229 121.9802 121.9784 121.8289 121.5907 122.2526 123.0908 104.5282 125.5950 116.5553 98.4008 120.4404 119.7959 120.9009 120.3167 119.9877 120.0832 118.7768 120.1386 120.0586 120.0372 120.5545 115.7104 119.5697 103.2726 103.7555 103.3500
130.8000 131.1400 128.0700 127.9700 127.8700 127.6700 127.5600 127.4600 127.2400 127.1400 125.9400 126.8000 126.6900 126.5900 126.3400 112.4900 111.4900 126.5300 125.7300 125.6100 125.4900 125.2200 125.0900 113.7300 124.6800 109.0000 102.4000 107.0600 108.9500 106.2200 123.6600 123.5100 123.3600 123.2100 123.0400 122.7400 122.7400 122.3900 122.4200 122.0500 122.0900 121.7000 121.7300 121.5000 99.3700 121.1700 120.9900 120.9900 120.7900 120.8400 120.6200 120.6600 120.4000 120.4300 120.4700 120.4800 120.4900 120.4800 120.4600 105.6700 116.0500 104.0400 104.0400 103.3500
