120.1600 120.1600 120.9300 121.8200 120.8800 125.2400 125.6600 124.1300 120.0200 120.5300 104.4000 104.2800 104.1600 118.2400 122.6500 117.8100 117.8100 104.0600 111.5800 108.3200 108.8200 117.4000 105.2700 105.2700 103.0100 105.9700 102.8300 101.3900 101.1900 101.0300 116.2900 107.4100 107.4100 105.1100 106.3500 121.8000 121.6000 106.2000 100.9800 121.0900 120.8300 129.2600 120.4200 113.0900 120.0000 120.0200 119.7800 119.8500 119.6000 119.6500 119.3600 119.3900 119.4200 119.0800 119.0900 119.0900 119.0800 119.4200 119.3900 100.7500 104.2300 119.5600 119.8500 119.7900
131.6600 124.2170 119.9386 117.2643 116.4006 123.4945 122.6503 121.4496 122.0707 121.4805 112.9696 106.1893 105.4908 109.2817 120.9537 117.6896 117.2830 112.4238 110.5424 110.8261 105.8433 110.1186 107.3317 105.5899 103.0328 105.7941 105.3730 102.5192 100.7291 98.8200 108.0310 119.3299 110.3982 105.5364 104.8410 114.9066 104.7764 107.8532 115.7261 126.4391 120.5212 120.2281 113.9447 110.0961 120.5990 120.9439 111.3993 121.0016 119.3764 119.2118 119.1495 119.0726 119.0182 118.9909 118.9705 118.9609 118.9720 119.0317 120.0860 101.4817 112.8405 110.6060 121.0483 119.7900
122.6300 124.7054 128.5048 125.8003 118.5041 118.4109 117.9082 119.4793 121.0488 118.7440 122.2128 119.9215 110.4661 125.3291 114.8725 117.0126 116.2234 117.9648 100.0104 107.8779 102.5109 111.6807 106.5917 104.3500 104.8496 103.0719 103.8682 104.0473 99.8867 102.3519 102.2683 108.5998 113.3741 107.7959 109.0223 105.6126 119.8511 121.9425 119.5438 113.5732 121.7088 117.9751 119.5998 117.8013 118.5990 120.1990 98.8809 121.7043 118.9069 118.8205 118.7343 118.6545 118.5933 118.5513 118.5427 118.6270 118.5377 118.5899 120.7230 99.6530 99.4187 95.4892 113.9798 113.6400
110.4400 120.5847 126.5609 129.3081 123.7370 127.6125 118.3097 114.0295 111.7307 118.2450 120.7805 112.2457 120.9647 120.3891 114.3611 114.1972 114.7768 116.1559 111.5604 102.7746 102.3785 106.1014 103.8761 100.6395 103.0715 100.9406 105.4445 108.7772 101.7550 98.9201 104.1251 107.7786 103.6221 109.5642 114.2863 108.8821 121.1499 119.7374 120.1945 121.1185 117.0985 119.9508 120.6612 117.3439 103.5971 100.1271 109.5387 119.3973 118.4099 118.4162 118.2875 118.2175 118.1512 118.1063 118.1833 117.9505 116.8727 118.6271 110.6899 107.7970 101.8027 100.8803 102.1145 113.6400
125.9000 121.3087 121.2524 121.1903 121.8895 123.0881 126.6537 124.9156 112.4056 112.4007 112.3331 108.6458 119.5461 117.6227 114.5091 114.3752 115.3119 115.3505 113.5364 109.5226 113.2695 112.3912 108.4731 107.1105 105.8901 109.5398 103.7936 100.9921 110.5290 113.5112 105.5759 106.5541 107.8128 114.2700 120.4884 120.0878 120.7604 120.4491 120.0657 119.8998 119.7882 119.5530 117.3330 96.0856 108.9426 110.2680 111.6009 117.3614 119.4053 117.9169 117.8657 117.7282 117.6763 117.6431 117.4836 118.4423 98.4014 115.1212 96.8514 118.1852 102.2868 112.0165 113.7123 96.7200
122.1700 122.5272 126.0162 131.8632 109.7298 117.1319 116.5526 118.0960 119.7799 126.1062 119.1177 106.3435 106.0019 114.6945 116.3177 114.4690 113.0683 112.0134 113.4682 112.2664 113.2274 118.7206 113.1969 108.0711 99.9271 111.5881 105.9755 100.9962 102.8012 102.8301 111.3484 98.4710 120.6800 112.7707 107.4688 122.8621 120.2260 120.2220 119.9326 119.6959 119.4366 119.2987 123.0315 116.5349 94.5872 111.0918 102.9494 119.8057 101.7322 118.9422 117.3251 117.2486 117.1892 117.1255 117.1809 116.0761 110.5678 100.2131 110.0932 112.6345 132.5482 116.9870 118.6422 118.1900
122.5300 124.2592 123.4247 121.0156 121.6026 126.6693 125.0774 111.9640 114.4680 116.6003 114.2181 117.9919 102.2505 103.3506 112.2082 113.4996 114.7612 114.2953 116.0383 112.0943 114.7002 114.1638 114.8796 116.5036 103.5892 103.3124 122.5413 118.2263 104.7946 104.5576 108.0223 102.4795 118.7608 99.2185 103.7860 119.9356 120.2353 119.9170 119.6879 119.3170 119.0592 118.4892 118.3257 118.0709 113.6495 114.7339 115.0801 119.5799 112.2896 118.5866 116.8372 116.7319 116.6453 116.5751 116.5997 117.2519 108.1489 114.1884 115.3957 113.3685 113.6681 118.1080 118.2771 117.6800
123.5600 115.4867 122.9785 124.2651 124.6006 122.7284 122.2016 117.3003 124.6524 119.8372 111.5372 112.3512 105.9555 103.3610 108.1828 112.8761 111.3272 112.8974 113.7805 116.1071 106.6424 107.6243 116.8233 101.6173 112.2994 116.4533 105.7221 105.4434 116.5246 123.4683 121.8936 120.8102 125.8138 105.4451 124.6775 122.9093 117.8617 119.7537 119.3547 119.2835 117.2751 119.3300 117.8880 118.8758 109.4618 93.2023 114.0102 110.4543 116.5712 116.3601 116.2843 116.1831 116.0795 116.0680 116.0461 116.2104 118.9516 111.3325 115.8189 117.3719 116.6121 116.7833 100.9881 117.2500
123.2400 124.2922 125.6277 122.4093 111.3591 117.4989 119.3784 123.3704 114.3873 117.3634 115.1568 102.3455 103.2206 109.3496 102.9848 111.6781 116.7892 113.5935 112.8858 115.0945 112.0739 115.6814 102.8862 105.1238 117.2099 110.9941 106.9946 108.0231 103.3629 123.7132 111.0970 106.9769 113.9857 123.4813 119.3753 119.8784 120.1512 119.1905 119.5034 118.5088 118.8998 118.7709 117.6849 118.5589 112.7766 103.1592 108.2575 112.2903 116.2904 115.7859 115.7715 115.6177 115.5033 115.1323 114.1532 115.3960 115.0272 104.1571 117.6870 115.6291 115.8194 120.2947 110.8526 116.7500
122.8900 120.4276 121.6145 121.9479 125.4613 124.6562 122.0334 113.7926 118.2116 118.2415 108.1420 109.4789 106.0664 107.6882 104.7625 118.2080 111.0059 111.8352 113.5098 110.7709 111.5906 112.3562 116.6695 110.4329 119.6350 120.0491 122.8825 127.9346 129.1050 122.9476 122.8909 121.1173 122.0297 119.7143 120.0488 119.8184 119.6972 119.5282 114.4207 112.9645 117.9476 117.8712 117.7807 116.5011 112.5877 104.8912 110.9927 116.4422 115.7370 115.3257 115.1733 114.9265 114.7758 114.7827 114.7450 114.7053 115.3079 116.2932 114.9166 115.3961 115.3151 114.0150 111.4679 94.1800
113.2200 116.0879 111.4578 107.2980 120.0028 117.0167 108.3014 117.6188 107.9883 103.3311 106.9698 113.0607 103.5484 117.6252 119.7756 116.0853 114.6214 113.2951 112.5974 113.4212 109.7121 109.0270 107.6058 109.5129 114.5866 131.8465 131.0058 126.9958 120.4100 121.1444 120.6241 118.6115 117.8800 119.0352 118.8421 119.5978 118.9788 108.2823 107.1019 99.0745 120.2783 111.2385 121.5126 116.8327 111.8193 115.7016 114.8164 115.6196 114.9722 114.7820 114.5288 114.6433 114.4388 114.0359 113.9963 114.0529 114.0511 114.0445 114.4763 114.6218 115.3441 112.6663 110.6493 117.6800
123.0800 124.8368 122.6005 116.0358 109.3594 109.8275 111.5477 104.6723 107.9505 110.0227 103.7269 105.3721 102.5045 103.0697 114.5437 107.7902 109.1705 112.8963 115.9553 113.3399 107.7003 112.0344 114.4637 114.1918 125.2487 121.7284 126.2521 121.0499 121.5191 121.1974 120.7001 109.9057 92.2281 122.6268 120.0207 119.3361 119.7202 120.9686 120.7192 121.8808 117.9348 91.7711 105.3272 108.7372 115.8575 115.7258 114.9781 114.8018 114.4840 114.1249 113.8407 113.9835 107.9426 113.7929 113.1617 113.2491 113.4061 113.6155 113.7195 114.0447 114.2773 114.8801 112.8613 98.9600
115.5000 118.4155 114.1915 115.0009 116.7897 114.4395 119.0293 113.8172 112.8397 112.4690 105.1227 102.9058 104.2999 105.7889 102.5544 104.5323 106.1378 109.3002 107.4599 105.2245 103.1390 111.6968 113.2727 115.8899 125.8411 126.2724 121.5225 121.8337 121.0031 122.1001 123.6558 108.0345 130.1719 119.4074 118.8615 118.9759 120.3413 105.3783 112.1197 104.7162 115.1574 108.8469 95.7452 100.9617 116.9511 115.0417 114.6988 114.2207 113.8126 113.4434 113.1072 112.8311 112.5982 112.8358 112.3652 112.5071 110.6129 112.9459 112.9670 113.3037 113.7141 114.6965 108.6071 93.5500
115.8200 115.7119 115.3119 114.2189 110.0378 107.6686 112.8561 112.4020 113.3791 113.7029 108.2447 113.5796 111.9400 112.5234 106.4314 107.2405 101.4280 100.8493 103.6770 103.9124 114.0791 102.4552 113.7065 119.0005 127.2715 122.9796 122.0909 121.6059 122.6469 120.1471 108.5097 101.5266 118.4058 117.4586 118.8476 120.4749 112.0583 101.3575 110.9467 114.0923 118.1162 107.3411 96.5081 107.2592 111.2943 114.7792 114.0900 113.6370 113.1572 112.7101 112.3115 111.9737 111.6746 111.4165 111.4297 111.6943 108.3205 111.7768 112.1033 112.5735 113.0110 113.2811 105.9026 114.1300
115.8200 113.7102 115.6265 116.2057 115.4645 114.0235 114.1976 115.0116 111.8327 103.7638 110.6718 111.0285 110.5046 110.7281 108.6894 112.5313 112.8993 109.7696 102.8970 110.8339 108.6393 101.2396 101.8133 120.8971 110.9389 120.2550 121.1066 120.9884 120.1866 107.7762 98.8094 101.9560 116.5241 120.2032 119.1994 119.6580 96.4742 108.1211 115.1741 90.6556 102.4448 97.9684 113.0010 113.5902 113.2046 114.3369 113.5454 112.9986 112.4594 111.9389 111.4600 111.0327 110.7111 110.5019 110.3952 110.5033 110.7070 111.0237 111.2024 111.7511 112.2960 112.8764 114.3892 113.4600
127.2500 124.7411 124.7745 112.7531 113.9662 116.1140 117.1215 117.6784 113.1368 112.9148 111.4309 113.5583 114.9820 115.3022 107.0753 107.7095 104.3527 107.2479 101.6646 102.6402 106.4240 105.7291 102.4808 122.6219 107.9755 122.9870 127.2013 121.9587 121.2900 115.6754 117.6108 113.1921 111.5727 119.9764 118.9159 118.8577 105.9203 110.4656 109.6696 108.6305 117.4510 118.9363 114.4778 114.8796 114.3910 113.5348 112.9985 112.3579 111.7416 111.1205 110.5407 110.0125 109.5842 109.2949 109.1673 109.2051 109.4424 109.8442 110.3469 110.9073 111.5104 112.1528 112.7811 113.2600
127.2400 127.5393 126.9817 114.0893 115.8589 117.3413 116.4253 110.0954 114.6418 109.9487 110.8460 115.4114 113.6050 116.5577 110.7469 108.5226 110.9449 103.9702 119.2939 116.8658 123.0185 117.1012 120.8395 115.3159 107.0353 104.7654 122.7130 121.6199 121.0380 121.3456 118.5417 120.1943 118.9681 119.4664 118.9104 118.0694 119.6469 101.8420 107.6454 96.1093 90.5381 112.0796 108.2639 115.8271 113.6150 113.1273 112.4368 111.7242 110.9881 110.2572 109.5433 108.8845 108.3301 107.9398 107.7686 107.8611 108.1691 108.6714 109.2918 109.9979 110.7259 111.4687 112.1908 112.5500
127.2300 128.5978 113.8603 114.2847 114.0887 115.0697 115.1415 112.2337 111.1276 114.2636 112.6419 104.2736 107.8037 114.2544 107.2666 104.9890 103.9268 106.7741 106.3384 124.1334 118.6230 123.5212 122.7706 122.7910 121.8705 120.1211 121.4847 121.3844 120.9227 120.6379 120.1557 119.9594 119.6049 119.1905 118.7331 118.9583 117.8300 109.3285 96.2169 94.1405 109.4682 112.0565 102.4031 111.3412 113.2937 112.7026 111.8978 111.0944 110.2365 109.3581 108.4695 107.6290 106.8878 106.3368 106.0941 106.2123 106.6597 107.3401 108.1643 109.0435 109.9259 110.7828 111.6112 112.3300
120.4900 120.1163 106.9527 111.5603 113.3953 112.6303 112.1826 106.0500 109.7630 110.1848 108.8310 108.4085 113.3885 109.9855 112.9736 102.4509 103.7330 120.7128 110.5175 119.5201 122.3052 123.1591 122.6961 122.4412 121.9590 110.6693 116.8559 118.9232 121.0922 120.5737 120.2013 119.8544 119.5081 119.0888 118.4274 120.1409 96.7189 116.5759 117.8469 109.9243 97.2607 99.9931 113.3131 113.8677 111.9906 112.3171 111.3987 110.4796 109.5030 108.4459 107.3546 106.2399 105.2044 104.3961 104.0186 104.2088 104.8782 105.8425 106.9488 108.0542 109.1291 110.1333 111.0627 111.5300
109.9300 109.2832 108.3077 105.0636 105.4695 109.7601 109.4573 110.1545 109.9985 105.4590 109.4104 107.4526 105.3740 105.5877 106.6263 105.1001 106.6423 121.6102 115.2309 118.6135 120.6784 120.2481 122.5196 122.6441 122.7177 111.2207 102.1171 113.6061 117.6949 119.9751 120.2675 119.8186 119.4154 119.0094 118.6554 117.6956 111.3048 111.5696 116.0440 115.8078 116.4980 116.5810 114.2037 111.8998 104.6675 112.1291 110.7712 109.9399 108.8111 107.5613 106.2028 104.7259 103.2378 101.9324 101.2939 101.6119 102.7149 104.1882 105.6750 107.0869 108.3670 109.5385 110.6886 111.3600
114.3800 113.1922 112.5337 110.3930 109.1268 108.4592 107.0463 111.5121 108.7673 110.2823 109.8833 109.8712 110.3378 111.4942 107.6360 106.7574 105.5045 117.4940 115.9651 102.5749 125.3964 123.0180 122.4032 122.1543 122.0256 111.6891 123.1368 116.4745 121.2531 120.0329 120.1456 119.7334 119.3353 118.9573 118.5061 118.7697 113.7978 103.0511 118.4348 115.4518 115.1335 114.4219 113.9028 112.2912 113.3550 112.0037 110.5614 109.4632 108.2079 106.7589 105.0985 103.1682 100.9398 98.7056 97.2763 98.0313 100.1414 102.3862 104.4287 106.1876 107.7093 109.0123 109.9841 111.2200
116.4600 110.1477 115.4052 113.3643 115.7694 113.6755 115.3789 112.9397 109.2122 112.0823 112.6277 111.4893 107.0585 109.7310 102.7869 103.7305 103.8089 107.7396 120.1708 114.4629 124.4252 122.8221 122.9515 123.8666 123.9176 122.8384 123.8963 121.2986 120.8806 120.2440 120.1262 119.8216 119.4701 119.0568 118.4592 115.0319 107.4606 115.8434 107.9732 119.0776 115.2331 114.7461 114.0271 113.2869 112.2618 111.2026 110.3115 109.1126 107.7456 106.1309 104.1666 101.7201 98.5680 93.7603 90.5769 92.0206 97.0802 100.6397 103.3634 105.4668 107.2018 108.6866 108.3442 106.8400
119.3800 121.3334 120.2758 116.2611 119.2680 117.0456 115.0629 112.2914 112.9267 114.8448 113.5017 111.6716 105.8799 106.9524 107.3074 107.6856 104.9595 107.1383 116.8604 119.7485 123.2326 122.9334 123.9752 113.6115 113.2126 110.3569 111.1046 117.9316 120.7285 120.4436 120.0802 119.3430 118.6947 118.3615 117.8931 117.5558 103.2937 110.7181 107.3621 117.3346 114.7968 114.6355 113.8562 113.0653 112.2136 111.2655 110.1728 108.9239 107.4836 105.7585 103.6021 100.7320 96.6287 89.0107 85.5073 87.1126 94.0693 99.4269 102.6897 105.0397 106.9085 108.4293 109.8843 110.2600
119.7100 119.7669 119.6727 119.1494 118.9456 116.2824 114.3268 110.3029 111.4574 113.8983 115.3943 114.2392 111.4780 113.2093 109.1234 111.1426 104.4593 100.7476 118.7622 122.4904 123.6424 122.9380 124.2545 100.2607 97.1792 96.0711 101.3011 109.5740 120.8213 120.5085 119.9452 121.2953 121.3230 121.6632 119.6176 118.0007 120.1588 118.0819 124.4703 114.3362 115.6511 114.5433 113.8712 113.0476 112.1458 111.2180 110.1458 108.9094 107.4622 105.7174 103.5487 100.6231 96.2556 88.4824 84.6656 86.4354 93.6706 99.3005 102.6154 105.0001 106.8774 108.3998 109.6829 110.2600
113.1400 114.7143 117.1350 115.2717 112.9666 111.9791 112.0864 110.0459 110.1533 110.1990 111.6069 109.4554 109.6561 110.2383 105.9066 111.0712 109.2780 114.6262 122.3146 121.8636 123.2215 122.9674 124.0726 117.9202 117.3936 105.4525 112.3561 119.6770 120.6621 120.3878 121.1514 104.0373 105.2195 103.2652 112.8756 120.0822 116.8173 116.6514 118.8256 115.2104 115.3487 114.6023 113.8740 113.2939 112.4676 111.3040 110.2711 109.0637 107.6673 106.0264 104.0152 101.4549 98.0557 92.6107 89.3462 90.7008 96.3849 100.3239 103.1785 105.3492 107.1133 108.5902 109.8628 110.3100
105.2000 116.5126 106.6550 113.0369 116.4489 115.8958 111.7494 112.2276 112.4946 114.9514 110.4167 109.4333 105.7636 103.5835 106.6543 104.4429 119.4137 116.9412 120.9685 123.7479 123.2309 122.5667 121.2204 101.0213 124.7700 107.7440 112.9476 114.7873 121.0647 120.5239 119.4286 112.2740 95.1336 114.3188 117.5145 118.5044 117.5551 117.1479 116.3302 116.0785 115.3963 114.9006 114.2109 111.9263 112.2754 111.4539 110.5181 109.3812 108.0898 106.6068 104.8797 102.8290 100.5327 97.7846 95.9317 96.8840 99.5501 102.0120 104.1827 106.0240 107.5863 108.9393 110.1241 111.1400
118.7100 119.3179 118.0508 117.7899 117.6216 115.3692 113.1915 116.6822 116.1817 115.9534 110.2799 111.6561 107.6444 102.6243 103.1364 102.7449 116.5480 109.5421 124.9734 123.3282 123.2153 122.9063 120.3488 120.1612 99.5722 110.1215 110.2026 112.5795 121.2560 120.5537 120.3539 118.5001 118.0329 119.6313 117.9729 118.1234 117.6644 117.2503 116.7271 116.1860 115.4473 114.1231 113.8976 113.0077 112.6997 111.8057 110.8621 109.8244 108.6697 107.3746 105.9629 104.3901 102.7441 101.3031 100.5813 100.9453 102.2177 103.8196 105.4069 106.8888 108.2269 109.4225 110.5009 111.2600
116.2100 116.1535 115.6960 114.7736 114.4401 112.1206 108.7546 111.0105 118.0563 116.4119 112.2210 111.4411 104.0043 102.6187 109.3013 113.9151 117.4019 123.7219 122.6690 123.6348 123.2799 122.7457 122.5551 118.1031 121.4753 121.4058 121.8238 121.4903 120.8323 120.5701 120.1584 119.9170 119.6089 118.8351 126.7054 117.5131 117.6600 117.0544 116.6496 116.1460 115.9799 115.1869 114.3691 113.7193 112.9580 112.1648 111.2994 110.3550 109.3442 108.2604 107.1008 105.9136 104.8019 103.9156 103.4799 103.6890 104.4533 105.5011 106.6863 107.8537 108.9640 110.0116 110.9728 111.4000
118.0100 117.8589 116.9618 117.7400 118.3983 118.8940 111.0904 113.7572 112.3718 112.2343 111.3070 110.9623 113.4527 105.0656 103.5051 103.1934 105.8618 121.0809 120.5840 123.9820 123.2860 122.9808 122.9968 122.2642 124.1347 103.4590 116.9728 121.8375 120.8008 120.6357 120.2805 120.0074 120.4762 107.5218 118.3984 117.2807 117.8267 107.9838 116.5532 116.7612 109.4566 114.9604 114.4381 114.0376 113.3243 112.5764 111.7906 110.9549 110.0753 109.1645 108.2256 107.3448 106.5314 105.9378 105.6805 105.7977 106.2888 107.0447 107.9229 108.8402 109.7622 110.6530 111.4949 112.2000
117.7200 117.9955 116.1492 116.8828 116.7899 113.7004 108.0727 103.0814 106.0390 109.0201 108.4481 107.5055 106.3289 108.7118 105.8609 104.5213 122.2870 119.6855 124.1196 122.1706 123.4645 123.0148 122.6982 122.6020 123.2350 122.8675 120.8092 121.2798 121.0260 120.7384 120.4258 120.0316 119.8398 121.9722 96.2199 99.0892 111.7349 120.2180 102.2755 117.0081 116.3871 115.7342 114.9790 114.3302 113.7037 113.0284 112.3233 111.5883 110.8353 110.0613 109.3029 108.6173 108.0269 107.6076 107.4085 107.5710 107.8668 108.3810 109.0659 109.7991 110.5580 111.3466 112.1200 112.3800
118.9700 115.0977 112.1708 111.2999 112.7259 110.0701 106.2660 105.2582 109.1418 111.6730 106.0402 104.1204 107.5714 112.0192 113.6562 110.2272 107.0674 115.5406 124.0871 116.5283 123.4589 122.9583 111.1274 122.3412 122.2174 118.2737 119.7561 122.8885 121.1592 120.7018 120.1573 120.5088 118.9687 111.5334 104.3341 102.4262 109.7916 96.2275 103.0992 117.5348 116.1363 115.6814 115.2806 114.7031 114.1131 113.4976 112.8740 112.2246 111.5787 110.9284 110.3248 109.7722 109.3238 109.0313 108.7973 108.3421 108.6906 109.5842 110.0954 110.7173 111.3437 112.0062 112.2386 113.1200
127.3400 121.0039 120.8452 124.1784 116.2532 110.8149 110.4900 110.2437 107.5554 104.8512 106.9727 105.4146 113.6791 105.6164 122.1723 118.7989 124.1779 123.7490 124.9425 124.5548 123.4511 122.5955 104.6099 117.9233 120.8077 122.5532 115.8383 113.4925 121.6126 121.8838 122.3731 115.5537 103.9032 107.4861 113.2211 111.8532 116.5222 102.4812 119.0495 117.3021 116.6214 116.1516 115.6052 115.0834 114.5447 113.9899 113.4333 112.8668 112.3032 111.7628 111.2647 110.8176 110.4692 110.2737 109.8381 107.3772 106.9788 110.6127 111.0177 111.5755 112.1119 112.7297 113.1998 113.9900
127.3500 127.9301 127.4958 123.2047 111.8024 112.0826 113.1101 113.2331 113.0300 111.6469 108.6662 107.2052 117.4513 106.2452 116.8642 109.3648 123.6761 122.4828 123.8106 123.9232 119.2758 124.2292 121.7108 108.9096 116.2652 123.6495 108.9128 112.8163 121.7693 114.4345 112.4092 99.9112 102.7743 106.6651 109.8580 93.6460 108.4805 120.7555 115.5867 112.9540 116.9686 116.4231 115.9515 115.4752 114.9855 114.4854 113.9881 113.4890 113.0035 112.5482 112.1280 111.7693 111.4897 111.3582 110.8697 110.7354 97.3648 111.6957 111.9329 112.3989 112.8409 113.2976 113.7901 113.9900
127.3600 127.1290 115.8304 112.5902 112.1082 111.4022 112.0487 111.6975 109.7458 108.0268 106.9379 107.0818 101.1774 103.2411 110.3224 118.9279 118.8148 122.5909 123.8436 123.6765 124.6891 122.0631 123.2109 116.7152 119.5049 122.7794 124.5189 123.4602 121.8676 106.9105 113.6644 100.3476 102.1917 97.3754 95.9651 100.5488 106.1372 104.0854 107.7470 113.5483 117.4560 116.7486 116.3211 115.8720 115.4329 114.9749 114.5323 114.0958 113.6730 113.2908 112.9364 112.6331 112.4056 112.2737 112.1834 112.1174 112.7336 113.0161 112.7595 113.1600 113.5350 113.9432 114.3759 114.8200
127.3900 121.2815 120.6388 117.1307 110.9464 108.7180 105.6034 108.0977 107.4098 106.2855 104.9257 103.8084 104.8929 102.8259 101.0771 120.4056 109.6429 118.7839 124.1666 123.6685 127.1617 122.7457 122.0581 124.3212 123.0246 122.1239 121.6593 121.3223 123.9731 105.1181 110.6221 95.1416 97.2905 98.0582 101.8870 98.3346 106.0005 111.3232 120.3581 118.7435 117.4688 117.0194 116.5995 116.3169 115.8541 115.4745 115.0671 114.6846 114.3187 113.9791 113.6831 113.4298 113.2338 113.1103 113.0490 113.0925 113.1152 113.2576 113.4836 113.8743 114.1943 114.5485 114.9317 115.4000
118.0300 113.2260 114.6123 112.0051 106.4226 108.0158 107.2164 110.0778 114.2395 104.8165 104.1099 102.7563 122.1372 118.1332 103.3787 112.1816 123.7873 124.7583 124.0704 123.8619 123.1384 123.3246 122.7771 122.5647 124.1612 123.7163 123.2296 122.8281 116.3601 102.0980 116.2341 116.6895 101.1910 99.2077 97.4790 106.6268 119.8560 120.9217 117.0165 118.0288 117.7430 117.4835 117.6043 116.5759 116.3330 115.9375 115.5916 115.2497 114.9309 114.6378 114.3761 114.1584 113.9947 113.8857 113.8495 113.8618 113.9679 114.1240 114.3078 114.5352 114.8193 115.1288 115.4623 115.4600
113.4400 111.5152 109.3838 110.5228 111.8602 112.9370 104.4014 105.1276 105.8598 103.7635 104.0212 101.8319 122.5537 107.1978 103.0743 109.9844 117.0467 125.1351 124.3810 123.9962 123.8181 123.6570 123.5300 124.0789 108.0037 121.8834 116.9435 119.6265 120.0660 119.2863 122.1665 121.7077 117.9555 117.6290 116.9658 120.8947 106.5422 117.4441 118.5449 118.3660 118.7821 109.7468 116.8566 116.8545 116.7357 116.4666 116.0952 115.7899 115.5054 115.2486 115.0242 114.8381 114.7029 114.6083 114.5765 114.5943 114.6663 114.7804 114.9530 115.1704 115.4083 115.6907 115.9845 116.0900
124.0900 118.3305 110.9132 105.4004 106.9819 112.6808 103.5656 107.6137 107.9094 106.0109 102.8931 108.1294 115.3831 111.2524 125.0649 123.5971 124.2941 124.4424 124.3717 124.0852 123.8874 123.6402 123.4641 123.2289 121.5364 123.8182 107.3541 123.8909 121.6753 121.7660 121.3318 121.0813 121.0594 121.4168 120.7126 119.7282 118.2661 119.3963 119.6402 118.7431 118.4518 116.6029 118.2265 121.0587 117.1050 116.8841 116.5798 116.3072 116.0513 115.8332 115.6301 115.4712 115.3566 115.2800 115.2484 115.2612 115.3158 115.4272 115.5741 115.7594 115.9724 116.2153 116.4818 116.6500
118.3500 118.4118 103.8067 108.8631 109.4046 109.5366 109.0118 108.6649 117.7194 102.2190 117.0950 104.2772 125.6654 123.8924 125.1088 124.6795 124.7955 128.6540 124.0972 124.1646 123.9865 123.7599 123.5555 123.2117 123.0943 123.1943 122.0786 122.3170 122.1497 121.8314 121.5889 121.3068 121.0003 121.1172 116.5837 121.0664 118.9213 120.7084 115.9899 110.7955 119.0867 118.4091 118.1980 117.6203 117.5095 117.3026 117.0353 116.7848 116.6016 116.3745 116.2082 116.0677 115.9661 115.8935 115.8696 115.8802 115.9322 116.0210 116.1572 116.3129 116.5085 116.7238 116.9641 117.1800
118.4200 113.1284 110.6124 111.1262 110.1046 110.8656 106.5301 109.8844 105.5470 112.3175 109.5457 128.9249 118.9894 124.6224 124.1146 105.6574 130.0304 130.6562 124.0994 124.3139 124.0624 123.8355 123.6415 123.3740 123.2834 121.3876 122.2309 121.7369 122.1781 122.0011 121.7579 121.4831 121.2346 120.9531 121.6975 121.7927 105.6922 106.4030 108.1722 120.9059 118.5881 118.7991 118.5917 118.2332 118.1150 117.5930 117.5526 117.3789 116.9739 116.9428 116.7464 116.6210 116.5300 116.4725 116.4446 116.4618 116.5080 116.5847 116.7019 116.8430 117.0132 117.2068 117.4244 117.5900
118.4000 113.5024 109.2123 118.8196 111.2967 109.8142 111.4478 116.7146 114.1334 110.3368 114.0180 125.5665 113.7089 112.9230 110.2965 127.3759 124.7921 124.4222 124.6106 124.4427 124.2309 124.2021 123.6988 123.1800 121.3388 115.3164 124.0344 124.4362 122.2268 122.2229 121.9186 121.7117 121.4345 120.3463 112.4893 121.9866 112.9085 102.8954 112.9414 119.7400 119.3150 119.1021 118.8124 119.8722 119.4588 118.6138 117.7086 116.7695 118.1319 117.3869 117.2547 117.1467 117.0640 117.0148 116.9928 116.9965 117.0410 117.1099 117.2162 117.3385 117.4934 117.6674 117.8658 118.1300
118.6500 112.8037 111.2035 108.7021 113.7336 116.6947 112.7376 110.9709 109.3110 102.2238 116.8041 117.3762 111.8002 125.3794 127.1109 125.3897 125.2119 125.0661 124.6936 124.0686 123.7771 122.1031 124.8485 124.4812 123.7016 123.8288 118.3524 126.1631 123.1528 122.5785 122.0470 121.8778 121.3523 118.9853 112.2222 123.6829 121.6341 122.3176 122.7806 119.8373 119.8075 119.4236 119.1659 118.9203 113.8147 114.8460 118.3422 118.2336 116.3477 118.1147 117.7331 117.6383 117.5741 117.5233 117.5035 117.5202 117.5751 117.6350 117.7076 117.8428 117.9843 118.1081 118.2892 118.5700
108.6100 111.5254 117.4926 113.9807 111.3374 110.8910 110.1580 104.8068 112.5161 104.2682 102.0198 115.7919 118.0026 123.6061 124.5406 124.9120 125.2386 124.8830 124.8356 125.2013 127.1066 121.5889 123.3590 120.5351 120.7042 120.1940 111.7125 112.3361 123.0226 122.5467 122.2720 121.9097 123.3649 115.3654 119.7838 116.7679 120.8382 119.7033 111.2224 120.6756 119.9771 119.7391 119.4688 119.3794 118.6334 116.3790 118.8326 118.3035 119.5344 118.3138 118.1965 118.1113 118.0475 118.0021 117.9880 117.9953 117.9569 117.9704 118.1331 118.1230 118.2279 118.5881 118.6951 118.5700
113.1300 115.8851 110.0840 110.3822 106.4230 106.8327 105.7386 106.3178 104.3810 104.5899 106.7236 113.7109 121.0856 126.0773 128.9693 127.5122 124.6011 125.8809 124.9122 125.9314 129.9756 124.7028 118.1532 116.9057 125.4701 125.4080 123.3488 123.4908 123.1784 122.6025 122.8319 121.9996 121.0474 95.8703 103.9473 121.7658 121.7729 121.8352 120.8123 120.6934 120.2705 120.0666 120.0020 119.4374 119.6286 119.6486 118.9616 119.0107 118.7885 118.7468 118.6365 118.5580 118.4962 118.4597 118.4635 118.4581 118.4628 118.8877 118.6301 119.2855 120.0159 118.8071 119.1700 118.9800
108.3100 116.7447 111.8867 106.8445 107.1258 107.1302 105.2930 105.2775 108.3250 105.6723 114.4607 107.4330 110.6813 125.8591 128.2468 126.7461 127.6312 113.4487 125.8529 124.7268 113.4136 113.0013 124.6687 117.7064 123.6959 123.3472 127.0048 113.1302 126.2693 123.7200 121.8004 123.6930 124.3197 101.7183 105.7824 119.6521 117.7850 121.4753 120.9527 120.6622 120.5601 120.4327 120.1901 120.0705 119.8132 119.5191 120.0652 119.2541 119.2568 119.1469 119.0595 118.9873 118.9250 118.8952 118.7615 118.8985 118.9152 118.0585 115.1650 120.1916 106.9212 119.7619 119.6143 119.3700
121.6600 113.1187 108.8949 106.8295 104.7539 104.7315 110.6354 105.9155 107.3537 105.7376 111.1404 120.9371 121.7805 126.2147 125.8466 125.9214 113.3068 110.3396 125.4938 125.3785 117.4296 117.3338 109.5592 122.3493 123.6070 124.8328 107.8875 111.9426 105.5559 113.5179 107.5782 119.7189 108.7318 98.7007 103.8205 107.9956 113.8767 121.7805 121.1055 121.0474 120.8422 120.7117 120.2843 121.4906 119.8989 121.4602 115.9290 120.2986 119.6527 119.5293 119.4562 119.3835 119.3510 119.3115 120.0049 119.2479 119.4504 120.0385 124.3547 107.6615 106.8269 120.4153 119.9483 120.0600
107.8600 106.2939 104.9073 105.7859 114.1445 106.7457 107.6945 104.4794 108.4264 106.2951 103.6810 126.9268 126.5189 125.8606 125.8779 126.1611 120.6431 123.5255 125.3214 124.8296 125.3146 121.6746 123.4563 123.1907 124.5388 124.6136 119.4202 128.4044 100.9878 119.7562 114.7766 111.1108 121.6887 100.7512 101.8083 112.5469 115.7367 122.0914 121.4968 121.3003 121.1017 120.9973 121.4167 116.0481 121.8118 114.8536 112.4733 120.7176 119.9919 119.8978 119.8368 119.8000 119.6178 119.2325 113.6128 120.0808 119.6830 119.7141 115.9928 101.8013 119.3367 120.3532 120.2237 120.1100
106.0600 106.5707 117.5022 107.8095 107.8841 104.2940 112.1080 110.7145 106.5624 116.8917 131.7881 112.6195 126.3306 126.4569 125.9383 125.4640 124.3125 127.0081 125.4315 125.0209 125.0905 123.5473 122.6901 125.0209 122.1859 122.1694 124.1565 124.0514 121.5479 126.4087 113.2882 100.5986 106.7121 101.0348 100.8250 124.0514 121.7012 121.9266 121.7454 121.5680 121.4667 121.0485 126.2822 106.4736 107.4846 101.0059 112.7469 121.4306 120.3867 120.2519 120.2063 120.1607 120.0962 118.9604 118.4132 120.0397 120.0912 120.2380 116.5703 113.0950 120.9425 120.2516 120.5464 120.4500
121.9200 108.7808 107.2432 111.6338 113.5448 113.8336 114.4851 113.5391 116.9862 105.7635 120.3758 117.3828 123.2714 124.4241 124.5083 130.0628 105.4110 120.8028 117.8824 126.1060 125.1396 126.3935 127.3812 122.7139 124.5646 124.3390 124.0457 123.6639 124.9458 109.6687 106.5560 109.4986 124.1702 120.2038 122.0128 121.8395 123.1966 122.0050 122.0058 121.8850 121.5463 121.5306 113.8509 101.2847 114.6487 112.2222 110.3129 122.2699 120.6892 120.6109 120.5599 120.5113 120.4622 120.6399 120.5950 120.5249 120.4504 120.5085 120.7857 121.8160 120.4718 120.7713 120.8499 120.7800
112.3900 115.5072 118.4538 113.4433 113.6271 110.7448 119.0345 108.7822 104.4394 104.7304 105.9598 104.9964 105.4373 114.0383 102.6181 124.8910 107.6809 129.0565 125.7921 124.5419 119.3495 124.5669 130.0777 124.6142 124.3168 124.4886 124.2047 124.0984 124.0675 120.4335 103.9084 106.2893 117.4972 123.2360 123.9473 121.9932 122.8227 122.3156 122.2761 122.0926 121.7971 122.5387 97.0758 98.2284 103.2228 114.0303 122.0177 121.1282 121.0673 120.9617 120.8963 120.8570 120.8151 120.7874 120.7684 120.7743 120.8432 120.8197 120.8573 120.7602 121.0595 121.0897 121.1741 121.1000
127.8500 113.4974 113.6532 111.3009 121.4158 116.7063 109.8206 105.1156 105.3298 106.6874 111.0841 104.3517 126.0961 130.7608 105.4771 120.3316 126.6854 130.6088 121.4733 128.2825 126.4856 126.4041 119.4243 113.7551 124.1082 124.5726 124.3722 123.7513 120.3409 118.0606 104.8427 123.9838 123.4518 123.3913 123.0614 122.3243 122.8874 122.4879 122.4945 122.3534 121.5362 125.5483 100.2049 103.1777 98.9019 115.3377 120.9902 121.5496 121.3397 121.2761 121.2226 121.1809 121.1413 121.1187 121.1402 121.1026 120.4986 121.3223 121.1825 121.2777 121.3090 121.3873 121.4804 121.4000
114.4800 114.5151 111.9127 115.9154 109.2215 108.2598 108.2725 107.0513 105.2461 104.4275 116.6345 108.0638 129.2577 129.0153 116.9550 111.1616 123.3492 120.4024 108.8747 111.8790 120.4586 111.9620 105.6215 108.6240 114.6709 125.7477 124.2615 124.9682 108.4920 105.6576 107.9337 124.3022 124.0251 123.1390 123.0610 118.7786 123.3468 122.6683 122.6964 122.5054 122.1047 112.9506 103.4234 102.0503 108.4555 123.6989 121.7148 121.7518 121.6561 121.5946 121.5387 121.4945 121.4686 121.4518 121.3023 121.8603 110.4069 121.8866 121.3217 121.5620 121.6469 121.6997 121.7764 121.7000
111.9100 121.2889 110.9358 107.9754 109.1315 107.3279 107.5706 105.4214 105.9676 106.0100 115.4686 110.0321 130.7050 122.9791 111.2735 113.0513 112.2143 123.4047 115.3938 104.3370 108.2099 108.1513 104.0549 111.9614 119.8529 124.9963 124.7492 113.7804 108.6118 117.0483 126.1322 122.8989 120.6982 123.4419 125.6084 123.3839 123.1914 123.0071 123.8745 123.2047 123.5759 109.1100 106.0738 101.8943 95.3465 124.4416 122.1020 121.9926 121.9535 121.8936 121.8418 121.8058 121.7949 121.6958 123.0015 122.5046 105.1193 124.4073 121.4215 121.8762 121.9394 121.9916 122.0648 121.9800
109.3100 107.7975 108.1856 107.9480 109.7101 108.2341 109.7807 105.2007 105.1086 107.8075 105.5222 105.4887 129.1617 111.2249 119.9034 130.0505 128.5853 117.9668 104.8589 111.4528 112.7484 110.1983 106.1504 122.3449 128.9031 124.1918 124.7056 123.9192 110.7507 125.8598 120.3169 120.6638 124.1341 124.6698 114.2309 114.9755 120.9477 124.4559 111.7030 122.2676 122.8331 109.8667 103.5305 120.8145 118.7663 123.4643 122.4501 122.2772 122.2406 122.1838 122.1372 122.1183 121.8655 121.6520 113.1175 122.3381 116.3944 108.5427 121.8898 122.1610 122.2203 122.2776 122.3513 122.2600
109.5500 109.0723 108.6711 110.1790 108.9501 107.5245 103.4693 115.7679 109.7702 105.3179 108.4346 108.8544 126.8046 109.6087 107.6897 118.2998 126.6828 124.1835 114.0327 113.7515 108.9682 111.3625 109.8612 113.5134 124.3914 116.9409 126.5089 119.4602 116.9334 124.2236 126.1167 128.8361 122.4037 120.4632 102.8972 105.9762 108.9590 108.5066 116.7887 123.0392 114.2134 111.4793 117.7965 101.9695 124.1732 122.5339 122.6782 122.5788 122.5135 122.4689 122.4266 122.4235 122.3749 116.1658 107.0962 122.7251 123.1076 114.5303 122.0117 122.4569 122.4979 122.5516 122.6196 122.5200
123.1000 116.7561 120.0470 112.4241 110.9274 104.1696 118.3639 108.1069 115.1846 111.9022 113.9840 109.3850 121.4737 126.2149 113.5225 114.4608 127.3040 118.0633 116.2405 116.2332 120.9946 121.9296 118.3873 124.3749 117.8587 125.1388 118.7156 102.6860 125.9421 124.2207 124.0269 129.0113 124.0406 122.8467 105.4778 107.7358 100.7517 101.2406 123.4082 123.9024 114.4241 111.0413 108.0672 107.6856 123.7094 122.5501 122.6284 122.8389 122.7762 122.7244 122.6963 122.6894 122.5945 124.1756 124.3064 123.3243 122.3622 123.5665 122.8555 122.6710 122.7746 122.8269 122.8937 123.0300
117.3200 112.8284 107.2647 116.7002 118.1450 109.3396 111.8073 108.9875 115.9795 112.7614 109.3865 105.1849 119.4744 119.4516 114.4765 124.6214 125.7958 115.8794 116.2610 123.2469 127.5304 112.9907 125.8094 125.6493 127.0740 128.7738 117.0757 111.7826 143.2252 129.4876 126.1947 124.6440 124.8894 114.0628 98.4072 118.5387 97.4353 118.9343 125.8186 123.7129 122.8944 125.9088 110.4433 123.8959 123.1239 124.0699 124.2083 123.0211 123.1073 123.0735 122.9733 122.9417 122.8342 122.5523 122.6464 122.7855 123.2438 122.7816 123.0027 123.2859 123.0183 123.0807 123.1093 123.2700
109.3400 108.8593 107.2117 107.6544 108.5369 107.0593 117.6376 117.5517 122.7518 106.0360 105.4247 109.7984 113.0179 104.3426 127.7788 124.5100 120.4424 116.8983 112.6686 126.5144 109.7316 109.5833 116.0372 121.7053 125.6759 125.2693 103.3491 106.7776 115.7616 102.5955 126.6987 124.6345 124.5585 115.0589 121.7014 124.9818 123.1923 108.0252 126.0636 123.9044 124.2686 121.9189 124.6310 124.3763 124.6676 105.3315 122.1207 123.5898 122.9903 123.0299 123.2068 123.1975 123.2040 123.2420 123.2132 123.4960 118.4138 123.6013 123.1230 120.9843 123.5894 123.3065 123.2702 123.5100
106.7500 106.3433 106.4783 108.6665 127.4857 119.1128 119.0459 122.1179 106.1830 105.8235 105.5766 105.7096 107.0673 118.2019 128.1009 119.9451 117.6482 118.8025 114.9921 115.3666 104.8637 107.7255 104.8050 109.7566 125.5874 125.4990 106.4962 112.6125 123.7814 123.2001 125.3332 124.8850 125.1532 124.9457 124.9233 124.2864 124.6025 123.3335 123.7982 123.9028 125.5994 103.9532 108.7110 124.0317 124.6900 123.1225 124.7719 120.7637 124.5909 124.7721 123.4478 123.4364 123.4300 123.4104 123.4180 123.3889 123.3261 123.5204 123.8995 119.6359 123.6651 123.5452 124.0190 123.7400
129.3400 129.7168 109.8926 115.5964 124.0517 128.3125 128.1091 117.6156 103.4537 123.3414 104.5600 106.3261 102.5650 135.1457 121.1469 119.6077 124.3372 124.4728 113.0186 111.7057 109.6867 106.2004 105.2073 116.4657 126.3984 129.0892 107.2234 120.7960 125.3624 126.2886 125.1006 125.1434 125.0291 125.0283 124.8678 125.3785 124.8465 116.3177 123.6490 124.5127 118.4825 102.6475 124.7060 123.8307 124.1736 123.8062 121.4563 123.1870 106.1184 125.2166 123.8358 123.7797 123.6790 123.6703 123.6574 123.6837 123.6706 123.5762 123.6670 124.2503 123.9905 123.9309 119.8357 102.9300
126.5200 127.9681 129.4160 129.1738 123.4468 125.6058 126.8952 127.0647 125.4644 115.9397 108.3624 105.5312 117.8719 113.6818 112.4290 124.5025 126.1593 126.2177 127.4088 127.7405 125.0465 124.3039 129.5173 126.1961 126.5676 127.1161 112.9964 118.1930 125.5802 125.7198 125.4774 125.2202 125.2877 125.1706 125.0591 125.2654 112.0636 107.1333 117.6192 124.4660 124.2018 107.0369 106.8787 120.6854 124.2854 123.3045 124.3560 126.0192 123.8880 124.4691 121.9034 123.8962 123.9154 123.9080 123.8924 123.9047 123.9641 124.5299 123.9355 123.8342 123.8120 124.2936 111.2969 104.3700
129.0100 128.7931 128.6310 129.0587 124.6914 122.0381 127.3097 124.9813 111.6212 125.2782 116.2257 110.6042 103.7186 124.4457 105.5443 103.5272 109.5573 112.2046 116.4097 124.5233 126.1831 126.2641 125.8796 127.3182 125.4771 128.3636 117.3955 114.5688 126.1112 124.6475 125.7000 125.1993 125.4505 125.3411 125.2683 125.9819 119.9510 103.4426 117.7951 124.7278 125.2489 127.2978 123.6204 124.7116 123.1695 123.5397 123.6693 118.6106 124.1283 118.6616 119.0503 124.4558 124.1630 124.4160 124.5632 124.1586 124.1003 119.6407 122.7290 124.3536 124.7903 121.1055 99.4232 102.4000
144.8000 128.3035 129.0921 128.7783 129.0193 128.7278 127.7388 122.2243 128.2228 116.8229 121.1253 129.9002 106.7261 118.6949 106.1544 109.3334 106.0082 112.6619 127.2095 127.2641 127.4311 126.7661 127.0068 120.9764 115.6983 120.2120 115.4227 116.6186 113.8438 125.2188 131.0084 125.6322 125.6201 125.5210 125.4833 124.9255 127.1372 125.0967 120.2303 125.4516 124.8443 124.4428 124.8319 124.6406 124.8646 124.5665 123.3473 106.8609 125.5146 121.1996 125.4614 124.1693 124.7125 121.4973 121.5298 124.4349 124.7998 116.3743 113.5695 124.2511 117.3073 108.6431 102.1444 105.4800
144.8200 125.7800 128.9900 128.9000 128.7300 128.6400 128.5600 128.4600 121.5200 116.3800 125.9300 125.2600 126.7800 126.5200 127.6300 120.4400 119.4300 111.9800 122.2200 127.1300 127.0500 126.8300 126.7400 126.6200 126.5200 111.6000 104.3100 127.6100 125.5700 125.5700 125.8700 125.9000 125.7600 125.6600 125.5700 125.4700 125.4700 125.2100 125.2500 125.0900 125.1300 125.0000 124.8700 124.9000 124.7500 124.7800 124.7800 124.6400 124.6700 124.6800 124.5100 124.5200 124.5300 102.9700 102.5400 124.5400 124.5300 124.5300 124.5200 123.0100 123.0100 111.7400 102.6300 105.4800
