130.0200 131.4600 122.3300 122.3300 130.7300 129.4600 128.7800 127.9900 126.5700 126.9000 125.5200 112.1800 110.3500 116.3200 116.3200 111.7800 111.7800 121.1300 123.4000 125.5100 124.2600 124.2600 135.4400 118.1700 118.1800 118.1800 106.2400 116.4600 111.7900 111.7900 127.9700 108.4700 127.9000 116.7800 127.8100 127.7000 127.7200 127.7400 127.6300 127.6400 127.6500 127.5300 121.7700 127.5600 127.5700 127.4400 127.4400 127.4500 127.4500 127.4500 127.4500 127.4500 127.4500 127.4400 127.4300 127.5700 127.5500 127.5400 127.5300 116.2500 120.0700 127.6100 127.7400 127.7000
130.0200 127.4605 130.6669 128.6338 127.2356 129.0306 128.7756 127.5043 126.3570 125.4654 126.3798 116.2720 108.3453 121.7009 113.6184 109.0901 115.5792 121.8245 126.3697 125.1364 128.9789 117.6608 116.9420 122.0146 128.2906 114.9508 105.5384 119.8634 109.3834 108.4143 126.1008 109.1710 114.6531 110.4550 124.6297 106.8886 113.6021 110.5790 128.3928 127.6971 130.1919 127.7413 126.2217 127.4608 127.4087 127.4174 127.8190 129.5986 127.1519 127.3953 127.3545 127.3689 127.3789 127.3891 127.3993 127.4273 127.4416 127.5968 127.8559 112.6681 123.6892 129.3449 127.0983 127.7000
128.3700 130.4254 132.5966 128.7642 127.7938 128.0039 127.3283 126.0998 125.8881 124.6440 123.8056 120.9204 109.0354 114.1183 130.5504 120.3294 126.5460 124.8717 125.1269 127.5900 133.0752 116.2200 118.2614 109.2724 125.1676 102.4816 105.2805 109.4464 111.9707 115.2284 119.9686 127.9787 124.1731 127.9736 112.3834 110.9479 102.6783 135.8069 127.9059 127.5197 127.2313 127.2172 127.4228 127.2743 127.2465 127.3234 127.8898 111.8307 128.4693 126.9163 127.2399 127.2174 127.2159 127.2332 127.2377 127.2558 127.3349 127.2102 128.1566 113.9967 116.2941 121.3388 128.0255 127.4300
126.5600 118.1521 126.6931 127.1774 127.4504 125.7230 125.9168 126.7289 125.4869 124.4151 123.4998 125.7947 114.3999 102.0651 110.7650 128.7711 128.9455 127.2976 125.3837 123.2975 123.5514 109.9232 115.9363 123.8883 121.5138 109.4910 109.0635 105.5931 124.4731 115.4461 114.3177 132.0726 124.8201 131.4061 128.0762 115.3765 117.6013 127.4391 126.5197 123.4421 127.5481 127.1599 127.1084 127.1048 127.0839 127.1123 126.9023 126.4543 125.9688 126.9282 127.0462 127.0495 127.0535 127.0616 127.0724 127.1043 127.1761 126.9383 117.8088 113.7292 117.1012 105.1427 129.4086 127.2800
126.5600 129.4229 130.7269 118.7825 124.0075 125.7521 124.9481 125.0441 124.5769 123.6407 123.8822 121.7904 121.1495 119.1714 130.0635 130.7032 128.2432 129.4703 128.1602 123.3615 120.4612 120.8050 119.1115 115.5882 110.6351 110.1273 103.6718 113.6597 105.8010 113.1192 110.8622 118.0387 126.0431 128.0965 128.6795 127.9742 127.7854 127.3985 127.0372 127.0620 127.2804 126.9666 126.9514 126.9366 126.9551 126.7576 128.4189 111.9011 128.4024 126.4096 126.8721 126.8785 126.8812 126.8950 126.9494 126.9257 126.9395 128.5609 119.7824 121.9806 118.3040 114.3404 128.2346 127.1200
125.6600 125.3122 127.2232 123.8349 127.5021 123.6248 126.6108 123.8496 123.7540 123.1381 123.0238 123.1553 125.1275 112.4292 121.0988 121.3951 120.6685 126.3404 122.6219 127.3251 118.5882 119.2041 115.9112 121.1706 126.5231 122.0320 118.9343 114.7386 111.8784 117.2298 120.4862 128.2937 127.7710 122.1713 127.2044 126.7439 126.9146 126.9183 126.8722 126.8581 126.7912 126.8045 126.7894 126.7697 126.6928 126.3089 124.4090 103.1026 126.6860 125.9023 126.7278 126.7016 126.7077 126.7129 126.7596 127.8672 121.5414 113.6480 128.1551 130.4052 129.1024 125.4203 126.9174 126.9700
125.6100 125.6683 128.9946 125.0431 128.5056 111.3359 125.0253 123.6500 123.4402 123.6546 121.9857 121.4535 127.2782 123.9178 122.7378 122.8553 128.1621 127.9733 127.8112 117.9759 134.9094 123.6999 119.0175 114.9606 118.2823 106.3440 111.4480 110.0706 106.9776 126.5288 128.1485 126.9898 125.6047 127.2491 124.6535 126.9850 126.8494 126.7837 126.7456 126.7139 126.6843 126.6423 126.6155 126.6153 126.9440 127.2652 124.9297 106.3982 139.6106 131.8947 126.4999 126.4812 126.5343 126.5378 126.6869 127.0431 121.6197 121.3130 131.2226 125.9122 122.5499 127.1136 126.7222 126.8100
125.6300 126.5974 127.5409 126.7544 121.5255 121.3521 124.9392 123.6948 116.3853 123.6059 122.7848 123.6527 113.8679 124.1359 126.8375 126.1483 127.7013 127.6734 118.5460 117.9743 123.5828 119.5842 120.7145 111.5469 117.4665 115.1414 119.2168 107.3517 107.1216 122.0522 126.9850 127.0752 127.7760 137.9251 127.2181 126.4795 126.6601 126.6156 126.5741 126.5382 126.4939 126.4670 126.4360 126.4202 127.0825 115.7965 128.2370 119.8130 120.6901 125.5716 126.3109 126.3371 126.3587 126.3911 125.8678 125.9947 127.5546 128.7627 125.5072 127.0303 126.7211 126.5071 126.6884 126.6400
126.6100 127.7510 126.1424 125.8860 124.7746 125.4756 121.5611 114.3508 124.8041 123.5251 124.1970 129.6870 122.5435 121.6774 119.5029 111.7984 124.6941 129.3128 115.9425 111.7348 125.7076 133.9120 112.8403 118.6517 114.1670 114.8036 123.2455 114.5530 123.9606 120.5644 126.9227 126.9201 126.2528 119.3726 126.4240 126.6034 126.4952 126.4432 126.3982 126.3575 126.3270 126.2872 126.2539 126.2600 126.0003 128.2091 126.5253 121.9952 127.4191 126.3613 126.1755 126.1812 126.1458 125.7171 131.7680 125.6595 128.9837 133.0697 123.1201 126.3018 126.3578 126.4412 126.4539 126.4800
129.0500 126.7129 126.2966 125.2249 124.6700 123.6578 122.5623 123.2327 123.9561 125.2144 123.1206 138.8091 132.1742 123.0075 124.9412 125.6224 140.0001 128.5827 115.9271 118.2451 127.8155 110.8395 112.6936 114.8636 113.3292 121.0369 128.0523 127.0629 126.6893 126.2981 126.6284 126.6388 126.7199 126.9036 126.6195 126.3285 126.3144 126.2679 126.2192 126.1785 126.1439 126.1058 126.1109 126.0712 126.0291 125.9866 125.8909 120.4542 125.2766 125.4713 125.9687 125.9888 125.9672 125.7904 126.7124 125.7248 128.6015 125.8088 126.0744 126.1067 126.2423 126.2436 126.2870 126.3100
129.0500 127.7767 126.1258 125.3043 123.8389 123.4316 125.5067 118.5473 110.4991 119.5519 123.3729 131.0901 127.9191 131.7418 127.4266 119.2323 125.4033 123.9256 118.8028 125.7892 127.0862 122.4747 121.9638 119.9379 123.0053 121.9262 127.5547 121.9011 126.6835 126.6434 126.4657 126.4556 126.3652 126.2162 126.2240 126.2315 126.1401 126.0852 126.0425 125.9979 125.9521 125.9217 125.7538 125.6728 125.8945 125.8444 125.9047 126.2496 126.4418 125.6762 125.7854 125.7920 125.7088 126.4561 125.7609 125.7546 125.6166 125.8757 125.9207 125.9882 126.0090 126.0643 126.1088 126.1400
129.0700 128.0353 126.8730 124.7972 124.6616 123.8054 123.8624 122.9382 117.9069 104.8206 121.0133 121.6330 127.0215 122.2543 120.9947 117.2966 119.0624 117.3322 116.0972 118.8880 127.9269 116.9183 128.0277 112.0793 122.7747 119.8134 126.8843 126.8872 126.4943 126.4000 126.3449 126.2839 125.9137 126.1987 126.1353 125.9917 125.9579 125.9058 125.8554 125.8107 125.7664 125.7406 126.4236 126.6197 125.4232 125.6641 125.5722 125.5371 125.4048 125.4998 125.5807 125.6536 125.5934 127.5872 125.4615 125.6527 126.1749 126.2569 125.7090 125.7895 125.8385 125.8760 125.9286 125.9600
129.0500 129.5045 127.7647 113.3410 113.5950 112.5003 120.7030 120.5806 125.8544 115.9829 113.4803 116.3029 111.0521 121.3073 123.0031 118.3762 123.2707 118.5854 112.0594 115.2125 120.4677 123.8148 131.2182 109.3593 128.4304 125.2699 126.0043 126.2728 126.3121 126.2602 126.1778 126.1225 125.9657 128.4738 125.8029 125.8496 125.7702 125.7251 125.6730 125.6250 125.5663 125.5356 126.6374 110.1231 127.1906 125.0614 125.4604 125.4028 125.4294 125.4099 125.3866 125.4255 125.1942 125.2197 125.5021 125.8359 120.6161 124.8229 125.4947 125.6021 125.6499 125.6903 125.7419 125.7800
115.6700 127.0182 127.5980 116.0340 107.0253 118.8348 116.0715 112.0142 123.4345 122.8132 112.3939 121.6745 124.6162 119.8641 127.7025 125.6544 120.6962 117.4994 113.0589 107.3589 113.3178 123.8696 126.5377 129.5128 127.4523 123.5145 126.7098 126.2653 126.0801 126.0781 126.0025 125.8595 126.7896 126.4187 125.7764 125.6471 125.5892 125.5345 125.4807 125.4303 125.3671 125.4155 124.9917 126.2897 110.3240 126.4253 125.1905 125.1872 125.1779 125.1759 125.1809 125.2029 125.2493 125.2325 125.2596 125.2979 123.4242 126.0966 125.1504 125.4125 125.4541 125.5018 125.5468 125.6000
118.7400 127.5163 129.0524 124.0163 117.2465 122.8874 126.2589 120.8363 122.9911 122.3889 138.4063 119.7734 116.5379 119.3314 122.2872 129.0616 119.9476 119.1206 128.4721 114.0408 112.2565 126.8954 126.3259 126.1818 126.4000 126.5631 126.1727 126.7292 126.0495 125.9218 125.8325 125.6346 125.7977 122.2476 125.5599 125.4607 125.3929 125.3396 125.2839 125.2311 125.1933 125.1118 125.1531 124.9442 125.9264 125.6339 125.0186 124.9751 124.9787 124.9716 124.9726 124.9757 124.9824 125.0013 125.0391 124.9919 125.8406 124.8930 125.2146 125.1997 125.2585 125.3031 125.3198 125.4100
118.7400 129.4076 128.4199 124.2184 122.6058 117.6255 106.7013 115.3753 120.7958 130.3546 123.0280 121.4591 110.6894 115.0267 124.9582 118.6615 117.0735 112.6096 115.2672 114.3574 119.4230 126.5248 126.2118 126.2948 126.2150 126.0669 125.9366 125.9214 125.8003 125.7540 125.6503 125.5167 125.6377 125.5459 125.4011 125.2672 125.2015 125.1382 125.0786 125.0223 124.9747 124.9461 124.8844 124.9046 124.6475 124.6599 124.7845 124.7695 124.7592 124.7527 124.7550 124.7668 124.7808 124.7930 124.8296 124.8745 124.8060 124.9462 124.9486 125.0063 125.0629 125.0742 124.8716 129.1100
128.6100 128.7397 128.5672 126.8228 124.6623 120.6725 122.1523 107.7977 128.6592 122.5515 122.7052 124.0412 131.1726 120.5584 113.7479 117.6573 118.3591 110.7483 119.9742 120.8578 127.6067 119.3668 126.6784 126.1882 126.0641 125.9232 126.1786 125.7108 125.6761 125.5598 125.4733 125.3885 125.2802 125.1967 125.1305 125.1151 125.0124 124.9404 124.8978 124.8596 124.7756 124.7149 124.6840 124.6389 124.6443 124.6191 124.5728 124.5533 124.5404 124.5334 124.5355 124.5438 124.5585 124.5756 124.5931 124.6197 124.6621 124.6931 124.7468 124.7968 124.8557 124.9209 123.7557 121.5700
128.4900 128.6586 126.3480 123.0862 112.3591 123.7456 121.5490 114.5185 121.3417 130.3800 129.0911 120.8055 124.1798 120.9755 116.3044 118.5802 114.5445 114.6000 122.4519 113.2709 113.3290 126.1641 125.5920 126.1921 125.7928 126.2245 122.3262 125.5483 125.4606 125.3847 125.2924 125.1974 125.1194 125.0589 124.9868 124.7499 124.7342 124.7387 124.5855 124.4425 124.5324 124.5467 124.4716 124.3469 124.3936 124.3536 124.3347 124.3255 124.3104 124.3144 124.3159 124.3173 124.3324 124.3507 124.3822 124.4093 124.4426 124.4869 124.5346 124.5810 124.6424 124.7087 124.8057 124.8200
128.4500 128.4821 127.8590 121.4595 121.7351 123.3299 120.9199 118.5281 126.8398 122.4940 121.2765 121.1498 127.8420 119.7276 119.5118 111.6044 117.1357 119.0556 127.0569 116.7228 109.2459 126.5610 126.3120 126.1578 125.6134 126.1162 124.4088 125.9290 125.3421 125.2006 125.1075 125.0091 124.9236 124.8209 124.4807 125.1638 124.7677 124.1840 124.5230 125.1313 124.2660 124.2753 124.2961 124.8198 124.0912 124.1416 124.1101 124.0918 124.0810 124.0821 124.0838 124.0881 124.1028 124.1221 124.1514 124.1794 124.2217 124.2690 124.3139 124.3618 124.4358 124.4895 124.5350 124.6200
128.3300 125.0573 119.8345 120.7116 119.5115 108.6030 117.5974 123.5772 121.7086 126.4850 124.4554 123.3209 121.9739 118.0206 122.3385 111.7052 112.3876 114.9095 126.1330 130.0231 125.9358 129.2144 122.5806 126.0380 125.7776 125.4431 127.2633 123.6078 125.1703 124.9618 124.9193 124.8293 124.7058 124.6036 124.7034 121.0101 117.9302 122.9496 120.4883 123.2358 116.5409 124.1958 124.3991 119.0123 124.8699 123.7647 123.8777 123.8896 123.8449 123.8390 123.8418 123.8531 123.8624 123.8838 123.9174 123.9495 123.9867 124.0276 124.0811 124.1443 124.1984 124.2732 124.3549 124.4100
128.2900 124.9626 124.4445 121.0576 120.2026 117.5325 121.2299 119.5987 113.8207 115.4408 122.2048 128.6925 118.9842 116.1362 127.9351 122.0520 115.8920 110.7517 122.4052 130.7868 125.5344 125.5657 125.8091 125.5619 123.3402 109.5731 129.4496 110.4594 125.0395 124.8396 124.7268 124.6317 124.5342 124.3499 124.2713 109.5088 115.4786 115.6201 118.7703 124.7914 119.4148 124.2529 124.6819 109.3965 124.7730 123.4128 123.5389 123.3788 123.6296 123.5973 123.5998 123.6084 123.6220 123.6444 123.6752 123.7057 123.7480 123.8295 123.8932 123.9171 124.0174 124.0506 124.1297 124.1900
128.1300 127.3287 126.3869 120.0923 120.6936 123.8439 124.3705 126.8332 132.6561 106.4654 120.5787 115.6167 118.4228 121.1295 112.0834 122.6731 119.8561 114.7516 122.1544 131.3456 126.7573 125.5383 125.7155 125.4821 125.5041 111.8473 111.6598 125.3333 124.9878 124.5256 124.5530 124.4244 124.3458 123.8637 130.8330 105.3936 112.3867 120.6318 117.5585 118.4668 118.9922 122.4639 124.7641 115.4791 124.6190 123.2760 123.6256 125.1889 123.1606 123.3656 123.3400 123.3555 123.3774 123.3952 123.4158 123.5027 123.5682 123.4945 123.4963 123.6686 123.5559 123.8194 123.9057 123.9700
122.8800 120.6551 119.5219 106.4902 117.3425 123.4196 130.0647 123.0903 151.1861 115.8418 118.8970 118.9572 117.7054 127.5642 120.0456 114.6314 114.1893 122.6001 122.8602 111.8979 125.3333 125.4350 125.1345 108.5664 121.4610 110.8005 117.3453 124.6010 124.7189 124.5732 124.3269 124.2413 124.0482 123.2939 126.0233 114.4430 116.2249 128.7153 119.8113 117.4673 116.7831 114.7962 121.6288 112.6686 118.5681 124.7521 124.6397 123.7043 123.3290 123.1195 123.0868 123.1004 123.1144 123.1319 123.2524 123.2784 121.9084 123.5146 123.1539 123.5108 125.5072 123.5863 123.6729 123.7400
122.8800 122.9706 111.4169 113.8673 131.0330 119.4699 122.1278 112.1479 124.3139 119.1026 125.3973 116.6979 111.0942 115.1224 113.5025 120.5398 118.3258 121.3423 127.5045 117.8838 126.8499 125.2352 126.2137 108.4341 118.6454 114.6153 120.1538 122.1525 124.3750 124.1859 124.1560 123.9847 123.9816 124.1810 117.9579 116.0205 126.7055 120.1791 124.5600 109.8214 127.2015 109.6366 111.3176 117.5975 110.5640 122.3582 120.0503 122.8253 122.6635 122.8466 122.8242 122.8311 122.8481 122.8590 123.0158 123.4300 110.5503 123.8850 122.5329 123.0815 123.5630 123.2951 123.4439 123.5000
105.9300 109.6288 118.6897 124.8941 124.3490 119.8816 123.5888 113.5538 115.2343 124.2602 122.2830 118.5350 115.8248 110.7621 107.7729 116.4024 119.9148 129.0769 129.1538 125.3293 125.3168 125.0606 124.8398 123.0290 123.7672 126.6236 126.9437 124.0076 123.4914 123.9983 123.9364 123.8104 123.8376 121.6735 123.1438 127.0380 122.6468 114.5928 117.5114 124.4681 115.4095 110.0508 125.3936 124.0519 129.3785 122.5550 123.1846 122.7304 122.5845 122.5584 122.5459 122.5591 122.5747 122.6020 122.6867 123.0697 114.9249 123.3854 122.5674 122.9831 123.0179 123.1228 123.2174 123.2300
120.3500 117.5012 122.5230 119.9899 110.9089 118.7171 120.6160 103.1793 111.2923 126.2329 120.1245 115.6300 120.3678 104.5991 110.5147 114.5021 123.5687 128.2721 124.3254 124.8532 125.1029 124.9732 125.2215 123.2715 125.0181 123.9423 124.5733 123.2569 124.3375 123.8034 123.7365 123.5712 123.0883 123.3978 110.3495 121.3123 112.0294 110.9723 126.3784 108.3352 111.9536 132.2000 126.6127 122.1068 122.3460 121.9192 122.2047 122.2316 122.2629 122.2592 122.2604 122.2774 122.2978 122.3182 122.4064 122.5636 117.7847 123.2240 122.3968 122.6777 122.7832 122.8648 122.9697 123.0100
119.4700 120.2012 120.4304 119.9884 126.3273 109.8168 124.6152 110.9057 102.7484 108.4977 114.7058 125.6717 113.4026 112.0744 114.6999 113.3097 117.7345 110.1970 126.2510 125.0168 124.9636 124.8329 124.6765 124.5259 124.3334 124.2274 124.1697 123.9851 123.8561 123.6498 123.5335 123.4064 123.0865 124.7119 111.9902 124.7969 122.7865 115.7995 114.8524 121.0487 124.2321 122.7893 120.5842 122.0585 122.1382 122.1498 122.0468 121.9992 121.9751 121.9715 121.9754 121.9824 122.0068 122.0336 122.0884 122.0637 122.4417 122.1701 122.3521 122.4208 122.5168 122.6121 122.7167 122.7500
119.1000 119.1904 118.1511 120.0095 121.3875 117.6441 114.4501 121.2165 131.0921 110.6806 113.1885 116.5639 112.8570 113.1859 113.4646 110.4312 105.7711 118.3733 125.9214 125.0008 124.8046 124.6468 124.4041 124.3858 124.1394 124.0235 126.1800 124.0180 123.5809 123.4653 123.3121 123.1117 123.8391 116.9176 113.2734 102.0633 120.7652 111.8533 120.9266 122.9417 121.7517 121.9568 122.3345 121.9470 121.7917 121.7388 121.7101 121.6914 121.6682 121.6645 121.6682 121.6770 121.7044 121.7340 121.7872 121.8424 121.8108 121.9854 122.0599 122.1472 122.2493 122.3560 122.4673 122.5000
119.0000 119.1998 118.1890 120.6780 122.4491 120.3682 113.9489 106.6621 129.2070 125.2446 111.4211 115.1908 103.6483 111.0607 119.5993 111.4526 109.8933 108.8234 126.7136 124.5730 124.7451 124.4850 122.9988 124.8121 124.1431 124.1601 123.5377 123.5363 123.4192 123.2486 123.0916 122.9657 122.8227 121.9243 125.3890 125.7989 119.8621 115.0294 123.7663 114.7325 122.1010 121.7452 121.5549 121.5558 121.5158 121.4592 121.4131 121.3796 121.3597 121.3456 121.3507 121.3719 121.3904 121.4325 121.4648 121.5273 121.6149 121.6871 121.7740 121.8662 121.9734 122.0832 122.2070 122.2100
127.5700 127.1331 118.7237 119.7319 120.9382 116.5506 120.3651 105.8462 110.8004 116.2439 118.3550 115.2950 103.6859 104.7046 112.8216 127.7610 114.7856 111.1627 124.7971 124.5659 124.3738 123.8991 125.6070 123.6461 123.6309 105.1496 124.2969 123.0987 123.1955 123.0356 122.8861 122.6290 122.6391 122.5208 121.4445 122.8359 121.7143 122.4406 122.4239 121.1086 122.0182 121.4326 121.3605 121.2658 121.1920 121.1340 121.0862 121.0535 121.0304 121.0237 121.0288 121.0402 121.0741 121.1121 121.1663 121.2296 121.3015 121.3865 121.4814 121.5842 121.6899 121.8067 121.9407 121.9200
127.4400 124.4712 129.1671 114.4085 115.9922 116.8789 118.3297 123.3055 113.4751 112.0279 112.4089 124.1870 104.2785 110.6814 110.3097 119.2438 125.1245 126.3498 125.1214 124.4712 124.8802 123.7777 114.4441 124.5680 122.5424 126.4035 123.3758 121.6176 123.1185 122.8394 122.6743 122.5204 122.0499 118.8716 122.4059 121.7256 121.3931 121.7012 121.5655 121.2784 120.2465 121.1342 121.0239 120.9391 120.8704 120.8056 120.7508 120.7192 120.6982 120.6833 120.6846 120.7018 120.7365 120.7792 120.8317 120.9039 120.9817 121.0757 121.1728 121.2890 121.4026 121.5345 121.6680 121.6300
127.4100 117.7459 122.2188 108.9094 106.7373 106.7134 114.5978 115.8890 118.5926 113.4847 102.7809 113.8928 105.8697 110.6533 106.1077 120.2143 121.0915 126.4823 124.1496 123.9728 117.3332 124.0525 124.2841 123.3850 111.7231 122.6389 117.6074 120.4232 123.0620 122.5653 122.4382 122.2293 122.5776 121.4340 121.2325 121.3020 124.6023 120.1151 114.6724 120.8494 121.0683 120.8017 120.6967 120.6056 120.5280 120.4630 120.4044 120.3676 120.3420 120.3351 120.3353 120.3539 120.3870 120.4357 120.4922 120.5636 120.6531 120.7553 120.8602 120.9822 121.1078 121.2398 121.3860 121.5900
127.3800 117.5624 115.1012 119.3946 122.8880 108.7706 104.4759 102.6819 103.9140 115.9815 104.2435 110.7200 106.1007 108.0731 107.7085 111.2908 118.5251 122.2338 124.0850 124.2090 101.3254 127.5212 123.1671 125.1011 123.0600 124.3019 123.6494 123.8044 122.3323 122.5404 122.3910 121.8487 121.7225 117.4172 117.9448 121.2171 122.7970 121.1789 107.6594 121.1949 120.6292 120.4808 120.3710 120.2671 120.1744 120.1010 120.0473 120.0055 119.9773 119.9685 119.9682 119.9889 120.0257 120.0727 120.1429 120.2177 120.3159 120.4162 120.5353 120.6603 120.8009 120.9425 121.0955 121.3200
116.2500 112.6443 119.1146 111.8749 116.2511 118.0584 111.2967 114.2809 104.3455 103.9093 105.9282 112.5061 109.9919 118.2405 104.0503 111.6055 130.3146 124.5318 124.3768 122.5187 116.5469 123.7518 123.6539 123.0496 122.7831 122.7708 122.4193 122.3444 122.5582 120.9869 121.8503 121.7794 121.7196 115.6605 116.3007 121.3167 119.7873 120.6178 119.9836 120.1116 120.3318 120.1537 120.0080 119.9134 119.8250 119.7421 119.6737 119.6258 119.5931 119.5814 119.5840 119.6070 119.6425 119.7060 119.7681 119.8521 119.9623 120.0702 120.2034 120.3418 120.4877 120.6403 120.8088 121.0100
116.2000 117.2484 120.2460 112.2426 106.3617 106.1701 115.5850 122.6184 114.3319 111.3422 102.1062 105.2992 102.2085 112.1978 105.3315 111.6251 126.9900 124.3154 124.0845 123.7734 125.5550 123.5852 123.4117 123.2437 123.3405 124.3313 122.7710 123.4185 123.2070 120.6309 121.8088 121.5224 121.3716 121.2589 117.9987 117.9900 115.6780 120.4024 119.7597 122.7186 119.7961 119.7904 119.6671 119.5009 119.3514 119.3103 119.2943 119.2304 119.1915 119.1781 119.1863 119.2082 119.2501 119.3111 119.4155 119.5181 119.5919 119.7172 119.8520 120.0074 120.1590 120.3303 120.5030 120.6600
116.9400 117.1456 118.0825 110.0626 106.1975 102.6245 107.1617 105.6810 113.3418 114.0804 110.9760 101.3261 108.4899 107.4940 107.2064 110.1703 111.4679 125.2354 123.8514 123.8451 123.5446 123.4605 122.8537 125.5037 109.8368 110.0798 118.1890 111.6170 120.5541 121.8023 121.5924 121.3097 121.1498 121.5083 120.6644 117.0105 119.7804 120.2377 119.8157 121.5266 119.1852 119.4279 119.2874 119.1685 119.3076 119.1999 118.7110 118.8274 118.7737 118.7604 118.7640 118.7906 118.8401 118.9355 118.6028 119.0804 119.2123 119.3503 119.4951 119.6584 119.8304 120.0074 120.1972 120.2700
118.9600 117.7610 113.9710 104.1970 105.2623 114.8329 107.6819 104.0550 104.3441 104.7440 108.6782 122.8055 122.8370 113.4144 117.5103 116.0936 119.7092 124.1369 123.8220 123.7116 123.4498 123.3305 122.8648 120.9168 114.0542 109.9509 118.0474 119.5939 122.3314 121.3915 121.3079 121.0786 120.8418 120.6095 120.3710 120.5001 120.1153 119.6647 119.6309 119.1589 119.2397 119.0436 118.9134 118.6755 115.7785 113.5561 119.0339 118.3050 118.3321 118.3198 118.3272 118.3468 118.4068 118.4935 118.5321 118.7142 118.8073 118.9618 119.1297 119.2962 119.4894 119.6833 119.8850 119.9500
118.2600 115.0703 130.2597 103.7365 105.4418 108.9152 109.2636 107.1247 105.6558 102.9679 113.3560 117.9338 122.8790 123.8896 122.6937 114.1493 129.7765 124.1432 123.8195 123.5841 123.1998 123.0067 123.5578 117.4013 122.5643 111.1335 122.6605 121.6152 121.7214 121.3130 121.0605 120.8336 120.6007 120.3565 120.1408 119.8715 119.6745 119.3801 119.2469 119.0558 118.8251 118.6445 118.5215 118.1395 118.6299 111.5514 117.7347 117.8461 117.8677 117.8540 117.8574 117.8935 117.9524 118.0255 118.1382 118.2529 118.3987 118.5668 118.7194 118.9225 119.1276 119.3364 119.5664 119.5600
115.6600 116.0838 128.8352 128.4083 113.8273 105.9744 109.8263 107.9706 107.5826 104.3385 104.4604 102.7353 118.8049 124.6754 124.6930 123.6990 123.9532 123.8615 123.6417 123.4104 124.4866 112.6792 122.1527 121.9404 124.4681 105.2760 115.7522 121.1877 121.4682 121.0794 120.8437 120.5911 120.3445 120.0331 119.9612 119.4850 119.4959 119.2815 119.6443 118.5993 118.4483 118.2411 118.0996 117.8134 115.8342 107.0348 119.7277 117.0003 117.3921 117.3698 117.3636 117.4065 117.4681 117.5601 117.6698 117.8151 117.9694 118.1479 118.3387 118.8205 118.7241 118.9869 119.2414 119.4800
117.6200 118.1776 108.0293 113.2669 113.8012 115.8519 135.4386 103.3524 105.8933 106.2349 104.2844 116.2532 118.4950 112.2527 125.0163 124.1636 123.9022 123.7671 123.5201 123.3325 122.9590 123.3459 123.1706 122.3654 121.9407 122.1938 121.0139 121.7193 121.1109 120.8412 120.6182 120.3432 120.0794 119.8203 119.4941 119.2459 118.5400 115.8500 118.8150 118.2981 118.0450 117.8230 117.6002 117.4300 117.1447 102.9680 107.6864 118.1908 116.8006 116.8333 116.8422 116.8906 116.9553 117.0633 117.1954 117.3430 117.5211 117.7257 117.9153 117.7534 116.7927 118.7391 118.8737 119.1100
113.8700 118.2667 121.5136 114.1352 108.4641 109.0463 114.6762 110.3517 105.8231 120.9081 101.9956 123.7921 116.5785 119.2073 124.1200 124.1861 123.8262 123.6187 123.4023 123.1636 123.1114 121.3042 122.4247 122.2583 121.9057 121.4375 121.4575 121.3889 121.0410 120.6572 120.3830 120.1008 119.8220 119.5683 119.2684 118.9720 118.8982 118.4487 118.1268 117.8803 117.6237 117.3858 117.1694 116.7965 112.0517 104.5218 119.2007 109.7108 116.4379 116.3453 116.2988 116.3412 116.4235 116.5407 116.6819 116.8539 117.0587 117.2723 117.4628 118.0093 117.9896 118.3930 118.5547 118.7400
116.9500 117.5446 125.4086 126.2691 117.9883 120.1808 112.2048 114.8194 110.5277 129.4813 111.9987 129.6333 109.0734 124.3431 123.4650 124.0375 123.7438 123.5121 123.2873 123.0435 123.3068 117.3890 123.0921 121.7283 121.7120 121.6253 121.3055 120.9644 120.7005 120.4460 120.1527 119.8570 119.5615 119.2649 118.9644 118.6303 118.3376 118.0713 117.7528 117.4784 117.1962 116.9329 116.6721 116.6180 117.7604 113.2585 123.3960 115.9748 115.6758 115.7302 115.7054 115.7578 115.8499 115.9817 116.1425 116.3402 116.5597 116.8087 117.0674 117.2972 117.6043 117.8529 118.1325 118.2600
114.8300 116.0681 119.0378 121.0993 118.0358 116.8739 125.2970 123.4045 117.9574 107.6830 125.0912 118.4366 125.2513 125.4319 123.9828 123.8634 123.6996 123.4632 123.1716 122.9642 122.6907 121.6504 120.1269 122.8912 121.7649 121.3848 121.0914 120.8334 120.5411 120.2414 119.9356 119.6312 119.3557 119.0208 118.6654 118.3499 118.0316 117.7070 117.3848 117.0619 116.7591 116.4580 116.1845 115.7718 116.3827 114.6412 116.0109 114.8871 115.0378 115.0780 115.0761 115.1338 115.2355 115.3922 115.5757 115.7774 116.0546 116.3097 116.6124 116.7481 117.8460 117.5323 118.0412 118.2200
111.0200 112.7475 122.2982 112.1775 118.1412 112.3252 109.7449 110.0543 114.8170 112.4092 118.7747 126.4634 123.9897 124.1487 124.0012 123.7904 123.4148 123.1689 123.0948 122.8335 121.9911 123.0175 133.8758 111.9341 121.2920 121.0926 120.9688 120.6493 120.3415 120.0278 119.7089 119.3331 118.8659 118.8746 118.4067 118.0791 117.7016 117.3306 116.9877 116.6400 116.2992 115.9650 115.6505 115.3635 115.1063 114.8268 114.5298 114.6287 114.4355 114.3831 114.3912 114.4556 114.5849 114.7507 114.9731 115.3563 115.4918 115.8167 117.2116 116.4442 117.1478 109.6232 118.4546 117.6700
116.8900 109.5102 118.5391 115.3584 112.5036 111.7553 110.1804 107.9144 112.6480 105.3488 133.1046 122.1672 124.5716 124.1830 123.9284 123.7497 123.6612 124.2016 122.7936 122.6212 123.7976 124.4438 101.8041 98.4121 122.5822 120.1892 120.7848 120.4638 120.1625 119.8346 119.5149 119.3987 119.9236 118.8974 116.6179 117.6854 117.3410 116.9626 116.5911 116.2121 115.8372 115.4615 115.1063 114.7719 114.4673 114.1947 113.9796 113.7762 113.6685 113.6340 113.6405 113.7655 113.8754 114.0366 114.2993 113.9540 115.0171 115.1921 115.1761 105.9179 118.1971 111.9377 117.0349 117.6700
117.4100 108.9944 109.7291 109.7239 109.6846 108.7979 113.6161 107.5928 106.0680 112.4828 129.9013 125.1474 124.7363 124.0715 123.8738 123.6024 124.9743 108.4243 124.5267 122.1881 121.3637 104.7257 116.0115 115.9115 121.8993 120.6512 120.6171 120.3094 119.9866 119.6666 118.9970 118.5502 112.0780 109.9119 110.4082 117.9110 117.0455 116.6080 116.1893 115.7733 115.3550 114.9399 114.5447 114.1631 113.8105 113.4897 113.2203 113.0219 112.8833 112.8143 112.8589 112.7714 113.0625 113.2654 118.6832 114.9364 114.2468 114.7932 116.5315 107.3283 113.0436 116.6283 117.2132 117.1000
117.1400 116.1518 108.2319 108.1565 107.3006 108.7753 105.8740 104.1057 103.2537 105.7977 122.9830 123.4018 123.7576 123.8651 123.5121 123.4209 123.4509 118.8728 122.8280 122.3751 122.1977 116.2668 119.1371 120.2444 138.2036 119.0875 120.6731 120.1592 119.8261 119.4368 119.4827 118.7369 117.6878 103.0783 116.3380 118.0734 116.6871 116.1950 115.7960 115.3337 114.8638 114.4115 113.9306 113.4982 113.0926 112.7285 112.4121 112.1570 111.9903 111.9743 111.8009 113.6712 112.2246 112.4178 105.0081 112.6121 113.4116 118.3155 109.5458 106.9938 102.6435 104.5513 117.3876 116.6600
108.9400 109.7641 107.5628 110.7770 107.0326 105.5134 107.1156 103.2350 102.6177 103.8513 122.3634 104.6300 126.1726 124.0891 124.2600 123.7148 122.6573 123.4332 122.9802 122.4852 122.1529 122.3014 117.6955 120.7135 122.2403 120.5923 120.3877 120.0291 119.6997 119.4251 115.1504 104.1279 120.1724 105.1203 123.7423 122.1599 116.0892 115.9156 115.3914 114.8875 114.3908 113.8374 113.3901 112.9587 112.3587 111.9202 111.5319 111.2208 111.0163 110.9433 110.9533 111.2226 111.3494 112.2704 111.4354 112.8323 113.1184 112.6882 109.8833 104.8702 113.6246 116.0433 116.5377 116.5200
117.0300 116.5537 118.5528 117.7730 107.9544 107.7430 104.7292 102.7199 107.4638 120.7883 112.1076 123.2438 115.3404 119.0892 119.4732 114.4417 138.4264 121.4061 122.6892 122.3923 122.0947 121.7756 121.4803 121.1996 120.9152 120.4783 120.1993 119.9286 119.5141 118.7381 120.0383 103.9450 119.3658 117.8111 117.9501 116.3973 116.0465 115.5345 115.0126 114.4490 113.8881 113.3833 111.7127 110.6826 111.6332 111.0220 110.5601 110.1732 109.9105 109.7989 109.8463 110.0229 110.3959 110.6820 111.2855 111.8309 112.5617 111.6790 114.2191 117.3324 114.3468 113.9898 106.5581 116.0300
115.5600 115.9536 124.7815 117.9119 114.1969 123.3636 114.7298 108.6328 105.9228 106.9478 106.0370 105.5493 126.3048 124.1049 123.7530 123.4534 122.2500 121.3092 122.6142 122.3003 121.9469 121.6984 121.3689 121.0699 120.7699 120.4529 120.1082 119.7896 120.0114 109.8553 123.0140 119.6453 117.7395 115.8868 117.5724 116.5710 115.9298 115.1779 114.6297 114.0307 113.3915 112.7813 112.2006 111.5379 110.6693 110.0881 109.4930 108.9939 108.6511 108.4897 108.5436 108.7984 109.2242 109.7898 110.4061 111.0874 111.6707 112.7081 112.6994 113.2391 114.1275 122.0311 128.8222 115.9100
116.4200 117.4817 107.2725 111.6808 113.9421 110.9613 101.8882 113.9145 111.1649 123.4635 125.9697 125.8160 124.3069 123.6005 123.3295 123.1161 123.0620 122.7497 121.5234 122.5302 122.7381 122.0925 121.3632 121.0547 120.7183 120.3731 119.9801 119.8370 119.2012 119.6625 122.9861 118.4382 117.5360 116.6847 116.2282 116.2178 115.4928 114.9014 114.2851 113.6364 112.9476 111.9652 113.1051 110.6204 109.8614 109.0484 108.3049 107.6550 107.1832 106.9633 107.0433 107.3957 107.9672 108.6729 109.4636 110.2619 111.0752 111.8144 112.6259 113.3036 114.0742 113.9379 118.3569 121.7500
115.1700 115.1648 109.8600 111.7039 106.6024 106.7144 104.2850 102.1318 103.1524 117.2687 122.7567 123.6613 123.9364 123.8640 123.5803 123.3360 122.7568 123.6915 109.3566 122.6095 116.4879 117.6508 121.4435 120.9663 120.6318 120.2934 120.0210 120.2763 121.0945 118.2379 117.9959 117.8147 117.4712 117.0129 116.3773 115.5714 115.0999 114.5737 113.9674 113.2554 112.6063 111.4064 117.2079 109.1757 109.1113 107.9696 107.0043 106.1082 105.4376 105.1111 105.2236 105.7410 106.5486 107.4930 108.4754 109.4551 110.3941 111.2742 112.0923 112.8611 113.9322 114.6062 123.7517 119.2200
117.3600 111.3914 115.1473 113.7959 111.5776 105.6362 101.7987 111.0914 103.9206 114.3480 124.4485 123.9457 124.0145 123.7297 123.4766 123.2306 122.9815 122.5187 123.2924 123.0741 106.0247 111.6111 121.6849 120.7825 120.5709 120.2196 119.9504 112.8659 110.6164 123.1494 118.4126 117.9102 117.2691 116.7357 116.7047 117.3353 115.4973 114.8065 113.6559 112.9219 112.1262 111.2745 109.9645 109.1670 108.0552 106.8505 105.5738 104.3147 103.2849 102.7328 102.9323 103.7718 104.9432 106.2161 107.4767 108.6635 109.7581 110.7595 111.6823 112.5399 113.3541 113.0013 113.1401 102.4800
114.5300 107.6590 112.4363 104.6279 103.6049 103.5040 111.6844 109.8475 106.2065 107.3076 117.1249 124.2652 123.9728 123.7318 123.4778 123.2364 122.8911 122.9286 122.2162 121.9002 123.3462 123.2670 121.7645 120.8366 120.5462 120.2298 119.2861 123.2698 104.6091 121.1315 119.5350 117.7545 117.1417 116.5579 116.3243 108.2731 113.5177 111.3462 113.5975 112.6439 111.6637 110.3989 109.9126 108.6506 107.2240 105.7341 104.0459 102.2207 100.5252 99.5197 99.9159 101.3288 103.1660 104.9166 106.5203 107.9300 109.1874 110.3121 111.3128 112.2414 113.0756 113.7894 115.3782 103.1600
110.5600 112.0122 109.9980 112.6016 125.2088 115.9235 128.3718 101.6227 117.2966 123.6000 113.5543 124.5201 123.8469 123.6036 123.4217 123.2079 122.9017 121.0356 122.1610 122.0414 121.5405 120.9703 120.9233 120.8662 120.5116 119.8195 119.7079 124.7742 121.8591 119.4934 117.5238 117.7158 117.0852 116.6058 116.1741 108.8501 112.3888 111.8564 113.6129 112.4401 111.0766 114.2587 108.9890 108.0379 106.5235 104.7201 102.5571 99.8929 96.7268 94.0619 95.0510 98.4777 101.2944 103.7091 105.6770 107.3208 108.7344 109.9537 111.0352 112.0014 112.8506 113.6072 114.9602 115.0400
105.3400 106.3904 103.7516 107.9901 115.1099 117.7764 126.6516 120.1059 114.5398 126.0311 126.6897 126.4042 124.1565 124.0405 123.5590 123.2061 122.8694 122.5393 120.2456 122.0800 121.8504 121.6145 121.1777 120.6649 120.4089 120.1832 119.6519 112.6841 107.8116 118.7821 118.2372 117.5998 117.0536 116.5993 115.7034 111.3983 116.7829 112.5914 113.4321 112.3242 111.3302 112.1208 108.9756 107.7186 106.0346 103.9836 101.3381 97.8468 91.4046 87.7500 88.9092 95.0153 99.6934 102.7918 105.0789 106.9028 108.4255 109.7196 110.8537 111.8547 112.7870 113.5451 111.9231 115.0400
104.3600 111.5596 110.9604 111.8119 117.2938 107.8702 126.5936 125.8269 117.1932 114.7838 123.8138 104.3430 126.0182 118.2938 123.0783 123.0018 122.9544 122.8613 122.6566 122.0465 121.7900 121.3627 120.9492 121.6458 120.5180 120.4804 103.5832 116.8115 115.7009 119.0993 118.0103 117.5050 117.0368 116.5619 115.6762 109.8398 111.0394 113.1223 113.2255 112.2588 111.2953 109.9849 108.8150 107.5522 105.8262 103.6810 100.7998 96.6515 88.5252 84.3519 85.9300 92.7874 98.9578 102.3875 104.8300 106.7391 108.3096 109.6303 110.7798 111.7926 112.7464 113.6823 107.7566 101.8600
113.5400 115.4124 111.5827 126.4026 119.1986 125.1058 126.6615 115.4758 125.5979 112.4351 124.9432 98.0850 134.0163 123.4838 123.0369 122.9290 122.9369 122.6086 122.3244 122.0740 121.6114 121.9272 123.2876 108.4406 122.9832 122.1567 100.3165 106.5490 103.5369 120.6941 118.0011 117.5495 117.0433 116.5371 115.9045 113.8324 114.5545 113.9400 113.1444 112.2960 111.3377 110.2942 109.0666 107.6368 105.9656 103.8813 101.1705 97.3631 90.5244 86.6609 87.8227 94.3978 99.4608 102.6582 104.9978 106.8524 108.3922 109.6975 110.8307 111.8366 112.7310 113.5129 114.8505 114.5300
110.0800 114.5021 122.3196 111.3837 110.7499 104.1597 123.8493 101.8950 106.3044 101.4666 107.9684 106.4675 123.1638 115.5553 121.2593 122.9089 122.9908 122.6815 122.3739 122.0896 123.1242 112.1859 114.6146 107.0471 104.6044 109.4311 105.3862 107.1576 103.2736 114.7330 118.0993 117.6336 117.0889 116.5620 115.9651 115.4738 114.6982 114.0154 113.2502 112.4112 111.4817 110.4545 109.2921 107.9540 106.4082 104.5511 102.3024 99.4668 95.6678 92.5846 93.7596 97.9257 100.9429 103.5040 105.5437 107.2290 108.6608 109.8979 110.9978 111.9722 112.8300 113.5848 115.1809 99.4900
126.3600 126.1707 126.5306 126.0623 125.7602 125.4500 124.9487 128.3446 104.1673 128.6749 108.8736 102.2615 122.6167 123.0840 123.7459 123.3437 123.2185 122.7322 122.5375 122.1187 116.6376 111.0792 111.2418 104.0174 123.0740 109.3716 104.8283 101.6378 119.4059 118.3989 118.1282 117.6551 117.1574 116.6288 116.0791 115.4815 114.8466 114.1579 113.4109 112.6085 111.7198 110.7537 109.6723 108.4540 107.0861 105.5237 103.7323 101.7658 99.9392 98.6936 99.1806 100.8057 102.8186 104.6850 106.3436 107.8078 109.0887 110.2352 111.2613 112.1840 113.0309 113.7314 112.6368 117.3400
123.2600 114.8906 127.1075 125.5612 125.4519 125.3000 125.1120 125.5183 125.8524 124.5571 125.8598 125.1407 124.3563 124.6003 121.4385 121.2715 120.5348 121.5435 122.7071 122.0105 122.1247 120.7204 120.6855 119.5154 116.5832 100.7269 122.5690 119.4286 119.1646 118.6363 118.2054 117.7440 117.2512 116.7405 116.1935 115.6096 114.9987 114.3408 113.6311 112.8700 112.0384 111.1410 110.1560 109.0804 107.8967 106.6338 105.2612 103.9533 102.7686 102.1621 102.3859 103.3261 104.6137 105.9693 107.2870 108.5158 109.6417 110.6731 111.5977 112.5123 113.2519 112.3741 117.5302 103.8600
126.3700 127.2471 126.0475 125.9934 125.8102 125.5916 125.4265 125.0498 124.7679 124.6641 123.9544 123.9901 119.0442 114.8082 113.5572 99.8110 121.0122 110.0794 123.9091 121.9113 119.1944 112.5162 103.2821 105.1511 101.1554 105.2946 107.6641 116.5381 117.6146 118.6842 118.3118 117.8546 117.3756 116.8815 116.3513 115.7987 115.2061 114.5773 113.9073 113.1854 112.4197 111.5982 110.7222 109.7853 108.7917 107.7589 106.7271 105.7778 105.0395 104.6737 104.8109 105.3808 106.2503 107.2508 108.2936 109.3023 110.2693 111.1849 112.0180 112.5690 115.1519 115.6451 118.4421 103.5600
126.3700 125.6935 126.1097 125.8849 125.6926 125.4939 125.3083 125.1425 124.9553 124.7723 124.4915 122.4482 106.0180 105.0692 106.1675 118.6428 125.8275 117.3287 122.8334 122.1845 122.9659 113.6999 110.7335 106.6522 102.1758 104.3981 101.3678 101.6876 120.7546 118.9291 118.4414 117.9831 117.5276 117.0443 116.5369 115.9995 115.4389 114.8499 114.2185 113.5532 112.8513 112.1039 111.3266 110.5165 109.6771 108.8567 108.0566 107.3632 106.8495 106.6011 106.6881 107.0794 107.6986 108.4709 109.2714 110.1090 110.9361 111.7356 112.5718 112.5896 119.1463 113.6031 117.2703 100.9100
123.6500 126.2500 126.1300 126.0000 125.7400 125.6000 125.3300 125.1900 124.9000 124.7500 124.4500 124.2900 124.1300 123.8100 123.6400 123.3000 123.1200 122.7500 122.5600 122.3700 121.9700 121.7700 121.3400 104.4000 120.6600 120.4200 104.5100 105.8200 133.7800 118.8400 118.5400 117.9300 117.6000 117.2800 116.5500 116.1700 115.7800 114.9400 114.4900 114.0100 112.9900 112.4900 111.8600 111.2400 110.5800 109.1300 109.3000 108.5000 108.5000 107.4100 107.3600 108.4300 108.4300 109.2100 109.8900 110.5700 111.2300 111.8500 112.9700 112.4700 117.3800 114.9300 102.9800 100.9100
