128.6700 128.6700 125.6500 108.8500 114.0800 113.5300 112.3900 127.0500 126.4500 126.7500 122.5900 104.2900 121.4100 120.6500 125.5500 119.8800 118.8200 107.6300 108.6200 102.7900 103.5600 121.7000 102.0100 109.4000 101.5100 108.8000 102.5100 124.3300 115.7300 111.6600 107.7800 105.9800 110.1400 120.9700 110.5500 120.4900 98.0000 98.2900 119.4800 118.9200 124.8900 109.5000 117.7100 117.3800 116.6800 116.3100 115.9200 115.1000 114.6600 114.1900 113.2100 112.6800 112.1200 111.5000 111.0300 110.2100 109.5000 109.7000 108.7200 108.7600 108.7400 109.7300 109.5700 109.3500
128.6700 118.8634 128.0864 107.7030 110.2892 121.2006 119.5139 118.9711 126.2563 124.4314 112.2413 119.4935 111.3383 112.3335 123.1098 119.3518 118.9579 115.0245 116.9507 106.5593 116.9390 123.6460 106.5433 108.2939 103.4345 107.3783 100.8182 110.8921 107.2558 109.5243 111.5965 115.4357 109.3250 111.9458 105.3096 111.2293 104.9463 97.3915 110.3137 119.1438 119.8305 117.5922 117.5822 117.1681 116.7866 116.9143 115.6417 114.9882 114.4501 113.8322 113.1905 112.5172 111.8196 111.1076 110.4060 109.7286 109.1104 108.6022 108.2456 108.0991 108.1979 108.5060 108.9777 109.3500
126.8200 114.0502 120.6309 109.0119 108.4380 116.8904 116.6158 105.6259 114.1072 112.2607 102.1275 117.3099 109.7698 115.5799 121.4555 122.7508 117.8240 112.9210 113.0725 112.6851 115.0134 121.7695 120.7236 111.1463 112.8993 116.0382 103.2215 109.2197 104.6339 105.8431 107.4926 110.1264 107.5721 103.5145 101.9804 101.9728 117.7621 110.5649 108.2382 119.5543 115.0544 118.0878 117.8117 116.9160 116.0900 115.0715 116.0069 114.9208 114.1138 113.4315 112.7215 111.9707 111.1733 110.3548 109.5109 108.6578 107.8767 107.1909 106.7050 106.5089 106.6344 107.0554 107.7050 107.8600
112.1800 113.6097 111.7401 110.4304 110.3361 118.7250 105.8403 104.9300 104.7408 103.4954 104.0962 102.6594 119.4247 124.5086 110.4434 109.3022 114.9269 104.3004 102.2379 103.0288 103.6642 104.0972 124.5075 130.1078 111.6076 113.1281 107.7961 108.6643 112.8321 113.4806 116.1868 111.3580 104.2681 99.7072 100.6016 117.1376 118.9446 121.6251 121.1476 119.0409 118.3992 117.7663 117.3074 116.9045 114.5997 126.2635 110.9572 114.1187 113.7195 113.0776 112.2836 111.4554 110.5539 109.5985 108.5830 107.5342 106.4959 105.5512 104.8538 104.5385 104.7385 105.3622 106.2777 106.4500
126.9700 125.3202 111.7400 110.6159 112.4760 119.4946 110.5490 105.1875 106.2809 106.2407 104.4736 106.7343 105.6808 109.4839 101.6653 100.2434 119.8867 100.5051 102.3979 101.8113 100.4284 102.9396 104.7767 106.5110 103.6808 100.2342 111.8674 98.5788 107.6557 114.4666 133.3920 117.5707 117.6757 115.9520 108.5180 118.5962 118.6491 119.0578 118.5395 117.7260 118.0764 117.6278 117.1881 116.7520 115.6485 125.6354 110.8654 114.1525 113.3732 112.7489 111.9002 110.9821 109.9816 108.8784 107.6789 106.3699 104.9844 103.6290 102.4991 101.9742 102.3081 103.3371 104.6690 104.6700
126.4700 130.4184 109.0663 108.6047 115.6918 126.6877 105.2758 105.8910 104.7879 103.5054 104.4486 104.5664 102.7433 101.9143 101.8616 118.8975 119.5100 118.6058 111.3226 101.5337 121.3683 103.8871 103.7341 103.1338 104.8809 109.6541 111.6249 104.3022 98.8330 103.8352 116.1442 107.2456 123.4723 122.5847 123.8293 119.8215 119.7080 119.4551 119.0113 118.6161 118.0715 117.5943 117.0869 116.5581 115.9591 116.0347 114.7847 114.1232 113.2493 112.4724 111.5833 110.5874 109.4842 108.2358 106.8383 105.2250 103.4042 101.3648 99.5059 98.4206 99.1042 100.8935 102.9326 104.1700
126.0700 113.7665 116.1187 119.9386 113.8465 120.8223 106.3123 105.3592 103.8634 119.5186 104.8398 104.7133 106.8205 122.9237 103.3237 106.0359 104.6511 104.3168 104.4989 103.2554 104.1168 102.8130 101.9331 101.8432 101.6293 109.2715 109.6979 111.9279 121.3686 119.2327 104.4940 106.3782 115.4430 110.5997 124.3424 120.2870 119.5657 119.3040 118.8830 118.4483 117.9915 117.5100 117.0034 116.4552 115.8855 115.2398 114.6063 113.9209 113.1172 112.2778 111.3410 110.2832 109.1006 107.7331 106.1438 104.2218 101.8621 98.8955 94.7183 92.0350 93.8135 98.1263 101.1955 101.9800
109.6200 110.6961 129.1847 107.6975 109.4390 107.7862 107.0634 108.0814 104.9934 106.8280 104.2181 104.9374 103.9086 103.8270 117.0086 107.8183 109.0286 108.4228 107.9869 107.7325 106.6600 107.2585 106.1826 102.3842 101.4423 100.0913 117.2811 114.8148 121.5518 121.8358 121.4627 117.6740 107.9083 110.2948 126.9131 117.6199 120.4128 119.2644 118.8509 118.4369 117.9536 117.4894 116.9518 116.3709 115.7544 115.1799 114.6615 113.8437 113.0361 112.1623 111.2000 110.1039 108.8643 107.4211 105.6890 103.5326 100.6739 96.5939 89.3891 86.2530 88.2454 95.1275 99.8458 101.6100
107.2200 109.3985 110.3870 109.8204 108.8252 109.4629 103.9651 120.7097 106.4389 108.6089 106.9386 108.0265 104.7982 105.3001 118.7202 120.4124 106.0465 107.2997 106.4266 107.1558 112.2555 109.9162 106.1833 102.9877 100.6169 107.0752 123.4432 116.2537 121.3899 123.2313 105.7092 109.9748 124.5250 121.5078 121.3999 119.4681 119.8993 119.2846 118.8126 118.3874 117.6142 117.7486 117.3107 117.0560 116.2186 122.1644 121.1968 113.3732 113.0204 112.1379 111.1581 110.0649 108.8034 107.3369 105.5755 103.3540 100.3433 95.7864 87.7113 84.1060 86.2233 94.0706 99.4866 101.4700
105.9600 108.6833 107.4758 106.8707 107.7997 107.8255 108.0750 120.8610 110.0567 108.0116 109.1543 109.7906 105.6958 105.2714 120.1899 117.9524 103.8754 105.0748 103.7172 103.2148 106.5652 118.1744 100.9257 102.2584 105.6283 109.5657 122.7498 111.8746 121.4262 123.7666 108.7127 116.1491 125.9603 120.6592 121.0946 120.2222 119.6802 119.2003 119.1121 119.0896 115.3833 116.9135 113.7532 113.0832 113.6171 125.2731 118.1788 113.7031 113.0100 112.1922 111.2354 110.1517 108.9245 107.5057 105.8100 103.7165 101.0078 97.2417 91.1076 87.8067 89.7304 96.0911 100.2703 101.5900
126.5200 128.0259 127.0425 124.3688 126.7982 125.0709 123.0052 116.9513 110.7891 110.2780 108.9148 108.9704 109.2277 116.8177 126.7462 113.8822 122.8740 123.0487 110.4713 111.1084 112.0448 107.5276 105.8116 106.8033 124.3378 111.5208 121.2152 111.6276 122.1918 123.7526 123.3032 121.7535 122.0102 120.7615 120.3487 119.9576 119.4863 119.8686 116.0047 115.8181 105.2524 115.0396 99.8064 103.4491 105.5813 120.0934 109.3534 114.4031 113.0836 112.3306 111.4088 110.3791 109.2109 107.8861 106.3469 104.5295 102.3462 99.6365 96.3174 94.3726 95.9158 99.1450 101.8013 103.7400
127.5800 126.2447 125.4642 123.9921 122.9051 123.0949 116.2794 114.3564 115.8336 109.4843 110.5224 110.3244 109.9944 120.0148 124.3508 115.5093 115.9444 113.1112 118.8218 120.2888 112.7152 113.9544 113.5811 113.8711 125.3021 118.2217 122.9985 123.1557 122.2356 121.8661 121.5104 122.1480 121.1924 120.8056 120.6358 120.5852 120.5516 115.2083 110.1728 107.7809 107.8713 106.1212 106.1800 119.2541 108.3498 121.1341 111.3828 114.5154 113.3172 112.5568 111.6798 110.7093 109.6367 108.4442 107.0999 105.5960 103.9231 102.1224 100.5622 99.7452 100.3132 101.7573 103.5532 104.1300
126.0000 126.2761 125.0363 123.8803 123.4325 123.2967 124.5783 122.8145 125.0464 127.1498 123.1416 126.5511 120.4286 118.6161 116.3943 113.7775 120.7553 120.1381 123.0920 129.6071 114.3274 112.5338 110.7692 115.4058 128.7996 124.5675 122.7034 122.5294 122.4589 121.9319 121.8547 119.2338 121.4506 120.8510 119.2752 116.4386 113.3100 108.0902 110.6993 113.5843 112.4986 115.4812 111.2015 115.4282 112.7638 114.7849 115.1570 114.2552 113.6140 112.8447 112.0209 111.1352 110.1697 109.1172 107.9739 106.7624 105.5208 104.3043 103.3304 102.8919 103.1798 104.0640 105.2307 106.3400
125.0200 126.1352 124.4345 123.0753 122.5976 122.2887 122.2022 123.1648 123.9800 130.3136 132.4885 126.8195 120.6839 117.2380 111.7169 110.0336 113.6465 122.6573 113.1445 122.3015 107.1671 105.7360 105.3656 111.5968 122.3437 119.1196 123.4128 122.5089 122.3047 123.1891 122.6274 105.4672 104.7132 110.2665 113.4477 112.4427 108.0198 116.5301 118.3284 116.8010 118.9850 118.2321 117.9937 117.2267 116.8558 115.9264 115.1951 114.5554 113.8970 113.1868 112.4250 111.6191 110.7610 109.8516 108.8955 107.9214 106.9771 106.1107 105.4901 105.2227 105.3981 105.9522 106.7649 107.7700
125.0100 120.3407 125.2277 124.5078 123.9838 123.6713 119.2329 115.5601 117.4226 118.8801 124.3581 112.4132 106.9316 103.9384 104.2878 105.7213 101.5509 115.4162 116.3704 123.0641 119.7361 113.6597 108.0309 135.4320 128.7242 121.8846 122.9229 123.5670 122.5514 114.4570 114.2531 110.9587 106.8436 118.6703 118.9620 117.8714 117.7447 119.5629 124.1939 118.5982 118.1953 117.9422 117.5173 117.0750 116.3830 115.9631 115.4315 114.8423 114.2079 113.5687 112.8296 112.1527 111.3876 110.6115 109.8132 109.0312 108.2948 107.6735 107.2368 107.0629 107.1717 107.5603 108.1497 109.1000
125.1600 124.6403 126.8534 112.1307 116.9844 115.3511 113.7491 112.8349 109.9350 111.7634 112.9812 117.5582 118.3406 116.3754 118.1120 123.1718 117.9161 121.6345 121.3789 121.2866 122.0201 111.2000 109.6538 118.0597 114.1816 123.9654 122.8745 114.7607 113.4787 120.6205 120.1522 113.5520 124.3236 121.3999 121.0708 120.6684 119.6949 127.8107 118.8646 119.2542 118.5149 117.8174 117.4827 117.3098 116.7365 116.2364 115.7023 115.1638 114.5508 114.0792 113.5339 112.6893 112.0346 111.3587 110.7208 110.0567 109.4855 109.0274 108.6992 108.5726 108.6535 108.9343 109.3753 109.2900
125.5900 124.5045 124.2352 124.7011 122.8085 122.8587 123.8339 125.8251 124.4646 118.2511 136.3898 120.8679 120.1484 119.8981 119.7590 127.0572 124.0301 118.2152 103.9254 103.8635 103.1755 102.8996 100.0595 113.3065 111.8163 110.4365 122.9472 121.7182 121.7619 122.1012 131.2988 131.7166 125.2536 120.9464 120.7795 120.4719 119.8912 124.1888 119.0243 118.8150 119.0719 119.2689 122.5056 117.3300 116.9446 116.5085 115.9985 115.4688 115.2424 111.7600 113.7520 113.2511 112.6949 112.1118 111.4991 111.0020 110.6139 110.1929 109.9533 109.8490 109.9261 110.1385 110.4781 110.4400
128.1000 127.9427 128.2077 123.3572 122.9466 123.8025 123.5283 125.8297 127.0731 125.5859 140.4182 123.0405 121.2045 103.1912 104.0973 104.3635 103.2110 105.0540 115.2202 121.3268 100.5846 107.1564 115.8679 107.7737 108.6235 128.9760 124.1968 122.9563 124.1156 110.1254 114.1767 121.2901 121.1101 121.3616 120.9749 120.6276 120.3206 119.6143 125.4360 118.9067 118.5270 126.0725 117.2628 117.9403 117.2066 116.7778 116.3183 115.8373 115.3541 114.8785 114.2456 113.8377 113.3260 112.7400 112.4934 109.6718 111.5422 111.2566 111.0461 110.9554 111.0290 111.1927 111.4732 111.4500
128.1100 127.9801 126.5336 123.3094 123.0826 122.5609 124.1232 127.7638 105.9920 105.7005 102.8037 111.8176 109.8716 104.6436 103.7800 104.1014 103.7074 105.3247 122.6491 117.2995 104.2679 120.2239 124.4917 108.8624 109.5419 113.5748 122.2314 123.0246 123.2282 122.8702 122.3419 122.3568 121.7534 121.3598 121.0818 120.7764 120.4326 120.3399 121.4156 105.4939 118.8239 121.9126 119.2696 117.8458 117.5459 117.1087 116.6373 116.1988 115.7473 115.3086 114.8288 114.3908 113.9481 113.4637 113.2228 111.9562 112.7473 112.1758 112.0554 112.5290 112.1302 112.1681 112.3567 112.3400
128.1200 127.9506 127.0262 125.9046 121.6542 100.8943 125.8639 120.3611 124.0998 118.5350 108.6053 104.9488 104.0501 104.8609 108.0572 107.5178 102.6625 113.7213 108.8379 121.8801 114.6833 126.6108 124.5478 123.9273 117.7260 114.4305 118.3402 121.5209 122.9411 122.3587 122.0875 122.0831 121.7765 121.5084 121.2084 120.8986 120.5738 118.1737 117.9077 106.7854 106.0462 130.2260 128.2711 119.4913 119.6877 117.3772 116.9774 116.5815 116.1520 115.7300 115.3312 114.9150 114.5529 114.1588 113.7703 113.6129 113.2125 113.0658 112.5858 115.8188 115.0239 112.9225 113.1879 113.1500
128.1300 128.0061 127.8345 128.3344 109.4554 104.5977 103.5720 108.1392 106.9837 109.2231 124.4049 111.8065 115.0636 108.7103 103.8880 102.9408 105.5835 113.4605 121.2550 117.9784 125.2093 126.5423 123.9626 124.2254 124.6411 124.5607 122.7360 119.1473 122.3678 122.8147 122.4725 122.1687 121.9116 121.6344 121.3603 120.8829 121.1563 109.1537 107.4553 107.7119 109.9084 111.5232 116.7676 117.0505 119.9882 116.5936 117.3267 116.9155 116.5674 116.2018 115.8227 115.4455 115.1061 114.7751 114.4772 114.1913 113.9971 113.8209 113.5870 113.4043 113.2602 113.7558 113.9472 113.8900
128.2500 127.8122 127.6734 128.0162 129.5232 109.6324 122.3314 125.1040 127.2747 132.7156 128.3534 110.3326 119.1884 110.0972 113.3848 109.4652 117.8622 117.5815 135.4829 133.2264 124.4290 124.4098 124.4592 124.1303 123.7655 123.4308 124.1063 123.4800 122.2711 122.7586 122.5569 122.2948 122.0340 121.7682 121.4739 121.1474 122.1889 113.2930 110.4609 105.8569 108.8685 121.3494 115.3387 110.2931 114.6149 118.3398 117.6670 117.4196 115.6922 116.8934 116.2803 115.9702 115.6482 115.3579 115.0977 114.8729 114.6853 114.5417 114.4943 114.4652 114.5460 114.5368 114.6438 114.5600
128.2500 127.8977 128.0666 125.9504 126.5267 127.1081 124.7995 123.9411 116.7829 128.7816 126.8733 116.1307 113.7431 123.1394 123.8231 121.3810 117.3926 121.1535 127.7733 124.9709 125.0120 124.7116 124.4828 124.3016 124.1029 124.4844 123.2666 123.5495 123.5093 122.9203 122.6716 122.4215 122.1676 121.8989 121.6478 121.3917 118.6600 114.1064 118.4545 125.2560 121.3604 120.4337 109.3321 117.5409 119.3703 118.5638 117.9408 117.8451 115.2944 116.8395 116.7015 116.4573 116.1726 115.9208 115.6899 115.4877 115.3217 115.2029 115.1195 115.0947 115.0960 115.1770 115.3000 115.7200
128.2600 128.2087 128.7009 126.2726 128.0675 127.6794 127.5337 127.9306 115.5369 116.5546 118.9246 121.3350 123.4349 119.4852 121.6577 121.1865 117.1048 129.8885 132.6560 125.1237 125.0340 124.7794 124.5728 124.3681 124.0815 124.4028 124.7719 123.7413 122.9529 123.0336 122.7992 122.5562 122.3035 122.0446 121.7939 121.6889 119.6905 118.1209 120.5253 128.0034 118.0986 119.8791 120.2281 120.4781 118.8115 118.6371 118.3683 118.0250 118.0107 117.5599 117.1445 116.9269 116.6791 116.4491 116.2428 116.0695 115.9276 115.8229 115.7612 115.7356 115.7488 115.8068 115.8999 115.7200
136.8400 129.8065 124.7123 128.1017 127.6552 127.6207 128.2788 127.2869 119.3351 129.0122 123.2847 125.4687 119.0995 121.3022 117.1084 118.0342 115.6015 127.0750 132.5762 125.0417 125.1297 124.8586 124.6577 124.4550 124.2938 124.1488 118.2347 128.6475 123.0111 123.2063 122.9194 122.6884 122.4421 122.1958 121.9511 121.6581 121.5535 121.5241 120.6031 127.3945 120.1046 120.2938 119.6431 119.4476 119.3123 118.9544 118.6791 118.3978 118.1280 117.8715 117.6268 117.3865 117.1542 116.9581 116.7697 116.6181 116.4958 116.3965 116.3465 116.3170 116.3327 116.3817 116.4716 116.3200
128.3100 128.6380 126.3050 135.7882 127.7287 127.6897 123.0447 130.9913 119.1029 122.3943 132.5684 123.8542 126.6880 117.9575 125.5578 110.2025 119.1205 132.9825 126.7888 125.5534 125.1571 124.9411 124.7524 124.5444 124.3702 124.2102 121.3606 123.3621 123.0265 123.2301 123.0705 122.8237 122.5875 122.3543 122.1213 121.8730 121.6419 121.2584 121.0837 120.3844 120.5214 120.2891 120.1128 119.7926 119.5316 119.2650 119.0100 118.7558 118.5125 118.2675 118.0374 117.8257 117.6182 117.4387 117.2712 117.1355 117.0288 116.9459 116.8924 116.8705 116.8856 116.9339 117.0075 116.8300
128.4200 128.3803 128.2429 128.9055 128.6130 126.1930 151.8714 122.7540 120.7480 124.1827 124.5828 130.9983 120.7643 121.6117 118.1150 116.7933 125.8254 133.9734 125.2150 125.6422 125.1806 125.0288 124.8394 124.6489 124.4556 124.1918 124.2253 123.0178 123.6986 123.3814 123.1817 122.9609 122.7380 122.5076 122.2581 122.0222 121.8010 121.5534 121.3112 121.1419 120.9760 120.5697 120.3247 120.0773 119.8254 119.5827 119.3430 119.1025 118.8727 118.6500 118.4435 118.2476 118.0625 117.8977 117.7464 117.6268 117.5286 117.4505 117.4070 117.3900 117.4032 117.4415 117.5129 117.7700
128.4300 128.3466 128.0741 128.1756 123.1005 121.5183 131.4376 122.9238 121.4852 124.9722 122.0548 137.1672 118.2365 118.8592 117.1655 123.4298 116.3513 140.0105 129.2740 125.4741 125.2412 125.1372 124.9390 124.7526 124.5414 124.3244 125.1967 124.4084 123.8051 123.5324 123.3274 123.1111 122.8974 122.6427 122.6651 122.3013 121.9542 121.7675 121.5205 121.2843 121.0500 120.8220 120.5839 120.3506 120.1155 119.8903 119.6650 119.4464 119.2300 119.0219 118.8328 118.6498 118.4912 118.3346 118.2041 118.1017 118.0086 117.9376 117.8970 117.8842 117.8881 117.9281 117.9876 118.2000
128.4500 128.3593 128.2089 128.7192 123.5826 121.1989 129.8902 128.4129 119.8386 120.6977 119.7284 118.1571 120.7742 122.5981 117.4502 119.5885 115.6724 115.6399 129.5447 125.1697 125.4109 125.2162 125.0326 124.8509 124.6611 124.4882 124.2404 124.0138 123.8785 123.6707 123.4647 123.2547 123.0618 122.8426 121.6191 120.1994 122.3838 121.9761 121.7266 121.5054 121.2837 121.0622 120.8389 120.6206 120.4024 120.1905 119.9811 119.7754 119.5742 119.3878 119.2097 119.0421 118.8927 118.7590 118.6326 118.5250 118.4242 118.3905 118.3601 118.3440 118.3564 118.3875 118.4426 118.6200
128.4700 128.4244 128.3046 128.2254 128.1642 128.4366 127.5698 127.4147 126.1373 126.0649 129.2274 118.9592 118.4849 125.3964 116.3075 113.0708 116.8661 133.1152 125.7520 125.5992 125.4911 125.2988 125.1932 124.9950 124.7747 124.5860 124.4045 124.2075 124.0050 123.8037 123.6107 123.4107 123.2004 122.9753 123.0267 122.8527 122.4613 123.1556 121.7917 121.7531 121.5217 121.3025 121.1006 120.8918 120.6784 120.4835 120.2873 120.0974 119.9166 119.7377 119.5771 119.4246 119.2883 119.1363 119.1060 118.9316 119.0249 118.8351 118.7979 118.7886 118.7903 118.8171 118.8730 119.0100
128.5800 128.4824 128.3529 128.1547 127.7748 127.8818 123.0271 126.5340 119.1470 123.8943 120.8150 118.9546 117.5132 122.7680 115.2357 120.2522 113.5260 123.9063 126.3034 125.7613 125.5905 125.3005 124.7294 124.9430 124.8573 124.7030 124.5138 124.3242 124.1346 123.9461 123.7544 123.5605 123.3520 123.0601 122.6657 120.6089 122.5525 122.2498 122.1595 121.9362 121.7411 121.5494 121.3522 121.1496 120.9556 120.7716 120.5867 120.4073 120.2421 120.0795 119.9298 119.7874 119.6592 119.5773 119.3566 117.6890 119.2868 119.2394 119.2203 119.2015 119.2119 119.2396 119.2817 119.3900
128.6000 128.5333 128.4295 127.9921 128.3979 129.9601 127.5554 128.1954 118.7226 127.1611 115.9624 108.5838 111.8720 120.6644 119.1647 124.3606 127.3017 125.0660 125.9730 125.8174 125.7618 126.1179 133.2757 125.0594 125.0607 124.8292 124.6395 124.4622 124.2712 124.0878 123.8993 123.7166 123.4961 123.4364 126.2958 123.2142 122.9280 122.6371 122.4658 122.1294 121.9680 121.7965 121.5989 121.4115 121.2295 121.0567 120.8833 120.7193 120.5605 120.4104 120.2697 120.1379 120.0214 119.9297 119.9475 123.2509 119.3385 119.6518 119.6156 119.6037 119.6130 119.6343 119.6742 119.7500
128.7300 128.5880 128.4016 128.5021 126.9480 124.8305 128.0902 122.0785 122.7377 124.7128 114.2361 112.5522 118.3967 112.5784 137.6144 125.0545 125.3267 127.1899 126.0519 125.9620 125.8365 124.5622 123.5420 125.5216 125.2266 124.9379 124.7668 124.5914 124.4096 124.2327 124.0478 123.8634 123.7596 122.5287 123.1400 122.9237 119.8894 125.1834 122.5872 120.2772 122.2772 121.9854 121.8474 121.6717 121.5041 121.3337 121.1737 121.0270 120.8755 120.7339 120.5979 120.4759 120.3687 120.2790 119.8790 119.8483 120.0849 120.0124 119.9967 119.9887 119.9963 120.0171 120.0527 120.0900
128.7300 128.6382 128.4381 125.9330 121.0795 132.5227 131.6575 129.9068 117.3362 114.2656 125.3956 121.7212 114.7440 113.8611 131.3523 115.2660 116.6197 122.4620 126.2323 126.0982 125.8807 125.8551 125.6459 125.3577 125.1971 125.0724 124.9057 124.7232 124.5512 124.3725 124.1961 124.0430 123.6318 123.1368 117.9712 124.4343 114.0060 125.0312 118.2729 121.0509 122.4831 122.2636 122.0919 121.9259 121.7714 121.6055 121.4568 121.3156 121.1748 121.0408 120.9213 120.8061 120.7117 120.6152 120.5896 120.5225 120.4145 120.3843 120.3663 120.3562 120.3616 120.3836 120.4157 120.4300
128.7700 128.6934 129.1301 126.9379 126.9229 125.0407 129.6465 130.6375 109.5510 114.7247 117.3304 115.5104 111.8433 110.7246 127.6332 122.9042 124.9137 122.2591 126.9012 126.1330 125.9816 125.7944 125.6444 125.5170 125.2409 125.1493 125.0175 124.8942 124.6730 124.5261 124.3546 124.1895 123.9627 124.5075 123.9683 123.3620 110.6248 123.4621 117.4875 122.8089 122.7691 122.4852 122.3736 122.1722 122.0661 121.8731 121.7323 121.5973 121.4690 121.3457 121.2368 121.1246 121.0349 120.9468 120.8660 120.8076 120.7669 120.7336 120.7092 120.7018 120.7142 120.7254 120.7640 120.7500
128.8900 128.8863 125.4659 127.7083 123.5214 133.8633 120.3651 132.5277 117.6148 120.1716 114.8574 116.0864 128.1647 119.3893 126.5640 128.1921 129.0673 124.9106 126.4774 126.2500 126.1048 125.9564 125.7895 125.5699 126.3325 125.3433 125.4545 124.8026 124.8605 124.6654 124.5044 124.3358 124.1915 123.8853 123.9322 123.0954 124.4985 124.9399 123.2350 123.3231 122.9038 122.7690 122.4169 122.2982 122.2691 122.1387 121.9999 121.8719 121.7561 121.6401 121.5324 121.4346 121.3472 121.2708 121.2078 121.1516 121.1003 121.0726 121.0523 121.0437 121.0478 121.0641 121.0999 121.0600
128.9100 128.8583 127.4217 125.1235 122.1782 126.4056 128.1061 129.6511 121.0284 119.7111 132.4999 118.4120 116.1321 113.2952 128.6059 126.5915 126.5780 126.8515 126.5198 126.3579 126.2098 126.0511 125.9394 125.6427 124.6126 113.6754 124.1117 125.7310 124.9551 124.8009 124.6565 124.4937 124.3394 124.1743 124.0874 124.0681 123.7951 123.1981 123.3785 123.1630 123.1491 122.0971 125.8874 123.2741 122.5032 122.3814 122.2676 122.1459 122.0269 121.9256 121.8234 121.7345 121.6559 121.5811 121.5154 121.4680 121.4250 121.3899 121.3783 121.3640 121.3733 121.3924 121.4140 121.3600
128.9300 129.1248 125.7024 124.8839 121.6870 122.9535 121.3801 128.9933 119.6148 120.7625 124.1245 114.6475 122.1303 116.1865 127.0806 127.1038 126.8697 126.7436 126.6091 126.4519 126.3156 126.1691 126.0356 125.7305 126.2040 121.1098 125.2885 125.1324 125.1627 124.9495 124.8097 124.6506 124.5009 124.3403 124.2095 124.0019 123.8826 123.8094 123.6471 123.4142 123.4889 120.7479 125.1100 112.6358 123.2431 122.6583 122.5204 122.4138 122.3054 122.2024 122.1093 122.0231 121.9497 121.8786 121.8195 121.7744 121.7373 121.7049 121.6899 121.6821 121.6862 121.6973 121.7263 121.6400
129.0400 128.9618 129.7384 124.4976 108.5269 121.5013 128.3713 124.9760 125.6340 118.7273 108.8498 121.3834 129.6044 127.2543 127.3434 127.0332 126.8722 127.1640 126.6245 126.5786 126.4204 126.2801 126.1318 125.9928 125.8160 125.8485 125.4346 125.3602 125.2638 125.1019 124.9555 124.8121 124.6598 124.5136 124.3618 124.2290 124.0270 123.9786 123.7104 123.8240 123.3098 123.1094 123.6743 124.3613 122.4010 122.8864 122.7745 122.6675 122.5582 122.4564 122.3928 122.3065 122.2365 122.1686 122.1167 122.0705 122.0374 122.0089 121.9891 121.9882 121.9925 122.0024 122.0276 121.9200
129.0700 129.3231 123.6276 124.4985 141.9152 132.1019 127.5039 114.5342 109.4497 114.8447 112.0882 126.8925 128.7796 127.3510 127.3410 127.6112 120.0704 125.4132 126.7068 126.7273 126.5213 126.3927 126.2570 126.1158 125.9758 125.8497 125.6515 125.5642 125.4135 125.2474 125.1094 124.9649 124.8280 124.6881 124.5424 124.3993 124.2354 123.4148 117.9879 126.6870 124.0628 123.5818 123.4194 123.0569 123.2214 123.1954 123.0095 122.9360 122.8838 122.7863 122.6386 122.5758 122.5113 122.4527 122.3989 122.3533 122.3255 122.3009 122.2842 122.2727 122.2801 122.2939 122.3190 122.4600
129.0900 128.6073 134.1600 122.7742 128.7342 123.7773 118.8257 107.7961 116.9402 119.6733 120.6430 130.5854 127.8664 127.4360 127.5225 127.2196 127.7956 127.7746 126.8573 126.7808 126.6012 126.4815 126.3814 126.2325 126.0748 126.2046 126.2032 125.5092 125.5733 125.3986 125.2625 125.1186 124.9887 124.8497 124.7164 124.5613 124.6385 123.2140 114.6649 123.5589 124.2269 123.8228 123.7259 123.6046 123.4597 123.3668 123.3113 123.0560 122.6286 122.5651 122.9425 122.8465 122.7773 122.7210 122.6754 122.6346 122.6060 122.5803 122.5663 122.5595 122.5631 122.5795 122.5998 122.7100
129.2000 129.2982 127.4000 124.8602 126.4116 115.5491 113.4447 120.2538 122.5635 118.0797 112.9202 113.3545 130.9085 127.9175 127.5023 127.3872 127.1634 127.0337 127.0177 126.8933 126.7626 127.0418 126.6054 126.3505 126.1744 126.7516 117.0799 125.0366 125.4763 125.5739 125.4144 125.2759 125.1427 125.0217 124.8819 124.7948 124.4042 125.3905 124.0986 123.9587 124.0192 124.0214 123.8946 123.7917 123.6934 123.5992 123.5666 123.2416 129.9309 123.7924 123.1628 123.1025 123.0403 122.9864 122.9454 122.9072 122.8735 122.8530 122.8448 122.8365 122.8422 122.8526 122.8738 122.9600
129.3400 129.3864 125.2418 131.2076 131.7622 122.9051 134.2705 122.6625 124.9659 125.5316 120.1112 114.9984 120.9157 127.8889 127.5404 127.5312 127.4245 127.2500 127.1333 126.9953 126.8672 123.3396 126.8367 126.4257 126.3318 126.1018 124.3089 125.8946 125.5944 125.7836 125.5412 125.4373 125.3113 125.1851 125.0432 124.9286 124.8479 122.1944 121.4022 124.1998 124.3205 124.2295 124.1204 124.0152 123.9122 123.8134 123.7212 123.1721 113.4682 123.3087 123.4248 123.3475 123.2972 123.2431 123.2027 123.1674 123.1422 123.1240 123.1103 123.1000 123.1059 123.1156 123.1334 123.2000
129.3400 129.0821 130.2019 128.7041 122.1777 120.5445 115.5786 121.8791 117.6654 116.5307 116.5944 114.5998 129.4810 127.9497 127.7688 127.6032 127.4699 127.3460 127.2227 127.1132 127.1162 127.0540 126.8259 126.6219 126.5343 126.3945 122.8191 121.2833 126.4366 125.6496 125.7471 125.6008 125.4972 125.3664 125.3947 125.0241 125.2377 125.8600 124.7616 124.7414 124.5271 124.4242 124.3293 124.2278 124.1307 124.0429 123.9180 124.9989 122.6397 124.2360 123.6140 123.6006 123.5404 123.4988 123.4510 123.4259 123.3967 123.3633 123.3587 123.3567 123.3635 123.3715 123.3948 123.4300
129.3600 130.2424 125.7212 131.5870 121.3618 127.2179 120.8762 115.5886 119.4761 117.0785 119.7800 114.0196 128.1377 127.6533 127.8369 127.6978 127.5763 127.4602 127.3284 127.2184 127.0374 126.9613 126.8076 125.1784 126.5515 126.3754 128.3841 126.4280 126.1402 126.6674 125.8615 125.2675 125.6675 126.1060 128.4166 125.4468 125.5297 125.1857 124.9674 124.7932 124.7308 124.6254 124.5311 124.4351 124.3401 124.2335 124.2085 123.9045 124.1318 123.9464 123.8987 123.8350 123.7857 123.7369 123.7421 123.6770 123.6293 123.7453 123.6052 123.6100 123.6153 123.6233 123.6400 123.6600
129.5000 123.6696 119.2593 122.5597 121.3340 124.1306 125.5860 115.7317 114.9808 115.7154 115.3086 125.3816 128.5921 128.1599 127.9008 127.8066 127.6779 127.5624 127.4478 127.3186 127.2025 127.0935 127.0711 126.1130 126.6558 126.6427 126.1857 127.0965 123.2103 124.3035 126.0291 129.6945 127.8882 121.2366 118.7586 117.8316 118.0715 125.0220 125.0794 125.0136 124.9162 124.8182 124.7174 124.6347 124.4684 124.4891 124.2244 124.2999 124.2493 124.1879 124.1187 124.0703 124.0143 123.9680 123.7232 123.9168 123.8765 123.8794 123.8623 123.8533 123.8597 123.8657 123.8791 123.8800
129.5100 130.3974 125.4575 128.1045 122.8700 124.0518 126.6361 115.0143 116.1060 108.7026 112.8833 119.7971 128.9576 128.0886 128.0071 127.8969 127.7873 127.6651 127.5549 127.4344 127.3163 127.1987 127.0441 126.9682 126.9112 126.7179 126.6140 126.5496 122.0468 123.8849 126.4370 126.4933 115.0782 118.1001 114.0941 119.9840 117.2965 125.5886 125.3037 125.1986 125.0898 125.1071 124.8313 124.6209 125.3398 126.9116 124.1228 124.5974 124.4484 124.4077 124.3415 124.2717 124.3240 124.9398 125.9650 124.1565 124.1175 124.1094 124.0970 124.0952 124.0950 124.1060 124.1184 124.1000
129.6300 127.7334 126.1312 134.7835 123.6188 113.9350 128.1720 114.1669 106.6041 116.2180 116.9705 125.0133 128.5917 128.3028 128.0933 128.0027 127.8694 127.7644 127.6488 127.5503 127.4279 127.3122 127.2014 127.0809 126.9737 126.8594 126.7773 126.3838 127.3162 127.5757 126.6240 120.7172 122.3600 119.7584 111.9948 123.5993 126.0251 125.5505 125.4692 125.3773 125.2806 125.1525 125.6946 125.3714 127.3811 121.5336 118.2965 124.8328 124.6814 124.6140 124.5604 124.4990 124.5227 125.1962 124.4573 124.4713 124.3393 124.3386 124.3287 124.3269 124.3267 124.3355 124.3473 124.3100
124.9200 126.6257 121.9113 119.5565 116.2878 120.1166 113.9034 108.3977 118.5135 106.5367 125.7644 115.6132 129.6357 128.1397 128.2270 128.0948 127.9784 127.8505 127.8078 127.6485 127.5403 127.4301 127.3260 127.2084 127.0996 126.9938 126.8784 126.7637 126.7107 126.4675 126.3525 125.9498 126.1847 119.5111 121.4899 123.3838 126.1591 125.7093 125.6852 125.5608 125.4744 125.3635 126.2758 113.5907 125.8270 120.8511 126.0123 124.8549 124.9023 124.8267 124.7810 124.7224 124.7358 124.5943 124.6484 124.5849 124.5780 124.5568 124.5530 124.5464 124.5512 124.5560 124.5756 124.5200
129.7600 122.0393 119.6150 118.9085 122.1688 115.1756 114.6582 124.5590 108.0060 113.5922 111.0786 123.0458 129.1290 128.4358 128.2859 128.2284 127.9800 128.2996 127.8446 127.7484 127.7017 127.5230 127.4364 127.3407 127.2248 127.1184 127.0136 126.9023 126.7985 126.6845 126.6026 126.3377 126.1969 126.1092 126.6689 126.3981 125.9931 125.9150 125.8193 125.7367 125.6499 125.5854 126.6897 112.1217 125.4141 125.6689 125.0565 125.1466 125.0879 125.0337 124.9813 124.9380 124.8841 124.8662 124.8362 124.8151 124.8191 124.7864 124.7715 124.7660 124.7699 124.7826 124.7934 124.7200
121.4800 114.7017 120.3060 119.4518 120.6095 121.0143 121.4653 107.4401 120.2656 122.0827 111.6556 117.8152 129.3626 128.4469 128.4020 128.3641 128.0974 134.7227 127.0869 127.7970 127.8187 127.4857 128.0607 127.4073 127.3521 127.2480 127.1377 127.0412 126.9412 126.8286 126.7910 126.5475 126.8402 126.4737 126.3137 126.2004 126.1860 126.0542 125.9966 125.9058 125.9533 125.6615 122.9303 123.1948 124.8375 125.5904 125.4511 125.3361 125.2833 125.2389 125.1908 125.1483 125.1151 125.0810 125.0377 125.0238 124.8803 124.9948 124.9850 124.9831 124.9877 124.9893 125.0081 124.9200
129.9000 120.4124 121.5337 119.3842 124.9294 121.6892 113.1300 119.5537 112.9140 116.3419 109.2895 121.7758 129.2551 128.5489 128.5037 128.4281 127.8834 128.2596 127.9028 129.0506 129.6113 128.3898 126.0542 127.5299 127.5214 127.3729 127.2725 127.1587 127.0727 126.9955 126.8385 126.7767 126.6095 126.6419 126.4720 126.3579 126.2734 126.4142 126.1069 126.0826 126.0333 126.3534 120.8913 122.5767 121.5673 126.0670 125.5846 125.5294 125.4795 125.4358 125.3894 125.3491 125.3061 125.2775 125.3371 125.3801 126.2597 125.1888 125.1921 125.1919 125.1956 125.1975 125.2159 125.3000
121.8900 122.1896 122.4691 124.1970 110.3396 121.9192 122.8125 120.4460 107.4793 121.6636 117.3205 129.5250 128.7665 128.7799 128.5897 128.4759 128.4509 128.3196 130.2222 115.0105 122.3644 115.7786 125.2711 129.9170 127.4740 127.4705 127.3581 127.2931 127.5465 127.0599 127.0515 126.9205 126.8074 126.7984 126.6707 127.2014 127.0955 125.8682 126.4773 126.2311 126.1940 125.7762 120.8079 128.4492 126.0456 125.8142 125.8063 125.7203 125.6764 125.6232 125.5814 125.5439 125.5447 125.4270 125.4907 125.7153 125.5053 125.4348 125.3986 125.3957 125.3992 125.4062 125.4166 125.4800
121.8900 120.4053 117.5252 120.9041 131.2545 126.6687 122.8709 112.7918 118.2770 129.8738 129.1870 129.4922 128.6311 128.7756 128.6895 128.6153 128.3378 128.4233 129.5502 122.8634 122.2726 118.5057 124.9397 121.7903 127.8413 127.8092 127.8378 127.7570 125.0958 127.6788 127.0541 127.0691 126.8136 126.8627 127.9420 130.9946 135.0552 128.0064 126.0957 126.4468 126.3643 126.1813 126.1883 125.9413 126.0226 126.0379 125.9587 125.9145 125.8633 125.8118 125.7770 125.7992 125.4472 125.5491 124.5859 125.4581 125.6575 125.6051 125.5961 125.5921 125.5956 125.6082 125.6145 125.6700
121.6700 116.7408 114.8118 128.0177 134.2795 131.6709 134.2102 113.7405 126.5237 129.9989 118.7333 129.8058 128.8068 128.9750 128.8255 128.6980 128.6203 128.5373 119.9692 129.9885 129.1596 127.6333 119.1514 126.1896 128.9136 125.8341 127.4964 127.8023 121.6442 127.4459 127.3305 127.2652 127.1803 128.5504 116.8181 127.2138 121.4332 126.7844 127.4549 126.5611 126.4803 126.4447 126.3495 126.3639 126.2318 126.2137 126.1498 126.0888 126.0501 126.0017 125.9602 125.9535 125.9070 120.1816 123.7204 125.5311 125.8811 125.8003 125.7950 125.7907 125.7943 125.7968 125.8102 125.8400
121.6700 112.5537 122.8116 121.0636 122.5856 125.1740 130.0040 127.7596 125.4592 130.6397 121.5407 129.8513 128.5910 128.7659 128.6792 128.8623 128.4510 128.1374 120.8264 128.4478 127.4095 128.2745 121.8098 129.7148 128.1147 127.1143 127.7697 123.0553 127.8922 128.0439 127.4089 127.4481 127.2757 128.8569 119.6171 125.4226 109.3504 113.1070 127.1227 126.7377 126.6693 126.6080 126.5409 126.4549 126.4245 126.3591 126.2578 126.2971 126.2262 126.1871 126.1485 126.1333 126.0683 126.6188 126.0689 126.0517 125.9949 125.9952 125.9848 125.9815 125.9831 125.9920 125.9993 126.0200
121.8200 120.7978 119.3063 114.7309 126.4367 124.8304 129.6801 129.7549 130.2694 129.2143 129.7453 128.9130 128.9521 131.0428 129.6425 128.8309 128.8562 128.6909 129.0978 128.8679 128.2385 130.6595 112.6712 128.9382 128.0659 128.0915 128.1873 124.2825 120.7708 127.9041 128.2003 127.4885 127.4495 127.1029 114.4727 128.3683 124.9155 127.4318 126.6751 126.8788 126.8649 126.7609 126.6775 126.6612 126.4655 127.8165 126.5647 126.4676 126.4053 126.3622 126.3283 126.3028 126.2161 126.1130 126.2260 126.1943 126.1865 126.1823 126.1690 126.1619 126.1693 126.1799 126.1843 126.1900
120.7000 123.7410 129.7617 116.2451 116.9967 131.0634 129.6350 129.6548 129.6245 129.5187 129.4677 130.3927 125.7256 108.9249 126.3679 129.1579 128.9261 128.7551 128.7085 128.9070 128.0556 121.3186 121.5828 131.1371 127.7274 128.2114 127.8991 128.6917 125.8273 127.4890 127.7038 127.6188 127.5575 127.5073 127.6618 126.7956 127.4951 127.2845 126.8838 127.1240 126.8378 126.9410 127.1461 126.7629 126.6595 127.4975 126.4455 126.6621 126.5771 126.5438 126.5054 126.4730 126.4482 126.4452 126.3952 126.3830 126.3726 126.3581 126.3640 126.3652 126.3555 126.3558 126.3695 126.3500
130.4200 129.5327 130.5066 129.6686 129.1901 130.1628 129.8717 129.8167 129.7342 129.5432 130.3401 120.9872 114.2252 128.3534 129.1773 129.0045 129.0362 128.9499 128.7476 129.0863 121.9179 114.4525 126.6432 130.6218 128.1335 128.3682 128.0066 127.9470 128.1063 127.7593 127.8433 127.7571 127.6874 127.6154 127.5087 127.5000 126.8136 127.5873 127.5436 127.0593 127.7921 127.1057 124.2797 127.1047 126.9942 126.7674 126.8649 126.7957 126.7720 126.7123 126.6719 126.6467 126.6247 126.5946 126.5793 126.5641 126.5496 126.5477 126.4378 126.3899 126.5429 126.5404 126.5438 126.5200
130.4500 130.4860 130.2470 130.2222 130.1452 130.0990 129.9927 129.9024 129.7979 129.7540 129.5932 129.6150 128.1414 126.3061 125.5917 129.5854 129.0757 129.0678 128.7639 129.2786 112.2870 111.5884 113.7239 127.0513 128.5978 127.9328 128.7544 127.0526 128.8882 127.9034 127.9829 127.8956 127.8168 127.7545 127.6922 127.6718 128.1644 134.1831 126.8492 127.3966 127.2674 115.8875 129.0603 127.1695 127.0753 127.0429 127.0059 126.8668 126.7991 126.8797 126.8455 126.8179 126.7951 126.7710 126.7509 126.7390 126.7243 126.7173 126.7150 126.7080 126.7154 126.7224 126.7197 126.6800
130.5500 130.4783 130.4116 130.3345 130.2393 130.1720 130.0647 129.9866 129.9022 129.6574 129.8631 129.7946 139.7327 138.5505 128.9145 129.7240 129.2197 128.9579 129.0709 129.2636 128.7585 129.8528 129.3737 129.7163 128.4415 129.7196 126.7268 129.3893 129.6819 128.1731 128.1008 128.0194 127.9524 127.8853 127.8171 127.7347 126.9782 112.0188 119.5223 127.7142 128.2351 127.3223 131.7286 128.1776 127.2580 127.2314 127.1178 127.5224 127.6015 127.0185 127.0165 126.9865 126.9674 126.9444 126.9268 126.9071 126.8973 126.8830 126.8803 126.9027 126.8338 126.8335 126.8932 126.8400
130.5700 130.5004 130.5269 130.3902 130.3176 130.2367 130.1562 130.0653 130.0028 129.6335 132.1631 109.3274 113.8469 126.7674 127.0037 129.1144 129.2051 128.6284 127.8479 128.2019 118.5150 129.4350 128.8975 128.4223 128.9772 124.7466 119.4602 128.6128 127.7039 128.3921 128.2105 128.1603 128.0880 128.0241 127.9485 127.8256 129.1194 122.7133 121.3345 127.5917 127.5975 127.5893 127.1670 127.4066 127.4494 127.3678 127.6185 121.2174 126.6775 127.1441 127.1795 127.1571 127.1291 127.1077 127.0920 127.0771 127.0670 127.0564 127.0422 126.9023 127.2848 127.5239 127.0541 126.9900
130.6700 131.9816 130.8024 130.4898 130.3979 130.3191 130.2271 130.1419 130.2434 130.6461 129.3801 111.0340 127.0813 127.7927 117.9013 113.0652 128.0415 129.4064 127.2908 118.6822 126.0983 130.2595 128.9082 128.9292 128.6069 130.5010 128.6165 131.8449 127.8980 128.5144 128.3712 128.2827 128.2222 128.1517 128.0964 128.0305 127.5808 128.9115 128.0792 127.6584 127.7547 127.6838 127.7184 127.6049 127.5370 127.5260 127.7292 126.8150 127.9209 127.2142 127.3470 127.3186 127.2912 127.2704 127.2542 127.2408 127.2280 127.2183 127.2332 127.8583 128.3007 123.5615 127.9351 127.3000
124.5400 123.3200 130.6300 130.5600 130.4200 130.3500 130.2800 130.2100 130.1500 130.0700 109.7100 129.9300 129.7700 129.7000 129.6200 129.5500 129.4900 129.8500 129.3200 129.2500 129.1700 129.1000 129.0100 128.9400 128.8600 128.7800 113.0500 113.0500 128.5400 128.6100 128.4800 128.3700 128.3000 128.2200 128.2300 128.1500 128.0700 127.9700 127.9900 127.9000 127.8100 127.8400 127.7400 127.7400 127.6400 127.6600 127.5600 127.5800 127.4700 127.5000 127.5000 127.3900 127.4000 127.4100 127.4200 127.2900 127.3000 127.3000 127.3100 129.0900 133.0900 116.0000 127.3000 127.3000
