126.98 106.88 119.52 124.6 109.82 109.29 125.42 125.15 113.2 108.92 121.5 127.45 104.97 106.57 106.57 121.83 118.63 118.13 113.9 107.22 107.45 105.16 110.67 110.76 104.47 102.9 107.22 108.47 103.64 102.36 113.73 118.55 109.74 111.61 111.61 123.38 123.38 123.02 123.07 122.7 122.74 129.58 122.38 115.39 122.05 122.06 121.88 121.93 121.73 121.77 121.55 121.58 121.34 121.36 121.39 121.4 121.4 121.4 121.4 99.37 109.38 105.81 121.57 121.54
124.58 117.7004 121.5427 121.2834 116.4475 107.2221 116.6786 125.3851 121.196 123.4665 118.9953 112.7514 111.8264 123.8068 118.4146 121.2495 113.6774 114.6405 114.8497 108.5947 103.9959 104.3099 112.4904 111.8736 110.4835 105.8314 107.1033 107.163 104.8735 102.2671 105.7729 105.3475 109.5758 106.4054 109.7564 105.2262 118.1181 122.0257 119.402 109.6018 119.8255 118.6288 121.8812 120.5818 122.4268 122.4334 122.7001 121.5138 121.5362 121.4675 121.3885 121.3223 121.2646 121.2123 121.1727 121.1885 120.7679 121.2376 100.2169 102.3942 103.6127 119.2133 122.4714 121.54
127.12 123.11 125.1426 124.0095 123.3785 113.3834 111.3838 108.4417 113.9037 121.7205 122.3291 105.2093 118.6264 118.8063 122.2215 115.3381 117.6352 113.5567 110.763 113.4561 109.2379 109.2465 106.725 108.9732 112.1435 105.7972 101.6759 105.8818 105.0947 103.3649 104.0559 105.3305 108.9434 115.4347 117.0095 118.5401 124.838 126.8862 123.3131 121.3791 121.7617 122.3422 122.0726 121.8146 108.9984 121.4293 113.4492 122.8138 121.2878 121.1421 121.0733 120.9988 120.9374 120.8956 120.9175 120.935 120.3074 119.8627 97.6884 99.84 101.1701 101.9836 121.7753 120.95
127.12 115.0445 118.5217 118.2465 119.825 120.7982 120.1011 117.0834 111.24 107.3886 112.1536 118.6318 119.5553 121.2093 110.3785 113.7209 110.2555 112.7402 107.9241 107.8452 107.5346 111.0171 101.4222 114.1255 106.3234 102.6352 107.0312 106.1511 108.8556 104.5188 112.0143 112.1605 108.1345 105.9139 115.6236 124.6991 125.1207 124.0594 122.568 118.8127 121.9176 121.7884 122.9729 118.1076 117.0574 106.5289 109.4712 121.4742 120.6656 120.8642 120.7264 120.6664 120.6017 120.5451 120.4323 120.507 119.9015 119.6142 95.6589 101.8379 100.8752 115.7313 121.4984 120.62
117.83 116.5775 114.5378 115.3405 115.7456 115.9802 118.4879 118.0691 117.3058 113.4254 109.9549 103.943 108.195 118.408 109.3781 119.7352 117.353 116.7158 115.7704 115.0592 111.3332 106.2377 113.8092 111.0166 109.1949 105.2482 111.5943 100.2981 104.9109 100.7804 112.1441 120.8581 124.7926 113.9685 110.1197 124.933 119.9664 122.3019 122.054 120.6274 122.275 121.4418 121.2767 102.7041 102.1535 112.2233 118.013 118.4241 122.3894 120.3956 120.4257 120.3053 120.2508 120.2002 120.1542 119.5159 118.343 117.3418 98.857 106.1244 122.5521 104.4158 122.27 120.29
117.95 117.1346 112.1434 114.1382 111.4814 121.3858 118.8272 113.6912 118.3366 117.8651 115.5795 114.1889 102.2342 105.1271 113.2758 106.3118 108.8665 106.005 118.9084 106.1863 117.7593 116.9305 111.8808 111.122 112.6286 105.6131 106.6931 109.5285 104.117 109.4739 101.1444 111.2701 126.6198 103.3781 110.3862 130.7596 121.6282 122.1008 121.9789 121.6628 121.435 121.2893 122.5813 121.8522 100.8332 111.3352 111.3663 121.487 102.792 121.9597 119.9904 119.9423 119.8898 119.8288 119.8689 112.174 98.0844 98.7206 113.2486 120.1554 121.6696 113.6296 120.861 119.95
120.1 119.9578 120.5424 114.6688 109.768 109.3527 116.5336 109.889 107.2422 114.1557 115.3162 116.8194 106.1863 113.4647 103.7702 111.0864 111.0368 114.1453 110.5257 110.7421 106.9525 111.7647 115.6094 114.5129 108.4784 108.0911 107.9501 106.9815 122.5316 121.1917 112.2494 106.926 117.7329 99.0616 107.8778 121.6648 121.9591 121.8503 121.6167 121.6584 121.4483 121.081 120.8147 120.7933 116.2263 114.2544 113.3127 112.3198 113.4927 122.2438 119.6425 119.5693 119.5075 119.4957 119.0181 119.001 106.0963 104.259 107.7817 114.8876 119.8296 120.0552 119.6358 119.59
120.68 121.53 120.9025 116.7094 119.0104 108.4525 111.0978 108.6623 112.5607 105.759 108.2293 104.608 115.6176 115.5052 104.0855 111.74 103.8068 110.1437 113.6817 113.324 110.4657 113.0131 101.4053 113.7043 114.6721 106.957 104.3749 105.8563 126.4618 122.866 123.5798 122.2542 122.7031 107.589 123.0819 124.6346 123.3879 121.4063 121.3574 121.1072 111.1111 120.2341 120.7906 120.4827 121.4961 112.5157 112.1935 114.8927 121.2709 119.006 119.2454 119.18 119.0995 119.0401 119.0039 118.6331 121.7229 100.3607 118.4196 119.0895 119.0504 119.0887 119.2806 119.22
121.32 122.7956 125.2664 125.8003 124.5728 110.3091 118.4401 106.0749 110.8472 111.9072 106.6372 104.4267 104.1162 104.2225 116.4175 117.8515 111.4112 103.5904 103.1964 109.7449 113.0546 109.0637 116.3225 108.4424 106.9783 116.4209 111.5977 111.7031 109.8998 122.5989 118.8854 120.4164 109.1401 110.4739 121.2915 121.9322 121.2208 121.4478 121.1218 120.4956 121.9187 114.3865 121.1283 119.7505 121.3537 107.9398 116.1514 114.8645 118.6384 118.9954 118.9223 118.8099 118.7102 118.6008 118.5146 118.4656 118.5087 109.7357 119.0729 118.6409 118.6519 118.7264 118.8579 118.82
120.71 121.2667 123.2627 124.7414 124.293 124.0712 123.864 110.0766 120.6137 112.8555 112.4356 105.0762 103.1343 119.5854 116.145 111.5933 109.8047 110.9319 114.426 104.0183 107.3564 110.4585 108.7041 110.1159 118.2142 117.3371 114.3787 122.4294 120.4351 129.2444 121.7174 120.2889 120.7754 123.514 121.9894 121.6178 121.4199 121.225 120.9405 120.1991 122.3735 115.0096 121.5956 119.4468 115.3692 121.221 112.8525 118.4936 119.1587 118.5603 118.5033 118.2478 118.1447 118.0845 118.0389 118.1406 118.3627 119.1098 118.1446 118.1527 118.1722 118.6862 118.5145 118.41
121.89 120.9634 121.9926 124.5446 125.3021 115.9045 116.9913 117.1811 117.1394 110.3884 118.5291 107.5157 106.1802 106.086 107.0831 114.6202 109.9881 110.3373 114.3609 111.2659 109.8267 103.5982 105.5281 106.3747 120.442 115.7339 122.6012 130.5113 123.0772 122.6406 122.5861 124.3573 113.3073 115.627 121.5296 121.3782 120.6899 121.5807 117.1606 121.078 119.6212 95.7022 122.7217 119.9008 118.9369 119.3082 118.71 118.8346 118.2707 118.2446 118.072 118.5736 118.2577 117.7547 117.5826 117.2965 117.2718 117.2302 117.5532 117.6775 118.3518 114.347 118.2516 117.98
119.23 119.2523 119.7057 123.6212 124.7514 117.0314 117.6833 115.7902 119.155 118.9649 119.2332 109.6373 106.969 109.0679 109.9143 111.5564 111.0748 107.0733 111.866 111.7375 104.9295 110.1656 105.9558 103.2533 119.8394 125.2346 119.4373 122.905 122.86 122.3447 121.1192 121.3056 100.5656 116.0231 122.0639 121.2817 121.4624 112.0088 97.8801 111.3433 124.747 123.5333 107.6989 114.9014 118.3136 118.3332 118.4433 118.1524 118.0143 117.7722 117.6264 118.0315 106.7363 117.7501 116.6373 117.7825 118.2258 117.6185 116.9681 117.1863 117.4882 113.4453 118.3967 117.47
118.27 118.8525 121.2703 124.3727 119.8434 116.8897 115.8312 116.323 116.7073 118.5172 117.5369 115.4396 112.6307 108.6202 112.1953 106.1643 106.5498 103.7694 106.5689 106.0953 113.0664 104.907 111.0655 116.1453 116.2749 116.9864 123.5317 123.2608 122.8493 124.9217 125.8355 113.6106 101.5508 124.9843 121.0366 121.0761 120.5409 113.0776 110.0474 97.2501 120.8624 117.3309 102.142 95.2586 119.4323 118.2783 118.0927 117.7843 117.5434 117.3295 117.1407 117.0553 116.7452 117.511 118.2767 113.6556 98.3889 116.6728 116.2748 116.6685 116.7726 117.4161 116.9837 117.47
118.27 115.25 119.3441 121.9545 120.1373 121.1295 116.8982 117.6946 115.0124 119.3382 113.5555 116.7907 114.6049 114.3772 119.1977 109.0822 110.1868 97.8867 102.4023 102.3743 117.3334 104.4717 102.6999 122.6066 122.7235 122.5311 122.9571 122.7311 122.4464 113.7662 109.6846 105.5743 108.4379 116.7807 121.2429 120.7724 121.6621 111.5712 110.8323 99.7109 104.4985 108.3952 118.8444 112.899 118.941 117.6486 117.6058 117.3492 117.1007 116.85 116.6517 116.4709 116.2422 115.9315 116.1659 116.0079 114.741 115.9424 116.0259 116.1125 116.2425 116.3255 116.6008 116.53
115.26 113.1858 115.6365 117.9486 122.7784 123.2918 122.7505 115.0151 116.4271 109.1203 115.1569 114.547 112.6249 113.2652 118.0643 111.5405 113.7155 115.6101 114.3711 108.3913 110.7113 97.9839 102.7257 117.5883 103.7807 124.6148 132.1912 122.1925 122.6422 124.6828 97.43 108.8433 119.0768 125.7278 121.0857 120.595 120.5285 113.2863 107.1587 123.2088 94.6679 96.6297 104.7561 120.07 117.7088 117.624 117.206 116.917 116.6365 116.3613 116.1136 115.8963 115.7133 115.5884 115.4353 115.3332 115.263 115.3604 115.3946 115.5073 115.6568 115.8371 116.0501 116.0
115.24 116.366 114.4663 111.4063 107.9675 113.5123 119.8398 118.4096 118.9202 110.995 118.1404 107.0339 114.2264 120.5082 112.9232 110.4901 112.8686 107.1506 104.1562 113.8374 118.6501 120.3878 118.0947 118.5855 110.0761 123.1346 124.1293 122.5477 122.3765 121.431 115.6807 120.1417 107.734 116.3566 120.5905 120.4359 119.9544 121.0869 107.8881 119.7292 115.3284 106.311 115.4234 118.071 117.4571 117.1042 116.7911 116.4606 116.1485 115.8493 115.5749 115.3233 115.1009 114.9175 114.7855 114.7031 114.7138 114.678 114.761 114.8797 115.0456 115.2507 115.4943 115.38
109.66 111.1126 121.9396 112.6496 107.1632 109.3939 110.0101 113.8651 115.1405 113.9951 114.1224 102.9855 108.408 113.5538 110.9793 103.4185 109.3629 105.0969 109.0556 124.4011 125.8655 124.4536 124.306 123.349 122.4437 122.3755 116.2253 122.792 122.3165 122.1074 122.0339 121.7631 119.467 121.3294 120.5811 120.1925 119.8616 119.7509 117.2502 119.0233 118.8615 117.979 109.9167 116.1938 117.2352 116.7092 116.3563 115.9979 115.6422 115.3133 114.9924 114.7128 114.4607 114.2518 114.0946 113.9898 113.9403 113.9718 114.0547 114.1953 114.3862 114.6253 114.9015 114.75
110.46 109.805 109.0764 105.226 105.2835 105.9816 114.967 113.3215 108.9178 110.5588 109.3172 108.1656 104.0695 105.9769 114.1506 109.0077 106.4638 105.0111 110.4736 121.5216 118.0796 124.2248 123.6411 123.3839 123.1968 124.0582 124.2495 122.3902 122.0958 121.8284 121.5767 121.17 120.9829 120.6122 120.3801 120.0244 119.6995 119.2624 119.019 118.6362 118.2953 117.3439 117.5393 117.3435 116.5993 116.3383 115.9157 115.5182 115.1271 114.7447 114.3869 114.0589 113.7647 113.519 113.3401 113.2143 113.1708 113.1898 113.2958 113.4589 113.6847 113.9691 114.2863 114.63
120.66 120.2824 120.238 115.394 109.24 105.4701 111.2396 116.73 111.8175 102.973 114.326 109.5593 109.4864 109.2006 110.2125 103.1724 104.9551 110.0281 119.4719 110.2884 124.1177 123.8453 123.5507 123.399 123.1815 114.3777 97.4666 123.2002 120.1069 121.759 121.4529 121.1511 120.8379 120.5247 120.1821 119.8389 119.731 118.9618 118.3598 118.0201 117.9961 117.623 117.122 116.7792 116.3582 115.9124 115.4731 115.0302 114.5893 114.1571 113.753 113.3648 113.0245 112.7327 112.509 112.3662 112.3038 112.3345 112.4562 112.6588 112.9301 113.2561 113.6368 113.99
119.94 117.1257 114.174 114.6853 115.5699 116.4882 115.6969 116.0416 116.1582 105.9637 104.74 104.6519 105.8656 103.9984 115.6274 108.0365 107.8224 108.9219 118.3893 109.9636 102.5536 119.0229 123.6012 123.2164 122.6708 126.002 106.7461 108.0144 102.686 123.1969 121.1417 121.0519 120.6908 120.4139 120.0862 119.5957 118.0686 115.5113 119.4041 118.1796 117.755 117.3431 116.9211 116.4703 115.9948 115.5093 115.0291 114.5354 114.0393 113.5541 113.0822 112.6353 112.2297 111.8755 111.6032 111.4229 111.3526 111.3896 111.5379 111.7873 112.0891 112.624 112.9681 113.29
115.26 115.128 114.6664 114.0 114.0665 115.0099 113.6569 114.5769 113.0677 112.4411 115.4075 115.7202 112.7352 114.0013 103.0639 106.2587 106.2292 109.1155 117.5723 110.9316 123.4963 124.9388 123.5686 123.1685 122.905 123.2347 119.9453 126.817 120.8109 122.3781 121.2291 120.6204 120.465 120.0845 119.8364 119.4577 118.0799 103.418 115.7186 117.85 117.5423 117.0863 116.6084 116.1275 115.6309 115.117 114.5842 114.0362 113.4868 112.9239 112.3757 111.8517 111.3648 110.9372 110.5978 110.3759 110.2769 110.3254 110.5145 110.8294 111.213 111.5427 110.9389 111.41
116.61 115.8469 115.4382 114.9879 114.5703 114.8822 113.5502 114.0076 113.0282 114.2793 114.0454 115.9537 114.1677 105.0659 110.4099 104.4865 108.1475 121.4073 119.5843 118.9305 123.8166 122.8179 123.1606 122.9432 123.539 117.7089 115.7835 119.6903 121.4623 121.3618 120.9945 121.6815 122.1794 120.6844 120.2805 120.4696 110.8247 114.9026 108.5701 116.6536 117.4405 116.821 116.342 115.841 115.3008 114.7329 114.1504 113.5434 112.9207 112.2885 111.6516 111.0208 110.4279 109.9047 109.469 109.1778 109.0522 109.1249 109.3692 109.7565 110.2402 111.0847 110.0212 112.28
115.2 114.3505 115.4367 115.218 114.4562 113.7446 114.6882 111.4605 111.8091 113.2124 110.7244 115.9213 112.5767 115.0419 116.2494 106.5409 106.9953 122.3029 116.3351 122.3222 123.8209 123.4295 123.7371 123.1941 122.214 106.1277 107.3976 123.456 121.6699 121.4163 120.6791 120.6434 108.1101 113.702 117.5525 118.8781 107.4777 108.3465 119.1138 119.0397 117.3743 116.6008 116.0802 115.509 114.9471 114.3605 113.7294 113.0633 112.3672 111.6421 110.906 110.1514 109.4214 108.7564 108.188 107.7994 107.6269 107.7286 108.0565 108.5726 109.2093 109.9407 110.756 111.49
105.56 115.2303 112.3157 116.1643 112.1941 112.9831 111.706 112.599 113.2587 113.1899 111.7375 115.1468 113.9795 114.3934 106.3663 109.9554 108.7158 121.5143 122.9907 122.5712 123.6436 123.5186 121.1943 115.8454 123.8245 104.3205 108.5231 123.5539 121.467 121.2842 120.7792 118.8262 107.1407 112.0181 118.1389 114.0221 120.4217 119.6496 118.1523 120.6881 116.9099 116.4293 115.8468 115.3801 114.7253 114.0355 113.3378 112.6072 111.8304 111.0094 110.1475 109.249 108.3577 107.4832 106.7252 106.163 105.93 106.0563 106.5315 107.2374 108.0877 108.9657 109.8624 110.24
105.55 106.7178 106.3131 115.8934 107.2953 107.352 107.1024 107.2472 108.001 109.7763 116.8275 116.1078 112.8251 110.9388 102.4157 107.9065 115.8035 117.2614 119.0705 124.3942 123.5809 123.3993 122.4636 110.54482684408207 124.5536 122.823 119.6575 125.1681 121.4222 121.2046 120.8362 121.5737 101.2841 123.3176 111.6028 113.5298 119.6182 120.2936 119.595 118.5771 116.2827 116.2821 115.6424 114.0939 114.3054 113.6873 112.9889 112.1872 111.3273 110.4049 109.4049 108.3387 107.2083 106.0748 105.0143 104.1865 103.809 104.0214 104.728 105.7412 106.8725 107.9997 109.0906 110.24
119.61 116.1725 115.1892 117.3886 112.4017 110.5224 108.7082 105.178 104.5946 112.4917 104.1915 107.0935 105.3663 103.3106 103.7248 108.9806 117.9777 117.1633 120.8795 123.5714 123.6739 123.4749 123.7147 130.8942 125.2597 106.5563 124.6182 119.5677 121.4162 121.1971 120.8957 120.3694 119.1365 119.9042 121.9519 141.6462 109.9829 103.196 102.3322 96.7162 120.1513 113.8907 115.8178 114.7515 114.0828 113.459 112.6786 111.8249 110.8891 109.8505 108.7157 107.4442 106.0469 104.5457 103.0011 101.649 101.0172 101.3644 102.5535 104.0764 105.6138 107.0445 108.35 108.95
119.8 120.9786 119.9696 119.5461 114.9566 113.456 115.3548 113.5438 107.322 118.9941 114.0075 108.6698 102.6129 103.2542 102.1165 116.9978 108.5194 124.1979 117.2133 124.4166 123.6067 123.4383 123.1259 121.8221 121.5818 121.4894 122.1303 121.2779 121.4891 121.1617 120.8191 120.2049 120.5318 104.9924 120.1925 109.3049 118.5602 113.6732 94.6311 114.8825 104.3142 115.2191 114.8881 114.7545 114.0701 113.2575 112.4345 111.5296 110.5161 109.3937 108.1132 106.647 104.9476 102.9586 100.6385 98.3512 96.7497 97.6729 99.9814 102.2952 104.3856 106.1709 107.703 108.76
113.77 112.6823 112.6486 111.5501 110.6587 109.6791 107.6598 106.7123 104.8462 106.7918 107.3747 109.3405 108.3875 108.1519 106.7901 107.6174 108.9815 111.5431 122.7459 124.0806 123.5666 123.4204 123.1887 122.9335 122.7586 122.416 122.1257 121.7509 121.4409 121.1309 120.7894 120.5282 120.0381 110.4167 98.5749 101.3366 97.7359 112.2173 110.8601 117.0674 112.7051 115.7281 114.9728 114.6313 113.9076 113.1213 112.2705 111.3191 110.2541 109.0565 107.6674 106.029 104.0298 101.5157 98.2461 93.0476 89.9875 91.6194 96.9834 100.6058 103.3576 105.4832 107.2092 108.61
127.54 127.4904 127.5348 127.4291 112.089 125.3976 122.0798 114.7195 115.8477 114.9724 112.5673 105.6139 103.9591 106.303 105.1208 103.2094 122.4929 122.3273 124.4931 123.4136 123.9207 123.4171 123.1215 122.84 122.6168 122.3695 122.0909 121.7552 121.4421 121.1149 120.7768 120.4094 120.0491 120.8906 105.7219 102.5513 96.5099 123.0473 117.0608 116.7343 116.5851 115.8818 115.0943 114.5735 113.8443 113.0533 112.1807 111.2102 110.1242 108.877 107.4242 105.6817 103.4987 100.5634 96.3466 88.5838 85.1428 86.8802 94.1905 99.4959 102.7434 105.0863 106.9435 107.51
127.53 127.1405 128.0692 114.0321 112.4335 112.4734 113.8957 114.8249 115.2932 106.0373 112.0492 105.3147 104.8186 122.0206 112.659 123.7161 121.884 122.0005 125.6391 110.3823 125.0302 123.4869 120.1049 122.7277 122.4457 122.0962 122.0438 121.6303 121.3288 121.1127 120.8237 120.3575 120.3637 121.7519 105.8062 110.3397 101.268 119.1423 114.8899 116.8979 116.4782 115.8414 115.239 114.5622 113.8393 113.0497 112.1767 111.2089 110.1164 108.8724 107.4204 105.6733 103.4881 100.5571 96.1961 88.3703 85.0749 86.9678 94.1239 99.481 102.7355 105.0833 106.9385 107.49
127.53 127.5342 127.7254 125.6345 110.0821 111.63 110.9647 110.3848 109.7678 105.6557 109.8689 105.507 111.9077 113.1198 107.7634 104.6294 101.9263 126.2827 125.5677 114.4491 124.2152 123.3493 108.7996 120.571 122.9282 119.6258 122.3689 122.5594 121.8763 120.9135 120.4692 121.1253 116.7099 117.5321 99.8 109.1093 122.4155 96.3824 111.5681 116.7966 116.5457 115.9004 115.2819 114.6156 113.9009 113.1147 112.2663 111.316 110.2543 109.0469 107.6546 106.0117 104.0053 101.5082 97.7556 92.8707 89.8288 91.4126 96.9137 100.5748 103.3407 105.4634 107.2026 108.56
127.53 127.3792 128.8965 112.7817 109.2537 113.239 110.1368 113.8055 111.1177 113.5567 109.0529 105.4815 112.961 110.3799 116.8047 108.2944 121.128 122.522 124.8949 124.5936 124.4528 123.8154 104.2454 123.3935 119.6991 123.1736 121.9979 114.911 120.8563 121.8802 122.6076 115.1939 99.4558 99.3897 103.8472 100.878 116.024 114.0879 115.8315 117.026 116.5646 115.9696 115.364 114.7162 114.0162 113.2613 112.4317 111.5173 110.5073 109.3781 108.0909 106.6235 104.9097 102.8881 100.6295 98.2115 96.4856 97.4871 99.901 102.2432 104.353 106.1457 107.6858 108.67
127.54 127.5877 122.6569 115.6351 110.9619 111.0986 104.4893 107.3889 109.0578 109.537 105.8285 103.4574 114.675 109.7221 109.8308 112.2253 123.165 122.8687 123.9595 125.8268 112.294 121.4098 123.9392 117.5048 114.5041 122.8254 120.2211 110.4315 122.4472 112.8287 114.0482 97.6931 105.1874 102.7802 96.9589 95.862 106.9578 118.9905 117.9649 117.1691 116.6281 116.0809 115.4957 114.8665 114.1849 113.4601 112.6672 111.8137 110.8677 109.8297 108.6896 107.4199 106.0108 104.4851 102.932 101.5248 100.869 101.2393 102.4817 104.032 105.5834 107.0194 108.3301 108.83
127.54 128.2185 122.0104 114.1276 108.0939 108.1744 109.2829 110.5634 108.3957 106.5715 106.5274 105.5117 104.044 108.4722 115.0699 127.9609 120.8925 124.3262 123.9562 113.0867 107.4341 122.7906 117.7916 115.1362 117.3747 121.9706 122.9362 122.7811 122.0436 102.2563 114.2072 112.3102 113.0361 115.0715 112.348 108.5401 115.1791 118.0614 117.7284 117.2732 116.774 116.2423 115.6659 115.0526 114.4026 113.7194 112.969 112.1778 111.3112 110.383 109.375 108.3041 107.1562 106.0307 104.9525 104.0913 103.7022 103.9151 104.6571 105.6889 106.8328 107.9745 109.0732 110.1
127.55 121.444 119.4974 111.9416 111.4338 110.7535 109.2253 106.0755 109.4742 108.7664 106.3514 107.4192 109.2423 104.273 101.6042 108.7265 118.5236 123.5486 124.9661 115.6133 124.587 122.7915 124.4528 113.6716 124.0301 122.6805 121.9207 121.5391 122.486 118.0697 122.8272 122.1504 121.7673 112.8772 107.2627 122.6105 119.7577 118.4818 117.8923 117.4092 116.8728 116.3319 115.8293 115.2886 114.6654 114.0153 113.3263 112.592 111.8092 110.9861 110.1156 109.2231 108.2997 107.4281 106.6564 106.0867 105.844 105.9857 106.4653 107.1795 108.0504 108.9524 109.8604 110.25
127.55 114.8103 111.1923 111.5041 111.1346 111.3362 112.5607 112.7838 107.2327 105.0054 105.0709 103.686 118.0012 103.5896 107.7623 105.6197 122.9246 122.5499 124.5309 125.168 123.6356 122.8533 123.1282 123.9852 122.5796 122.6017 122.0578 121.7295 122.0726 121.8204 120.7366 120.3897 120.5424 114.9995 115.3641 118.8842 116.8461 118.6383 118.0053 117.6172 117.2277 116.7463 116.0472 115.5382 114.9611 114.3528 113.7184 113.0511 112.3454 111.6166 110.8735 110.1182 109.3831 108.7079 108.1365 107.7365 107.5609 107.6583 107.9977 108.526 109.187 109.9083 110.6608 111.29
119.23 118.7312 113.9863 114.0245 110.5706 109.9918 110.4631 114.5251 109.8946 111.0328 111.7948 103.8953 117.925 102.276 102.9208 117.9699 123.9721 124.588 124.2483 123.9777 123.883 123.7202 123.3386 123.0361 122.8984 122.434 123.0098 122.3186 121.7058 121.3954 121.167 120.8617 120.5314 120.97 120.6058 119.5129 118.5345 118.5993 118.2203 117.6305 117.2066 114.3492 116.4893 115.8307 115.2768 114.7157 114.132 113.5215 112.8989 112.2646 111.6254 110.9852 110.3979 109.8548 109.4172 109.1202 108.9959 109.066 109.3176 109.7192 110.2323 110.8113 111.4357 112.14
113.38 119.1081 115.4972 104.0501 115.8035 116.0546 110.8805 113.7164 110.756 104.7868 105.4288 109.1924 123.7248 116.1706 123.7554 125.5787 124.7134 124.0798 124.3672 124.1365 123.8927 123.654 123.4324 123.1752 122.5765 124.6984 101.7468 121.8618 121.8362 121.5161 121.2181 120.9043 120.5892 120.2991 119.7957 119.1167 118.9808 119.3017 118.6741 118.2535 117.5266 116.9809 116.625 116.1256 115.6176 115.1004 114.5663 114.018 113.4646 112.9069 112.3536 111.8179 111.3282 110.8946 110.5561 110.323 110.2268 110.2806 110.4702 110.7853 111.1989 111.6684 112.194 112.33
118.29 118.8448 115.4905 114.7149 107.2447 115.967 113.7674 110.3881 109.6043 105.277 106.6486 120.0471 119.1232 121.8436 125.5576 105.9512 127.693 126.858 124.3325 124.1795 123.9535 123.7268 123.4983 123.1932 122.7661 122.78 122.4079 122.3136 121.8845 121.6157 121.313 121.0053 120.8401 120.2797 119.4232 121.9534 97.1929 120.376 113.9138 118.1796 117.7652 117.3166 116.8906 116.4375 115.9739 115.492 115.0125 114.5135 114.0193 113.5284 113.0567 112.5976 112.1919 111.8386 111.5653 111.3817 111.3086 111.3482 111.4995 111.7524 112.0822 112.4783 112.9201 113.12
115.71 116.2234 113.4033 115.0063 117.1779 117.273 110.5665 114.1554 113.6176 112.2592 107.9439 122.6644 111.2783 114.9658 124.5084 109.7171 123.7034 124.4585 124.6172 124.2454 124.0529 123.4053 123.5849 123.3326 123.2121 122.1669 114.7736 122.7261 121.8839 121.7225 121.4545 121.0693 119.1479 120.9105 100.1585 98.3687 98.2006 98.7608 115.3523 118.3126 118.0083 117.6061 117.1911 116.7672 116.3392 115.8975 115.4541 115.0095 114.572 114.1328 113.7235 113.3414 112.9949 112.7006 112.4729 112.3231 112.2642 112.2984 112.422 112.6296 112.9026 113.2323 113.6101 113.87
114.51 115.373 112.9185 112.7245 112.1613 114.877 109.8664 108.3035 104.9195 103.5695 102.3476 122.9482 111.8996 117.583 126.3054 126.5638 125.3528 124.7688 124.5238 124.2004 124.0606 123.9769 123.553 123.1678 123.3712 116.9091 125.3904 122.0828 121.9645 121.8077 121.5759 122.4028 103.4633 96.2182 111.902 122.0508 119.4086 104.0318 118.7993 118.6433 118.2401 117.8916 117.4968 117.0976 116.705 116.3009 115.9009 115.4982 115.1081 114.7214 114.3608 114.0278 113.7389 113.4948 113.2968 113.1803 113.1338 113.158 113.2606 113.4284 113.6541 113.9388 114.266 114.68
115.13 118.4492 110.108 109.6509 109.0892 110.1746 104.2392 107.8402 105.7767 104.6529 102.5077 121.9026 117.638 124.553 124.3346 124.6788 124.8971 124.794 124.5183 125.3526 124.5902 123.3194 125.1371 124.2909 107.7437 103.4756 106.608 120.3236 122.1781 121.8621 121.801 121.3599 117.5666 106.4913 123.7402 119.5998 119.7589 121.5073 119.2981 118.544 119.0076 118.171 117.7993 117.4413 117.075 116.7077 116.3372 115.976 115.6228 115.2853 114.9733 114.685 114.432 114.2189 114.0576 113.9586 113.9098 113.9324 114.0176 114.1847 114.3737 114.6026 114.8852 114.68
119.68 113.9576 110.1436 109.8199 110.0423 110.3037 107.124 109.061 113.4333 105.2144 102.5503 120.5912 122.3189 125.8153 128.7619 124.5283 125.227 124.962 124.9198 116.7161 126.2915 122.2232 114.674 126.0895 108.9831 127.6039 125.5152 122.842 122.3472 122.0687 121.9244 121.3622 115.1963 117.2571 110.5663 118.1642 120.1055 119.5728 119.7789 119.0782 118.4579 118.3457 118.1331 117.7833 117.4434 117.0955 116.7733 116.4389 116.1298 115.8243 115.5518 115.296 115.0798 114.8936 114.752 114.6747 114.6494 114.672 114.7299 114.756 114.962 115.2426 115.4738 115.35
117.85 111.4855 109.7566 109.6066 110.1207 112.0809 109.8297 109.5993 106.6617 103.8874 114.5889 115.6036 110.4681 125.0496 123.8342 124.9115 125.1055 124.6678 125.7397 114.3115 129.0242 126.4965 110.5669 124.3076 123.9601 122.0924 122.6158 122.3276 123.4797 122.3666 121.5752 121.8748 110.4746 108.6184 99.119 117.6282 120.1826 120.0708 120.0789 110.9538 118.3748 118.7539 118.489 118.1278 117.8067 117.5397 117.2115 116.8959 116.6136 116.3471 116.0943 115.8735 115.6851 115.5205 115.4061 115.3301 115.3235 115.304 115.3698 115.926 115.9994 115.7536 116.0773 115.92
110.85 109.195 111.895 112.0487 111.8564 109.3987 106.9698 106.5582 104.7262 105.0522 119.7675 112.8608 106.5857 125.1304 124.4785 125.2593 126.2657 126.2465 124.8865 125.3465 117.296 124.3948 124.8686 130.5141 123.2384 123.755 122.9548 124.1947 117.5791 128.1849 119.8081 122.9137 126.3485 106.6746 108.3411 122.374 120.2999 120.2971 119.8213 120.549 120.5056 118.8949 118.7674 118.4863 118.179 117.6712 117.4575 117.36 117.0798 116.8425 116.6184 116.4192 116.2506 116.1147 115.9828 115.9342 115.9773 116.0755 117.0998 115.2906 111.6023 116.6015 116.5866 116.93
111.82 113.3364 113.0822 108.4633 108.4346 108.0723 105.7492 104.9182 104.5329 106.3989 119.1944 120.485 124.7573 126.5578 126.2706 125.9309 117.1596 114.7103 125.8473 124.7167 119.3576 124.1224 123.9556 128.1977 123.4623 123.4653 124.3139 112.2945 102.7467 109.6155 113.4258 121.6566 104.713 98.6867 106.2553 105.796 121.519 120.2356 120.1685 119.8145 119.568 119.3697 118.9083 118.7636 118.7663 118.6483 117.9863 117.6976 117.516 117.3197 117.1161 116.9472 116.796 116.6751 116.7076 116.5145 116.5101 116.5143 117.5861 118.0998 115.9888 117.0358 117.0641 117.0
107.93 108.6364 107.9587 107.5141 107.1288 106.2546 104.3663 108.4636 106.6492 106.1323 115.0013 134.2012 127.1375 126.0128 125.5758 125.8139 121.8415 127.5386 124.6432 124.9106 124.9696 124.4583 123.1773 123.6379 123.8288 123.5588 123.6144 117.9897 118.2783 119.0697 121.0136 123.812 103.4861 108.5548 104.9328 118.6814 121.6413 120.6395 120.4148 120.1915 119.8496 119.6676 119.7707 123.4499 109.1727 104.1795 118.8421 117.9001 117.9582 117.755 117.5982 117.4384 117.2655 117.0087 115.8432 117.0498 117.0334 116.99 117.4594 105.6869 116.863 117.3574 117.5476 117.48
120.66 115.1804 106.6577 105.3306 105.9041 112.7918 110.6305 111.2617 108.191 117.6004 115.2329 132.2119 125.8512 125.7836 125.7567 125.2876 126.2499 126.6881 124.7824 124.7196 124.6438 123.6486 124.9627 124.8236 119.4556 124.188 123.3416 123.5876 123.5915 123.0914 125.5433 104.6477 115.4014 111.0684 118.9092 121.6958 121.1665 120.8973 120.6504 120.4343 120.1286 120.5197 119.1262 106.8595 103.7341 98.1649 118.897 118.4757 118.3862 118.2606 117.9864 117.9386 118.0844 116.6748 117.5494 117.4862 117.5275 117.5684 118.0934 112.4328 118.3123 117.8697 117.9988 117.95
106.19 106.0062 109.9249 118.3487 118.617 113.0713 112.5857 110.658 108.4258 116.1208 112.1445 103.89 128.3816 125.6828 125.9008 127.6529 111.3362 133.6058 126.6149 124.9944 124.6375 129.1315 119.3901 125.0953 123.5541 123.8472 123.5753 123.3563 123.1393 123.0251 117.8701 105.0482 123.0179 122.1809 121.8258 121.4245 121.3829 121.1338 120.9076 120.6659 120.6919 117.6687 98.6374 97.141 108.3158 119.5072 119.6495 118.9967 118.7757 118.6424 118.5216 116.6105 115.5078 118.0526 118.0929 118.0564 118.0383 118.0285 118.0773 118.741 118.114 118.274 118.4347 118.38
117.55 116.7246 118.9326 115.6401 113.3795 113.1489 112.9081 104.6637 105.3327 103.1577 119.4682 113.0589 119.946 112.2241 123.405 124.6409 115.0548 125.476 124.4736 114.8543 124.0698 125.9155 129.2823 124.1149 124.3211 125.4372 123.6021 123.5741 123.5061 122.9365 123.9597 124.3975 122.1327 122.0836 122.2421 121.8416 121.5782 121.3571 121.1485 120.9679 120.7261 116.9689 102.2696 100.1105 105.2814 120.8906 119.593 119.3261 119.1764 119.0492 118.801 112.7121 118.4041 118.214 118.5978 118.5058 118.4546 118.5006 118.522 118.5136 118.6762 118.7597 118.8556 118.8
116.84 116.6449 117.1252 117.2288 113.8668 107.9015 106.6247 105.1221 105.1035 107.0251 115.6317 118.2374 128.3188 127.4234 117.1332 122.8212 126.9816 117.2974 124.6481 125.467 125.0987 124.2737 113.5334 113.3691 124.6947 123.9251 123.842 123.9681 120.2134 121.574 111.9776 121.9829 122.531 122.465 115.7579 119.1775 121.8322 121.5705 121.3886 121.1971 120.3736 123.3296 107.5985 99.2462 118.6038 120.9432 119.8673 119.6909 119.5439 119.4252 119.1338 119.9171 118.9471 119.0513 118.9485 118.9017 119.0932 118.913 118.9596 119.0032 119.06 119.1468 119.2579 119.19
115.57 113.7566 115.9462 109.2236 109.2209 109.7438 107.7543 105.1397 105.2972 106.171 119.8399 119.8971 120.5021 126.8182 114.8606 108.6966 127.3904 110.7286 108.4154 119.9182 124.3716 116.0943 108.846 122.4801 124.6798 124.2505 123.8758 121.6735 117.8977 110.3195 125.1389 124.1555 123.3765 123.6764 111.7968 116.2944 122.3892 122.0597 121.6586 121.5802 122.3607 120.2263 111.7395 107.4421 120.3655 120.2839 120.1908 120.0438 119.9032 119.7998 119.701 119.4639 119.5099 119.4368 119.3521 119.1829 115.8902 119.465 119.3199 119.4098 119.4736 119.5507 119.64 119.57
108.75 108.7471 109.9093 109.2608 109.7332 108.6886 106.1795 104.6434 105.0441 106.7461 120.6406 109.2759 103.9579 119.7881 111.451 116.7162 115.0367 125.4592 105.3209 105.7005 116.7427 110.0555 109.6694 126.0605 124.674 124.269 124.2251 116.3231 117.5365 123.5852 124.0991 112.8299 117.7603 122.2273 123.974 119.3794 123.5605 121.6073 121.613 121.7201 117.2684 107.6607 116.2711 121.7325 121.0489 120.7295 120.5022 120.3753 120.2513 120.1312 120.0223 119.9505 119.9044 119.818 119.293 117.7445 97.526 120.6126 119.4244 119.8024 119.8582 119.9242 120.012 119.93
115.13 109.8213 109.3283 109.2459 108.4632 106.6017 104.4355 107.1506 106.6142 112.3042 111.0389 101.1336 125.705 114.602 116.9582 128.028 127.8923 120.4114 115.3855 116.1538 117.3715 104.0502 116.335 126.0696 124.0821 124.6484 123.7062 124.5553 121.6689 119.2407 109.4771 111.308 123.9939 119.0417 114.4749 113.7634 103.0297 122.7079 122.375 123.474 115.8051 102.3535 112.1513 121.7548 122.7138 120.6207 120.8292 120.7052 120.5886 120.4841 120.3917 120.3781 119.9659 120.2365 118.7942 116.5803 92.6076 120.9966 119.6195 120.1695 120.2283 120.2863 120.3646 120.27
115.13 109.6617 109.7283 109.4455 105.2889 107.9971 108.2407 120.3868 110.1066 105.306 102.2433 115.1102 123.6748 124.8777 118.99 126.4799 126.7011 121.3359 115.4694 111.7531 128.3156 114.8903 103.2153 104.8781 122.5441 123.3045 125.8207 108.3583 95.6663 124.6 124.4856 123.0927 122.8807 113.4532 96.5393 100.9115 101.389 117.1215 121.9879 121.6295 105.3404 109.073 122.1593 103.4003 120.6553 121.1434 121.2022 121.0219 120.9046 120.8125 120.7297 120.6514 120.6464 112.3247 116.2186 119.7007 119.7865 120.4994 120.3237 120.5112 120.5778 120.629 120.7075 120.6
121.07 110.3468 110.4548 111.1929 111.158 111.0415 122.3554 112.4909 109.5948 108.8527 120.6811 124.9042 118.2141 126.294 126.717 122.5851 124.2181 109.7125 113.8927 118.3219 124.6956 127.993 118.767 128.0046 126.1406 123.0683 126.8915 107.417 117.346 129.6141 124.6127 121.0515 123.368 119.8708 106.7369 112.103 96.6715 125.656 122.6007 122.8229 111.8794 119.8581 123.8009 118.1786 123.7219 121.5288 121.0479 121.3131 121.2411 121.1392 121.0502 121.004 120.9278 121.7518 120.8841 120.8023 120.6901 120.7567 120.8188 120.8951 120.9112 120.9689 121.0333 120.92
110.57 109.8868 107.3259 107.3298 120.7273 110.5166 111.0678 105.0516 103.2378 122.7938 107.6929 105.8487 125.9301 125.0717 124.5838 124.2783 126.5202 120.8881 118.4589 127.7607 126.6409 114.7648 124.9343 126.8398 125.0199 122.7373 109.0209 107.4586 122.8737 108.8906 110.7665 124.7367 123.9317 113.2832 106.1823 124.7778 118.1715 118.0628 122.0856 122.6256 121.7072 121.7438 111.1067 122.8583 121.6676 121.3519 124.2777 121.4429 121.5094 121.4507 121.3705 121.3159 121.1594 120.9964 121.2222 121.1889 121.3884 121.1945 121.0527 120.9426 121.2582 121.2913 121.3521 121.53
106.56 107.3369 106.6264 107.4283 112.871 106.6793 127.2887 124.4312 121.1481 113.5927 104.8919 120.4777 106.3965 109.327 126.8788 127.0927 117.6597 126.4004 116.7951 119.1408 106.9279 112.1427 117.7856 117.8349 125.3491 127.6621 103.2404 122.4312 100.5054 105.6625 127.1203 123.9394 123.666 123.9601 118.5718 124.2363 124.0616 123.7862 123.944 122.8764 123.3657 121.3171 122.9854 122.636 122.4437 107.956 121.3545 121.8445 122.0549 121.7155 121.6972 121.617 121.5865 121.5588 121.4487 121.4491 119.6111 121.5464 121.3972 123.5595 121.2959 121.6271 121.6936 121.81
106.58 105.8205 105.1989 113.1612 127.5272 127.3742 128.4672 119.4693 118.9067 104.3704 105.2509 104.7905 120.507 128.2674 124.1011 126.6748 125.8048 124.9372 123.0698 127.4642 105.3971 111.2075 115.8619 125.7553 125.3833 106.9806 103.2762 106.3594 116.0427 124.3539 124.7245 124.2826 124.0703 124.0268 123.9255 123.6351 122.5983 113.037 124.0295 123.043 123.255 105.7305 119.1719 122.8279 122.7945 122.6305 123.2675 122.6725 122.1323 122.0145 121.9006 121.8821 121.8635 121.8326 121.7816 120.6808 116.8544 121.8003 121.6037 123.4218 121.8632 121.8257 121.7689 122.09
126.02 126.2712 127.7045 130.3314 129.0947 127.792 129.6848 107.5694 114.5143 132.1067 107.3233 107.0043 111.6532 126.2087 127.0457 126.4217 127.0051 122.099 125.5829 111.8475 107.3093 123.749 103.8483 127.5143 124.5382 127.5201 111.3124 103.9133 124.9834 124.1275 124.6782 124.4192 124.31 124.1247 123.9791 124.133 119.2058 100.1512 116.4672 123.3252 116.9299 101.3051 108.1028 122.0165 122.8698 123.9638 121.7075 122.6928 119.4756 122.2867 122.6749 122.4155 122.1569 122.1275 122.0685 122.3871 122.5912 122.2778 122.0251 121.9292 122.0385 122.6381 123.35 122.36
128.72 129.3283 129.1076 126.2979 126.5403 124.6687 126.8288 127.2969 128.9797 102.8546 106.8432 122.0837 128.2886 127.7622 121.0407 125.9425 126.4379 121.5265 121.4714 126.3402 126.4533 128.092 125.1106 126.5278 125.4674 122.5945 106.4139 112.6855 126.0357 124.7397 124.8169 124.6307 124.4512 124.3209 124.208 124.0259 115.8356 99.2456 127.9785 123.9401 119.6559 118.7325 118.1114 121.8305 100.1763 121.1044 125.1484 122.3532 120.6844 123.6084 118.7377 122.5208 122.4344 122.4144 122.3608 122.2847 122.2753 122.332 122.5433 122.4868 122.1701 122.1595 110.7302 106.4
128.83 128.7317 128.5062 128.5363 128.7123 126.134 120.5978 128.5099 117.4904 113.1658 111.1887 128.0375 115.4654 124.9999 114.1388 126.1711 122.6975 120.8313 127.8411 125.921 126.2743 125.9221 125.3154 125.2051 121.063 111.2567 111.0061 117.5407 124.7434 122.1404 125.1665 124.7978 124.6385 124.5115 124.4174 124.1123 116.5822 113.4161 124.59 123.2911 124.6142 124.5115 122.1768 124.8201 119.8371 119.7648 103.6531 99.6232 123.5831 122.9147 121.3634 123.0085 122.7041 122.6864 122.685 122.6718 122.6525 122.6444 121.7535 122.0818 121.9628 125.0248 102.8286 122.87
128.86 128.4433 128.7302 128.5749 128.2849 123.7181 116.9971 128.8481 128.3117 122.0606 129.756 121.1672 111.4275 114.4126 105.9654 105.0408 121.0602 134.5034 128.5642 126.4601 126.418 126.1282 123.5608 106.1472 115.0336 126.9958 117.6106 111.0398 113.2688 113.9071 125.151 124.744 124.8122 124.6883 124.5587 124.4288 124.3028 125.3536 124.1286 124.2472 123.7864 123.2194 125.3378 119.4904 125.1974 125.2509 114.5153 101.908 122.4161 122.81 123.2935 123.0084 122.9862 122.9628 122.9354 122.9227 122.971 123.1057 121.564 135.5703 111.6907 117.0995 102.7032 101.12
125.69 125.69 128.7 128.61 128.53 128.34 128.24 128.15 127.96 127.86 127.77 127.66 127.46 123.13 121.3 120.31 113.43 125.42 126.73 126.64 126.51 126.29 126.18 113.07 125.95 116.28 104.67 107.31 104.1 117.23 125.11 125.14 124.86 124.74 124.74 124.61 124.36 124.38 124.21 124.1 123.97 123.84 123.84 101.71 123.57 123.61 123.44 123.45 123.28 123.34 123.34 123.17 123.19 123.2 122.98 122.99 122.99 122.99 122.99 109.93 119.59 103.34 102.36 101.12
