126.6600 106.9000 119.2100 121.1300 131.6600 131.2200 122.2100 117.7200 119.2000 118.4000 118.0100 103.9900 128.1300 126.4700 109.0600 116.4000 126.3300 115.3100 115.8000 107.2900 110.7600 109.9800 114.5900 102.2600 101.6500 101.4900 101.3300 101.0100 101.0100 100.6800 110.5600 119.0200 119.0200 109.3200 109.3200 121.6700 121.6700 121.2500 121.2800 121.1100 108.8600 108.8600 120.7200 120.5000 120.2700 114.6200 120.3500 120.0800 120.1000 120.1400 120.1500 119.8200 120.1500 120.1500 120.1100 120.0900 120.0600 120.3300 120.2900 120.5200 109.4000 120.6800 120.8800 120.8800
126.6600 137.6992 124.8634 123.8718 121.0671 125.5976 130.5366 123.1971 115.4323 116.3503 119.6199 111.4702 115.1698 124.0396 119.2567 123.0626 119.7874 116.2553 114.1592 110.8058 107.2707 111.3716 111.2682 103.6989 100.4125 100.7582 101.0824 103.2616 103.2163 99.8609 99.5495 105.9866 109.5479 113.9888 106.2010 108.7733 117.9017 105.0002 120.5193 116.7037 124.4855 122.2872 120.4078 120.0792 120.5675 112.3112 120.8250 115.0465 119.7809 119.8464 119.7765 119.7693 119.7668 119.7904 119.8347 119.8704 119.9557 119.9943 119.9411 121.1617 100.2717 115.1099 121.4133 120.5500
122.5600 118.7520 122.5792 126.9902 122.5071 114.3604 122.8511 123.5211 126.0834 119.9047 116.6225 109.0342 117.5641 119.1746 113.0565 124.7529 113.4302 110.8587 113.0775 116.7601 111.9894 107.9915 104.5471 112.0234 109.4945 101.8808 102.4959 101.0659 100.1312 100.2376 100.5812 96.4832 104.8997 110.8080 114.1995 114.2845 118.8504 125.8205 120.6882 121.2668 120.6805 120.1349 120.0800 119.5500 118.1398 119.5442 107.8138 116.2146 119.6874 119.4246 119.3799 119.3726 119.3813 119.4061 119.4294 119.5631 119.4522 119.7017 120.7727 101.4995 106.3186 125.6757 116.7024 120.5500
122.1200 122.6745 121.4844 119.7632 122.0902 126.8626 125.4671 113.9689 121.4272 123.0763 125.3209 117.5420 105.4559 117.4577 117.9350 126.2217 121.9250 119.4206 112.4613 113.0111 103.5512 109.5436 103.5092 105.9539 103.4869 98.9003 105.1327 105.7559 105.7169 103.3397 100.2890 109.3918 104.2517 116.6703 113.5508 120.2392 126.5470 120.7999 119.5496 121.0050 125.5307 119.7587 119.6720 121.1670 114.6088 97.1991 109.1415 111.8387 118.5899 119.0901 119.0041 118.9616 118.9748 118.9872 119.0947 118.8065 119.7352 119.0625 122.6411 99.9455 105.5933 93.8260 106.8654 101.1800
123.0000 111.1468 123.2673 122.9764 120.0601 117.3466 120.9278 118.0733 122.6037 115.4248 114.2629 108.0201 125.8142 112.3735 113.0860 127.7244 122.8754 117.1386 113.4072 115.0042 108.3006 115.1797 110.8811 106.3001 108.3821 114.2328 106.5858 101.1189 100.8262 109.3383 108.9470 112.8380 124.3818 112.7948 114.4732 121.5170 120.0761 118.3376 120.8027 119.4809 119.5904 119.5620 119.2995 118.8457 101.7618 98.4303 109.1700 116.9816 119.1317 118.0821 118.4469 118.5550 118.5197 118.6326 118.1779 119.0093 112.0515 118.4128 100.8913 102.1397 116.9354 106.4447 102.5251 97.7700
123.2600 122.5106 112.9922 114.0585 115.1555 125.2648 119.5916 118.5606 120.3609 117.6009 120.0183 111.0111 113.9091 103.2820 117.6938 114.9277 124.2205 120.9412 121.7811 110.6298 119.3520 113.9586 115.9981 115.0711 118.7201 97.7066 104.6954 108.1101 98.6551 105.6129 111.6809 104.2330 122.9700 118.1404 110.8577 106.8947 122.1004 119.8005 119.9416 119.5898 119.2552 119.2036 119.0018 119.7032 120.0971 104.7357 99.3633 107.5162 103.2018 104.4824 118.4874 118.1286 118.0700 117.9386 119.1719 98.1923 110.9651 95.9123 115.0202 117.5099 122.5050 121.6023 120.5830 119.4200
122.9300 110.8217 109.9294 126.4993 111.5182 107.4668 115.0944 119.6856 118.9299 118.0951 117.4234 118.5393 103.2520 109.4785 113.5130 117.1268 116.0677 114.6544 119.4487 122.9356 111.2957 114.5501 116.8864 115.0373 116.1301 111.6256 99.5563 115.6413 123.5515 103.2154 104.4052 104.0444 109.9441 109.3962 102.0422 121.0275 119.8103 119.8584 119.2958 119.8378 119.2737 118.8528 118.5047 118.4755 119.7103 101.6021 102.9078 102.7434 125.1677 118.7404 117.9223 117.6443 117.5821 117.4450 119.8480 101.5277 120.1984 100.3927 124.5889 118.8574 116.2622 118.6676 118.7410 119.0500
112.1000 107.0263 111.0305 104.6620 104.2516 104.7442 103.8744 103.2436 113.2004 117.9656 117.9333 117.1106 117.1344 118.5020 103.8721 113.6945 117.2927 119.2471 114.7693 114.6023 114.3500 117.0953 120.1768 103.0581 106.3350 108.8067 107.5583 99.3314 106.2259 122.1912 120.4915 120.1796 111.6479 119.2728 108.4024 122.6244 120.8632 119.5112 119.1251 118.9599 99.4036 117.1638 117.9388 118.1578 118.8868 101.1597 116.5650 119.7370 113.2368 115.9160 116.5969 117.1130 117.2036 117.0968 114.9920 117.7359 120.5488 118.0466 119.0887 117.5939 117.8359 118.7409 116.5559 96.6300
123.4600 122.2739 105.1995 106.9156 104.8254 104.2575 104.2147 104.2822 103.3833 102.4532 102.7503 102.5734 100.9681 115.4849 117.2047 117.2985 116.9009 113.9182 112.1538 115.6026 117.0539 114.7191 117.9249 109.1015 118.4628 116.1383 113.6356 108.3538 101.4267 103.1888 121.4422 112.5407 112.7724 126.1396 119.0619 121.3470 118.9438 119.7945 119.3071 117.4682 120.4381 111.2760 118.1656 118.4366 118.5927 99.6071 118.9690 114.0852 116.5979 118.4182 118.6881 116.3545 116.6667 117.7995 99.7949 85.8345 121.6092 117.0816 117.0797 117.6086 117.8414 119.4783 97.9638 118.1800
115.4300 115.5253 122.9927 123.0402 115.6672 108.7775 108.7257 104.1425 103.7643 104.3704 104.3359 103.5410 102.7093 115.8980 119.2012 115.6104 113.1216 113.1705 111.2325 115.3195 118.8680 117.7042 113.5984 116.5066 121.6910 122.7488 118.7021 126.7908 132.5579 120.2803 120.3919 120.8504 122.3909 119.1530 119.5211 119.3467 116.2798 115.3572 113.0535 114.8038 109.0932 96.2733 120.3049 113.0994 105.9722 116.0621 119.6013 115.9367 116.3393 117.7944 94.7845 118.6185 115.3072 115.1838 108.8347 101.4326 117.7882 116.7024 116.7807 117.0222 117.2126 111.1280 98.0015 118.1200
113.6300 112.0645 111.1360 109.9846 115.4274 116.5355 117.2271 107.7628 104.0623 104.3375 105.2534 103.1018 103.3216 101.2863 111.2273 111.6576 110.4558 112.6509 114.9507 109.8237 117.2258 110.5455 114.2191 116.0634 118.5318 132.1283 124.9461 126.8273 121.3398 120.3685 120.9404 119.6236 112.9667 120.1772 119.4713 120.4649 107.7284 100.7403 107.6288 97.2163 97.6556 97.0130 97.3856 98.4690 97.1032 110.5063 117.9443 115.5912 115.4393 116.6178 115.3751 115.8334 115.1570 111.4712 116.8535 116.1857 115.8395 116.0888 116.3127 116.5250 117.2925 112.4199 111.1136 95.7000
110.8800 113.9126 113.7461 113.0482 107.1895 107.6876 104.7331 115.0282 109.6451 104.7467 107.7814 102.4500 102.6235 104.5474 104.4727 101.9859 101.5177 104.4027 115.4924 113.2187 105.8836 110.5401 111.9781 112.8971 129.9255 122.3528 119.7745 120.5883 120.6632 121.0319 120.3385 121.2770 98.9401 106.6264 120.1411 118.8149 116.7631 106.7654 99.8913 100.5064 101.0665 104.2108 99.2755 99.3454 99.3223 117.3047 114.9551 115.1057 114.9136 117.2767 93.0751 116.9878 114.9121 111.2501 108.3631 114.7437 115.1356 115.5051 115.7734 116.0643 116.7699 114.0236 107.9924 96.3600
120.6100 122.6363 115.3092 116.6439 118.9375 113.2396 111.8770 107.5313 105.1480 106.5863 111.0097 105.7778 105.9317 108.2142 103.4957 104.7726 104.9857 101.1664 105.5093 103.6453 112.9665 108.3308 111.1512 121.1566 130.2829 115.3746 122.1816 121.2490 120.8884 120.3973 121.5725 111.3165 108.6658 118.2633 119.3399 118.6054 119.2640 119.4549 106.1003 101.0013 102.5256 117.6846 93.6771 96.2380 115.8903 116.0850 114.8412 114.4978 114.3598 114.0358 115.1189 115.2435 114.3549 114.3363 107.1484 116.0535 114.5428 114.9205 115.2258 115.5689 115.9118 116.9266 112.7115 101.2700
120.9200 112.8230 119.8085 114.1651 114.2945 115.1640 115.1494 113.3637 108.7364 111.7459 108.7040 107.8062 108.4652 110.2907 106.7416 106.3587 103.4656 101.7216 102.9386 99.5651 113.9900 98.2618 113.3453 123.6257 123.1466 120.2855 121.0582 120.9018 120.6109 122.0969 115.1101 110.0598 108.3398 119.8619 118.0140 118.0346 118.1951 102.4116 113.7595 95.5570 98.1101 108.4907 108.1071 100.1265 120.0912 113.2157 114.2057 113.8300 113.5750 113.4330 112.9950 112.8651 113.1476 113.4953 112.4810 113.4415 113.9727 114.2950 114.6706 115.0166 115.8185 115.7725 119.1845 95.3500
120.9200 112.6023 120.5849 113.3729 114.5032 113.9420 112.0820 113.5025 114.7184 115.6788 112.8618 114.3797 107.8444 109.3643 107.3695 107.7707 106.6482 104.7691 105.0740 115.6720 106.5831 99.3907 102.3452 108.4216 107.2147 119.9196 121.4553 121.1529 120.2233 120.4594 100.2680 116.7792 118.1281 113.8578 118.9160 118.0074 118.6896 100.4681 109.1551 109.3697 92.5214 91.9849 116.1290 108.4028 115.5704 113.8396 113.3859 113.0936 112.8090 112.5723 112.4782 112.4535 112.4493 112.5840 111.8444 113.2477 113.2436 113.6384 114.0396 114.3749 115.5951 111.4646 111.8839 115.9800
120.1000 119.2242 119.5328 115.4102 113.8799 104.9458 111.9165 113.0101 110.9456 111.8197 113.3407 110.5288 109.6109 110.0511 105.4829 106.5558 103.3638 103.8938 104.4501 106.9099 104.0170 101.3643 99.4473 115.0706 108.8100 115.8497 127.3608 120.2120 120.3834 120.1839 114.5543 113.2424 117.2616 117.4043 118.2155 117.8655 117.5064 114.4731 112.3590 112.1251 113.1995 99.7316 117.2156 114.2518 113.5291 113.1142 112.7079 112.3081 111.9515 111.6785 111.4867 111.3848 111.4311 111.5454 111.9464 112.1132 112.5191 112.9545 113.3587 114.0918 111.4945 114.0524 115.2143 115.4400
117.1500 117.4039 117.1100 121.5142 111.3322 110.4851 111.6619 111.1780 110.5467 109.2612 111.1383 106.7905 107.3579 106.5766 105.0310 106.7916 107.0416 100.9171 112.9278 119.4726 116.9516 118.3883 118.8524 121.4758 120.9082 120.9972 123.5191 120.3750 120.3159 120.0543 118.9283 118.4761 118.5280 118.5006 118.0180 117.6232 116.9809 116.6335 115.9930 115.6671 117.1034 103.7674 111.8138 113.4066 113.0090 112.4638 111.9412 111.4549 111.0212 110.6891 110.4566 110.3530 110.3999 110.5749 110.8442 111.2567 111.7111 112.2173 112.7940 113.2792 113.8747 114.6634 114.9478 115.2900
117.3000 116.8555 114.1799 112.6592 109.5738 109.3738 107.4237 109.2961 116.7790 107.3756 110.6820 113.3750 111.1602 112.9539 104.7316 103.4665 102.9147 105.1152 105.7075 120.5509 114.4671 123.3731 121.9643 121.7253 121.2868 120.4562 119.7334 120.4673 120.1724 119.7858 119.4780 118.8756 118.6638 118.2245 117.8588 117.3823 117.1194 116.0779 115.8273 115.1597 116.1161 94.5784 111.5889 113.5619 112.3103 111.7498 111.1232 110.5375 110.0014 109.5691 109.2680 109.1332 109.1888 109.4157 109.7992 110.2805 110.8487 111.4609 112.0897 112.7246 113.3386 113.9385 114.5790 114.7200
120.7000 121.0392 117.8531 113.0407 111.8811 110.0006 113.7736 112.9683 111.8931 109.5240 105.5767 103.1694 105.6854 102.7916 103.1136 102.5790 102.9528 119.5143 110.2275 119.3090 122.8774 122.4983 121.9987 121.8338 121.4082 115.5327 96.5903 120.1514 117.6004 119.7701 119.9687 112.5486 119.2298 117.8736 117.4785 118.1199 102.6805 97.8318 117.2949 114.2468 114.5919 114.4933 107.4227 112.7053 111.6574 111.0176 110.2578 109.5428 108.8721 108.3137 107.9095 107.7283 107.7968 108.1068 108.6042 109.2290 109.9319 110.6648 111.4065 112.1302 112.8278 113.5057 114.1478 114.5800
120.6900 119.5441 117.6745 113.8077 112.4305 117.2301 111.5933 114.3767 107.4005 115.3651 107.8168 107.3506 107.3705 108.6513 108.8632 106.8013 103.7022 105.3879 113.1985 120.0110 122.1269 122.8172 122.0560 121.8696 121.5225 96.3142 98.8255 99.6541 98.5112 121.1048 118.6994 119.2750 118.6736 118.1063 119.5846 117.5949 115.4615 113.5769 116.1087 114.8934 114.0627 113.0782 112.5884 112.0131 111.0865 110.2585 109.3774 108.4797 107.6240 106.8704 106.3086 106.0482 106.1405 106.5843 107.2607 108.0898 108.9718 109.8551 110.7275 111.5546 112.3570 113.0885 113.9645 114.4500
118.5800 118.8418 118.3201 118.4683 118.6394 117.7314 109.3857 111.6640 112.0958 110.8885 113.3331 107.7971 110.8866 113.0156 116.0150 106.9580 104.9333 106.8488 117.0995 110.3816 112.8459 122.3207 121.5679 121.0945 122.0761 134.8627 108.1934 118.4311 122.5313 120.8240 119.8946 118.6941 118.3703 117.7346 103.6436 110.4768 109.6691 90.0379 114.1438 114.2326 113.8437 113.1137 112.3030 111.4260 110.5224 109.5184 108.4728 107.3668 106.2449 105.1911 104.3687 103.9616 104.1162 104.7891 105.7573 106.8527 107.9767 109.0572 110.0711 111.0205 111.8964 112.8218 111.4251 113.8400
118.5600 118.8600 117.8724 118.2502 116.6074 117.3782 116.9450 114.9388 115.1242 111.8754 110.7600 111.4837 108.9089 101.5194 101.0499 100.1252 101.0587 105.0779 112.3694 108.9491 127.2941 122.1273 124.0310 123.7033 123.9777 102.1598 118.7678 121.0188 119.6308 119.0515 113.9780 118.1755 117.6228 117.4462 125.9131 102.2336 103.9580 96.0835 96.2188 113.9040 113.5500 112.7350 111.9073 111.0047 109.9788 108.8449 107.5978 106.2267 104.7502 103.2396 101.8891 101.2110 101.4834 102.5950 104.0634 105.5777 106.9933 108.2965 109.4740 110.5395 111.4252 112.5884 109.4694 112.7100
117.8400 118.0598 118.8746 117.9091 117.0790 117.8184 117.1604 114.5707 111.3421 111.0303 110.3637 111.4853 106.1920 105.6359 105.2595 105.3513 103.8118 113.4946 121.5495 117.6888 123.0730 122.5707 111.7736 110.6659 108.6214 108.7342 104.7120 117.8182 117.7808 121.1863 112.8912 121.8986 120.1839 120.1979 116.6593 117.6316 109.3596 104.5454 108.6318 120.7190 112.7074 112.3461 111.6193 110.5210 109.4300 108.2484 106.8059 105.1431 103.2060 100.9554 98.6791 97.1242 97.8115 99.9703 102.2364 104.3082 106.0902 107.6247 108.9602 110.1317 111.1870 112.3521 113.5820 113.5800
104.7400 117.4721 110.8090 118.2268 115.0886 112.1318 111.4372 111.8571 112.3461 108.4260 108.5016 108.5076 110.0154 109.1730 106.3052 108.7535 108.1295 116.8142 117.4510 124.6812 122.3264 121.8580 120.6533 97.1547 107.6045 110.2842 100.0820 114.1321 116.5166 120.5709 109.8865 106.9007 105.7239 102.9159 104.4260 112.4863 116.8410 118.6458 114.7526 122.6039 113.0482 113.7016 111.2985 110.6250 109.3349 107.8236 106.1872 104.2445 101.7999 98.7530 93.8151 90.3618 91.7323 96.8097 100.4541 103.2310 105.3662 107.1114 108.5777 109.8368 110.9462 111.8530 112.8873 113.5400
104.7400 117.5539 106.7715 116.9619 110.4371 111.4746 111.7903 113.8298 108.9802 110.3905 112.6159 110.2328 110.3106 107.7239 103.9764 104.0413 109.1459 110.1625 119.2733 121.9893 122.3722 121.9247 124.6353 99.0575 113.7953 109.0721 112.5740 111.1905 120.9152 119.3392 111.6675 113.6687 92.4604 105.5864 105.6722 113.0887 114.8823 107.2349 113.4483 111.6328 114.1071 99.0474 111.9873 109.8435 106.6300 107.5135 105.8888 103.7023 100.8697 96.7728 89.1301 85.2188 86.7350 93.6782 99.2434 102.5577 104.9438 106.8272 108.3732 109.6807 110.8328 111.8637 112.7223 113.5100
118.1200 118.5650 113.5694 115.4070 112.8270 113.7412 115.3968 113.9419 112.3254 112.5449 113.0532 110.5812 111.8805 107.4941 113.1359 111.3229 111.9050 107.3696 121.8379 122.5953 122.4140 121.8881 123.6452 97.4512 125.4998 102.3637 121.8608 106.6964 121.2227 119.5276 119.3567 121.3314 92.9856 108.4440 114.2218 112.5287 116.0524 106.8693 110.0221 114.2470 115.8958 90.1354 112.7944 109.6934 103.1202 107.6776 105.8621 103.6585 100.7906 96.7011 88.7911 84.9184 86.3179 93.3885 99.1486 102.5067 104.9165 106.8039 108.3581 109.6688 110.8332 111.7803 112.7080 113.5100
118.9700 119.6465 118.6831 118.3739 117.0584 116.8927 112.7044 117.0988 119.7196 117.2838 113.0893 114.5283 113.2581 112.1985 104.8830 108.8316 120.9153 114.9722 122.0141 122.0016 122.4787 121.9889 121.9408 119.9201 113.3403 97.2036 119.0036 110.2904 120.4651 119.1224 118.6788 118.5793 115.4623 116.9534 116.5565 116.3867 115.2390 108.3040 110.3340 96.6929 115.8220 116.0745 111.0584 110.3913 108.9559 107.7289 106.1165 104.1333 101.6197 97.9794 92.5781 89.4754 90.7049 96.2883 100.2269 103.0964 105.2842 107.0564 108.5364 109.7989 110.9509 112.5045 113.1870 113.5300
117.4800 117.0998 116.3485 115.7241 116.1822 115.1027 117.1165 113.6531 106.8768 114.5300 115.3641 110.6558 109.7414 106.8813 102.0797 114.2579 114.1595 130.3128 132.4636 121.7279 122.5813 122.0654 123.2828 115.6932 120.7852 120.8486 121.2363 119.6220 119.6941 119.3971 118.9557 118.5330 118.2391 118.6446 111.1567 117.7203 115.6883 114.4937 115.6474 113.9167 103.0673 90.3686 111.9496 108.8866 109.3029 108.2113 106.6951 104.9862 102.9655 100.7527 98.2125 96.1139 96.9987 99.5560 101.9609 104.1295 105.9762 107.5406 108.8929 110.0832 111.1378 112.0619 112.9870 113.5700
117.4900 117.0197 116.3024 116.0199 115.6698 115.6810 116.8154 112.7289 111.2152 110.6921 111.8886 114.2082 113.2265 109.4737 103.4118 104.0073 104.9147 115.4446 127.2482 122.6438 122.5452 122.1408 111.1609 120.1471 122.3684 100.5617 122.6591 117.6227 119.7004 119.4454 119.0181 118.6775 117.5662 110.8863 98.9002 92.8371 108.4337 105.7298 116.0883 116.9647 107.1683 113.6289 111.8509 111.1198 109.8836 108.7318 107.4659 106.0493 104.5130 102.9158 101.4476 100.6796 100.9932 102.2044 103.8156 105.3535 106.9088 108.1617 109.2818 110.4527 111.4513 112.3720 113.1707 113.6400
118.7000 118.0165 117.2578 116.7307 116.0058 114.8034 114.6423 106.3799 109.5977 112.0931 113.0003 112.2514 109.1765 102.3757 101.8317 100.6059 113.7267 112.9600 116.2043 122.1752 122.5427 121.9764 121.9492 122.1173 121.6316 121.1672 120.4791 120.3466 119.9766 119.6249 119.0664 119.8266 107.1321 94.7499 97.7673 99.1687 104.6330 96.7827 114.8290 112.5460 114.1663 112.4733 112.1386 111.2759 110.4307 109.4136 108.3367 107.1815 106.0225 104.8932 104.0081 103.5588 103.7438 104.4752 105.4683 106.7555 108.4319 108.3747 110.5758 111.0249 111.8448 112.6320 113.2628 113.7200
118.4000 119.1359 120.0103 117.8117 112.4268 107.1662 106.2952 107.8300 103.4314 104.8671 105.0024 101.5243 114.7446 109.6689 107.0960 103.6043 109.7132 125.0636 117.6233 122.5491 122.3597 117.3473 110.2736 122.3762 121.9104 122.9791 121.0990 122.1025 119.6661 120.2303 119.3756 116.2949 105.4613 102.5674 101.9365 98.1210 103.6995 107.6015 100.5577 116.3082 110.4699 113.6179 112.6554 111.8455 111.0165 110.1377 109.2364 108.3166 107.4148 106.6179 106.0153 105.7341 105.8499 106.3169 107.0493 107.8963 100.4400 101.9891 106.1517 111.3882 112.2368 112.9932 115.1789 114.3200
126.7500 127.3411 121.6055 120.2659 110.0769 112.8158 104.8004 107.6088 109.1114 108.9927 106.9909 104.7071 107.6086 106.4667 113.6108 111.9816 126.2492 123.2702 123.2947 122.7223 123.7687 111.2089 107.6859 119.9000 116.8939 122.2193 118.6485 111.9828 107.1982 116.0703 109.2298 103.8687 100.2448 112.1936 121.1107 106.8537 113.2632 107.1159 113.7333 114.9837 107.0926 114.1090 113.0775 112.3539 111.6370 110.8819 110.1234 109.3897 108.6864 108.0902 107.6676 107.4686 107.5526 107.8792 108.4146 108.9304 110.3630 108.9939 100.6165 112.9421 112.5410 112.8593 117.2418 114.4300
116.4500 123.4652 106.5852 107.2422 112.8591 110.0265 109.3532 107.8219 108.1047 105.6293 106.7729 109.3221 107.4616 101.2889 113.9240 110.2390 123.7358 123.1751 122.8439 124.0833 118.1167 120.0942 122.4231 102.0199 106.6635 115.9028 110.4499 100.8623 106.3136 108.0050 102.1273 101.1881 103.4450 103.9992 93.6423 93.6950 115.9029 116.1024 115.1335 112.1199 116.2348 113.9930 113.5384 112.9166 112.2745 111.6276 110.9842 110.3836 109.8273 109.3768 109.0565 108.9217 108.9735 109.2200 109.6054 110.1623 110.7118 111.9983 112.9229 112.6560 113.7404 115.1355 113.5665 115.1300
126.7700 114.8902 115.3508 114.1940 111.0797 107.9349 109.5949 107.4779 106.0241 102.9214 107.1417 107.3702 101.3294 101.6953 110.4308 110.6052 126.6278 124.3382 124.3156 113.8930 111.3247 113.3499 118.4387 112.3075 112.6409 114.9738 123.1911 116.2983 117.2065 108.7440 106.5044 104.3199 101.1488 98.0850 97.5354 98.0796 115.6993 103.4603 104.5354 112.2406 115.3332 114.5574 114.0358 113.4685 112.9075 112.3632 111.8128 111.3095 110.8700 110.5106 110.2665 110.1613 110.2016 110.3881 110.7036 111.1017 111.5755 112.1317 112.4397 113.1530 113.7498 100.2036 117.4824 115.1300
117.6800 118.8883 119.6246 116.1027 117.7210 112.5721 110.6617 107.1519 106.3237 105.5027 101.3162 106.4096 105.8343 109.5015 103.2264 113.4855 116.1059 106.8203 124.4553 116.8473 119.3100 118.6847 123.1196 123.0588 117.0266 121.6369 120.3472 120.9357 115.3152 107.9745 101.9875 100.7242 103.3863 97.5269 99.9705 96.0951 107.0019 105.1351 111.6829 116.4465 115.5224 115.0514 114.5334 114.0618 113.5311 113.0167 112.6004 112.1703 111.8116 111.5197 111.3294 111.2455 111.2748 111.4234 111.6736 112.0048 112.4028 112.8338 113.3290 113.6025 114.7995 106.4246 111.9741 115.8000
117.7000 115.9087 117.1540 110.4135 109.5709 110.2724 108.4530 109.8803 110.4101 111.2814 110.2032 109.3101 113.8199 103.2945 102.2025 123.7915 122.6343 119.9119 124.6591 123.9969 121.3367 122.9727 122.7883 123.6009 124.3229 123.5284 121.6057 123.1976 101.9799 102.5977 131.2609 116.2025 100.1352 98.8067 95.1584 106.1490 102.9523 121.1821 117.2902 116.4006 115.5539 116.1466 114.8787 114.4518 114.1822 113.6173 113.3210 112.9701 112.6725 112.4381 112.2777 112.2106 112.2395 112.3578 112.5581 112.8299 113.1683 113.5425 113.9386 114.3573 115.5380 117.4347 116.4327 115.9100
121.6000 121.2373 110.0567 116.4624 110.2881 109.4032 110.5361 112.3055 113.6683 104.9093 104.1800 103.3089 108.6925 112.4445 103.5847 107.3838 126.7861 108.8660 123.8085 122.4337 123.1064 122.9023 116.5935 111.6611 106.0497 117.5400 107.1561 107.3105 118.4121 103.9357 101.7354 102.7481 102.1440 117.6183 115.7795 117.3758 114.2202 117.6628 116.9353 116.6443 115.9170 110.9342 116.7405 114.8956 115.6738 114.2821 114.0107 113.7148 113.4579 113.2634 113.1349 113.0807 113.1074 113.1995 113.3659 113.5965 113.8698 114.2052 114.5441 114.9484 115.1955 115.7502 116.0383 116.4600
115.1000 115.5399 111.1169 107.1243 111.6715 109.9995 106.6534 105.7473 104.0646 104.0965 113.7440 108.9780 116.7514 108.5802 123.8822 122.8541 124.3033 121.5467 123.6527 123.2536 123.0038 122.7465 122.4706 116.5752 119.9049 106.3729 106.4653 104.0911 114.0490 119.9882 119.4968 119.5672 118.5499 119.5777 118.6752 118.8731 118.3003 117.6221 117.4599 116.8139 116.7917 115.1168 114.9335 100.4854 114.8468 114.8091 114.6726 114.4075 114.1900 114.0257 113.9169 113.8766 113.8871 113.9720 114.1068 114.2975 114.5621 114.8327 115.1347 115.4711 115.8181 116.1771 116.5561 116.9400
116.9200 116.3462 109.3297 104.9066 107.2021 105.9787 105.0062 116.2368 116.0432 104.2053 108.1539 124.3249 134.9040 121.2667 124.5773 114.0436 119.6931 130.2706 122.4262 123.4006 123.0913 123.1485 117.2422 110.5138 124.7467 108.7409 122.7257 123.2735 106.7132 122.9406 120.0632 119.9846 119.8506 120.0180 114.3544 119.1961 118.2260 119.7614 113.3434 110.1434 116.9649 116.8694 116.1911 104.7148 117.0439 115.5002 115.2719 115.0602 114.8615 114.7268 114.6281 114.5917 114.6095 114.6818 114.7985 114.9826 115.0582 115.3931 115.6715 115.9753 116.3901 116.6268 116.8838 117.0700
110.5800 109.9451 109.0600 109.0282 117.9290 116.4205 106.4905 107.1435 105.5479 110.9231 124.2373 123.0180 109.9952 126.2837 125.5360 114.3878 122.5448 124.2092 123.9363 123.4033 123.1905 121.7423 122.4655 123.1798 122.8236 121.3930 121.3245 121.9905 121.1829 120.7700 120.6718 120.2898 120.0255 119.8282 117.1366 119.1966 119.0576 117.4850 110.1524 118.0107 117.9244 117.2306 117.4678 116.8359 116.2663 116.0492 115.8632 115.6510 115.5381 115.3302 115.3055 115.2693 115.2748 115.3347 115.4332 115.5076 116.7157 116.4363 115.9782 116.5267 116.4054 118.4822 117.0861 117.5400
110.4600 119.3504 117.2201 106.9556 107.7757 106.7782 118.4411 113.1313 111.3477 108.6041 101.2335 118.3221 108.8600 111.9189 118.3023 123.7452 124.2508 123.8957 123.7901 123.6578 123.1431 123.1418 122.9907 122.1851 122.8451 112.1945 126.0242 122.3705 121.2337 121.0592 120.7816 120.4989 120.1549 121.2998 104.8966 120.6227 113.3505 96.2864 106.7742 119.5767 117.9197 117.4970 117.2743 117.0251 116.8789 116.6013 116.3909 116.2806 115.8270 116.4792 115.9310 115.9129 115.8994 115.9474 116.0297 116.1007 116.2677 103.6653 117.3601 116.9654 117.2680 116.7948 101.2792 118.0700
124.2700 108.3981 110.3554 118.0149 112.4083 116.0244 111.4891 103.9859 103.1779 103.5721 102.3372 115.5986 113.5044 121.8652 125.7988 125.0839 124.2668 124.0857 123.6639 123.4068 121.8095 122.4032 122.9559 123.3821 115.4103 118.2565 131.6039 125.6931 121.4926 121.2662 120.9746 120.7032 120.2951 120.6993 121.5987 120.8890 101.0822 115.8831 118.9610 118.9415 118.3259 117.9529 117.7538 117.5390 117.3012 117.0885 116.9233 116.3803 117.8168 112.2989 116.6724 116.5145 116.4655 116.5181 116.5975 116.5712 117.9984 115.6675 118.2846 117.5020 117.6456 118.7988 118.2192 118.4500
119.1500 118.9051 114.2785 114.8885 108.4191 107.6715 103.9104 104.8898 107.7879 104.6763 103.6147 110.2509 118.1127 118.7618 124.6475 124.5177 124.4281 124.2779 124.8435 124.9797 128.1520 124.2969 119.2715 120.4922 107.4193 111.3438 106.8883 123.1347 120.9492 121.4866 121.2359 120.8895 122.1264 119.2401 112.1100 114.1303 112.0639 120.8501 116.6656 117.6006 118.1666 118.5242 118.1663 117.9581 117.7565 117.5424 117.3818 118.3890 105.1755 107.8987 117.1069 117.1164 117.0049 117.0567 117.1246 117.2310 117.2899 117.6581 117.4959 117.5633 118.2473 118.2379 117.6355 118.9100
119.1500 108.0160 106.6802 106.4842 106.0122 105.5538 107.0014 107.2409 104.3493 104.6440 104.4567 115.5039 113.5417 125.2857 127.4244 123.8652 124.4265 125.5521 115.2077 116.9564 131.9854 123.1541 103.2098 106.3879 127.3530 124.9254 122.1491 123.9396 122.8981 121.3636 121.1422 121.1056 120.0882 97.1179 102.5084 99.0052 121.2608 119.8258 118.8809 113.6093 117.7440 118.7749 118.5587 118.3713 118.2017 118.0079 117.6559 120.7212 94.2265 116.7330 117.4632 117.5626 117.5170 117.5500 117.6180 117.7179 117.8360 118.0676 116.8640 118.6792 117.4496 119.7825 119.8513 118.9100
126.2200 118.4294 105.0280 106.8833 107.4479 108.3266 109.1627 109.5062 104.2774 105.0141 119.7987 122.3162 106.4548 125.2607 128.7940 125.4810 125.0692 113.7833 118.2822 117.3663 115.8248 112.5229 115.6734 105.2345 122.1118 122.4380 121.9391 112.7280 122.5890 122.8470 124.9271 119.7766 121.5549 99.9099 105.2291 106.1215 114.9497 119.9723 120.1792 120.2848 119.9381 119.1479 119.0199 118.6311 118.6149 118.6925 118.7406 119.7311 115.4079 118.3265 118.0737 117.9782 118.0258 118.0800 118.1407 118.1727 118.3021 117.9422 118.3505 119.6141 110.4354 99.7396 119.2747 119.3700
107.1000 113.9509 107.7325 108.9614 109.8202 109.7087 104.0885 107.3525 104.1411 107.4780 112.9465 123.8670 110.8994 126.3325 110.3385 121.0201 111.4376 109.3229 121.8881 124.0678 111.4698 109.4307 108.4257 120.4121 122.5253 121.1709 114.5005 117.7589 104.1055 113.7736 119.9783 109.9439 107.7502 98.3808 103.6868 119.3011 114.3695 118.2075 119.8600 119.8244 119.6652 119.4686 119.2922 119.1542 118.5064 117.3209 111.2813 116.7942 118.7481 118.4932 118.4622 118.4588 118.4702 118.3450 118.3866 118.6345 118.7228 118.7978 111.1750 115.6605 115.2902 95.4638 121.5059 119.7700
110.4100 109.2905 110.5469 110.0937 106.0722 108.4273 107.6221 106.0701 108.5770 108.9918 115.4416 125.4517 126.9843 125.6900 121.9897 124.0209 120.8115 114.2793 112.9285 126.4406 108.9831 118.2506 119.6955 123.2613 123.4391 122.3295 118.2747 120.2286 105.3078 118.6994 110.2519 112.1879 100.0037 101.8757 99.0077 111.6939 106.5290 119.6132 120.2092 120.2809 120.0133 119.7356 119.4061 120.8638 112.4690 120.1279 111.8022 116.4818 118.9688 118.9852 118.9118 118.8889 118.9378 119.5111 119.5976 119.0474 119.1401 119.6705 106.0481 97.6103 122.9027 112.0171 121.9085 120.1300
110.3900 110.7703 106.0313 108.1698 108.9957 111.1882 113.3987 114.0172 110.5935 103.2657 124.4441 110.3464 124.7530 112.5241 118.3310 126.3469 118.5401 118.7862 116.2397 125.0330 113.6078 124.6333 129.1958 123.6201 123.3632 123.3344 122.7923 122.9464 119.9785 123.2611 117.2218 106.3575 105.5431 104.5602 99.7224 112.9303 122.6382 120.0555 120.3647 120.5287 120.2878 120.3657 116.8258 115.6854 100.3790 116.4881 104.9469 118.9756 119.3716 119.3758 119.3165 119.2976 119.3288 120.5166 104.3277 120.2416 119.3089 119.7291 119.8604 104.8362 118.6066 120.8399 120.1316 120.4400
105.5200 110.9853 110.9993 118.5892 118.4307 116.0126 115.4442 105.7694 107.7149 107.7111 115.9716 103.9133 116.4027 104.4107 121.5630 122.3920 108.6147 116.4740 124.7441 124.7807 124.0467 122.9985 132.5193 122.6082 124.1812 123.1858 123.0004 122.9326 123.6610 115.1344 103.6833 105.7441 109.6275 103.8353 98.5582 121.6515 121.3852 120.4658 121.0529 120.7916 120.5491 121.9348 115.4862 99.3051 96.4346 100.8264 119.7525 119.8243 119.8262 119.7342 119.7170 119.6941 119.7275 119.6705 120.1304 121.0246 119.7452 119.8868 119.1434 106.1554 115.3507 120.6190 120.5968 120.8200
125.3700 123.7518 118.4321 115.2962 114.8156 114.1181 105.1375 109.2145 103.8453 104.1246 114.9749 102.2478 108.5140 102.6710 101.0345 119.0649 103.6341 119.8586 123.1151 124.6089 124.2239 127.7543 127.7876 122.0915 120.2991 111.9689 124.5185 123.1940 122.7326 114.4452 107.0609 106.7481 109.9073 124.2130 119.8189 122.0084 121.1261 121.4568 121.2641 121.1214 120.6442 121.1590 96.9203 99.1219 122.5021 102.8757 120.6731 120.0820 120.1428 120.1275 120.0922 120.0861 120.0834 120.1294 120.0372 119.8546 120.1365 120.3599 120.2471 120.1650 122.9652 120.5480 120.9160 120.8200
116.5000 115.8157 114.0460 113.8793 108.4817 112.0287 104.2056 105.3491 104.6513 105.9029 106.1434 106.0542 126.3030 125.7741 104.9755 113.2403 127.0756 124.7787 123.8701 125.5795 122.3754 124.0738 122.0718 110.1389 117.7039 124.7556 123.9753 121.8024 116.6681 111.7085 103.3296 114.6365 118.5314 123.3814 121.6379 122.3177 121.8362 121.6974 121.5460 121.4133 120.8602 121.3468 101.6431 95.6347 98.0895 114.8698 120.2160 120.6472 120.5086 120.4792 120.4543 120.4482 120.4421 120.4636 120.5322 120.8001 120.7771 120.6540 120.7359 120.9361 120.7874 121.1550 121.1994 121.1500
116.4400 112.5771 108.2926 113.8825 113.1527 105.4330 105.0000 107.2139 104.7819 105.2438 120.4280 105.4663 124.0548 123.9160 114.0747 107.3822 123.3612 120.9602 113.3392 121.7159 104.0037 111.7294 115.5493 105.8528 107.8525 118.7627 125.4719 117.0631 110.2401 109.7642 110.4188 122.2015 121.8936 122.7541 122.3718 122.2026 122.2670 122.0604 121.6778 121.6481 121.4157 123.3041 114.7937 103.9775 116.8417 115.1516 120.6899 121.2301 120.8637 120.8223 120.8052 120.7871 120.8001 120.7688 120.7120 120.1697 117.2478 121.5958 120.9180 121.1873 121.3010 121.3742 121.4995 121.4700
107.0400 106.8651 108.8971 103.7197 104.7267 106.1792 105.7217 104.5221 105.1698 102.8442 115.2370 110.9366 126.4921 125.2211 113.4467 112.2751 108.3418 120.1929 105.7668 110.5966 109.9361 112.7128 110.9875 111.9711 127.0092 116.1230 114.6269 117.6822 111.5956 122.9893 122.4414 126.6766 122.4509 122.8280 122.1435 120.8052 121.6050 121.3848 122.8002 121.9558 121.7117 122.1629 96.5780 123.2909 98.3417 117.2937 117.4486 121.5977 121.1861 121.1546 121.1333 121.1231 121.1473 121.5403 122.3604 122.3860 105.4627 118.0898 121.8883 121.4304 121.5676 121.6790 121.7942 121.7600
105.9800 106.8004 105.2465 106.1288 106.9361 105.7160 106.3933 104.9340 104.4886 105.2771 104.3196 101.2123 125.1552 127.8773 117.3906 127.9167 130.1113 116.6808 105.6499 110.0252 107.8752 109.3851 104.2726 113.4972 124.4933 124.3783 127.9516 111.4742 113.1248 116.0235 122.2586 126.9387 125.4146 122.7479 121.1095 122.8421 122.9207 125.4148 114.2450 122.7744 119.2473 115.0855 98.7205 116.8595 103.8215 123.1840 121.6238 121.5600 121.5184 121.4753 121.4586 121.4403 121.4664 121.9810 112.3315 123.4264 108.7454 104.4079 120.5703 121.8490 121.8639 121.9615 122.0671 122.2900
105.9800 105.4023 105.8314 107.5123 105.9242 108.2587 104.2236 104.7733 110.3393 103.9483 105.7346 111.6774 119.3643 118.1574 108.7756 111.7403 122.9066 126.3385 113.3676 112.6188 111.9299 103.7441 103.4911 100.2201 118.6448 117.1684 124.2381 110.3725 107.7881 120.2395 124.6060 123.1949 122.4435 122.6346 112.7673 117.8936 104.3337 108.9339 109.5153 121.7705 108.2634 103.6740 112.3226 110.2384 107.9252 123.4850 121.9750 121.8336 121.8193 121.7901 121.7647 121.7404 121.8472 121.9567 116.4892 121.4862 122.1541 124.7394 122.0113 122.0528 122.1544 122.2419 122.3413 122.2900
106.9400 108.9022 108.9049 108.7332 110.5572 105.1614 119.5213 103.7944 108.5119 110.2681 113.3312 108.7402 113.5394 115.9457 115.0371 114.5201 125.7020 123.1313 114.5232 112.6189 109.2019 125.0321 116.5099 117.4208 115.3113 120.6899 120.2469 106.5702 123.2696 123.1315 123.7712 124.2990 124.7456 126.2673 110.6757 110.6096 101.3081 105.1963 124.6146 122.8825 126.1215 108.8871 124.6950 112.7651 109.1430 123.1747 122.4030 122.1095 122.1077 122.0729 122.0657 122.0687 122.0498 122.1145 122.5586 122.6439 121.9985 121.7073 121.9625 122.3370 122.4319 122.5187 122.6070 122.5900
110.7000 110.3365 107.0722 113.6587 118.3138 104.6318 110.4840 101.7103 110.9971 110.7472 114.7823 103.2017 117.7334 115.1603 115.2185 118.2180 118.9072 115.1711 114.3203 117.3029 123.5319 110.9455 119.7310 133.0657 127.4185 120.1836 112.9985 98.7755 123.3671 125.2998 123.3775 124.3353 126.5733 119.0495 105.8196 122.0692 101.3822 101.8264 125.7445 122.7160 114.5101 113.5795 124.4295 121.3118 123.3046 120.9330 122.1188 122.4091 122.4381 122.4094 122.3579 122.3351 122.3545 122.3620 122.3541 122.3378 122.6506 122.5740 122.6137 122.6963 122.6842 122.7599 122.8489 122.8500
107.2300 107.4924 106.1191 106.8566 107.5853 104.3399 106.0483 117.5698 121.1386 109.0691 104.9133 104.1761 109.0188 104.1686 125.4137 119.5071 118.0340 116.3733 111.4181 106.0322 114.0981 109.0505 115.5986 107.4788 114.6392 121.7823 109.5565 101.9372 107.5438 124.5717 116.3625 124.3591 123.6379 115.2716 106.8523 120.4755 118.9312 110.9137 123.2453 123.9309 114.4437 121.7812 122.5900 117.0687 123.8069 121.2998 122.4937 122.7239 122.5481 122.5563 122.6744 122.6763 122.6418 122.6474 122.6854 122.7675 121.3435 123.0131 122.7754 122.2764 123.1042 123.1178 123.1704 123.1100
107.5800 111.3564 106.6717 105.9648 123.6954 109.1930 119.2373 125.6126 112.0686 106.6698 107.7719 104.8038 104.8315 113.7121 126.8134 120.6895 116.7571 116.1484 104.9248 111.5589 106.8869 114.7263 110.0413 115.2069 113.1678 122.2586 104.8220 102.9475 123.8546 124.6870 124.4243 124.0152 123.8903 124.6342 125.2136 123.8667 124.0110 123.3974 125.0438 123.8250 123.4339 123.7824 119.2579 121.5112 122.8964 123.1808 122.9917 122.9888 123.1858 123.5090 122.7127 122.6853 122.8940 122.9095 122.9640 123.1354 120.6153 122.9704 122.9583 122.4735 123.1649 122.7703 122.3409 123.3500
127.8300 128.6176 109.5998 108.2510 117.9338 121.8643 127.4220 107.1918 104.5196 118.7450 105.4471 105.1581 104.9750 102.4901 120.8958 118.8238 122.7883 122.7648 114.1131 112.3990 120.4732 105.1358 103.7204 113.9787 112.8315 111.5455 102.9813 105.0193 125.0025 124.3737 124.4452 124.4913 124.4276 124.1151 124.0614 124.0440 125.2961 115.5561 120.0390 123.6089 123.5049 122.2406 115.6508 123.1587 123.4724 123.3677 123.1165 124.7276 107.8021 125.5391 124.0694 123.7916 123.1904 123.2034 123.2052 123.2129 123.5028 123.7141 117.1409 122.5981 123.2320 125.7738 121.2438 118.8500
128.4700 115.1992 129.4498 129.0118 123.5196 119.6685 123.5849 125.8307 122.0352 122.0282 113.1019 106.7655 106.9257 113.3404 104.7903 123.2400 123.6584 116.3844 124.2557 126.3274 125.0197 104.5280 115.5221 113.6633 118.7951 114.8278 106.8208 120.9992 127.4403 124.5157 124.9611 124.6797 124.5967 124.5286 124.4261 124.4478 119.4735 108.6200 117.2281 123.8697 125.9754 106.4710 100.0154 113.7674 121.4978 121.3224 123.3585 127.1122 104.1993 127.3127 111.9980 124.7668 123.3415 123.3934 123.4057 123.4731 123.5953 123.4737 122.6975 124.6323 124.0391 113.5558 108.7263 109.7900
128.6000 128.3372 128.1604 128.4594 124.7374 119.4698 125.8147 123.5190 120.7601 123.0493 124.4960 125.2843 114.1152 119.4750 108.5352 101.1325 105.4307 108.6208 111.3589 121.3450 117.8054 119.1269 114.3605 113.3904 109.7189 104.5081 106.0014 124.1530 124.5103 123.1799 124.8369 124.7814 124.7935 124.6783 124.5809 124.9142 120.9756 105.8033 114.5541 124.4205 124.9137 117.1774 121.8608 121.3246 124.1629 123.3024 122.8152 119.7506 102.0391 126.2827 123.2459 123.6275 123.5528 123.2921 124.0774 123.6162 123.8383 124.3741 112.2721 123.2903 124.2354 119.8547 107.3879 102.0500
128.6300 128.8868 128.5778 128.1492 128.7935 122.1716 126.1922 121.5581 117.7030 123.3381 118.1570 121.4466 110.4703 100.9047 102.7879 106.6035 106.0253 106.4946 120.3176 119.4693 125.6824 117.8337 118.6778 108.3846 105.7585 129.5889 105.2637 114.8411 130.8092 121.7006 124.5698 125.0906 124.9819 124.8700 124.8195 124.3413 126.6218 124.6357 124.1992 124.1434 124.7370 120.9498 119.1058 124.8903 124.0140 123.8516 122.1901 106.9070 112.8816 124.7278 123.8491 124.0019 123.6089 119.8489 115.7512 124.3821 123.9531 124.5707 114.2750 121.2097 123.4411 124.6766 102.5960 104.4700
145.2600 128.5700 128.4800 128.3900 128.2900 128.1100 125.1600 120.8500 120.2100 105.7500 119.4500 124.5000 124.8100 123.4500 105.1300 116.7000 104.8300 117.5900 126.6200 126.5200 126.4000 126.2900 126.1900 116.0100 103.9800 125.8500 103.7600 129.8100 125.8000 125.8000 125.2800 125.1700 125.1800 125.0800 124.9200 124.8100 124.6900 124.7300 124.6000 124.6000 124.5000 124.5000 117.8000 124.3800 124.2200 124.2600 124.0600 117.3800 124.1000 124.1200 124.1300 124.1300 124.1300 124.1200 102.9600 124.1000 124.0800 124.2500 124.2500 117.8300 118.2800 112.1800 102.4800 102.4800
