116.5300 106.5000 119.3200 112.0400 123.1900 122.9800 124.8700 122.3800 114.8500 111.5800 118.9800 107.9900 126.5500 123.8200 124.5500 118.4700 115.9300 113.5400 113.6200 124.1600 117.9500 118.7900 116.5500 118.0300 118.2300 104.7800 103.8400 114.7900 113.7900 102.7000 104.7700 119.1800 107.3200 107.0300 106.6700 123.9000 123.7200 107.8200 123.4800 123.2900 123.3400 131.8400 123.0500 123.0500 109.6200 122.7100 122.7100 122.5600 122.5900 122.3900 122.4100 122.4300 122.2000 122.2200 122.2300 122.2300 122.2300 122.2200 107.6600 101.7500 101.7500 104.1600 122.5900 122.5900
116.5300 109.4816 114.3855 111.9373 119.6203 125.4446 123.6091 122.6989 117.7284 113.1587 114.2347 114.4196 112.4246 122.2202 115.7432 117.8640 116.3077 118.3826 115.3751 120.5601 121.4028 119.7611 113.0814 114.2245 114.6427 104.9759 101.9091 106.2778 104.5190 104.0761 98.0265 105.3950 113.1168 104.5315 112.5576 115.4713 113.0206 124.2616 124.1587 122.8563 121.9324 123.1124 122.1946 123.8631 118.2189 115.5642 108.9648 122.4789 122.3300 122.2521 122.2056 122.1644 122.1246 122.1068 122.0929 122.1093 121.9523 121.1716 106.5203 101.2655 110.2895 105.7097 125.3972 122.3300
115.9300 109.2773 111.1035 110.2873 108.5253 111.5150 115.3079 123.5470 122.4259 119.5921 113.1006 112.1683 118.1368 118.2671 120.8384 120.5119 113.8224 115.7978 120.9580 117.2863 108.3850 113.9849 102.1300 109.1074 105.9592 117.2111 106.3352 103.9026 101.3178 105.2579 112.0948 116.6132 113.0460 114.7366 109.3333 113.3748 121.4356 123.5864 122.5615 123.8984 123.0002 122.7193 122.7865 122.0504 118.1494 120.3072 121.9595 123.4209 122.0375 121.9624 121.9228 121.8710 121.8301 121.7985 121.7848 121.8316 121.2822 120.4301 101.8367 102.1847 101.2949 107.8112 116.9580 122.0600
125.1700 123.5965 118.4443 112.3301 105.3174 103.9259 106.8065 115.2864 122.3634 123.0612 118.0098 118.3051 117.5441 119.7420 117.3322 112.9861 113.6962 112.4536 119.7042 123.4251 104.7169 108.3212 114.0004 111.1907 103.0789 103.2799 108.9236 110.0938 108.3109 107.5291 111.8474 116.8330 110.1460 110.0457 120.7495 133.8820 123.2735 123.5277 122.8065 128.3537 122.2458 122.4415 122.3440 121.9232 122.0119 128.3114 102.1849 122.2408 121.7612 121.6594 121.6147 121.5685 121.5275 121.4898 121.5420 121.5104 121.6938 123.1429 100.4292 108.1756 101.0254 103.1742 110.1179 121.7800
117.3800 120.0656 113.9078 107.4261 118.1146 106.9247 109.2771 108.2531 110.7350 110.4671 122.8644 111.7289 105.7047 108.6763 109.9036 115.8052 116.3563 115.9682 116.5267 118.8043 106.8190 118.4254 107.3694 116.6436 111.7315 105.3578 112.3643 108.4398 103.6413 102.6960 115.2434 114.7487 126.1372 118.7351 119.5597 120.2775 120.8176 123.1943 121.9936 122.5664 122.0688 122.2600 122.0851 122.0131 121.4688 115.8204 112.1609 119.6897 121.5731 121.3804 121.3042 121.2551 121.2073 121.1578 121.2105 121.5608 110.1140 102.3730 106.3676 112.9934 108.2019 109.7824 123.7471 121.4900
116.6400 114.9937 119.1728 108.9730 110.6182 122.9439 110.1553 107.8340 110.1274 112.5644 109.6796 114.4080 114.9563 105.9768 117.7521 112.1061 114.6832 117.0567 117.3012 119.0581 110.2436 112.7086 121.8180 122.9091 119.6097 101.6147 100.8966 108.9614 114.4426 109.2803 111.6837 105.9902 124.0969 123.5842 104.1577 123.5902 122.4525 122.7284 122.4073 122.2734 122.1470 121.9508 121.8294 121.6667 122.4429 114.4008 108.0797 121.8056 120.2811 120.8486 120.9979 120.9240 120.8713 120.8519 120.8049 120.3816 103.4342 101.0126 114.8556 110.3041 121.0240 119.0439 121.6927 121.1900
115.6100 115.2761 115.6752 112.9387 118.5281 109.7753 107.8715 117.3477 112.2180 116.1799 110.4214 109.7007 106.8538 117.2560 118.5811 117.4039 111.9891 114.0573 115.1761 115.8498 111.9715 111.6160 111.0178 103.1283 120.3018 113.9076 118.7045 115.8009 106.7452 124.9302 119.0047 103.4931 108.3110 109.6924 118.9882 123.0580 122.6397 122.2933 122.1876 122.0075 121.8505 121.7138 121.5451 121.4096 121.4462 112.5707 116.3488 116.4130 116.6613 120.1106 120.6637 120.6182 120.5621 120.4891 120.5593 121.2589 105.8270 104.5606 117.9291 114.1872 116.2584 120.2878 120.7100 120.8800
118.3200 119.5024 118.2118 110.2518 110.5999 108.2463 108.3420 105.0355 114.9269 116.2626 112.9344 105.5644 105.0074 108.2233 109.9040 118.2800 115.9897 116.7661 113.0806 117.5063 114.1601 113.0380 120.5260 111.4777 103.6127 115.1618 109.9218 103.8395 113.4297 124.3308 123.5669 122.9074 100.9931 118.0969 121.4274 123.0533 123.0429 122.0208 121.9605 121.7503 121.6070 121.4067 121.2506 121.1125 122.0455 105.3023 106.3595 117.4331 121.3884 120.6747 120.2897 120.1018 120.0206 120.0428 120.1486 119.9588 123.5702 98.6323 120.9590 121.1206 120.6582 120.3776 120.4041 120.5600
117.5500 117.6632 120.3700 120.8888 112.7533 106.3740 107.2847 108.6525 117.8235 112.9176 115.0225 115.1967 103.3366 104.5841 107.3568 111.8901 115.9031 116.3255 112.8158 112.4359 108.6979 110.5804 113.0621 117.8001 121.5530 116.7301 110.1156 114.7326 114.1575 122.3541 122.2790 122.7617 110.9079 128.1323 122.1884 122.2653 121.9369 121.8087 121.7417 121.7209 121.0165 121.1642 122.0690 120.7310 121.1919 105.7062 121.7227 122.2791 120.0199 119.9431 119.9568 119.7105 120.7850 120.4876 119.7303 119.4670 117.0218 134.8590 112.1540 119.9549 119.8673 119.9691 120.0402 120.2200
117.3700 117.1200 117.2524 117.4528 119.6459 120.4500 114.9230 110.8623 105.8617 110.0638 111.8673 111.7396 104.6934 108.1508 118.4396 109.8262 108.3057 112.1725 111.9306 112.3975 109.5736 110.7195 113.1680 113.0281 118.2217 122.6741 119.3166 127.7282 135.0249 118.8239 122.9251 124.8274 116.8457 123.2416 121.9053 122.0344 121.8285 122.1441 119.5354 120.1490 120.9653 121.0929 108.1146 100.9852 120.8430 110.9002 119.7857 119.3095 119.8806 119.6840 119.5666 118.9912 120.9226 107.7510 122.9596 119.4439 124.2482 117.9466 119.5873 119.4192 119.5885 119.7368 120.0736 119.8800
113.2900 118.4405 113.8877 117.0649 115.6494 118.0046 118.0159 122.0785 110.5574 111.0793 106.1935 105.8919 107.6094 110.3204 112.9318 114.1459 109.7572 108.2355 108.9655 115.7250 108.7957 111.1213 110.9422 115.4546 118.9198 121.5513 120.5204 127.1012 126.1011 122.4426 122.8377 123.7212 102.5450 123.6447 121.9765 121.8701 121.0489 123.1465 102.6465 119.7973 121.9937 121.5924 114.7759 120.3274 118.7758 120.3185 119.6216 119.4647 119.3768 119.2809 119.1776 119.5898 118.5311 119.9550 118.8847 118.7245 118.3768 119.0783 118.8942 119.0673 119.3098 115.6424 119.3437 119.5100
108.3600 117.2640 112.3545 118.5482 108.8171 117.0900 115.7959 117.7035 118.5377 115.0233 115.9044 110.3832 106.7332 107.2185 107.4895 107.9407 108.4279 111.6154 106.8109 111.1254 100.7441 108.8146 114.4064 102.6190 116.4317 128.7392 119.3490 123.9729 122.8618 123.0150 121.9271 124.6324 110.2740 126.1895 121.0645 121.5962 121.6651 116.4711 102.5987 114.3281 114.6360 120.6478 91.8552 110.9472 107.3022 120.2750 119.3665 119.2162 119.0249 118.8861 118.7679 119.6169 109.3282 118.7066 118.3946 118.5989 118.9765 119.2585 118.5219 118.6475 118.8552 118.8493 119.1734 119.1300
109.4300 110.7772 109.0971 116.6527 110.4390 116.7714 116.3676 113.8826 112.9323 115.5930 113.1457 114.9795 111.3437 111.2492 109.8254 106.0293 103.2279 109.6954 102.8055 106.8697 113.8484 106.2038 120.1171 135.3984 120.6622 117.8679 123.3413 123.0154 123.0871 122.5403 123.6602 120.4791 100.6761 126.0633 121.0116 121.4269 120.8890 121.6756 123.3968 99.2282 108.9192 121.2725 99.0715 103.5228 120.9351 119.5786 118.9507 118.7759 118.6210 118.4690 118.3871 118.1854 118.8240 118.9200 118.0089 118.1866 112.8325 117.2711 118.0321 118.2046 118.2695 118.4290 118.5464 118.7300
121.4000 107.7274 105.2407 107.1501 107.2064 113.3015 116.1797 114.7160 114.5416 106.9933 111.5729 110.2758 115.5179 114.6161 114.5848 112.9439 106.2736 104.2592 103.2881 118.9726 115.5698 113.1416 109.4021 105.5330 123.9385 120.4799 123.5142 122.8864 122.7977 123.4650 113.1649 104.1313 106.2500 119.5317 121.5569 121.1473 120.6549 121.2736 115.1175 106.2374 115.4444 108.2200 99.5304 104.1191 116.9057 118.6170 118.6093 118.3719 118.2011 118.0440 117.8919 117.8020 117.5596 117.4165 117.5353 117.9865 112.7500 118.3360 117.5228 117.7499 117.8708 117.9955 118.1494 118.3100
121.4000 113.8362 117.7003 112.9250 107.7006 108.7071 105.4022 106.2181 112.1898 106.6928 113.0932 111.3378 108.8809 110.1913 115.7632 109.9874 113.7994 109.7891 104.5030 111.3170 102.1217 112.3324 97.0846 117.8794 119.5997 126.0080 126.0419 122.6152 122.8103 122.1109 117.4693 105.3091 113.9448 120.5485 121.1666 120.9032 120.8108 105.3134 112.3800 117.9220 108.0347 96.1660 100.3328 119.3929 118.9193 118.4096 118.1634 117.9667 117.7668 117.5891 117.4372 117.2942 117.2091 117.1467 117.0824 117.2493 118.0254 116.9601 117.1778 117.2617 117.3846 117.5405 117.7064 117.8700
120.1000 117.4915 117.3456 113.0495 110.9327 115.6101 109.0732 108.2035 105.3869 104.5689 108.2562 109.2323 112.8976 111.3795 109.5813 107.0155 107.3454 105.7668 105.6178 107.0708 121.3335 121.9233 116.4648 117.1061 120.6902 121.0923 123.2845 122.7298 122.5847 122.8123 110.2292 115.2156 112.4100 122.2411 120.8201 120.7235 120.7221 121.3954 119.8645 118.1059 121.2411 97.0376 117.4186 119.2291 118.0503 118.0503 117.7653 117.5342 117.3133 117.1167 116.9412 116.7922 116.6617 116.5715 116.5106 116.4488 116.4213 116.5733 116.6308 116.7442 116.8926 117.0593 117.2500 117.3500
120.0900 119.4687 118.7441 117.8265 118.9665 115.9024 109.9998 113.4815 112.1369 108.8820 109.5874 103.3383 119.8475 105.9222 110.3741 108.6246 104.0757 106.2289 106.2604 123.4306 119.8432 123.8325 125.7226 123.9593 122.3033 123.2077 124.1088 122.5375 122.4224 121.9971 121.0287 120.6658 120.6951 121.3675 120.7970 120.4869 120.1471 119.8154 119.6761 119.3377 118.7295 115.7729 117.3114 118.0307 117.9297 117.5652 117.3242 117.0903 116.8420 116.6214 116.4238 116.2534 116.1116 116.0119 115.9434 115.9235 115.9317 115.9893 116.0805 116.2053 116.3672 116.5519 116.7657 116.9000
119.8100 119.3721 119.2387 119.7014 117.6921 115.0476 105.5731 115.0639 110.8500 110.8421 105.1947 115.1880 108.9548 109.0664 103.6769 102.8971 105.4603 117.0173 102.5740 125.2313 118.2845 124.4856 122.4235 123.5323 123.5404 108.9291 122.5552 122.4151 122.2081 121.9618 121.8083 121.5148 121.1498 120.8227 120.5876 120.3031 120.0132 119.6600 119.4372 119.1572 118.7556 118.3551 118.1199 117.7651 117.5108 117.1660 116.9423 116.6197 116.3423 116.0994 115.8735 115.6876 115.5255 115.4025 115.3298 115.2986 115.3184 115.3792 115.4836 115.6284 115.8077 116.0185 116.2705 116.3800
119.7000 118.7144 118.3591 118.1601 115.3320 113.6067 113.5724 114.8328 112.3177 110.8733 111.0016 104.9513 112.3280 109.9065 109.1792 108.0917 105.4937 118.6372 113.4712 100.0717 121.4168 123.4778 123.4977 123.2973 122.6357 121.8799 97.0888 114.3264 121.2118 121.9027 121.5676 121.2598 120.9497 120.6873 120.4124 120.0636 120.0449 119.4864 118.8696 114.1263 118.8768 118.1027 117.8015 117.4844 115.5886 116.8587 116.3793 116.1359 115.8265 115.5522 115.2978 115.0792 114.8993 114.7572 114.6717 114.6310 114.6567 114.7218 114.8481 115.0082 115.2278 115.4643 115.7017 115.8000
124.5600 118.1512 119.8337 116.9942 113.3647 113.9364 113.1788 114.2110 112.3563 111.0738 112.0793 116.0868 110.9892 108.6171 102.6394 110.8148 103.8835 106.1430 119.8302 105.5388 108.5203 123.4791 123.5594 123.3738 122.6825 115.6355 113.2512 102.0978 108.1178 122.0567 121.3855 121.3786 121.0263 120.4477 119.9968 119.3262 115.9666 107.6936 117.3745 118.3736 118.0600 117.8426 117.4724 116.9939 117.9042 116.3371 115.9145 115.6313 115.2881 114.9683 114.6877 114.4333 114.2197 114.0568 113.9566 113.9145 113.9368 114.0184 114.1628 114.3590 114.5528 114.7570 115.4170 115.1800
113.5100 113.4330 119.8975 112.1380 111.8372 112.8226 111.7142 111.6539 112.6592 115.5381 114.3616 108.9714 115.2374 105.3234 102.5226 104.3845 103.2884 109.9800 113.4258 116.2071 126.0211 123.8122 123.0782 123.2115 123.3976 116.7792 102.3346 117.0072 120.5384 121.6141 121.4382 120.5631 117.3117 121.8602 121.4422 120.7258 118.5445 102.4914 96.1965 105.9159 118.5618 117.5134 117.0141 116.4704 116.2935 115.8738 115.4407 115.1291 114.7266 114.3665 114.0324 113.7364 113.4945 113.2987 113.1832 113.1267 113.1567 113.2505 113.4241 113.6489 113.8894 115.5038 113.8988 115.0900
119.6800 120.7973 119.2507 117.6767 113.7109 113.4658 114.6467 109.1373 111.2007 114.5801 111.4958 110.6721 113.2793 115.4584 108.5069 103.0056 104.3450 117.2856 118.7415 117.3617 123.9992 123.2595 123.9986 123.6787 119.6543 118.9193 121.5359 115.5007 121.7480 120.9853 120.4819 121.4891 101.0180 111.1812 110.6364 115.5807 111.3345 110.6022 104.6179 117.8171 117.4341 117.3632 116.8254 117.2004 115.9923 115.4870 115.0255 114.5695 114.1400 113.7264 113.3427 112.9951 112.7004 112.4723 112.3294 112.2686 112.2988 112.4189 112.6245 112.8865 113.1353 112.8964 115.8465 114.5100
119.6000 117.4614 115.3820 114.9988 118.5319 116.0522 115.4243 111.4309 113.1025 110.8771 111.1020 109.4460 110.3130 110.5794 110.8900 105.2498 102.4989 112.9263 117.2136 121.0466 123.7910 123.2489 123.4113 111.6522 111.3569 103.9804 108.0326 121.4265 119.6953 122.1114 122.5442 124.0408 102.7723 97.7074 92.9224 113.5053 106.9536 115.2271 113.1126 115.5309 117.0050 116.8629 116.8817 104.2913 109.3669 115.2895 114.5254 114.0249 113.5363 113.0544 112.6078 112.1935 111.8436 111.5676 111.3781 111.3034 111.3388 111.4967 111.7169 112.0520 112.4095 113.3390 113.5746 113.8200
105.4800 109.6595 112.9205 114.2676 113.9420 113.1277 111.4685 111.3772 109.7929 115.8160 117.9933 112.3571 105.0358 104.3590 102.3889 104.7584 108.6910 128.7187 114.0035 124.5451 123.7054 123.2270 120.5492 98.1400 107.1030 106.2884 103.3678 107.4026 102.6847 120.9318 109.8999 111.6694 98.6468 115.8416 114.8835 116.5938 101.8660 108.0607 97.2223 119.3826 118.3871 117.5141 116.4998 106.2202 109.7030 113.9115 114.0637 113.4496 112.9028 112.3507 111.8202 111.3304 110.9021 110.5491 110.3264 110.2306 110.2848 110.4598 111.0617 111.2305 111.6634 112.1206 112.7492 112.8800
105.4700 116.8265 110.5783 116.7988 114.8230 115.8945 115.4790 110.6071 107.6919 109.6193 113.1362 112.2664 108.9781 107.2455 103.4745 107.8682 116.8399 107.1123 111.9132 124.2032 123.5756 123.2853 124.0812 98.2850 97.6540 120.9733 112.7209 110.1146 116.4100 121.9113 100.0065 104.1258 102.3125 109.1911 113.8655 120.2479 113.7011 112.6835 97.4970 104.1868 101.5246 100.9554 117.5645 116.0201 114.0927 113.2808 113.5383 112.8816 112.2729 111.6250 110.9948 110.3998 109.8519 109.4196 109.1105 108.9838 109.0437 109.2897 109.8129 110.2002 110.8006 111.4150 112.0600 112.8800
112.6600 114.7273 112.4999 112.0947 109.2286 111.2348 111.1391 115.4941 117.1168 116.3478 115.1017 114.1694 107.0391 104.7691 102.3546 103.9143 114.4122 111.7665 122.1066 123.4078 123.6513 123.2538 123.2077 120.6227 109.5702 100.4192 118.5876 107.2823 123.0925 121.3747 118.5667 104.0800 100.1881 105.0775 99.5398 100.3554 101.7658 99.5778 96.5665 99.1591 91.7230 114.5443 108.7688 115.2009 115.7207 113.7551 113.0693 112.3627 111.6255 110.8738 110.1247 109.3940 108.7156 108.1324 107.7835 107.6104 107.6966 107.9875 108.4868 109.1536 109.8779 110.6296 111.3832 111.8700
128.3900 119.7666 116.2680 116.9210 112.5308 110.2592 104.3012 111.4053 112.7662 118.4636 113.8307 109.1529 106.3711 103.6434 104.0914 114.8544 112.8147 125.5651 121.9250 123.8046 123.5839 123.5018 124.2462 118.0925 124.4437 120.7437 120.6692 120.0038 121.0389 120.8733 120.9877 121.1121 120.2512 96.8558 113.5507 99.8136 101.7007 95.0202 94.4315 93.8854 113.4239 117.4724 114.4066 114.7794 113.8984 113.3081 112.5902 111.8226 110.9912 110.1257 109.2175 108.3112 107.4327 106.6573 106.1771 104.6300 105.5749 106.4506 107.1631 108.0217 108.9262 109.8315 110.7108 111.0100
123.3200 123.1112 122.5502 122.6509 112.6102 109.2774 108.8982 108.8395 108.2336 107.1772 108.1858 110.7975 108.3142 105.6687 103.0300 104.0794 105.3515 117.7665 121.1225 124.0876 123.5771 124.7870 103.8173 124.1854 124.6448 100.7248 119.6231 121.3607 121.0309 120.9232 120.5257 120.4326 120.2091 109.8364 97.4636 95.9000 116.8243 109.8835 116.8712 115.7752 107.7295 115.3890 114.9579 114.5490 113.7293 112.9788 112.1861 111.3207 110.3908 109.3825 108.3077 107.1749 106.0176 104.9346 104.0837 103.7457 103.9183 104.6090 105.6645 106.7955 107.9455 109.0402 110.0732 110.7900
123.3100 117.8023 121.5168 109.7647 111.0667 109.9209 109.9313 109.9575 108.5928 107.6378 105.9522 103.3104 103.7206 103.0884 102.8383 102.3259 108.4023 108.8675 123.9866 123.4376 123.4623 123.2418 123.3629 123.2432 122.1333 122.2343 122.6200 121.6932 121.2497 120.8593 120.5626 120.3622 120.0040 120.1697 101.9787 100.6036 96.1919 115.6135 117.1074 116.6237 116.3482 115.7371 114.8221 114.2034 113.4723 112.6782 111.8221 110.8808 109.8476 108.6974 107.4232 106.0194 104.4918 102.9194 101.5423 100.8370 101.2139 102.4255 103.9839 105.5349 106.9841 108.3017 109.4827 109.8400
127.3200 121.5618 116.4819 109.5840 109.5247 108.5672 109.4977 105.7384 106.5286 111.5552 108.7448 104.4264 107.3684 110.0698 108.2090 103.6057 103.9210 116.6475 124.2106 117.4321 123.5427 119.0253 110.0615 123.7923 122.9491 117.7684 120.4483 121.9938 119.0092 120.8495 121.1327 117.0884 117.4486 100.9197 102.2293 113.2353 118.3400 93.7559 116.6179 116.1484 115.8984 115.2750 114.7045 114.0203 113.2676 112.4378 111.5317 110.5146 109.3874 108.1070 106.6328 104.9193 102.9236 100.5676 98.1972 96.4855 97.3999 99.8471 102.1865 104.3013 106.1075 107.6574 108.9902 109.6700
127.3200 125.2296 125.7271 115.4620 111.2934 110.4686 112.9756 110.6137 110.6383 111.5094 104.4043 106.9588 109.9827 105.7040 121.2944 111.5545 126.9184 123.9441 123.4813 124.1240 123.5694 117.6876 102.8422 122.5625 118.2600 122.8801 119.5108 117.8952 108.2740 121.4975 118.5924 99.2818 98.8725 98.5093 98.4426 95.5169 111.7086 107.8381 118.2688 116.0705 115.8846 115.3285 114.6326 113.9106 113.1286 112.2736 111.3258 110.2626 109.0604 107.6696 106.0292 104.0347 101.4950 98.1721 92.8024 89.7632 91.2922 96.7156 100.4918 103.2821 105.4267 107.1734 108.6310 109.5400
117.4200 115.6439 109.8143 109.5962 109.2150 108.5037 107.6064 107.7273 106.7928 105.7367 104.0732 103.5295 113.3760 107.3420 105.7909 107.8334 125.1124 123.3913 123.7573 123.6741 120.8626 121.8528 126.5702 109.7620 106.9621 123.5389 113.9992 111.8176 120.1635 116.3499 110.2236 103.7229 104.1445 104.9434 101.1871 100.7846 111.4139 120.2861 115.8377 114.9081 115.9889 115.2573 114.5590 113.8509 113.0591 112.1854 111.2217 110.1362 108.8879 107.4450 105.6965 103.5222 100.5982 96.3259 88.5088 85.0729 86.7678 93.9833 99.3997 102.6894 105.0522 106.9171 108.4458 109.4500
117.4600 122.6557 116.0195 114.0550 107.1661 107.8088 107.8595 107.3820 107.8312 105.1686 108.7129 102.9198 102.6944 102.0928 119.9166 122.9938 124.7720 124.6564 123.5545 123.7960 106.1372 109.2315 124.0454 106.6746 117.1502 123.2781 123.4463 122.3596 122.1439 111.1088 111.8546 111.5429 111.0430 100.9077 108.5916 107.5941 121.4726 113.9382 113.4384 114.7631 115.7673 115.3277 114.6095 113.8587 113.0649 112.1922 111.2274 110.1339 108.8954 107.4501 105.7122 103.5328 100.6371 96.3477 88.5825 84.8820 86.7707 94.1501 99.4539 102.7138 105.0651 106.9234 108.4570 109.4200
127.4200 120.5970 122.3472 114.7532 110.0229 109.4999 109.4371 109.7584 106.6225 107.7085 103.6646 104.1704 102.6943 102.2149 113.2861 117.3563 120.3732 122.3003 124.4674 101.5694 113.6228 121.4771 122.4106 117.5697 115.9042 121.6698 121.2605 121.2828 121.6382 122.3869 121.8849 121.7430 122.6707 110.8336 123.8588 119.5892 116.5799 118.0927 117.7740 116.5986 115.8533 114.9914 114.5399 113.9257 113.1323 112.2802 111.3393 110.2754 109.0755 107.6948 106.0591 104.0708 101.5719 98.4241 93.2227 89.9535 91.6517 96.9132 100.5775 103.3345 105.4590 107.1953 108.6491 109.5200
122.8700 117.9060 109.6565 111.0458 111.1291 110.8048 110.3146 105.4242 106.8996 108.6791 106.1752 104.2651 113.6232 104.3029 100.8346 108.1582 112.9010 116.1884 122.7040 113.1175 109.1082 122.4751 122.4764 118.3840 122.0593 125.6120 121.3407 121.2020 120.8449 120.7872 120.4081 119.4213 118.8506 103.6062 105.5818 122.4220 119.2413 117.1529 116.8758 116.5261 116.3806 116.9490 115.0776 114.0560 113.2660 112.4504 111.5393 110.5388 109.4141 108.1346 106.6781 104.9827 102.9872 100.7450 98.3780 96.7512 97.6786 99.9731 102.3012 104.3757 106.1589 107.6913 109.0178 109.6500
120.5300 114.2289 109.0826 108.5971 109.0622 109.0833 108.3613 109.5869 111.0397 111.0672 110.4212 104.1919 120.2760 101.5763 104.6301 101.6412 122.3855 124.2720 124.4496 120.7745 116.6376 121.6304 122.6554 123.0718 122.2486 123.2763 122.3413 122.3021 121.1773 117.9306 120.8895 120.1053 116.6051 113.5709 96.2716 100.3239 116.0749 117.8530 117.2524 116.7087 113.3866 105.1271 115.9471 114.1567 113.4732 112.6968 111.8329 110.9048 109.8711 108.7321 107.4701 106.0816 104.5496 103.0349 101.6879 101.0112 101.3647 102.5628 104.0887 105.6090 107.0360 108.3397 109.5237 110.5900
117.6300 116.5215 118.1442 118.0535 114.1211 110.5556 110.9859 111.5602 111.2724 111.9094 104.4849 101.7376 117.1816 111.5063 101.4437 114.4576 125.4830 124.3974 123.8835 124.5237 124.2560 123.4266 122.9572 122.6536 122.4709 121.5807 116.0903 117.0790 120.8824 120.2477 120.6107 120.1729 120.2939 120.7675 115.0178 114.4881 112.9243 117.9958 117.1494 116.8072 115.1794 113.6263 115.0942 114.4349 113.7345 112.9977 112.2015 111.3480 110.4206 109.4266 108.3648 107.2416 106.0988 105.0271 104.2019 103.8102 104.0141 104.7338 105.7461 106.8723 108.0036 109.0908 110.1083 110.7700
117.6400 112.8458 111.3311 105.5264 110.9075 115.4104 109.2006 112.7192 113.5181 112.4223 104.5882 105.7881 123.4959 118.1492 123.8425 125.5642 124.0234 123.8138 123.9034 123.6957 123.4646 123.2586 123.0178 122.7782 122.2744 123.8365 105.1517 123.6470 121.3761 120.9935 120.6298 120.2321 119.8347 119.7486 119.8309 119.9447 118.5213 115.7553 117.8810 116.8776 116.5866 116.0236 115.2811 114.6821 114.0386 113.3508 112.6229 111.8482 111.0208 110.1654 109.2676 108.3632 107.5082 106.7367 106.1763 105.9286 106.0574 106.5294 107.2464 108.0856 108.9818 109.8786 110.7552 110.9900
114.7400 114.8582 115.0617 113.1092 113.2544 112.2493 111.7086 112.7525 114.0526 111.5559 108.0496 120.6979 126.3996 113.6501 106.0584 114.9354 130.9591 130.1028 123.6063 123.8026 123.5675 123.3194 123.0847 122.6366 121.4316 122.3589 122.1988 121.5016 121.3717 121.0852 120.5823 119.9941 120.2139 118.9218 95.8171 96.8929 101.3956 117.0947 118.4191 117.0284 116.6276 116.1160 115.5622 114.9811 114.3814 113.7407 113.0821 112.3796 111.6622 110.9221 110.1743 109.4502 108.7659 108.2050 107.8012 107.6359 107.7207 108.0516 108.5783 109.2250 109.9394 110.6793 111.4221 111.8500
124.8100 113.9467 115.0816 111.9096 111.6798 112.6527 113.4568 106.4934 104.0388 104.0834 103.2121 118.0300 107.9185 104.3622 112.8592 110.5858 128.9860 124.1173 123.9755 123.8525 123.6145 123.3590 122.9182 125.3643 103.4700 125.3972 119.8517 121.9650 121.2533 120.9695 122.7062 102.8660 114.3447 99.4509 99.1164 112.8560 119.7121 120.0415 117.3146 117.4471 116.8038 116.3537 115.8354 115.3025 114.7403 114.1570 113.5576 112.9288 112.3235 111.6632 111.0430 110.4488 109.9140 109.4774 109.1796 109.0569 109.1164 109.3695 109.7641 110.2670 110.8486 111.4626 112.0986 112.6400
124.8200 106.1414 105.8145 107.0345 106.4703 106.3870 105.6857 104.8427 104.0861 104.1529 102.5591 119.2767 110.1209 109.6639 127.8870 122.6110 124.0734 124.3013 124.1197 124.0914 123.6541 123.9731 123.2749 123.1383 124.1789 106.0517 126.8629 123.3753 121.5725 121.2098 116.4973 105.3076 105.8917 122.6620 121.2577 119.7474 118.7767 118.1826 117.7569 117.5607 117.0939 116.6227 116.1405 115.6406 115.1278 114.5893 114.0546 113.5393 112.9006 112.3886 111.8678 111.3769 110.9475 110.6024 110.3732 110.2817 110.3376 110.5233 110.8221 111.2323 111.7014 112.2202 112.7602 112.8400
122.6600 112.4459 107.2877 106.4869 105.9375 107.0037 105.2698 104.8474 105.2415 104.1897 101.8069 114.0167 113.0031 124.9891 125.5969 108.8166 126.4700 124.2507 124.3080 122.2071 123.7130 119.4528 123.6518 123.7284 109.4180 111.0243 123.1578 128.9111 120.9084 121.2930 121.8943 121.8928 121.4231 121.1165 121.2021 119.9365 118.8330 118.7019 118.2208 117.7478 117.3517 116.9137 116.4604 115.9908 115.5223 115.0407 114.5490 113.9003 113.4464 113.1192 112.6477 112.2351 111.8810 111.6106 111.4301 111.3474 111.3629 111.5135 111.7868 112.1153 112.5454 112.9133 113.4098 113.5800
127.4100 107.6674 105.9179 106.3122 106.1146 108.3403 108.5489 106.5351 113.5621 104.8260 105.3331 108.2998 121.8336 125.6900 126.9214 125.4835 124.5049 124.3196 124.4017 118.9429 108.9269 115.8637 123.3905 121.4994 111.3876 121.9138 122.1275 121.6639 121.7207 121.2027 120.6751 120.2866 119.8933 110.6525 110.7426 111.9829 120.2201 118.7581 118.3979 118.0306 117.6172 117.2095 116.7867 116.3589 115.9227 115.5065 115.0614 114.6443 114.1603 113.7452 113.3731 113.0284 112.7424 112.5165 112.3660 112.3081 112.4407 112.5485 112.5606 112.9427 113.0758 113.7634 114.0444 114.3600
108.4600 107.8031 108.0806 108.0729 107.9043 111.6448 109.3708 108.9287 104.8394 105.6920 120.6860 117.5451 115.8775 117.2334 127.2012 123.1772 124.8961 124.9350 122.9798 118.3726 109.0805 122.6522 121.1408 124.1866 125.4854 122.7940 122.3388 122.1686 121.8577 122.0603 120.9886 121.0462 118.5786 104.7455 103.8916 106.0244 120.9117 118.9420 118.6395 118.2835 117.9060 117.5218 117.1241 116.7280 116.2748 115.8862 115.3569 115.0533 114.7752 114.3979 114.0677 113.7745 113.5244 113.3410 113.2090 113.1497 113.2766 113.1882 113.5756 114.2700 113.1444 113.8403 114.7081 115.0900
108.9700 108.0102 112.9410 111.6519 111.3148 115.3538 108.3410 107.0084 104.7602 104.6036 114.2448 118.3378 118.3556 122.1996 125.5602 123.0778 125.3106 121.9660 123.9698 123.0944 123.9027 124.7850 125.8869 110.7645 115.5827 122.7854 122.6388 121.7469 124.4128 111.3020 121.9417 121.1454 123.4409 111.2689 107.1320 121.9414 117.9174 119.1876 118.8937 118.5394 118.1820 117.8213 117.3985 117.0726 116.9287 116.3451 116.7924 115.8185 115.3314 114.9959 114.7170 114.4625 114.2428 114.0915 114.0045 113.9565 114.1319 114.6406 119.2311 113.8349 101.6487 108.9618 118.8366 115.6500
127.2300 112.8229 114.7836 110.3625 109.5861 110.5436 107.5946 107.8191 105.9456 104.0568 111.2815 117.9235 129.9845 126.2943 124.5065 125.2269 113.0619 124.4883 124.6785 124.3814 123.9084 124.9701 123.6409 117.8896 121.5306 122.4767 123.1107 105.5206 110.7062 100.7681 121.2536 122.8509 105.8101 104.2521 96.4585 119.1174 119.5488 119.5629 119.1480 118.8185 118.4732 118.1647 118.4041 117.4010 118.5016 110.0806 116.5403 116.7244 115.8370 115.5845 115.3223 115.0981 114.9676 114.7746 114.6748 114.6196 114.6164 114.6658 114.9565 114.8659 115.4562 97.1539 116.0667 116.1900
117.6500 112.2954 109.0487 108.5964 112.7152 109.1685 106.5544 107.0975 104.7635 104.0513 120.9391 111.5984 126.1130 125.0733 125.1229 125.4208 122.0872 125.0667 124.4760 124.3795 124.2613 122.9807 126.4496 123.1903 124.1890 123.2479 122.4507 117.3913 119.3640 118.3427 121.4829 118.2990 98.1320 102.0317 101.8416 121.7150 119.5968 119.6914 119.3972 119.0765 118.8042 119.1784 120.3182 104.5792 118.7683 111.6295 115.7135 116.7384 116.3800 116.1272 115.8688 115.7937 115.2413 115.3220 115.1098 115.2707 115.3469 115.2980 116.9649 117.1032 115.0728 117.0287 116.9631 116.3000
113.8200 112.2329 109.6411 109.4641 109.7971 109.4443 106.7715 104.4860 104.7120 103.5201 119.9180 118.6870 126.7892 126.7654 125.1394 125.2853 124.7073 123.7902 124.3788 124.3044 124.0548 127.5628 120.6482 124.4439 119.6920 122.7133 123.1759 123.8322 122.9369 122.0115 123.4633 103.9138 121.8664 117.3317 118.6760 120.8424 120.2814 119.9360 119.6456 119.4558 118.9989 117.0173 95.6439 96.6788 100.3931 104.8823 118.3980 116.9454 116.8624 116.5630 116.7603 116.3991 116.7945 113.0118 114.4033 115.7984 115.9490 116.0345 116.6130 115.3201 115.7193 116.5018 116.6984 116.8400
109.4000 109.9673 109.6743 109.1464 108.9998 109.5354 107.6183 105.0258 104.6011 103.4728 118.5468 112.7743 112.4592 107.7198 127.1551 126.1040 117.4715 135.9339 124.7548 124.3239 124.7870 124.5039 120.5324 122.6501 123.2777 123.1182 123.0046 122.7363 122.5584 122.1376 122.3551 116.2763 117.4672 121.3160 121.0124 120.6618 120.4638 120.1826 119.9213 119.4553 120.4809 109.2343 95.9644 97.8874 94.7485 111.3441 119.0757 117.3687 117.3318 117.1200 116.7206 122.6077 110.9875 116.8432 116.6050 116.5383 116.5531 116.5580 116.6930 116.8153 116.7583 117.0789 117.3045 117.3600
109.1300 109.6105 109.1821 109.1883 109.4692 109.3051 105.5233 104.6301 104.8215 107.3153 110.0995 112.4365 112.8212 109.9743 104.9006 121.6415 104.4288 115.7777 127.0782 105.7295 125.3293 130.5099 103.8510 126.2413 127.4589 121.8174 123.3634 122.8302 122.6441 124.5322 104.2588 111.2142 122.8082 121.1147 121.3693 120.8673 120.6865 120.4243 120.2291 119.4348 123.0838 100.9893 99.3993 99.4148 105.4877 118.6678 118.0523 118.0434 117.7945 117.5858 117.6150 117.2464 117.5337 116.7455 117.1022 117.0286 117.0318 117.1125 117.1833 117.2896 117.4407 117.5681 117.7295 117.8200
109.6900 109.1295 109.0686 108.8104 107.9084 105.1259 105.1443 104.9910 104.8039 106.0968 118.2109 115.1748 126.0504 128.3658 117.0935 111.6543 122.8474 123.8229 123.7289 106.8698 122.5870 122.6467 109.6240 123.4710 123.3062 123.5087 123.2383 123.2503 121.7873 119.1251 103.8201 118.0494 122.5245 121.6168 118.0360 119.0630 121.0235 120.6190 120.5014 120.4294 118.7643 97.8450 102.4902 102.0921 116.7557 118.7187 118.6011 118.4091 118.2242 118.0627 117.8737 117.8119 117.6009 117.6645 117.5844 117.7783 117.8760 117.6552 117.6837 117.7620 117.8778 118.0181 118.1748 118.2700
108.5000 110.6513 109.5539 105.0355 105.3011 105.0525 109.2065 105.2088 104.9412 102.4904 118.6910 110.2959 110.2422 120.2011 106.5112 105.4473 118.0910 111.2289 103.5122 109.1340 108.3212 105.5502 106.3512 119.0954 123.9644 123.6797 123.4638 122.3323 122.7435 102.0701 119.5248 123.6796 121.1423 122.4365 112.7475 119.2053 121.5225 121.0629 120.4040 120.7132 114.1551 101.5290 103.1933 111.6381 119.6188 118.8007 118.9958 118.8033 118.6375 118.4885 118.3927 118.2751 118.1811 118.0909 118.2173 117.1666 115.7756 117.9516 118.0870 118.2270 118.3386 118.4528 118.5968 118.6400
105.9600 116.2338 108.2348 106.8946 106.9985 105.2107 107.4629 104.2259 105.3932 106.7630 104.2407 103.1859 102.4286 105.5127 106.4160 104.6167 113.5729 113.6473 109.4065 108.9024 103.2503 109.4930 123.8418 124.9607 123.3986 123.8120 123.3338 121.5114 113.3624 125.3845 123.3699 113.1695 120.2501 121.7616 110.8243 120.7000 118.3418 121.8346 120.7390 122.6138 111.3154 100.0559 105.7976 120.5849 97.4586 117.8820 119.2995 119.1926 119.0447 118.9076 118.7871 118.6908 118.5998 118.5162 118.4292 118.2575 105.6159 121.4840 118.1083 118.6901 118.7614 118.8685 119.0018 119.0900
118.6700 108.7502 106.5059 107.3308 106.9926 105.1003 106.5536 104.2256 105.5883 104.3310 104.4823 104.0895 109.1361 114.2960 112.9109 114.2373 118.1184 111.0239 113.7824 118.5643 111.4933 115.5605 115.8950 125.5244 125.6708 123.9541 123.0403 122.9046 113.1640 120.1185 110.0239 109.6298 121.8661 112.6249 101.9538 112.0517 107.4501 110.5109 121.6756 119.1212 101.4371 107.7725 118.3267 111.4574 120.7856 122.0481 119.7151 119.5555 119.4285 119.2997 119.2082 119.1155 119.0472 119.1459 119.8614 119.8948 102.1987 102.9929 119.0523 119.0659 119.1740 119.2694 119.3865 119.4800
120.1400 107.1958 107.0974 106.7055 108.3252 105.8926 108.8237 110.0325 104.1559 103.6215 107.4501 114.8111 119.5166 117.7738 117.1278 113.7603 115.4019 121.5072 114.7668 123.4263 126.1137 119.1715 115.4780 124.1898 125.7386 124.7674 126.2536 108.9373 96.2182 124.7877 122.3654 128.4924 125.0352 101.3371 104.1995 104.8959 105.8058 111.8523 122.2351 120.9849 98.6294 110.8704 114.0790 95.8576 122.0388 119.9994 120.1174 119.9270 119.7996 119.6876 119.5823 119.5986 119.1554 114.6064 112.4912 119.1852 118.0624 116.0569 119.7100 119.4983 119.5641 119.6577 119.7597 119.8400
107.5000 106.7477 106.0599 106.6026 106.5814 107.0907 103.8937 108.8447 112.5503 105.9312 110.5163 107.6691 120.0109 118.8562 115.7907 114.9319 126.1227 115.7258 117.0990 124.0086 126.0130 110.8602 116.7262 122.1095 124.0828 124.1050 113.6770 102.1521 110.9163 125.3137 122.4831 118.3084 120.8503 114.1316 105.2268 101.6201 115.5047 121.6674 122.1276 121.6060 106.0323 115.2051 121.8520 104.8540 121.2830 120.2095 120.4834 120.1737 120.1591 120.0400 119.9683 119.9518 119.6315 119.0517 119.8056 119.6865 119.8535 120.1288 119.5851 119.7802 119.9446 120.0171 120.1211 120.2000
109.9900 109.7940 107.0562 110.3562 114.1237 105.2771 122.9221 106.2299 109.1267 104.2171 102.6399 103.2597 120.4805 121.1974 119.8760 125.6921 126.2804 118.9327 125.2171 127.1082 126.4702 108.3845 128.2441 126.4363 123.8385 112.9749 104.1184 104.8256 119.7883 108.0350 125.0358 123.9155 127.0975 107.1283 123.2744 122.3313 125.2156 119.9099 122.0075 122.3355 123.4171 122.2951 120.8641 121.9758 120.9711 121.6321 120.6408 120.6480 120.5057 120.4788 120.3112 120.2440 120.0322 120.0978 120.0893 120.1080 120.1126 120.1538 120.4431 120.7216 120.2522 120.3830 120.4686 120.5300
106.2900 106.8150 106.0150 106.0700 115.7608 107.0028 126.4407 103.9004 102.4853 122.8861 120.2388 115.6012 105.9625 107.4528 122.0796 125.0259 111.8807 127.9737 114.9951 109.6622 112.4086 109.8984 124.0890 119.6886 126.2904 113.0192 105.7517 121.4546 103.3329 110.7722 125.2934 123.3299 123.1560 121.4837 122.5538 122.9287 119.0656 122.9393 120.8636 122.3588 119.9107 102.1483 120.3115 121.5302 121.5264 118.7185 121.0469 120.1743 120.7127 120.4136 120.6734 120.7211 120.6219 120.5531 120.5059 120.5416 120.3057 120.5060 120.5879 116.7601 121.2252 120.7156 120.7689 120.8600
106.3100 105.9844 106.7086 119.3655 125.3809 104.1333 121.0156 104.7956 127.1441 110.6922 106.2494 103.9700 113.9618 120.6848 126.7300 126.3867 124.7058 126.5783 116.3403 105.3148 106.4040 106.9768 120.1343 114.2111 124.8891 102.5570 102.8417 105.6110 120.5786 122.5283 123.6422 123.6044 123.3284 123.5038 123.0143 122.8195 121.8134 127.4568 122.9224 123.3234 112.5164 102.2757 120.0300 121.6540 121.4887 121.8643 120.4036 118.1919 121.3314 122.9053 121.2152 120.7465 120.8866 120.8406 120.8629 121.0133 117.0471 120.8063 120.9978 118.4813 121.1044 120.7660 120.9549 121.1700
121.7700 119.8306 127.4635 107.3280 119.2109 122.5099 119.1113 126.5464 105.2544 122.4695 104.0127 104.4747 140.3962 124.2526 126.5139 126.2911 127.8072 109.9460 108.0726 107.0053 109.3968 112.3625 103.2334 126.5644 125.0370 124.9159 113.3306 110.6078 110.7424 125.8927 123.3534 123.8490 123.5933 123.4470 123.2951 122.7623 124.8923 110.3801 118.0265 122.4540 111.7859 104.1618 121.7367 121.8664 122.0134 121.5609 121.4486 121.0145 114.5290 107.1194 120.2929 121.0590 121.2352 121.2162 121.2116 121.1717 121.2582 121.8785 121.2087 121.6338 121.2668 122.1518 120.7060 114.4600
122.6700 112.2926 127.9889 124.2403 121.3014 120.7835 120.2524 118.4476 115.3373 105.8715 107.9860 115.6525 124.9882 111.7206 107.1185 122.8951 125.5295 107.9063 118.5040 126.1773 125.3370 114.4671 116.4241 126.8523 124.2126 105.6087 103.7945 112.1877 126.1623 124.5426 124.0760 123.9501 123.7765 123.6223 123.4805 122.7369 99.9583 106.1705 123.4314 122.4715 124.9981 103.1851 103.9953 118.4372 121.5628 122.2322 122.0780 124.9246 121.5302 109.5237 122.6585 121.1308 121.6043 121.3316 121.3841 121.5025 121.6179 120.0413 119.2446 121.2445 121.7238 121.4656 102.6991 99.7600
125.7800 129.6654 127.4590 123.7457 122.9235 119.6181 116.2264 130.7368 117.6292 114.5892 113.7557 115.6270 106.0652 114.0722 111.1243 111.5512 110.9163 110.2712 127.1348 125.2743 125.9774 128.3121 110.1832 119.3034 111.0344 108.0723 105.1005 121.2134 122.8849 124.6338 124.2667 124.1078 123.9603 123.8372 123.5228 124.2716 121.2042 121.2068 124.4840 123.0007 123.6553 110.9241 115.8777 118.6796 120.8586 114.2930 95.3545 109.8675 120.9295 110.4583 121.7227 121.9702 121.6266 122.9663 122.2338 121.7655 121.5700 114.8380 109.5633 121.9735 120.5507 124.4076 96.8227 100.0400
111.9300 128.1873 128.6730 128.9511 129.2355 131.1273 109.9069 125.5285 114.1345 128.4281 128.5888 114.8292 106.0713 108.6616 110.8569 110.2036 106.2178 135.6127 129.9002 125.8598 125.7871 125.6021 126.9006 117.8426 118.8202 115.4539 114.8816 110.2228 121.7731 122.3676 123.9528 124.1247 124.1621 123.9934 123.9873 123.6442 123.4648 123.5411 123.2784 123.2290 123.0836 123.6965 123.7467 123.1859 123.6272 112.6593 122.5113 98.3032 123.5008 120.6975 122.2070 121.7024 123.9628 110.9140 123.6785 122.1131 122.4138 116.5677 116.7842 122.4835 111.3916 112.0653 102.0499 100.3100
111.9300 126.3900 128.4400 128.2400 128.1500 128.0500 127.8500 127.7500 127.6500 118.0200 123.9500 127.2400 127.1400 116.1900 115.2500 126.7100 111.2800 127.5200 126.2500 126.1500 126.0200 125.7800 125.6600 115.6700 103.4200 104.9200 107.2500 111.2800 114.8500 108.3500 124.5200 124.3800 124.2500 124.1100 123.9800 123.8400 123.8400 123.5600 123.5900 123.2800 123.2800 123.1300 122.9900 123.0000 122.2500 122.6800 122.7300 122.5400 122.5800 122.3800 122.4100 122.4300 122.2000 100.7400 122.2300 122.2300 122.2300 122.2200 122.2100 106.9900 118.7600 104.0300 101.2200 100.6700
