115.22 120.71 118.13 118.41 116.39 115.8 116.7 114.77 112.17 107.82 120.47 103.91 119.14 109.99 123.7 117.99 114.84 113.76 109.57 102.34 103.97 122.12 104.45 112.6 101.95 111.97 110.02 108.21 111.65 110.52 109.69 115.18 106.47 116.53 103.11 108.64 100.5 115.02 96.63 121.25 107.8 114.79 116.68 116.3 115.99 115.1 114.65 114.2 113.21 112.78 112.12 111.46 111.0 110.41 110.41 109.67 108.71 108.75 108.74 109.74 109.6 110.31 110.89 110.89
115.22 123.3386 118.5586 117.6283 115.6787 115.9759 116.5135 110.1008 114.4738 111.921 118.5357 119.043 112.5291 112.8128 115.9581 118.0187 115.5884 114.7619 114.8966 103.8165 103.3768 115.9654 111.9986 111.3799 105.8535 111.0767 106.6814 110.8832 110.9101 109.8305 108.3468 110.7054 107.0157 110.1759 104.2535 106.2133 99.9503 108.1494 105.5411 116.5033 111.3851 116.3629 116.2652 115.8445 116.7776 104.1962 115.2194 113.8827 113.2073 112.5377 111.8442 111.1323 110.4261 109.749 109.1256 108.6121 108.2543 108.0921 108.1912 108.4898 108.969 109.5568 110.2245 110.89
127.42 125.6517 121.5432 119.6579 116.9165 117.3776 118.0467 109.4735 108.47 108.5228 108.5702 112.2375 111.0643 116.4481 111.64 112.3463 114.6573 114.2316 113.267 108.8765 108.7642 112.2846 114.5246 115.4852 113.6365 112.2855 104.427 111.1401 113.0977 112.0612 109.2746 107.7457 107.7927 105.7555 105.574 102.6707 117.915 106.8436 106.1145 115.7447 117.4271 117.0978 116.6375 115.7149 115.5219 100.6034 115.4678 113.1875 112.7417 111.9947 111.1964 110.3767 109.531 108.6845 107.8941 107.1996 106.7102 106.503 106.6092 107.0365 107.6892 108.4566 109.3093 109.57
119.71 121.8856 122.1502 117.364 120.9061 119.3866 115.1555 110.7255 108.7466 109.1542 105.5865 105.9921 113.4615 123.0961 112.8723 113.3611 112.7647 112.9437 109.7816 110.419 104.7325 105.4356 112.4587 112.9093 112.9286 110.9646 109.1932 109.8674 108.4058 107.3293 107.4197 107.0915 107.6983 104.2987 103.9103 116.3178 122.0145 110.7681 120.543 113.6549 118.3066 116.4363 116.0232 116.689 116.2244 112.9034 109.6732 113.7622 112.3244 111.4709 110.5828 109.626 108.6108 107.5666 106.523 105.5718 104.8571 104.5341 104.7163 105.3353 106.2335 107.2704 108.1631 109.57
123.77 122.4074 119.5338 105.9575 109.5085 116.916 122.4613 119.4453 114.6556 113.8709 104.5997 105.63 105.0374 107.8103 108.4567 112.7193 110.6421 111.3905 110.9718 110.5894 100.1951 103.9461 109.7961 110.3109 110.5876 109.4054 116.8827 106.5309 103.755 105.3304 115.6384 116.9602 96.7648 99.4877 115.7891 121.1045 101.3888 113.522 118.0726 115.2297 116.2261 116.7883 115.7341 112.1863 108.7395 111.2564 101.5814 111.8899 111.7408 111.0422 110.0046 108.915 107.7117 106.3991 105.0223 103.6616 102.5109 101.9657 102.2835 103.3077 104.6145 106.0747 107.1953 108.11
123.37 125.1374 116.2192 114.1661 104.5791 111.6526 113.1435 110.9742 107.5636 105.0884 109.4789 103.0609 106.7579 101.5078 111.548 110.9837 115.6535 114.3331 112.5686 101.3216 119.844 105.8191 112.0638 110.0142 110.5842 110.3442 109.9371 107.2852 103.6057 109.3913 125.3494 106.7038 110.0649 122.0184 118.9701 119.1332 115.0898 119.511 118.1441 117.9052 117.2799 116.5501 115.9862 115.45 111.6474 113.4169 112.2265 111.9445 111.343 110.6269 109.5201 108.2753 106.872 105.268 103.4486 101.3994 99.5473 98.4234 99.0374 100.8276 102.8813 104.5914 108.0285 106.78
115.62 109.6931 118.8015 120.6306 115.3641 120.4528 111.1157 106.1827 106.9095 117.1666 109.8968 103.5292 104.2769 123.077 107.8466 109.7843 111.7072 110.6164 109.7889 108.9356 109.5583 107.8004 105.0125 103.5449 103.5354 111.6207 116.1041 107.4462 104.8955 103.8674 102.4135 98.9562 99.9034 104.681 120.1504 118.7317 118.9137 118.6002 118.0076 117.4567 116.9337 116.5254 115.9391 115.2446 114.7475 113.8997 113.3124 113.334 113.1118 110.3608 109.1087 107.7778 106.1837 104.2737 101.9177 99.005 94.818 92.0562 93.6704 97.9802 101.2539 103.3863 100.6604 85.42
112.46 114.3364 118.4957 112.434 112.0046 110.9173 109.8996 108.6671 107.8968 107.3725 104.7839 105.389 102.8233 104.1941 114.4419 112.1384 111.6933 111.0967 110.7315 110.2878 109.6778 109.7847 109.0529 106.096 102.7934 103.0117 118.4489 116.492 103.1466 101.2877 99.8471 99.6577 99.2114 99.8522 108.7888 112.737 119.6688 118.3718 117.9776 117.3524 116.9396 116.3651 116.0335 114.73 114.1545 113.5426 112.7895 112.1085 111.286 110.1683 108.8956 107.4575 105.7414 103.5937 100.762 96.7492 89.5942 86.1784 87.9643 94.9257 99.7237 103.3914 98.1835 102.72
110.06 114.2558 114.6803 113.9089 111.8842 113.2157 106.6514 115.1357 109.8336 110.6251 109.1861 107.4307 104.4335 105.0197 114.5824 120.8627 110.4753 111.0078 110.3226 110.2733 109.8035 111.3055 107.6137 104.5999 102.6926 109.2717 108.0425 106.6541 104.6833 102.2355 98.1298 98.7969 115.8332 97.9439 121.0151 119.5387 118.9818 118.425 118.6929 115.5709 111.153 117.7506 114.0283 102.3184 93.8989 114.7444 106.521 112.8824 111.1465 110.1044 108.8417 107.382 105.6222 103.4172 100.435 95.9731 87.8715 84.1081 86.1498 93.8036 99.3412 103.409 99.7445 103.05
123.8 117.1316 109.1027 108.5396 107.6834 108.4702 110.0102 110.111 111.6413 106.3735 107.4425 107.5473 104.043 103.3456 113.4825 119.2197 110.7471 110.3228 109.8583 109.7268 109.8755 116.5351 106.7035 104.8263 104.8804 110.6139 105.68 112.1325 104.3706 101.2432 104.3996 99.9243 120.6714 101.5614 120.5907 119.7166 119.7854 117.7116 114.1496 116.6283 111.873 115.0429 91.4428 94.2615 92.693 121.6805 113.6769 112.0577 111.182 110.1808 108.9651 107.5395 105.8563 103.7774 101.072 97.4423 91.1355 88.1083 89.5806 95.925 100.0738 103.3179 105.448 106.37
123.8 118.6066 114.7949 111.4152 113.3458 113.4158 112.112 110.6239 116.1476 107.1406 106.0458 103.2001 103.3217 112.8803 119.2659 112.2987 110.7059 109.8652 110.3663 109.1951 108.5764 106.9244 104.8747 106.0116 122.8697 113.0092 101.4409 105.6185 123.0711 112.2206 121.347 107.1433 122.7201 119.7605 115.9123 115.391 114.8923 100.3539 99.6529 99.5282 97.5364 97.1715 96.251 94.5888 97.0707 110.7977 102.5591 112.9152 111.3198 110.4028 109.2515 107.9216 106.3976 104.5911 102.4045 99.7522 96.6025 94.3452 95.8506 99.0832 101.7061 102.8198 111.0631 107.75
122.01 122.1468 122.4955 122.3246 122.2704 119.2646 115.8287 113.4721 109.7523 107.6764 106.3554 106.6506 104.8124 114.5493 119.126 109.0006 110.1484 111.3779 114.3541 114.581 108.2131 109.0527 106.6282 105.9417 114.2487 114.2142 121.1863 120.0467 119.4367 115.3616 109.1008 111.3613 110.4458 107.7931 104.7314 100.482 101.0234 105.2602 103.7283 105.5803 101.3337 102.2958 96.6005 97.6271 96.1212 103.0651 111.3344 112.3887 111.6711 110.7444 109.6732 108.4753 107.1414 105.6409 103.939 102.2266 100.5895 99.7517 100.2551 101.7468 103.6421 101.6347 103.8044 107.75
112.1 116.3413 120.281 122.4046 121.0512 122.177 123.1941 115.3591 119.5818 116.1019 111.4514 111.2534 107.0759 106.2625 113.2306 110.5555 110.3501 112.5889 119.3436 114.6404 106.6544 104.83 103.0239 102.8071 116.2315 113.8168 112.301 111.7145 116.131 117.8919 111.114 111.4868 105.8676 107.8366 105.2912 104.9537 105.0596 108.8349 102.0733 104.5732 102.3279 102.3171 100.6349 98.9755 103.3795 102.7302 114.8582 112.8229 112.0454 111.1568 110.1912 109.1443 108.012 106.8018 105.5437 104.3254 103.3555 102.8893 103.1673 103.931 105.6794 101.4628 89.5615 86.87
120.07 117.1224 118.6308 117.6895 117.2239 116.2122 116.0028 111.4946 116.5153 112.3836 111.8487 110.1289 110.4584 110.4284 106.3171 108.1156 107.1823 115.0698 112.1754 108.694 103.7211 101.3217 101.6054 103.1093 115.6711 108.8429 114.4661 113.4231 111.6545 111.0001 110.7853 107.3556 99.9568 108.8111 107.5903 107.0314 107.6064 107.8983 105.1554 103.2402 105.1791 108.1921 98.4374 100.0202 110.6623 115.836 113.7824 113.204 112.4476 111.6434 110.7873 109.8734 108.9193 107.9483 106.999 106.1351 105.5004 105.2329 105.3881 105.9409 106.5943 97.4495 90.8469 92.27
118.31 117.0738 116.5405 115.5545 114.2188 113.931 114.5924 113.7924 112.9017 111.0537 110.1133 113.6587 110.1009 109.1094 107.4464 107.7173 105.4974 109.7682 106.1989 105.1052 109.4973 101.8665 101.4039 111.538 111.3917 112.0804 119.0373 112.7111 112.5227 111.4718 111.5899 105.1179 107.6875 108.2538 107.0082 106.2883 104.2386 103.5794 109.2233 111.2816 116.7853 102.9239 95.7275 111.9561 115.744 114.3378 114.2342 113.5861 112.9031 112.1707 111.4022 110.6371 109.835 109.0475 108.3195 107.6894 107.248 107.049 107.1547 107.5706 108.2107 109.8 110.21253957763744 103.2
119.05 118.7335 118.5957 115.5146 114.3642 114.0459 113.3447 113.0424 111.8885 109.8693 109.5848 107.8362 108.4118 108.8332 107.7326 108.373 105.6198 103.5143 103.5234 120.2134 115.6171 101.2244 100.0267 115.7972 114.8093 115.092 114.8962 112.9605 112.457 112.3426 102.74 99.222 115.3303 105.4313 119.4744 117.4883 115.0374 108.8424 105.4049 120.3338 117.5997 114.1025 113.562 116.7508 115.7667 115.2656 114.5981 113.9917 113.3346 112.76 112.057 111.3842 110.7239 110.0799 109.5044 109.0296 108.6985 108.5903 108.6523 108.8601 109.3269 111.236 107.0691 112.16
118.97 119.0038 118.5388 117.5632 116.4807 115.1873 114.135 111.2757 111.7459 111.0136 110.2644 108.4261 107.7502 108.0406 108.7771 103.5065 107.9605 106.4191 107.092 105.8897 101.5452 102.5277 103.7684 119.4996 115.9865 112.0971 113.2164 113.5689 111.6282 110.4298 106.9118 108.4103 112.5168 120.0677 120.4868 119.9805 119.4595 108.6747 109.5464 118.4673 117.7497 118.0988 117.4461 116.4977 115.98 115.4967 114.9773 114.4121 113.9246 112.1473 112.8101 112.1042 111.5633 111.0353 110.5735 110.2076 109.97 109.8491 110.0137 110.1807 111.9871 98.3125 100.2021 102.06
119.28 117.2121 116.5862 115.1743 114.0729 113.1214 113.4544 115.324 112.3787 111.8325 104.8445 106.3555 106.4571 103.6178 103.3891 105.3062 105.883 108.0241 126.4083 123.1576 100.8534 101.7332 101.6162 100.9497 101.6015 104.3172 114.0525 110.8437 117.6488 104.5629 100.3295 120.0473 120.6973 120.7452 120.3018 119.7444 121.5356 106.4753 126.7372 117.9222 118.1633 115.6537 116.105 116.7413 116.3643 115.8566 115.369 114.86 114.3525 113.7281 113.3874 112.8136 112.3516 111.9287 111.5522 111.2543 111.0828 111.027 109.4611 111.311 105.5353 102.1949 103.5492 98.58
117.46 117.9101 116.7682 114.6173 114.277 111.1279 108.1711 117.8414 109.7192 107.6019 105.248 110.2082 115.4683 105.2983 103.4289 103.4364 104.0997 105.4724 119.968 120.4256 118.5521 105.8258 118.2199 100.9942 102.4544 101.6566 106.9248 104.6502 101.412 116.2905 122.5461 121.8849 121.0854 120.8847 120.0703 120.56 99.0964 102.5463 95.1257 97.3695 95.0767 122.997 116.6401 117.309 116.784 116.1978 115.7573 115.3167 114.8228 114.4276 113.9446 113.5136 113.1103 112.7407 112.4287 112.1892 112.1042 112.0224 108.4782 112.1297 114.2294 102.3659 101.8515 113.48
134.77 134.0914 133.016 112.6079 112.1621 107.8469 121.5754 119.2179 122.1406 104.7873 105.1883 105.2909 107.9711 104.6361 107.5249 107.6721 105.7122 116.0623 122.516 107.7338 107.37 102.8919 101.634 109.2641 114.7769 115.1275 101.5067 114.9854 124.8226 122.7636 121.4724 121.3854 121.1743 120.7457 120.7797 120.5955 98.3562 99.0846 97.7096 108.1744 105.9985 103.5186 118.4432 115.0407 118.0917 116.4262 116.3087 115.7742 115.3929 114.9422 114.5204 114.1585 113.8184 113.5059 113.2468 113.0451 112.9833 113.742 109.4315 107.5368 102.4363 97.4355 99.9902 114.22
134.38 125.8933 126.4012 128.2714 110.9055 107.5817 105.8141 105.4735 104.3277 107.8727 103.8714 103.678 109.446 109.2757 109.6083 104.9656 106.3025 105.0196 113.1766 116.1931 115.9845 115.2753 120.8622 113.1938 125.4058 118.7529 105.1643 116.2814 121.5286 122.1547 122.072 121.6791 121.595 121.9667 120.3872 108.2267 103.4582 104.4851 105.1381 111.1614 105.5194 101.7639 115.5968 104.2307 116.8491 116.4734 116.1279 115.6773 115.8861 115.156 115.107 114.7833 114.4817 114.2139 113.9937 113.816 113.577 117.2156 107.5843 99.9834 96.6739 94.7436 111.0719 114.22
134.38 125.7084 126.2189 120.5629 115.4132 108.6638 109.3795 109.6503 109.8718 105.9231 106.6457 105.5493 106.1141 107.2774 106.082 103.42 102.9173 106.6983 104.3683 121.809 124.9068 125.4106 124.1502 123.9737 123.1324 124.0895 118.5436 120.8961 119.3324 122.0356 121.961 121.6751 121.236 114.0197 105.8393 111.7625 111.2152 118.3168 105.9051 101.9719 101.4537 109.6899 112.9209 104.5171 118.444 113.3446 110.1459 119.6685 120.9515 115.7082 115.6399 115.3624 115.1025 114.8736 114.6814 114.639 114.3715 116.0581 114.3759 100.1185 99.3266 105.2803 97.6905 101.29
134.4 130.3042 127.6531 118.0554 123.3967 113.9436 119.8233 117.1715 107.8905 113.7644 109.4773 106.2901 104.6603 105.8544 103.4131 103.035 106.7 114.9001 115.8933 116.8066 124.6086 124.0858 123.9393 123.7612 123.5284 123.1822 124.4283 112.7945 123.3124 121.6661 122.081 122.571 115.7659 111.4105 107.8207 110.9498 112.1125 117.8474 109.3329 108.925 111.9807 119.8441 101.6482 100.8914 115.7991 118.5308 118.465 118.619 120.731 116.5044 116.1807 115.9277 115.6939 115.487 115.3366 114.8916 114.7323 114.9154 115.3935 114.9302 118.9146 113.9445 100.3628 102.04
134.97 133.304 120.2152 127.8616 125.448 118.8362 118.9711 115.4328 106.7243 109.218 107.7448 103.8455 102.4756 105.014 112.7327 114.2027 105.4458 108.686 112.9895 117.754 124.8899 124.4474 124.1854 123.9094 124.0776 119.0878 124.304 123.8751 122.3414 122.7329 122.3022 122.0966 118.2486 121.7779 110.2588 110.3595 111.4882 108.6328 107.6061 100.2398 119.8258 120.4452 113.9582 104.464 118.7931 117.9212 117.2352 105.2725 111.1786 117.0821 116.68 116.461 116.2514 116.1038 115.4466 122.4793 115.1262 115.7019 117.0946 104.9288 105.1975 103.5163 103.2714 116.57
125.36 125.1981 112.4636 133.3289 123.1839 112.4435 121.7362 111.1252 107.4997 104.6227 105.3888 119.0876 123.6411 116.2699 112.5684 106.4823 107.3866 109.7954 132.1816 124.0047 124.6809 124.4603 124.2535 123.9844 123.5989 122.2617 111.2001 120.2482 123.0076 122.786 122.4563 121.9805 121.1813 120.4806 111.8411 111.6923 108.531 116.6932 116.1474 114.1685 119.0284 119.1924 119.7237 118.7931 119.2963 118.2384 118.0805 118.1415 118.2371 117.4217 117.17 116.9654 116.7773 116.6649 115.9531 116.2989 116.3948 116.3179 117.0713 107.3169 110.5392 99.3466 109.7906 116.57
106.11 117.2938 115.2799 115.1989 112.2221 126.861 111.5446 105.1201 114.3541 113.7236 116.3482 117.9357 114.4166 108.6119 103.4688 101.2901 116.0753 119.3042 127.367 124.826 124.7505 124.5612 124.3569 124.1594 124.0455 124.0856 118.1613 118.3484 123.6122 122.8396 122.6025 122.2641 122.5154 114.0262 114.3501 109.7755 118.9087 121.6996 120.6511 121.4277 120.5032 119.8273 119.5634 119.4463 118.9149 118.8261 117.9578 118.2137 117.9916 117.7948 117.6282 117.4386 117.2785 117.167 117.1754 116.9621 116.8482 116.8978 116.8825 117.0001 114.5927 105.5598 106.6092 105.04
125.71 126.8303 126.3325 123.333 124.994 118.986 116.2256 116.2266 117.6017 118.5807 115.9537 116.3061 114.3213 102.0844 103.3663 111.5151 111.341 115.6841 122.2083 125.1929 124.9096 124.646 124.4518 124.2544 124.0212 123.9978 124.8067 122.8725 123.1679 122.9655 122.7761 122.4856 120.7335 111.0482 121.5146 120.4781 121.2656 120.943 120.7211 120.5231 120.3487 120.0407 119.823 119.5905 119.3552 119.1192 118.9014 118.6546 118.4458 118.2527 118.0652 117.9041 117.7517 117.6174 117.5323 118.5763 119.6392 117.4309 117.4432 117.2969 115.9724 114.0476 116.2912 116.57
128.14 128.4775 128.7604 124.514 118.2834 120.3932 118.2719 117.9814 118.3037 114.5064 112.5494 118.8451 107.0862 121.3794 104.9399 105.0397 108.4198 124.4836 125.3955 125.1604 124.9461 124.7555 124.5566 124.3658 124.3052 123.1959 133.2447 122.5778 123.4945 123.1113 122.8988 122.6883 122.2793 122.1887 109.5743 123.3135 121.3659 121.3057 121.0612 120.828 120.5921 120.3546 120.1248 119.8935 119.6702 119.4465 119.24 119.0325 118.8375 118.6546 118.4897 118.3356 118.2045 118.0895 118.0584 117.7949 117.774 117.8819 117.8753 117.9619 117.9817 118.417 110.5302 118.05
119.02 118.889 117.4746 120.1455 122.1177 122.9192 121.5582 118.0426 116.5079 117.009 111.362 119.7563 113.5765 104.5366 116.8079 111.1977 107.2363 121.2647 121.2391 125.4501 125.0099 124.8591 124.6649 124.482 124.2683 123.8855 124.0856 123.6291 123.458 123.2747 123.0508 122.8442 122.7343 120.7835 121.0239 122.4912 121.761 121.4941 121.3171 121.0456 120.8467 120.6358 120.4064 120.1915 119.9853 119.7852 119.5852 119.3915 119.2149 119.0492 118.9018 118.7584 118.6367 118.5425 118.505 118.4103 118.3465 118.3429 118.3565 118.3716 118.3888 118.5217 119.082 118.48
118.83 120.1246 118.3123 119.4105 123.8366 121.419 122.2248 116.6799 116.3198 114.0131 114.6315 114.4244 121.1453 115.262 102.1786 112.2902 106.1372 124.1899 125.9891 125.2834 125.1545 124.9314 124.8509 124.6246 124.3941 124.2481 124.0281 123.8113 123.5818 123.4226 123.2039 123.0184 122.7178 122.7126 122.8299 124.4931 121.6036 121.7965 121.578 121.2671 121.3862 120.8611 120.6984 120.4794 120.2987 120.1032 119.9246 119.7448 119.5847 119.4292 119.2896 119.1601 119.0527 118.9706 118.8397 119.1786 118.9799 118.7949 118.7863 118.8264 118.9307 119.0235 118.9252 118.88
128.3 128.6913 120.9728 123.3987 121.4302 119.2923 118.3005 116.6845 117.6165 110.3216 114.9033 121.0313 119.4727 111.5582 106.409 105.4816 111.2934 106.2926 126.7169 125.0963 125.2468 125.3662 124.1598 124.6068 124.5065 124.3474 124.5685 124.437 123.7318 123.5901 123.3615 123.1576 122.8319 122.9616 122.2869 122.2735 122.0941 121.8801 122.0841 122.0883 120.2091 120.9988 120.9831 120.7702 120.5922 120.4162 120.2492 120.0822 119.9335 119.7898 119.6632 119.5469 119.4481 119.3058 119.6638 116.6132 119.0921 119.1985 119.2057 119.2401 119.3558 119.1246 120.4343 119.64
128.43 128.4844 128.9813 129.3513 118.9069 117.3393 117.8709 117.5643 118.3167 117.0732 114.3847 116.5724 106.0974 111.5738 114.167 116.9686 128.5341 127.1795 125.8358 125.5202 125.2456 126.4567 124.964 127.0151 124.4521 124.4382 122.4961 119.2493 124.3073 123.6352 123.5267 123.2997 122.7802 116.5949 123.5159 123.1161 122.8359 122.0723 122.5693 115.5523 110.7544 123.1277 121.2769 121.0769 120.8921 120.7196 120.5658 120.4138 120.2733 120.1457 120.0212 119.9224 119.8158 119.8009 119.2241 122.1982 120.0182 119.6186 119.6051 119.635 119.8297 119.1757 125.984 119.99
128.43 128.8574 127.9729 124.9094 119.5219 117.551 117.4474 117.999 116.3627 117.7357 110.6998 113.5424 110.7131 105.4393 126.566 129.8296 127.1602 125.6953 125.5946 125.6254 125.4942 125.1254 125.2538 118.5196 121.2025 125.0348 119.8283 116.308 123.9983 123.7294 123.7598 123.3706 125.2364 106.4507 123.155 122.5608 117.1751 122.0933 121.9783 122.3761 122.5158 121.4434 121.517 121.3465 121.1849 121.0199 120.879 120.738 120.6067 120.4915 120.3702 120.281 120.1877 119.9197 121.431 110.6405 120.9197 119.9877 119.9874 120.0203 120.0406 120.1838 119.5375 120.33
128.45 125.2451 124.0519 119.9801 117.7097 118.2491 121.0309 119.8668 117.054 110.3967 112.6536 104.2062 107.6713 113.29 128.401 114.2221 112.9421 127.1781 125.7885 125.7395 125.6033 125.34 124.9559 111.3169 122.7314 124.7455 125.1419 125.3494 124.5015 124.0385 123.8332 123.6284 123.8625 120.744 121.6301 123.2006 116.1739 123.8776 123.2304 117.9317 121.9456 121.9461 121.7806 121.612 121.4576 121.327 121.1806 121.0466 120.9299 120.8118 120.7086 120.6231 120.5384 120.4183 120.5977 119.0852 120.3608 120.3718 120.3549 120.3795 120.4148 120.441 120.6372 120.66
128.59 123.4473 116.3276 118.4001 119.4718 117.5369 119.3121 122.3528 110.9753 106.5744 111.2557 113.1197 109.456 110.9989 112.5614 119.6743 121.5046 126.6975 125.8718 125.8136 125.6879 125.4985 126.1563 126.8769 125.9733 124.8221 124.2907 124.3711 124.3033 124.2002 124.0103 123.8969 123.3733 124.4535 123.2124 118.0799 113.2795 118.942 118.8526 122.8833 122.6479 122.2837 121.9088 121.9103 121.748 121.5317 121.4715 121.3703 121.2385 121.1301 121.0338 120.9558 120.8848 120.761 120.7223 120.817 120.7357 120.7012 120.7069 120.7323 120.7577 120.8123 120.8473 120.98
128.61 129.3039 119.2245 123.3133 117.6254 118.1615 113.2609 110.8239 115.1452 120.488 112.8847 109.3836 106.7158 113.5078 119.7888 128.1922 130.7307 128.1525 126.0708 125.9474 125.7977 125.6369 125.3928 125.0496 126.0845 126.2912 125.2651 124.9646 124.5065 124.3362 124.1844 124.013 123.8212 124.1818 112.5019 102.944 101.9408 120.2123 118.6655 123.4255 122.4925 122.4049 122.6617 122.1116 121.8536 122.8572 121.6926 121.6452 121.5364 121.4402 121.3486 121.2743 121.2061 121.1678 121.1308 121.0732 121.0505 121.0438 121.047 121.0623 121.095 121.1379 121.1961 121.28
119.21 120.4578 122.4352 119.3587 120.3842 110.9778 110.9293 118.3412 119.6096 113.165 114.4869 120.1902 116.4932 123.3477 127.8251 128.2426 115.6382 122.0119 126.0877 126.1445 125.8924 125.7786 125.6604 126.271 116.2798 114.716 109.8244 125.8662 124.3755 124.5116 124.3414 124.1788 124.0398 124.1891 121.6772 121.014 118.3659 123.7865 123.014 122.8131 122.0026 117.9116 119.0034 122.2701 122.0015 122.7435 121.9903 121.9329 121.8274 121.7383 121.653 121.5826 121.5229 121.4567 121.4206 121.3894 121.3747 121.364 121.3727 121.3895 121.4205 121.4604 121.5045 121.58
119.52 123.3472 128.218 110.7706 110.957 113.4834 115.0265 118.7853 118.4611 113.882 112.0429 116.6252 108.9144 112.3363 129.808 107.9214 125.6737 125.8384 126.3447 126.1787 126.0254 125.7694 125.6082 125.7975 124.807 122.1026 113.9688 125.1167 124.7596 124.662 124.5064 124.3462 124.2016 123.9305 123.8185 124.32 123.5146 123.6901 123.2908 123.1311 123.8607 122.5437 124.5587 124.7104 123.1895 122.2444 122.3104 122.2181 122.1105 122.0269 121.9459 121.8823 121.8229 121.7792 121.7422 121.708 121.6916 121.6824 121.6834 121.7049 121.721 121.7574 121.802 121.86
128.78 129.5145 110.1361 115.6398 118.4685 116.9678 114.3319 121.5515 116.3628 113.3516 105.7463 127.3944 114.6705 123.2287 127.0019 126.0978 126.3275 126.7956 126.4562 126.2614 126.2133 125.6761 125.7131 107.3851 128.0848 125.2755 125.3375 125.1101 124.9416 124.817 124.6708 124.5211 124.3665 124.2361 124.0514 124.0582 123.6097 123.8567 124.383 124.721 122.9429 123.1006 123.2731 112.4719 122.4496 122.6675 122.5615 122.4783 122.3742 122.3006 122.2396 122.1759 122.1135 122.0748 122.0309 122.0119 121.9892 121.989 121.9908 121.9996 122.0411 122.1046 122.1297 122.13
128.8 123.2473 121.7144 121.7391 116.8722 117.9335 120.0959 112.3567 103.5817 111.9264 115.3491 126.5879 117.6193 129.0599 126.3722 127.3401 105.5549 128.0365 126.2611 126.4236 126.2991 126.0344 126.4329 125.721 126.0074 125.5761 125.3733 125.2679 125.095 124.978 124.8316 124.6908 124.5507 124.4056 124.2676 124.1126 123.9739 122.8159 115.0505 124.9466 123.405 123.3956 123.5842 123.1666 123.8325 122.8463 122.8223 122.7286 122.7326 122.6279 122.4965 122.4505 122.4014 122.358 122.3235 122.304 122.2835 122.2843 122.2797 122.2928 122.3366 122.2008 122.2784 122.4
128.92 128.7965 117.6489 121.7344 105.9657 117.5391 110.9769 105.9628 106.6104 107.7804 108.2177 106.2806 124.9042 123.9551 127.3347 106.3561 129.7899 126.6928 126.6373 126.6788 125.8298 126.4238 125.855 125.8229 125.7069 125.677 125.9796 125.493 125.382 125.1026 124.9953 124.854 124.7173 124.591 124.4493 124.3095 124.1791 115.4563 116.9043 124.1041 123.7199 123.6324 123.3725 123.3686 123.213 123.1717 123.0879 122.9685 122.3834 122.554 122.7953 122.7281 122.6796 122.6387 122.609 122.5823 122.5655 122.564 122.5598 122.5722 122.6272 122.643 124.5104 122.66
128.94 130.1956 119.5629 129.8232 108.8823 105.8117 107.3981 111.6982 113.0217 106.5068 105.7442 109.1755 125.4945 113.3939 131.461 110.9211 126.571 126.8664 126.7187 127.5171 116.3486 126.357 126.0578 126.1779 125.9786 125.7722 124.2124 121.7678 125.4358 125.2326 125.1722 125.0147 124.8967 124.7584 124.5883 124.4453 125.1464 124.0931 125.2298 123.9661 123.6232 123.6672 123.7493 123.5985 123.5092 123.4092 123.3299 122.7595 128.742 123.3726 123.0468 122.9878 122.947 122.9097 122.8769 122.8553 122.8465 122.8459 122.8782 122.883 122.8709 122.8775 123.0015 122.91
129.06 128.3426 125.9981 108.4326 110.9955 114.9746 121.7575 116.8792 110.351 107.5212 111.3365 108.2514 108.5839 127.0986 126.9374 127.7616 127.9626 126.9311 126.8008 126.7273 120.7366 125.7445 126.3305 126.1896 125.9999 126.529 123.7081 110.8517 124.3513 125.5285 125.3203 125.2058 124.9216 124.9332 125.0268 124.7409 124.488 124.6509 126.4532 123.9511 123.9504 124.5868 123.8762 123.8298 123.7281 123.6452 123.5595 123.5195 118.6377 123.1462 123.3171 123.2486 123.2054 123.1687 123.1423 123.1236 123.1082 123.0693 122.9318 122.9266 123.142 123.1643 123.2012 123.37
129.09 129.0575 124.0132 119.3947 118.5589 117.8528 116.4173 106.0628 106.8913 113.972 114.1338 111.5916 112.9835 129.3239 132.9806 126.7723 128.0554 127.085 126.949 127.4618 121.7884 126.8148 126.6807 126.8047 126.5402 126.4722 119.4129 118.5734 125.8519 125.4155 125.4569 125.261 125.3466 124.8419 121.998 125.029 124.4294 125.867 124.5908 124.4512 115.2925 124.4185 124.1439 124.047 123.9525 123.8721 123.8005 124.348 122.669 123.77 123.5242 123.5006 123.4626 123.4204 123.3981 123.3793 123.3588 123.4686 124.0756 124.4544 123.3222 123.4175 123.4495 123.37
129.22 128.0544 113.2301 115.0823 116.1634 113.938 115.7924 113.9621 112.0145 107.9254 105.6553 106.1434 129.8738 127.4218 112.1912 113.4926 126.7392 127.1981 127.1259 126.8807 127.4598 126.2236 126.5757 123.1513 119.7884 115.6877 118.1499 130.0715 125.7117 126.7974 125.5355 126.3886 125.2365 118.7191 110.3213 134.7745 120.312 118.0089 124.6517 124.7274 125.0091 124.4227 124.3625 124.2455 124.1907 124.1091 123.9828 123.8204 124.0056 123.8219 123.7909 123.7419 123.7062 123.6701 123.6478 123.6307 123.5695 123.2832 124.2357 113.914 124.7263 123.5887 123.686 123.62
122.88 125.16 118.9485 115.5215 113.2183 111.3799 111.8 113.1903 109.6064 106.3256 106.2896 106.9079 129.3029 128.5548 113.5469 123.7857 126.6496 127.2384 127.2602 127.0684 126.985 126.9153 126.9549 124.4078 111.7474 110.1056 130.1585 127.942 109.7534 125.9671 122.1575 127.8734 111.5669 119.5211 122.9743 110.8922 104.2047 131.6241 123.9901 124.7987 124.6983 124.6445 124.575 124.4766 124.3212 124.195 124.3332 124.495 124.1382 124.0589 124.0231 123.9763 123.9413 123.916 123.8857 123.8771 123.9041 124.0045 123.9289 122.4378 124.068 123.8895 123.923 123.84
116.77 120.5654 122.5748 113.3255 112.2887 112.5259 116.0477 111.3495 106.7542 106.248 107.6872 106.5903 127.8022 128.46 121.1903 128.047 128.2598 127.2494 127.2218 127.2489 127.0589 127.1904 123.4371 125.8241 126.3514 124.429 126.8549 126.6389 119.7325 125.9615 124.0337 127.4323 107.7157 110.9565 106.6189 106.0379 110.6742 124.535 124.9333 124.9925 124.9832 124.8746 124.5632 124.9265 125.1715 126.2673 118.8588 126.1911 124.367 124.2798 124.2559 124.2119 124.187 124.1517 124.191 124.1173 124.0729 124.0862 125.4684 121.7922 124.3582 124.1186 124.1546 124.28
117.86 116.4829 114.7351 111.8508 112.1804 113.1447 113.372 107.9167 107.6987 107.9676 119.603 106.8089 130.7107 127.302 128.387 127.891 127.6628 128.8897 127.647 127.2757 127.2382 126.9514 126.8662 127.2859 126.8594 126.6114 126.4428 126.2338 127.9811 126.2409 129.3058 118.5643 114.3481 114.9296 101.9294 112.2611 125.0927 126.7581 125.339 125.2149 124.9715 124.8976 126.86 118.3707 127.2364 131.2774 110.2795 125.4885 124.5895 124.5006 124.4783 124.4368 124.4008 124.6537 124.4508 124.359 124.3076 124.2651 126.0238 109.194 126.3396 124.2639 124.3824 124.48
113.85 113.9869 111.941 118.189 113.7499 112.8486 112.5271 110.8233 109.6377 108.9296 118.5502 108.3268 125.302 128.4003 127.7017 129.5134 116.2078 109.2315 125.5866 127.5893 127.3997 127.5375 123.4932 119.1423 127.9801 126.7159 126.725 126.398 127.8595 110.3081 114.5961 113.3849 119.9838 122.7722 111.7314 121.4742 126.6504 125.4926 125.3218 125.4027 125.2481 125.0582 115.6941 108.7113 111.6965 117.9445 125.7309 124.8294 124.7923 124.7243 124.6899 124.6557 124.6245 124.5706 124.5837 124.5589 124.548 124.5494 124.4559 125.3752 125.3278 124.5579 124.606 124.69
114.04 113.4212 119.6077 113.0765 112.683 112.8463 110.6781 112.3087 109.1523 108.0281 106.5042 127.8011 124.9832 111.2159 130.4252 129.4294 107.2859 129.2099 128.0875 125.5732 121.644 128.5315 124.6795 123.81 127.7185 126.3902 126.7076 126.6785 126.3566 127.6428 126.7867 127.6132 124.3314 125.9971 126.8859 129.0944 124.8312 125.7907 125.6515 125.5614 125.4044 124.8712 119.9817 107.8099 121.1404 117.6963 124.8189 125.0441 124.9752 124.9494 124.9052 124.8715 124.8427 124.8212 124.8012 124.7785 124.7897 124.7595 124.7966 124.5677 124.6033 124.7985 124.8308 124.89
114.69 117.8127 113.297 112.9077 112.732 112.8712 114.2687 112.9417 107.0557 107.9118 105.9604 106.0622 123.8024 129.3333 128.339 128.337 122.6943 116.2852 127.3987 128.7555 127.9203 124.7653 125.2412 127.2432 123.6796 127.4323 126.702 128.179 127.0159 126.4394 120.1561 126.2476 126.3948 126.1881 126.093 125.6855 126.0553 125.9064 125.8238 125.7558 125.3018 126.9697 116.0206 106.2465 126.042 126.0805 125.377 125.1999 125.1985 125.1499 125.1125 125.0947 125.0516 125.0281 124.9947 125.0073 124.8663 125.0595 124.9856 125.0349 125.0563 125.031 125.0429 125.08
122.66 121.7545 113.3283 114.2194 119.8219 113.72 115.93 109.659 109.9551 112.2563 112.9623 128.413 128.8234 127.9399 126.2698 124.6304 129.2285 130.2105 124.2777 125.7749 127.1695 118.1713 101.8671 118.0349 121.5937 113.8372 130.1615 124.0007 122.9654 126.7184 125.4645 126.2046 126.4985 126.4205 126.3344 126.2503 126.3398 126.0767 126.0221 125.929 125.8072 125.1521 113.2349 110.1324 99.5616 128.3962 125.5473 125.4075 125.3926 125.353 125.3197 125.2834 125.2624 125.2387 125.3097 125.1646 125.606 125.0053 125.1664 125.1948 125.2003 125.2225 125.2492 125.27
122.6 114.6844 113.6382 113.6895 113.1881 113.4894 107.6919 107.9873 109.3005 110.0253 113.8044 125.7534 128.3138 128.5446 128.9073 128.9199 128.142 127.8778 118.3528 101.4451 112.4157 113.7011 102.0337 117.4863 107.3842 123.1675 114.0525 128.4547 128.3204 126.8114 126.7562 126.7025 126.7161 126.5523 126.6122 126.3929 124.1907 125.8555 126.197 126.1449 125.8066 127.4548 117.1081 116.8258 115.3443 126.5465 125.8244 125.5904 125.5853 125.5457 125.5143 125.4858 125.4557 125.4292 124.9637 125.2107 115.8225 125.5606 125.3459 125.4091 125.4212 125.4353 125.4562 125.46
115.03 114.9148 114.6905 114.0624 114.1127 113.3047 112.5928 113.5308 113.1209 118.8723 132.7039 129.4087 128.7737 128.5766 128.4801 128.3286 127.69 130.4577 115.2559 113.9326 112.8231 108.6409 128.1512 107.3414 109.947 122.745 129.5867 126.7446 124.2293 127.1313 126.8986 126.8888 126.7554 127.1718 126.5665 130.2137 133.24 127.5532 126.4236 126.2428 126.1803 125.6524 119.8807 128.3753 126.2448 125.9656 125.8971 125.8083 125.7813 125.742 125.7112 125.6803 125.6648 125.9483 125.7883 120.9467 118.2016 125.4343 125.6297 125.6056 125.6142 125.6321 125.6519 125.64
115.03 115.2353 114.336 114.0256 112.9738 112.748 116.4152 110.257 113.5625 114.6341 118.3644 129.406 128.7772 128.7119 128.6648 128.6138 128.5105 128.8853 103.9801 132.1137 133.0326 110.7118 113.897 109.0993 121.293 128.3587 126.1129 127.7423 123.1227 128.652 126.9599 127.0139 127.2017 126.7112 112.1568 116.6461 121.9709 114.6288 127.2395 126.4286 126.169 126.6714 126.2223 125.8399 126.1637 126.1007 126.044 126.0072 125.9645 125.9283 125.9007 125.9546 125.6408 120.3763 120.1071 122.9594 125.2093 125.7049 125.871 125.7973 125.8061 125.8282 125.846 125.82
115.35 115.2111 114.4114 113.9045 113.2886 118.3507 127.2927 104.7821 129.0573 118.5561 122.0222 129.456 128.7174 128.7576 128.4992 128.5125 128.1772 121.5479 106.23 111.2906 128.8582 112.674 117.3484 120.8157 114.2243 127.0062 128.2827 117.1729 126.1883 129.6013 127.1936 125.4319 126.752 128.3028 112.571 123.6649 110.8874 119.492 127.5175 126.6173 126.5924 126.4016 126.4488 126.4246 126.3183 126.2744 126.2326 126.1884 126.1466 126.113 126.0907 126.1071 125.8732 125.87 126.0841 126.3031 125.9675 125.9905 126.0336 126.0198 125.9962 126.0146 126.0302 125.99
115.36 114.58 115.2008 108.993 118.1784 121.5663 130.4882 124.1072 132.702 130.5291 114.5679 116.2871 130.0488 129.7697 129.2357 128.4313 129.6273 126.6521 123.5271 129.3043 128.5225 112.7165 120.6848 130.3957 130.4867 127.9888 128.6786 107.7096 113.1568 127.5361 127.3875 127.2584 127.3694 128.2666 115.4592 118.9804 105.8218 124.0891 127.0158 126.7687 126.7048 126.683 126.4511 126.5852 126.5086 126.4473 126.4097 126.3719 126.3727 126.3144 126.2631 126.2626 126.085 126.0896 126.1454 126.1368 126.1731 126.1556 126.0797 126.0715 126.2007 126.1977 126.2153 126.16
116.03 113.6783 118.9131 115.693 115.0365 130.2579 129.8719 129.5672 126.4083 117.0807 119.5115 114.1171 121.0954 111.6529 128.847 128.9131 119.3835 128.4917 127.0768 113.1931 121.3592 106.1912 116.3997 117.8151 114.1868 129.2759 127.2826 124.4649 126.9038 127.6756 127.535 127.4943 127.47 118.2978 113.974 128.4722 115.3518 127.2162 126.4741 126.9136 126.9248 126.804 127.6609 126.6474 126.7111 126.6153 126.5771 126.5742 126.2399 126.3317 126.461 126.4299 126.4622 126.4231 126.3775 126.3621 126.3527 126.3485 126.7127 126.5354 126.3184 126.3922 126.3958 126.33
114.83 125.5922 118.0313 123.551 128.5648 129.8369 129.731 129.9229 129.8157 121.9194 112.0688 107.8877 108.9488 125.3695 129.4673 128.7084 129.1166 132.6442 122.9187 114.6824 107.2989 107.7186 118.0759 114.8876 114.1536 128.9167 130.1461 128.9232 127.7654 127.6612 127.683 127.6306 127.2587 128.0124 128.7502 127.3699 126.3075 129.4707 125.1951 127.19 126.9708 126.8584 119.6986 127.2076 126.7295 126.7819 126.7689 126.5598 128.3633 127.5015 126.6153 126.5857 126.565 126.5577 126.5509 126.5472 126.5156 126.4903 127.7366 116.3165 127.8065 126.4906 126.5724 126.66
130.31 130.3187 130.8505 130.7518 129.9362 129.7895 129.4934 131.3243 108.3963 117.3852 104.9893 114.6475 119.3696 117.4403 128.8943 128.8878 130.3262 110.2212 116.2087 118.0912 107.9881 106.3185 105.909 125.7159 128.8534 129.0184 114.0627 119.0118 128.221 127.8666 127.8248 127.7663 127.7127 127.4895 127.2813 127.4416 127.2385 118.6106 118.9447 127.1495 126.2994 140.878 121.0767 128.4847 127.0015 126.9515 126.805 128.9854 111.9044 127.1611 126.7999 126.7662 126.7572 126.7418 126.7238 126.7146 126.7072 126.8651 126.654 127.4393 127.2948 126.7484 126.7449 126.82
130.41 128.465 130.8088 129.8035 130.0385 129.9945 129.9017 129.106 116.5894 119.4323 127.7612 119.2705 111.2549 118.7675 128.6727 127.7461 130.0437 128.6304 129.8271 128.3595 126.9314 104.9505 110.935 129.7784 128.1799 121.2119 108.2049 128.8126 128.8196 128.0434 127.9116 127.876 127.823 127.7833 127.6977 127.5639 129.8189 106.1131 134.2193 127.1157 127.2115 112.671 118.0564 123.6974 127.2226 127.2013 126.9667 127.9511 124.0775 127.0695 126.9765 126.9503 126.9269 126.9155 126.891 126.9034 126.7987 124.1897 126.9161 126.6665 126.57 126.7469 126.9394 126.98
130.44 130.3329 130.6859 130.1938 130.1873 130.0834 129.9245 130.7605 130.6166 130.0713 130.0479 109.6384 123.1834 106.9802 127.5454 110.0289 118.867 111.1177 120.2664 127.2622 113.7512 125.5384 129.4558 128.7702 129.2007 127.7638 111.169 126.2849 128.5529 127.779 128.2436 127.8351 127.9693 127.894 127.8195 127.636 128.3685 111.2756 116.8456 127.5935 129.0841 125.7377 129.5149 127.5035 127.0732 127.4602 127.8421 111.4911 127.9526 126.7362 127.1371 127.1182 127.0939 127.0854 127.0488 126.7806 129.4261 104.4408 129.7461 127.4613 127.9624 128.0744 126.9998 127.13
130.54 130.4214 130.1209 130.3301 130.2384 130.154 130.0932 129.8004 129.5954 130.4975 125.5208 110.9165 127.829 115.8691 109.2222 114.2258 113.5465 121.9253 122.9237 118.5994 126.7389 130.3171 128.7891 128.4484 129.0677 130.0285 127.7399 124.3453 122.7011 120.5223 127.1167 128.1039 128.1014 128.0356 127.9668 127.8123 127.9269 130.1624 127.6435 127.6209 127.3584 127.8205 127.1627 127.4926 127.5028 127.4831 128.6781 114.8579 127.4294 127.1035 127.3 127.2791 127.2554 127.2508 127.2263 126.8116 129.6685 112.7391 130.4238 124.6766 125.2733 117.3092 129.26 127.28
130.57 130.57 130.43 130.35 130.28 130.21 130.15 130.07 130.0 129.93 109.14 129.71 129.63 107.55 129.48 120.33 120.64 126.31 129.17 129.09 129.02 128.94 128.86 128.78 128.71 128.71 125.0 125.0 106.54 125.86 128.3 128.22 128.14 128.15 128.07 127.98 127.98 127.89 127.81 127.84 127.74 127.74 127.66 127.66 127.56 127.58 127.46 127.5 127.5 127.39 127.4 127.41 127.42 127.29 127.3 127.31 127.31 127.31 127.31 120.61 121.02 109.41 127.29 127.28
