120.4400 105.4500 105.4600 123.3700 127.4600 127.4600 127.4600 123.2500 127.4500 127.4400 127.5700 127.5600 127.5400 127.6600 127.6500 130.2700 128.3400 127.7300 127.7100 114.9000 125.1800 127.9000 128.0000 127.9800 128.0700 128.0700 128.1600 128.2400 128.2200 128.3300 128.4100 108.7100 128.4600 113.9800 119.4100 128.7100 128.8100 128.7800 128.8800 128.9400 129.0400 129.1100 129.2000 129.2600 129.3600 129.4100 129.5100 129.5700 129.6500 129.7200 129.7900 129.8800 129.9400 130.0200 130.1100 130.1600 108.4900 116.6400 121.3800 130.5400 110.1500 126.1300 130.8100 130.8100
120.4400 115.5760 117.2274 115.5941 129.9837 127.5561 127.1716 122.5044 127.4588 127.3412 127.4275 127.4450 127.4687 127.5103 127.5401 128.2586 127.6328 127.6163 128.7515 115.4573 118.9921 126.3931 128.1429 127.6021 127.9719 128.5136 127.7590 129.6320 118.7684 113.0465 127.8906 122.1266 119.3910 110.2693 111.7488 118.6993 113.7077 128.6001 129.5688 126.2533 123.1660 128.9062 126.7434 129.4955 129.3696 129.4427 129.6626 124.8734 129.5307 129.5904 129.9488 126.8539 128.5186 131.6904 137.1608 118.0030 118.0553 116.1089 112.2929 135.3975 117.1010 131.0812 131.0383 130.8000
108.5000 116.6722 111.5402 114.4980 117.1294 125.3449 124.0884 122.1017 127.5378 127.1590 127.2727 127.2955 127.3166 127.3449 127.3515 127.3339 127.4494 127.5544 121.3582 130.2688 112.3307 127.2042 123.8743 128.6093 121.6565 122.1526 127.8080 129.8885 114.3243 118.4698 119.2283 99.3169 108.2027 105.6204 114.3870 111.4476 124.3919 126.2913 124.7826 130.0058 127.3233 129.1699 128.6534 129.1673 129.1426 129.1659 128.9371 127.3138 129.9053 129.5911 129.5434 129.3620 131.4666 131.8642 109.5047 108.7020 117.6633 124.6555 120.2312 128.1552 107.4386 130.9622 130.3739 130.6700
127.0000 123.1218 116.9680 112.1230 113.1631 124.2367 122.9102 121.9955 127.1376 127.0328 127.1113 127.1214 127.1459 127.1741 127.2010 127.2465 127.2611 127.3752 128.0631 114.4251 108.5918 122.8575 108.1015 121.7494 129.8239 128.4036 127.5978 129.2160 118.8677 125.3463 110.8149 107.2546 112.9567 114.7245 117.0805 112.6337 124.5131 120.6084 121.3452 128.6628 112.4040 126.4927 129.2991 129.2609 128.9899 129.1898 129.1560 129.6720 129.3993 129.4457 129.4393 128.9098 129.7515 113.6255 113.2678 126.7129 113.0001 122.4223 135.9159 111.3780 132.0658 130.1455 131.7554 130.6700
129.3500 125.4129 118.5581 111.1382 113.0329 124.1377 122.9354 127.0650 126.8921 126.7972 126.9349 126.9570 126.9837 127.0074 127.0417 127.0707 127.1097 127.0823 128.9221 112.5874 126.6598 139.2856 109.5663 117.3686 125.7959 127.6277 127.4122 128.4131 128.4309 129.3469 112.0168 114.5898 106.8437 136.5863 113.4236 118.0420 129.2082 128.2347 128.7424 129.2071 126.5409 125.5077 122.9273 128.9197 128.9578 129.0396 129.1943 129.8038 129.2758 129.3712 129.6681 132.8900 109.7699 108.3942 115.2222 105.0349 112.0618 114.6919 107.2320 104.3279 126.7254 130.7312 131.2362 110.3100
123.5900 136.5552 132.0791 110.7653 112.0376 125.7904 124.9296 126.5723 127.4941 127.1645 126.7396 126.7895 126.8212 126.8423 126.8665 126.9048 126.9355 126.9470 127.7951 126.7449 126.2949 127.6882 119.0395 129.8643 127.2069 127.4643 127.4570 127.5599 127.6209 114.2684 110.7627 118.9267 105.9532 114.6714 123.8228 133.8245 127.5423 128.7461 128.0270 129.0678 128.2894 129.1905 128.6787 128.7564 128.8783 128.9868 129.0270 129.1225 128.9897 128.6496 130.8585 114.0075 106.1016 109.8959 130.0838 127.7396 114.9406 109.1234 104.2129 132.5327 130.1645 123.6668 114.6668 109.0800
119.0900 117.3708 118.8309 109.2932 125.0225 124.0360 125.6311 126.8368 119.5802 127.4319 126.5462 126.5809 126.6314 126.7130 126.7412 126.7416 126.7729 126.8148 126.7517 126.9540 126.3490 122.0646 118.0513 123.1240 126.8764 127.2499 127.3378 127.1629 127.6082 116.1204 111.6194 109.7361 115.2803 104.9996 109.8476 125.4971 128.1386 129.1019 122.2453 125.1286 128.5172 130.6469 127.3776 128.6575 129.0761 128.6237 128.9532 128.1685 127.5664 129.0224 108.2715 107.9758 108.4612 118.1329 128.0569 118.1431 107.5931 117.4487 110.2133 130.7260 125.2928 131.0024 123.8288 130.4100
116.9400 124.5784 112.9067 111.8221 110.9990 124.5892 123.4998 123.7261 126.2005 122.6422 126.8431 126.6185 126.3260 125.9106 126.4554 126.5845 126.6054 126.6572 126.7270 126.7341 127.4798 124.7685 122.0569 123.3565 125.1398 127.0948 127.1300 126.8003 126.3601 121.8108 133.8178 114.7731 116.7901 108.9725 128.4458 128.7430 127.9448 127.9779 128.1973 128.5437 126.6972 141.8373 130.2563 128.2288 128.6708 128.6068 127.8015 127.1398 126.5855 120.9376 105.6978 124.8866 129.6825 130.6221 121.6438 104.7134 107.7447 105.6980 121.9125 131.1141 130.2670 129.5690 130.3305 130.3100
120.7000 119.5522 110.0172 109.9939 114.1943 127.5223 126.9755 125.4780 120.3136 123.6339 121.6598 122.4656 127.7078 127.0335 126.8883 126.4237 126.4271 126.4849 126.5325 126.5795 126.7336 127.2584 118.8769 122.6383 125.7761 127.5753 128.2679 127.6368 124.8068 112.0203 122.2825 110.9071 124.2680 125.7447 124.5913 127.7445 127.8603 128.0001 127.3670 128.1662 128.6115 127.4661 127.2367 128.3212 128.1354 127.3920 126.8435 128.0089 121.5981 111.7109 130.4538 130.0580 129.3031 125.8167 125.5655 105.8036 112.7300 131.3179 130.4894 129.7502 130.3324 127.4382 130.6245 130.2800
114.3600 117.6820 110.9525 107.3456 110.2177 126.1097 129.7499 138.4050 130.7811 108.9486 117.1155 123.5470 120.0641 114.5183 126.8462 126.2546 126.2757 126.3169 126.3312 126.4218 126.9046 126.2539 127.4625 127.2312 125.1257 115.3372 125.7169 126.3474 119.5202 125.5636 125.1957 127.4410 121.8657 127.6617 127.5932 127.5797 127.9277 128.2690 128.8820 119.2524 126.7634 126.4702 125.9860 127.8879 127.2802 126.7149 126.8423 126.6125 129.4545 125.2520 126.9437 127.0496 130.0972 107.6810 104.3646 105.5953 124.1231 129.4254 128.8681 129.8052 129.8751 130.5526 125.2083 130.1800
117.0800 114.4081 109.1588 108.2820 107.0386 119.6191 123.0811 116.4447 125.1948 121.9422 112.4908 118.1948 118.3935 126.3053 125.7831 126.0593 125.9429 126.0953 126.1792 126.2248 124.8570 126.2562 127.3335 120.8812 124.6466 122.5030 128.6285 127.3935 124.7884 124.5870 127.0662 127.7812 127.7248 127.2440 127.4092 127.3614 127.6090 119.4131 113.8906 118.2581 125.9194 128.0746 121.6453 123.4699 126.0980 126.4868 126.1793 127.4467 127.6821 128.8536 130.2877 129.2372 133.5388 114.4392 118.0430 109.9757 102.3536 126.6913 129.8737 129.8245 129.6834 130.6425 116.8059 130.1500
125.6700 111.1260 113.6911 104.8638 102.0390 127.7244 118.3778 119.0317 124.3719 120.4082 112.2662 109.5452 127.1008 128.7829 125.7200 126.0225 126.5008 126.1391 126.1521 126.1165 125.5735 126.2594 120.5172 115.6996 126.9169 126.9573 126.0222 126.4425 127.3370 126.7615 126.9099 126.8574 127.0587 127.0877 127.0249 127.4217 127.1596 129.5979 114.4786 129.1058 124.2691 125.0145 126.4767 124.7641 125.9640 126.1277 126.0182 127.4008 128.3365 128.3932 128.3405 130.3976 112.6896 127.3812 113.7519 114.6324 117.6637 132.4860 129.3372 129.6568 129.8696 130.1066 133.9165 115.7700
125.4900 108.2775 118.5161 104.0479 104.3841 111.9457 123.9128 116.4368 117.6806 118.3595 121.5556 116.5427 124.4383 125.5161 125.6011 122.1123 119.3138 124.7106 117.1061 125.9201 126.1257 126.0501 125.4497 125.6435 126.2346 126.1563 126.1654 126.5794 126.3684 126.6102 126.6658 126.8080 127.0268 128.1711 127.4521 127.0496 127.1246 127.8058 127.9563 124.5444 120.9468 125.1896 124.7397 124.3131 126.0005 125.7956 126.9056 127.8271 129.3646 129.4202 128.7569 130.8322 123.5494 115.7453 113.4211 111.0492 106.2941 130.8076 129.1513 129.6347 129.6899 128.7388 126.1459 115.7700
108.7200 108.4597 116.3180 121.2737 117.9805 112.0529 124.0223 117.7819 115.1710 118.1592 109.8930 115.8325 123.8607 125.0567 125.4198 125.7125 124.6293 112.1943 126.0888 125.5036 125.8642 125.8864 125.6861 125.9811 125.9226 126.9030 126.4314 126.1892 126.6337 125.9063 126.9573 126.4905 127.0890 122.5140 126.5226 127.1047 127.1559 115.4387 119.8243 119.5674 124.4723 124.1235 125.1128 125.7008 125.5984 126.7015 127.8196 128.2177 128.4711 109.5247 128.8693 127.5799 124.2472 112.7245 118.3825 113.6664 126.7488 131.0674 129.3844 129.5963 129.3595 131.0097 114.4010 114.2300
127.1500 120.3248 127.1957 124.2467 123.0429 115.6499 119.0117 113.4908 110.0411 126.2958 124.7401 111.7608 122.4363 124.8107 125.1234 125.1064 126.1446 126.6830 124.6395 125.5289 125.7756 125.3622 126.4223 125.7556 120.5362 108.8571 126.3409 126.0349 126.3788 122.8280 126.2218 127.0813 127.0038 127.0548 126.7074 126.8734 127.1634 125.6760 116.5907 117.9799 120.1737 124.2117 124.6582 124.5368 125.3474 127.7612 128.0602 128.1299 128.6950 125.5591 129.8713 129.8360 132.3626 130.7363 127.9633 126.8648 130.7440 130.5975 129.9189 129.2765 129.3856 129.5462 119.0157 129.7800
124.7200 125.4812 124.8242 125.0466 122.9714 114.0948 116.0193 117.6259 122.2521 125.4822 124.9508 121.8960 124.9636 124.6837 125.1061 125.1440 124.9440 127.7283 126.5348 125.3241 124.3481 126.7001 113.1146 122.7708 117.9003 117.9730 126.8279 126.1251 125.8808 126.4702 124.6769 127.2329 128.1661 126.5872 126.1900 126.2245 126.6415 122.9918 117.1205 119.9191 123.8949 123.2873 123.7880 125.1354 126.9045 127.3373 128.0063 128.0983 129.1761 130.6152 108.6686 129.9006 123.9071 134.5589 133.4729 131.5754 129.9410 130.5700 132.7597 128.6892 129.5404 129.1708 131.9803 107.7500
124.5200 124.4870 124.2733 125.6117 110.0229 117.4383 115.7678 111.9905 114.5523 125.1116 124.4450 124.9230 124.6222 124.7970 124.7920 124.9194 124.7499 124.1920 123.3497 127.4504 125.4770 118.8771 126.4191 127.2586 106.3418 106.9146 116.6761 126.9823 125.9860 126.3762 121.1395 115.9620 122.0338 126.7290 125.5565 125.7585 125.6007 120.1271 116.8066 124.8411 124.8373 123.5452 124.6188 126.4874 128.3768 127.6538 127.8771 127.9980 128.1733 131.9191 122.9816 127.3888 128.9507 125.3762 103.8935 123.6786 131.1420 131.1214 125.0549 131.2684 129.3754 131.4786 122.5673 122.1200
124.3100 124.2771 124.2232 126.4164 125.7346 116.1404 116.3578 116.0080 121.0057 124.4441 124.4950 124.4295 124.5191 124.5267 124.7672 124.6992 124.8095 125.0556 124.7450 124.9014 123.9338 120.4126 121.7624 108.8049 109.0633 105.6174 105.7386 110.5404 126.1587 125.7877 125.7695 126.1150 125.6774 126.0936 120.0246 124.3300 118.3616 114.7087 125.5762 124.6836 124.9067 125.4259 127.3521 128.1628 127.4250 127.6956 127.7510 127.9645 129.2750 129.6854 129.6920 130.3683 130.1165 130.5949 130.6859 128.4955 118.7694 118.8017 128.6400 128.0023 120.5321 121.9388 121.6833 129.6100
124.1000 123.9915 123.4436 121.0762 103.1401 120.8965 115.4508 118.8257 124.5226 124.3284 124.1595 124.2167 124.2804 124.3027 124.8430 125.3646 117.8040 124.3842 124.8062 124.7456 124.8659 125.7929 121.9911 110.2998 111.4773 106.8628 111.3503 102.4301 106.6610 119.7156 115.5403 114.6553 123.1083 124.0059 122.8664 117.0206 118.0059 115.8914 112.9527 126.3926 125.8052 119.2462 128.0271 129.2120 126.3403 128.0999 127.4510 130.9351 119.6802 131.5296 128.7412 129.7408 130.1587 129.3770 121.2385 102.9646 130.6886 120.8254 126.9491 119.8662 120.9451 120.9892 122.0125 122.6200
123.8800 113.0318 117.8958 115.1586 114.0436 110.5315 113.6537 125.4321 123.8733 123.8919 123.9812 124.0831 123.9934 124.3358 120.3926 116.3756 122.3760 124.6456 124.3007 124.4949 124.5800 124.2976 125.4593 124.9598 113.9157 111.9927 129.9332 99.9667 99.9802 111.4356 117.4719 121.4336 117.3557 117.8533 116.8485 115.7972 111.0147 119.3453 117.9075 119.5113 122.8309 126.6883 129.0735 130.2935 114.4721 117.5471 124.5873 124.1537 125.4507 128.6250 129.3522 127.4395 119.0900 104.1644 105.3045 120.4757 124.5212 121.9224 118.9121 119.8766 121.2656 122.2251 122.4308 122.1400
123.6600 109.0886 113.2354 115.4839 115.6387 121.5139 108.7340 124.7020 123.6801 123.6660 123.6954 122.6073 123.1494 121.1055 114.9628 116.8977 109.4399 123.5583 124.4192 124.7556 124.7454 124.7159 122.3975 124.0513 127.7847 117.1160 104.1915 102.9608 111.8620 112.6666 115.7572 119.9283 110.1047 116.6378 116.2874 113.1767 103.6787 102.4322 104.0045 103.7158 119.9030 119.1466 130.8488 127.0962 110.4572 117.8462 125.4824 110.8198 125.1472 131.3843 132.5298 103.5058 105.1960 106.1182 105.9018 112.4694 113.1446 117.6429 120.0709 120.6391 120.2199 120.4796 120.5895 121.6200
123.4300 120.7120 110.6359 118.1446 120.3790 114.8910 114.4278 123.6933 123.4381 123.4169 123.5477 123.2621 124.8344 118.3536 111.1572 119.4234 116.6846 123.7444 124.0587 115.1788 124.3620 124.1143 124.8096 116.0554 116.0169 106.8715 102.3683 110.4389 111.4828 118.5815 115.6613 113.7383 106.2899 109.1763 106.2943 101.4667 104.1763 104.3286 104.3626 110.9795 112.9992 109.0716 112.8804 114.9667 116.2181 119.5141 121.6463 131.1907 107.9281 121.1303 120.2478 106.7571 106.8954 106.2777 106.2861 104.8338 109.8535 116.8865 118.9813 119.2893 121.3246 126.9311 121.0942 116.8100
109.5000 109.2107 112.0467 122.6027 124.2812 125.0485 124.2661 123.1783 123.1716 123.2122 122.9418 123.8147 122.7290 123.0099 111.5619 116.0313 123.8020 122.5296 123.9569 122.9072 125.6059 123.7960 121.7718 114.8948 110.6353 103.0421 102.4210 107.4449 101.6407 114.5868 118.0802 113.3381 106.2355 102.5410 103.1639 103.9016 111.2257 103.2966 108.1715 106.2029 106.3128 115.5724 108.0433 116.8816 115.8318 108.7947 131.1142 136.4963 116.9955 102.5248 104.2915 105.8535 105.6611 104.9931 104.7386 111.7612 118.0894 118.0838 117.5926 123.0652 118.8595 126.0007 123.7446 116.8100
107.7800 107.7025 119.9408 118.0289 122.0986 123.0535 121.9700 123.0478 122.7670 122.6163 124.3510 117.2482 127.2396 121.7058 110.2504 111.0529 121.0405 112.0048 112.0594 122.4651 124.9719 117.9670 107.2686 115.0622 127.8750 110.3123 105.7476 109.6026 115.7542 110.0847 116.1125 106.9176 114.3987 104.2139 103.6603 103.4987 104.3313 112.6159 120.7610 110.3540 113.6992 115.5336 115.9237 106.5271 119.7794 114.8934 123.0836 116.3294 106.6721 105.6602 106.0938 105.8504 105.3403 113.3050 114.7320 118.6600 118.3924 116.8123 127.0259 119.3837 115.9978 123.0560 118.8727 118.7700
119.2100 105.1658 102.4433 119.0873 122.1934 122.5131 121.8046 122.3266 123.6697 122.3022 121.2261 117.0957 125.2812 116.4638 108.6646 110.3546 115.0353 116.6866 123.0121 123.3924 123.6909 119.9047 120.1051 124.0289 104.6297 112.7186 110.4950 115.8306 110.4946 114.6476 114.4119 113.8498 112.2253 108.7644 107.6133 102.2352 116.3880 117.4535 110.0095 104.3985 114.6460 114.6562 107.4683 104.6554 117.1017 124.5244 123.0756 113.5049 105.0095 105.7208 105.6975 105.5182 109.4795 116.6115 114.8914 115.7693 108.2241 113.5960 124.0947 120.4502 119.8107 118.6625 112.4008 110.9800
106.6500 117.1445 111.1592 119.6532 121.6400 122.5379 122.4709 125.4344 114.5047 129.5946 133.1803 120.8780 122.8286 116.4922 129.3726 122.5516 126.9227 117.8075 122.9184 125.3983 123.1088 123.4764 122.1666 125.7457 113.5237 115.3781 105.2095 106.8615 108.2967 113.6377 112.6487 116.9853 122.0515 112.0491 105.3046 103.1529 106.4633 110.0138 111.8131 110.4979 112.5172 104.8482 102.7133 116.7184 120.0908 105.6124 111.8127 106.6951 105.2330 105.2273 104.7380 112.7267 114.9585 115.5153 114.0713 129.3642 112.5420 116.9950 121.8895 127.8338 126.5442 118.1600 111.1247 121.3100
121.9200 121.6046 122.3888 121.5308 121.8178 122.0113 122.3386 122.2484 113.7138 128.5470 130.4435 122.3497 122.1552 123.5462 125.9778 123.0875 128.2726 107.4508 112.2533 114.0363 123.9060 123.2395 126.1976 122.6482 120.3953 113.5177 115.1081 112.2814 113.0635 111.2966 113.9885 114.2559 115.2375 116.0000 108.6621 103.6375 108.1971 105.2264 111.8308 112.7200 115.5170 111.2121 116.7332 117.9084 119.4098 117.0298 107.1584 104.9211 104.2022 111.7227 113.7604 113.6570 117.3389 106.4259 127.0524 114.5368 112.3407 113.1312 114.7478 129.9008 110.5965 116.5013 119.0940 119.4800
102.0200 121.6325 121.9622 121.6301 121.6075 121.6782 121.6360 122.2213 122.6161 121.1529 122.0588 121.8181 122.0562 122.1427 119.6648 122.6853 125.5936 122.9536 123.0001 111.6767 125.4044 124.2508 117.0796 112.2370 114.8523 113.5465 101.8956 111.5641 111.6954 112.0077 113.3589 114.3005 114.5256 120.4855 109.6160 106.5519 117.2209 110.1128 114.9762 118.0287 117.3114 118.1813 123.4515 117.1861 112.1075 119.5226 108.9894 103.6597 114.6827 114.5640 115.0106 114.9713 126.3171 110.3197 113.6384 113.5724 111.0806 115.4627 117.4868 121.8745 120.7792 121.2114 121.4970 120.1600
121.3500 120.5950 121.2637 121.3775 121.3673 121.3485 121.3778 121.3439 121.3663 121.6538 121.5444 121.6011 121.6843 121.6168 121.9333 121.6964 122.0603 123.2227 121.8567 110.7524 115.4430 108.7653 110.5920 114.8480 115.8499 112.0493 110.1622 111.7489 111.4883 112.2575 112.5916 114.5049 111.1591 116.5086 106.8251 110.5998 106.5737 110.5306 118.7248 117.3646 116.7572 110.0991 125.0392 126.0541 117.8609 105.4029 106.0199 115.5033 113.7346 113.7536 112.0517 106.8961 112.1327 115.1617 114.0290 104.8144 125.8744 111.6101 118.4445 116.1089 118.0820 119.4710 118.8612 117.3400
121.0600 121.1084 120.9808 121.0362 121.0172 121.0301 121.0463 121.0830 121.1244 121.1591 121.2457 121.3602 121.3764 124.3992 121.2488 121.7923 121.6141 122.2817 117.3995 115.4100 124.1372 115.8894 112.0157 109.0241 113.2132 110.8769 109.2027 110.3254 111.4277 111.6010 112.3307 108.6734 108.7411 100.3008 102.6891 109.2900 111.0743 119.4306 118.9690 111.6776 109.1352 103.9506 118.2777 109.6934 106.1395 107.6238 113.5040 113.7737 103.0311 108.6082 105.9521 106.0575 109.9769 120.2919 103.7136 105.8960 115.0644 118.0808 116.1611 116.3426 117.9805 115.5185 115.4934 120.8100
120.7500 120.7637 120.7380 120.6888 120.6831 120.6950 120.7156 120.7419 120.7924 120.8911 120.9689 120.1439 120.2715 116.1534 118.3117 121.3767 122.0835 121.2279 111.1734 111.7280 120.2443 117.1465 100.7345 110.5645 108.9564 106.2771 110.3885 110.9906 110.6259 112.3389 111.9001 105.5679 102.9240 103.8023 110.8854 113.5545 119.2398 115.4687 108.2548 112.8197 115.5720 127.1449 110.4010 105.5040 109.7618 111.4224 117.5666 110.7529 109.5395 104.7490 104.7633 104.8036 104.8988 105.3425 108.0440 116.3773 111.4750 115.9548 116.0173 116.5129 118.6702 125.2534 112.9200 127.9500
120.4300 120.3892 120.3450 120.3379 120.3345 120.3396 120.3625 120.3856 120.4471 120.6643 119.8722 117.9715 119.4642 123.5992 123.2995 120.3555 122.3057 104.9265 104.2226 106.4673 112.7367 106.5180 103.3374 108.2627 109.0480 107.8961 109.9648 113.2841 112.4873 108.1179 105.6394 100.7196 106.2343 109.9046 112.7296 114.2819 113.0307 107.0572 107.2755 118.4110 120.6826 115.7659 110.1667 113.6112 104.5764 104.1838 122.5385 106.1202 110.8763 104.8025 105.1184 105.2606 105.5093 105.4648 109.4217 116.2868 116.0725 114.6510 120.2399 124.8008 125.3788 126.1152 123.5391 117.7700
120.0900 120.0416 119.9926 119.9715 119.9671 119.9746 120.0015 120.0143 120.0735 120.9385 110.2494 108.9342 120.2061 119.8674 120.3957 122.0435 110.6583 102.5841 109.6230 117.5699 109.9943 112.9335 101.8124 104.9289 106.3315 110.5899 110.3861 109.6800 109.8574 116.1246 106.8224 105.5255 111.8216 113.9979 110.9195 112.7296 110.5741 114.1513 108.9715 108.7429 108.6610 111.0847 108.6554 107.4336 106.8929 108.9099 106.6127 107.2574 103.1841 104.7598 104.8215 104.7775 105.3712 108.5376 105.8324 110.0940 118.3377 116.5374 123.4948 123.3842 119.9166 121.1919 121.1830 119.7400
119.7500 119.6186 119.6135 119.5871 119.5799 119.5896 119.6199 119.6497 119.7138 121.2951 121.1712 120.1062 120.1384 120.2466 120.3486 117.1610 99.6118 104.5680 110.6253 112.4160 120.2128 110.2746 101.4012 101.6236 108.0234 111.4287 110.5664 108.2484 118.3484 127.9367 107.9809 107.6903 113.1852 115.1646 104.7554 104.4351 108.3197 113.4574 108.2940 109.6118 109.2490 112.5411 103.0164 105.6354 108.2933 107.8590 103.8824 104.2291 104.5773 104.8308 104.6380 110.9720 104.8590 108.7727 105.5044 104.7865 121.1669 116.0814 117.5376 114.6123 118.8801 116.8235 118.4909 119.7400
119.3800 119.4945 119.1963 119.1895 119.1770 119.1883 119.2223 119.2572 119.3424 119.0460 119.2791 119.6406 119.7681 119.9411 119.0860 119.0087 118.4249 107.6186 111.8593 116.9057 107.8389 109.8360 102.8038 103.0932 109.0572 107.8744 104.7135 106.6733 121.7354 108.0612 103.3108 110.8684 115.4464 103.6470 103.2663 104.7694 108.9380 108.5899 108.5310 108.9780 114.9680 117.1577 102.3830 108.2429 107.5793 103.2003 104.0955 104.2782 104.4161 104.6958 105.1357 106.9723 104.1014 106.7962 108.2297 113.7552 113.9155 117.9190 117.8547 115.5860 119.6264 125.5808 124.8791 126.9100
119.0100 117.0825 119.0209 118.7572 118.7586 118.7662 118.8059 118.8538 118.9214 119.0695 119.1650 119.2508 119.2768 119.7514 122.1331 119.1681 118.8485 122.7409 106.0160 100.9267 104.6538 109.5408 102.4044 105.9986 107.5063 105.2334 104.6092 102.2810 105.6611 107.6160 108.7132 111.7925 101.4031 105.9683 102.5514 104.1200 106.8458 108.1548 108.4740 116.3579 108.3943 105.9670 113.4197 105.0963 103.7055 103.9356 104.0321 104.1453 104.4933 104.2084 103.3297 107.5547 110.6219 112.4158 114.9263 113.8709 118.6110 117.9157 119.2189 125.5005 125.8890 126.6091 126.9891 128.4700
118.6100 117.1646 118.3535 118.3212 118.3142 118.3320 118.3661 118.4308 118.5074 118.5922 118.7126 118.8721 118.9706 119.6927 119.4928 119.6640 101.8115 119.6753 120.0738 122.0409 105.6002 120.1769 101.4879 102.8213 103.3270 109.1234 107.8931 102.4219 106.3231 107.0224 106.5131 121.7101 107.0901 101.5103 102.6256 103.9661 106.0670 115.0103 116.5435 104.6220 112.1075 120.5729 113.3668 115.1918 104.2924 103.3747 103.9519 104.2944 103.7746 108.4695 110.8020 112.3564 113.5435 115.8110 117.9250 115.5681 125.6508 124.4988 125.9133 126.4864 128.2781 128.6821 128.8377 129.0200
118.2000 118.1116 117.9497 117.8571 117.8526 117.8626 117.9021 117.9693 118.0565 118.1742 118.2994 118.4576 118.6285 118.7897 119.0031 119.7327 99.8787 96.7026 107.4868 120.2022 117.9252 101.7130 102.8449 125.7147 113.8883 106.2634 114.4421 102.5923 99.9662 109.8457 122.3069 110.5811 100.5509 101.5867 102.2763 109.1059 107.2951 103.0181 112.8044 104.1391 114.7320 114.1578 115.4423 113.4393 111.4710 104.8202 104.0309 102.9459 111.6933 111.3566 113.7257 116.4911 116.2709 115.6359 126.8317 125.6396 125.5967 126.8427 127.6448 127.7476 129.2215 129.4029 128.8761 128.6700
117.3100 117.4635 117.4167 117.3678 117.3598 117.3813 117.4157 117.4926 117.5956 117.7099 117.8568 118.0225 118.2059 118.4155 118.7281 118.4556 121.8701 112.4295 109.4573 118.6436 114.0183 97.3560 113.8961 126.9593 121.1435 117.1849 102.7598 100.6807 125.4019 119.9241 114.4789 116.6870 102.4732 99.9133 118.1171 101.5998 102.4289 101.4962 113.1284 108.9719 110.6916 114.4361 104.2685 103.0668 103.6572 103.9818 103.4360 114.4571 114.1136 115.9761 115.4514 124.9553 126.3129 126.2045 125.9919 126.8017 128.2890 128.5338 128.0753 128.3956 123.1144 119.4047 118.4027 120.5500
116.8300 116.9754 116.9008 116.8515 116.8386 116.8544 116.9072 116.9889 117.1009 117.2395 117.3997 117.5816 117.7798 117.9928 118.2304 118.3278 115.6688 119.0529 121.2084 101.0984 118.5888 121.3164 120.0656 120.2336 121.6544 109.9121 107.2683 108.2064 121.8931 122.7601 122.3033 110.0810 110.1160 109.6973 111.2649 100.3527 113.7917 112.6377 111.5144 114.1161 113.0349 110.3779 103.9815 102.2664 113.3877 110.7566 110.6002 114.9484 116.4531 118.1360 118.5156 122.7184 125.8092 119.3687 127.4389 126.5038 127.4764 127.9992 118.2671 118.4546 116.3806 117.9290 105.4431 106.3400
116.3100 116.4447 116.3560 116.3050 116.2831 116.3089 116.3623 116.4502 116.5773 116.7317 116.9152 117.1173 117.3401 117.5777 117.7993 118.5660 103.6033 118.5961 119.3857 107.6010 124.4199 121.5332 108.5273 122.0767 121.0413 114.6749 118.0057 116.3401 104.8165 120.4805 112.2010 108.9256 121.6561 113.0192 102.3319 113.2366 108.9404 110.8096 105.0373 113.8078 112.8292 112.8347 115.4240 105.4606 116.1900 115.2770 117.3060 117.4879 118.9777 119.7872 120.7016 120.3537 116.5049 120.6952 121.4594 118.4093 114.3612 115.2939 115.2659 121.7865 104.1831 116.0298 109.0923 106.3300
115.7700 115.8738 115.7676 115.7136 115.6950 115.7173 115.7825 115.8825 116.0255 116.2012 116.4017 116.6271 116.8817 117.1548 117.4204 117.9091 118.4702 119.4806 118.7134 118.6522 118.4753 106.0039 104.4037 112.7154 122.7786 106.9971 120.8353 121.8473 109.5440 106.9848 116.0870 116.5976 109.1967 107.7103 111.0786 110.6273 101.1254 106.1486 113.0772 111.4707 112.6781 108.3736 109.1921 115.0635 115.9080 121.7352 119.0840 117.5765 117.2265 113.2372 114.2090 114.7274 102.1868 114.1691 111.8533 113.3524 102.3301 103.7497 108.8044 122.9018 111.8830 123.6047 107.5136 106.3100
115.1900 115.2610 115.1533 115.0826 115.0610 115.0822 115.1590 115.2787 115.4386 115.6405 115.8672 116.1238 116.4049 116.6837 117.0144 117.2771 117.4773 117.9878 118.2313 118.7147 119.0733 112.2421 115.5664 113.4479 112.8148 122.9441 112.2078 112.0702 112.3256 112.1856 114.1218 107.4855 108.6512 114.8220 108.7434 109.9254 101.8456 111.8403 110.9917 111.3574 115.2778 106.5952 108.4825 118.6956 115.8874 120.3212 117.9137 117.0555 108.0726 106.5651 101.7193 102.9225 107.6389 104.4897 108.7932 110.4832 111.8291 117.5895 122.3008 115.9969 116.4320 114.0764 113.7531 112.2600
114.5600 114.6162 114.4818 114.3993 114.3718 114.4056 114.4907 114.6341 114.8184 115.0438 115.3000 115.5912 115.9106 116.2362 116.5661 116.9460 117.2935 117.6171 117.9657 118.3174 118.9142 119.8445 115.3652 106.3337 100.6034 107.6906 99.8560 108.7408 104.3244 103.5869 99.8842 103.2575 109.0525 107.5715 102.3368 112.4155 106.2827 111.7530 109.7928 112.1382 113.0001 112.6401 116.1066 116.9228 116.2943 115.0834 113.9725 119.8698 115.7362 114.9483 114.6242 110.3173 103.9337 103.9872 119.6321 118.0079 114.6605 114.5467 113.1837 109.1870 109.6345 109.6458 110.3666 106.1700
113.8400 113.9102 113.7554 113.6573 113.6322 113.6647 113.7693 113.9322 114.1485 114.4116 114.7092 115.0385 115.3915 115.7565 116.1348 116.5055 116.8911 117.2755 117.6499 118.0447 118.3389 118.6472 116.9485 109.0255 97.5679 114.5598 113.0379 111.9877 111.7948 116.9671 105.1243 101.0349 104.3962 104.7053 107.6263 107.4093 111.3797 114.1234 114.8401 113.0818 113.8172 110.6875 112.7710 113.3706 113.0839 113.1977 114.0156 120.0316 114.7604 114.9706 112.3897 105.8477 105.4498 117.9469 111.5966 111.5277 108.5592 105.9805 121.0409 112.8623 108.8607 109.0427 123.9884 129.4300
113.1200 113.1545 112.9676 112.8489 112.8159 112.8520 112.9843 113.1766 113.4330 113.7385 114.0905 114.4609 114.8602 115.2661 115.6883 116.1087 116.5222 116.9341 117.3376 117.7224 118.1461 119.2822 107.3249 121.3762 98.9219 109.2993 120.8910 120.3236 115.5792 119.1567 112.3517 107.7112 103.7153 112.1764 103.3107 100.8125 118.9661 114.3345 109.8152 110.6259 110.1654 111.1079 111.8073 106.6708 104.7782 111.1686 105.6265 113.8737 106.8708 107.4268 102.9416 105.6922 107.2027 108.7777 117.0356 107.5120 108.3528 120.0771 128.6406 124.5165 126.6313 112.2231 121.0584 114.7500
112.3400 112.3282 112.1029 111.9590 111.9158 111.9692 112.1197 112.3556 112.6657 113.0209 113.4255 113.8649 114.3140 114.7784 115.2345 115.6943 116.1514 116.5982 117.0274 117.4427 117.9686 118.0899 112.8515 97.3651 116.5207 113.9944 114.7059 120.3783 121.3129 104.5922 121.0931 103.0796 108.2030 114.4096 105.3470 103.7316 108.4608 108.7326 108.8633 109.8421 110.6613 104.1102 112.6963 105.9217 102.4756 105.1348 102.5839 104.2921 108.7983 104.3821 111.5352 106.6829 105.5245 123.0914 107.3526 122.3956 111.6621 115.1054 114.8483 115.0589 115.9124 112.3631 105.4332 115.9300
111.4400 111.4282 111.1465 110.9686 110.9192 110.9856 111.1709 111.4587 111.8349 112.2649 112.7380 113.2444 113.7522 114.2756 114.7856 115.2927 115.7899 116.2699 116.7298 117.1913 117.7107 117.4508 119.5474 93.0635 111.2278 119.3321 120.0029 120.2710 120.8875 119.6084 122.3979 116.6808 102.5945 100.5103 101.1908 108.0896 107.4225 112.4380 109.1244 110.5375 111.5403 115.6374 102.7754 118.8989 105.2124 102.5298 112.6082 118.3793 103.3246 115.6559 102.7268 103.8179 109.2258 110.1153 110.7651 112.9767 112.0562 127.1559 114.7987 114.6921 110.3480 112.0102 105.3045 106.1200
110.4400 110.4350 110.0825 109.8543 109.7836 109.8759 110.1092 110.4786 110.9334 111.4544 112.0162 112.5979 113.1831 113.7757 114.3384 114.8975 115.4303 115.9543 116.4499 116.8495 117.7838 113.4379 118.9801 118.7772 119.3556 119.3980 119.8104 120.2079 120.3235 117.9412 112.4497 117.3217 108.3809 101.6087 106.8276 108.6931 109.7207 113.4919 111.0219 110.0122 101.7278 112.3245 110.6686 114.8880 101.8706 104.3707 112.4969 107.5708 107.8232 111.8807 104.5486 110.4112 110.2874 109.9376 126.0516 127.6833 128.5275 128.7945 115.9151 114.4997 105.4404 105.3989 106.6687 106.0100
109.2900 109.3333 108.8757 108.5827 108.4810 108.6029 108.9123 109.3823 109.9561 110.6011 111.2627 111.9664 112.6352 113.2786 113.9076 114.5127 115.0957 115.6522 116.1762 116.6499 117.6923 118.2242 118.2054 116.8938 118.6062 119.2308 119.7382 120.3146 119.8613 113.5132 111.4176 108.2570 109.1881 105.9374 111.4269 110.5352 114.3965 111.6091 115.5076 108.6448 114.8411 111.8389 109.0049 114.9871 101.4462 106.4361 108.8914 116.2644 111.5158 116.6173 109.0712 126.8972 122.0026 128.2192 127.9171 127.6040 128.4971 127.6539 127.0444 131.0279 116.7977 107.4717 115.4572 106.0000
107.9400 108.0946 107.4968 107.0849 106.9523 107.1205 107.5462 108.1683 108.9091 109.7004 110.5376 110.7175 112.0813 112.7881 113.4880 114.1548 114.7856 115.3669 115.9462 116.5029 112.4614 118.1721 115.5002 93.7455 113.6999 118.6069 119.0656 116.8282 100.9894 99.2863 109.5960 101.2006 102.3932 118.4482 119.8259 111.8870 110.9347 115.5300 118.4953 116.4302 106.1842 101.1664 104.8711 114.1734 101.2751 102.7762 102.6123 117.8305 117.5806 118.4049 122.4004 126.8363 127.3467 122.5685 123.4671 128.0210 112.0264 111.2524 118.1433 126.3871 130.0907 115.7275 115.1902 118.6300
107.8300 106.7271 105.8843 105.3084 105.0973 105.3429 105.9610 106.7735 107.7771 108.7544 109.8845 109.5632 111.5536 112.3249 113.1166 113.8270 114.5020 115.1131 115.6444 117.5959 98.4388 112.6324 101.6134 98.6641 116.1677 120.1587 121.6079 107.6609 113.1494 109.3312 100.7805 101.3021 100.2127 101.4271 105.7618 115.4251 108.2510 123.5967 110.4920 114.7993 105.0384 102.6909 102.5021 104.1360 103.7701 106.5452 108.8650 109.5370 113.0923 118.6116 125.5646 124.8277 126.6016 110.3719 124.6072 122.1034 125.4091 104.6077 123.3063 126.5565 127.3323 120.3153 103.6649 105.9800
106.3200 105.1888 103.9790 103.0501 102.7229 103.1222 104.0844 105.2948 107.0002 107.8340 108.9250 110.1106 111.0274 111.9407 112.7704 113.5361 114.2466 114.9031 115.4924 116.2893 119.8192 102.6320 109.0039 104.0554 111.6251 112.1064 114.9452 124.8295 117.4637 115.8116 103.6118 111.8534 107.0172 114.5258 111.6383 119.9667 101.5228 106.7604 98.7270 109.6483 103.9009 109.1172 116.7969 109.5497 109.4155 112.9513 114.0464 114.2454 124.2267 123.1028 121.8523 125.1445 123.9815 125.6097 121.1873 125.4181 117.9437 110.8596 110.9896 124.8626 124.7123 127.8726 108.9093 118.1400
104.1200 103.5314 101.6789 100.2235 99.5053 100.2841 101.8590 103.7753 103.6484 107.1596 108.2469 109.5528 110.6297 111.5933 112.4819 113.2994 114.0394 114.7591 115.6642 112.6300 118.3865 118.7302 109.0011 94.8916 92.5886 104.1900 101.6178 109.7284 103.5590 107.5118 116.5164 108.1176 117.1289 116.1273 111.9950 116.6125 100.4331 100.8043 102.4709 107.1249 107.7739 112.4103 105.1915 109.4122 103.8084 116.6421 122.1394 120.4677 119.8358 120.0595 121.0726 122.0183 121.1342 122.0161 111.6407 122.9563 113.6118 125.4425 121.3631 124.3535 124.7437 126.8628 122.7029 117.9400
103.7300 101.8231 99.0684 95.5926 93.9068 95.9554 99.3638 102.0935 102.6415 106.5254 107.6670 109.1142 110.2859 111.3303 112.2642 113.1120 113.8918 114.5090 114.7738 111.1638 116.7083 116.5870 113.4154 111.2475 114.6982 113.3042 112.3652 120.0076 108.6958 102.2623 109.5624 100.5095 102.3471 102.7481 106.1798 113.4417 114.3930 101.1409 107.8546 111.5987 109.9807 110.3570 108.6257 108.5341 110.8738 115.4347 122.0346 123.2373 121.5761 123.8130 122.3872 122.7605 123.5613 126.0570 126.6702 127.5828 126.8184 125.9171 126.1978 126.1685 124.8364 118.7641 113.7379 105.9600
103.7300 100.3834 96.2784 89.7907 87.4904 90.2205 96.7801 100.6704 103.7025 105.6305 107.3877 108.8219 110.0673 111.1599 112.1270 113.0228 113.8413 114.6595 113.7472 115.0974 116.0561 116.4994 116.9808 109.7863 119.3994 112.8884 118.0969 124.4891 105.0071 108.0417 101.8116 104.9701 112.4276 116.3585 113.4892 117.1691 101.2414 100.7892 98.8863 118.0864 103.0284 111.3409 104.0904 113.7977 106.0476 106.6423 108.6501 112.5000 124.9720 125.1240 124.8871 123.6138 126.6476 109.4063 128.8713 108.8493 128.9319 126.9712 127.7956 126.0113 140.1547 121.4359 106.0756 108.1700
101.4600 99.7198 94.5765 86.7608 84.0991 87.0571 95.2933 100.0530 103.1383 105.4326 107.2249 108.7202 109.9840 111.0876 112.0641 112.8474 113.5535 114.0939 115.0630 117.9635 117.8050 118.7982 119.1052 99.4023 121.2336 104.1730 116.6780 122.0974 104.1406 111.9061 105.3390 108.9177 123.6674 122.8919 111.7061 119.4744 99.8303 101.1231 103.8820 123.9497 108.6979 112.0013 100.0213 102.6132 101.5506 101.7002 101.6547 111.3967 125.7917 125.6911 126.3098 125.4370 127.9722 102.4922 127.7642 122.5986 127.6859 126.9461 127.6695 128.4866 132.7391 111.1553 112.6874 117.9900
101.6100 100.1677 95.8048 88.9112 86.2655 89.2081 96.3573 100.5022 103.4039 105.5832 107.3288 108.7841 110.0432 111.1380 112.0603 113.0898 114.0307 115.4865 118.7918 97.4088 98.2495 97.5557 101.4236 105.4044 109.9975 104.2535 105.6622 109.2896 105.4176 108.0508 108.5461 107.0712 120.4322 108.8047 116.1760 101.0438 101.0400 100.8187 99.8922 113.7539 112.7713 112.4809 112.4663 106.9139 107.6838 108.8641 109.3793 109.6491 119.9628 124.0632 121.0492 122.5975 127.2961 125.5120 127.5788 127.0178 128.3937 127.1245 130.3363 107.2626 133.1013 131.9974 104.0276 105.9600
103.7700 101.5078 98.2583 94.1539 92.3996 94.9086 98.8250 101.7585 104.1382 106.0607 107.6716 109.0390 110.2319 111.3021 112.1229 112.5401 105.8679 110.4219 91.8917 93.7133 96.5789 99.4577 101.9551 101.6417 108.8442 104.7283 106.1633 106.6541 104.9104 108.7539 119.7479 121.0306 121.0603 121.5943 124.3824 103.5798 102.4038 100.8645 107.6392 106.4550 116.1407 116.8635 115.4654 111.0368 114.6749 113.0821 111.8289 112.5748 112.5939 119.1295 117.8980 118.6942 118.2427 119.4608 128.7222 121.0343 126.6211 126.7071 115.4376 126.3499 108.8142 117.8739 104.8578 105.9600
104.1700 103.1663 101.2242 99.4996 98.6260 99.5360 101.3859 103.3803 105.1812 106.7904 108.1974 109.4383 110.5452 111.5392 112.4387 113.3379 114.2830 114.9236 117.7539 104.8961 113.9056 98.2410 105.6104 106.6233 104.0829 105.7507 105.3514 108.2769 109.1391 106.2515 109.6576 111.0810 110.6602 115.2449 98.3261 110.9621 112.2781 101.8826 109.9248 106.8859 103.8991 102.8770 101.8241 101.6217 109.6635 111.8149 111.9055 110.5033 119.1496 115.0032 120.5531 116.4016 118.8354 120.7439 126.9296 126.6581 119.9626 125.2123 123.5061 126.8130 127.8873 122.9415 111.9572 113.6700
105.9600 104.7924 103.5580 102.5234 102.1382 102.5984 103.6822 105.0070 106.3663 107.6606 108.8541 109.9472 110.9546 111.8618 112.7055 113.4721 113.9813 114.2295 116.5925 96.3256 118.5541 116.9212 115.5588 122.3111 97.9619 104.9500 111.3144 106.1100 107.1772 107.2995 110.0865 111.4798 111.1333 111.9522 119.1294 98.3674 101.9435 103.4507 117.2935 106.5487 104.9821 107.3025 108.2694 102.0767 104.9451 111.5210 111.4123 111.3521 118.9644 113.7275 120.3502 123.7223 125.0257 126.6718 126.8246 126.7978 127.3252 141.8484 128.6824 127.5249 128.6062 116.5177 115.7279 105.9600
106.2100 106.4322 105.5513 104.8887 104.6607 104.9315 105.6019 106.5176 107.5511 108.5820 109.5905 110.5347 111.4290 112.2636 113.0233 113.7740 115.8086 114.8645 115.5389 108.4441 117.5661 107.7701 115.5774 102.7316 99.2256 101.0080 104.0508 104.9087 106.0081 116.6534 104.1328 115.6426 113.4815 114.7357 113.5534 116.5194 113.7466 113.5330 109.1472 112.4430 103.6627 102.8154 105.2449 104.5730 105.4834 110.4439 112.4592 113.9395 111.1720 116.0506 124.4374 124.3818 125.6950 125.4144 125.9247 126.4190 126.3025 123.5835 125.4041 127.5485 123.5774 127.0991 104.2337 112.6700
113.5800 107.9370 107.1803 106.7540 106.5940 106.7796 107.2456 107.9017 108.6869 109.5103 110.3522 111.1661 111.9527 112.7116 113.4074 113.9980 117.4499 115.6612 116.1778 116.5871 116.6226 117.0761 110.7519 106.4248 101.8025 99.0684 100.2831 103.3546 106.6522 106.6204 104.1459 118.9270 122.5107 123.0434 123.7347 123.8776 120.4238 113.3171 103.6716 100.1369 104.6528 107.1194 108.8704 109.4751 110.1556 109.8175 114.5611 123.5232 114.6982 114.2939 122.1954 122.4881 122.6616 123.7640 123.6810 124.7924 124.8820 126.4200 126.2138 124.9543 119.2415 110.0103 107.4009 106.0800
113.5800 113.5800 108.4400 107.3600 107.4100 107.3900 108.5000 109.3000 109.1300 109.9000 110.5700 111.2300 112.4300 112.9800 113.5100 114.4800 114.9300 115.3600 116.1700 116.5400 116.9000 117.6600 95.9200 118.5400 113.1400 118.1600 98.5300 107.3200 103.0900 104.4700 105.4600 121.3400 121.5500 121.9700 122.1700 122.5600 122.7500 110.9000 118.9000 101.6400 101.8000 101.9700 108.7700 108.9900 109.6400 110.0200 110.3600 121.0300 121.8100 121.8300 122.3100 122.8000 123.3900 124.1000 124.0500 125.3400 125.4700 125.8600 125.8300 126.7500 119.2700 105.7600 118.3100 106.0800
