121.8000 122.9600 116.2000 114.7600 123.7600 123.7600 124.6000 107.2400 118.4900 118.4900 106.4600 106.3700 113.0900 106.1900 119.5100 117.4400 117.4400 118.6500 114.7400 115.0400 117.9400 121.7200 119.1100 117.9900 105.9100 104.9700 109.6700 111.3700 115.9100 108.9800 108.9800 108.9300 109.4800 113.6300 112.6100 126.0300 126.0300 125.9200 125.8100 125.6700 125.7200 126.5700 125.5900 125.4600 125.4900 125.3500 125.3700 125.3900 125.2300 125.2600 125.2800 125.1100 125.1200 125.1200 125.1300 125.1300 125.1300 125.1300 125.1200 103.1100 105.7000 108.1300 125.2500 125.2300
121.8000 120.3085 117.4390 111.3259 118.6394 126.0927 123.6816 105.8254 115.8511 127.9484 110.3977 106.7923 109.0588 105.6900 115.8351 116.7325 115.1509 118.3452 121.5089 113.5665 115.3651 117.5383 119.4794 114.5010 110.2125 105.8125 107.0804 108.8854 110.1276 106.0849 112.7644 106.5278 104.6636 106.9873 107.6955 106.4946 109.3035 115.6479 128.9903 108.1673 125.3001 126.0237 125.4265 125.4035 125.2906 125.6243 114.9104 126.3660 125.2275 125.0825 125.0825 125.0584 125.0371 125.0245 125.0240 125.0232 124.8811 125.4722 106.1148 104.4879 109.3128 122.4103 126.3050 125.2300
121.2500 121.1338 122.8359 122.1230 113.8036 117.1852 129.2553 116.3638 109.3248 113.8056 123.6734 103.8068 105.2276 110.3137 113.4677 114.5460 114.7156 112.3681 118.7793 122.7363 116.2936 109.8814 115.1473 112.5313 103.9738 103.6595 103.8606 109.7079 112.8271 117.0358 107.1589 118.9459 123.9899 114.6863 114.4239 114.8035 115.0365 125.9000 125.5892 126.4027 125.6896 125.2327 125.2162 125.1947 124.9022 127.9812 111.4765 126.7177 124.7109 124.9610 124.8626 124.8486 124.8256 124.8044 124.8045 124.8428 124.2698 123.4825 100.8448 104.1039 107.4800 105.7363 126.7783 124.8400
121.2500 122.7426 108.5836 116.1491 122.4787 107.2694 116.1492 123.2724 119.8276 111.4366 110.7880 114.8476 104.6566 111.7862 107.5025 110.2320 116.2842 112.1440 106.9940 116.0179 121.8469 109.6644 117.7490 120.9546 107.6691 107.8896 106.1405 114.8839 113.2025 112.2212 104.2387 119.0264 121.3679 116.6155 108.2183 115.1511 119.4787 125.4572 124.8008 126.8253 125.0777 125.1277 125.0388 125.0050 125.0730 113.1728 110.5540 115.0941 124.7658 124.7567 124.6552 124.6306 124.6117 124.5845 124.6361 124.5973 125.0327 124.0334 100.3974 106.8113 114.6868 105.8922 125.8855 124.6400
116.1100 115.5172 122.0733 112.4673 112.8087 125.9126 108.6838 113.0964 122.8198 126.9151 119.6159 112.9882 116.8931 104.6062 105.1710 109.8342 110.7595 112.4551 110.8441 113.5943 113.4118 116.6176 115.1282 117.0044 115.5866 104.6771 110.1527 115.3547 104.7611 112.1289 109.0103 122.7024 122.5987 126.7360 117.5801 130.7680 124.9214 123.4951 125.4051 125.0211 124.9090 124.9047 124.8292 124.7517 125.5290 119.4837 111.2079 118.1419 124.1455 124.6387 124.4199 124.4076 124.3845 124.3450 124.4793 125.0534 109.3249 125.1200 106.1951 116.7144 121.2606 125.1036 124.6873 124.4400
115.8500 111.6265 120.3436 122.9823 115.6230 109.0697 122.2058 110.6986 111.7815 120.4454 126.3386 115.9513 106.4508 115.1241 112.8353 113.6712 110.5917 110.7048 112.5206 111.7429 109.3495 114.1005 114.7058 113.9700 119.3456 116.7034 114.0297 105.0982 114.8494 122.2088 124.2162 116.0096 128.4225 125.0103 127.6296 125.3964 124.9015 125.2756 124.9401 124.8696 124.8002 124.7055 124.6158 124.6340 124.3248 126.3446 122.2792 113.7331 125.8312 124.1498 124.2264 124.1795 124.1613 124.1380 124.1638 124.1866 107.6342 103.0064 113.8306 117.5529 126.5633 120.4262 124.8119 124.2300
125.3000 108.5722 106.9566 121.6002 121.7339 121.4471 109.4271 117.3078 113.8616 109.3554 112.4883 117.7622 104.8739 106.1594 114.0887 114.1663 110.6456 110.1019 111.1149 111.8812 110.5189 107.6785 108.3688 115.3248 112.6284 117.6252 109.7760 109.8318 115.9220 120.2822 132.6180 124.6580 123.6824 103.0486 126.2000 124.6364 125.5376 124.7665 124.7621 124.6680 124.5688 124.4796 124.4118 124.3880 124.4890 127.4074 108.1517 116.2676 113.2636 124.9251 123.9322 123.9312 123.9063 123.8863 124.0229 124.8678 109.7897 104.9658 119.4642 121.6515 120.6317 124.3090 123.8942 124.0100
112.6000 114.7786 118.2453 120.9724 117.9242 117.8152 120.3652 110.6392 111.5955 121.5062 109.5834 108.3108 105.7997 105.1249 106.1975 113.1489 112.4371 109.6095 108.9650 111.8857 112.4174 112.0157 112.3236 112.2451 117.3193 109.2174 116.4559 115.5837 114.9351 126.5350 124.9102 125.9215 124.6429 119.3339 122.1112 124.4999 126.7970 124.6594 124.5409 124.4578 124.4056 124.3501 124.2598 123.8926 124.0408 109.9174 106.4305 128.2277 122.6535 124.6462 123.7188 123.7232 123.7057 123.6373 123.6583 123.5459 126.8660 101.5000 123.7813 124.0626 124.0769 123.6698 123.8225 123.7900
119.5000 119.9105 115.4202 119.2847 117.7893 118.2566 117.3149 118.7138 113.8604 108.2196 120.6168 108.0633 107.6723 106.0866 105.5641 105.9491 110.5900 109.0040 114.0426 109.7164 110.5186 114.6194 108.2302 106.4630 116.3336 125.7051 109.5313 119.9529 125.0518 129.9634 121.5075 125.3332 103.2708 123.0987 123.0821 124.5885 124.6527 124.5466 124.3577 124.2918 123.9020 124.2422 123.7071 125.0837 123.7565 124.2792 104.8895 125.4008 123.7505 123.4627 123.4770 123.3807 123.4917 123.7656 123.4444 123.4143 119.1847 106.7251 125.3181 123.3785 123.3975 123.5384 123.5592 123.5600
119.3700 118.8870 119.1747 114.1954 110.1493 111.3227 116.0867 117.5927 118.8436 122.2904 109.8204 116.3874 106.8033 112.1839 108.7222 110.1835 111.1396 105.5370 103.6712 108.0181 105.7058 106.6981 113.3069 109.9532 111.1929 121.9590 132.1053 133.7588 126.4471 122.7345 124.2697 126.5805 126.3054 120.7560 124.5315 124.3324 124.3826 124.2817 124.1320 124.0410 125.3436 120.0357 127.7938 110.3109 124.2764 123.6433 103.1525 125.1363 123.3594 123.3009 123.2449 123.0262 123.2555 121.5001 123.7418 123.3031 125.0628 124.6021 123.1192 123.1909 123.2360 123.2666 123.3178 123.3300
119.0900 118.9855 118.6677 118.8826 116.9717 113.4940 115.6911 111.5304 114.0371 110.8444 117.1794 108.5848 116.2218 107.1270 107.0609 113.1662 112.3824 125.0584 109.3970 113.3936 105.1151 105.6649 106.9001 105.9904 115.1735 118.3480 126.9297 123.1547 122.4841 125.2434 125.1081 124.2861 123.0040 113.4715 123.7580 124.2526 124.2209 123.9798 123.9913 123.8502 123.9598 105.8028 111.6033 104.8665 125.5198 123.5538 124.2960 124.2760 123.0935 122.9717 122.9924 122.7163 122.9131 108.7117 123.5268 122.5790 122.3427 122.6408 122.9296 122.9322 122.9698 123.0122 123.0650 123.0900
107.6800 116.5932 117.0805 117.5568 117.8034 119.1036 117.6893 116.7227 110.6967 115.1949 113.5504 115.9140 110.9213 109.4503 106.3632 105.4157 106.4696 106.2095 110.7577 108.3340 111.1307 110.7337 107.2744 110.6122 111.6734 124.4016 125.2788 125.4130 125.3637 124.9183 124.4399 127.0689 117.2755 122.9765 120.4785 124.4639 123.8502 123.9215 123.8875 123.2765 123.4455 125.4541 109.8901 117.4958 104.7109 123.6262 122.8094 122.6796 122.8379 122.7568 122.7127 123.2854 117.0884 125.1551 125.7898 123.6763 123.0868 122.6678 122.6139 122.6579 122.7036 122.7506 122.7988 122.8500
116.7900 116.8098 113.9779 120.2280 121.0155 121.6603 119.1383 117.6452 115.7533 104.1281 113.1144 109.2374 113.4993 108.9983 110.8977 113.7350 109.0983 104.2540 103.8168 113.4127 105.3025 119.9180 109.4715 113.8404 116.0118 131.6702 124.7503 124.9283 124.8600 124.5863 124.9793 120.4066 97.2449 126.3998 125.5564 123.7973 123.8441 124.3873 106.3514 123.9783 124.3470 124.2709 107.5081 107.8382 120.7670 123.7065 122.7411 122.6472 122.5447 122.4829 122.4383 122.3645 122.9630 123.0159 109.8963 111.2806 123.3123 122.4181 122.3188 122.3874 122.4230 122.4779 122.5295 122.5900
118.7600 113.2342 115.0880 115.6097 117.7796 118.0710 120.3212 120.3010 118.0381 120.2853 110.6048 111.5470 109.7243 105.1767 109.2082 108.1885 107.4286 111.1047 102.9735 107.0681 113.3164 124.1287 119.9541 101.0868 123.2236 130.8538 124.7240 125.5153 125.5090 124.5849 124.9679 116.9866 109.5791 113.5330 123.8788 123.4807 123.5513 120.9045 108.1344 121.8563 122.4701 100.9749 103.8656 108.8479 123.6389 122.4946 122.4585 122.3366 122.2735 122.2099 122.1577 122.1111 122.0219 121.8926 121.7287 121.0601 121.5260 122.0702 122.0233 122.1022 122.1458 122.1896 122.2548 122.3300
121.8400 117.6593 117.0796 114.9666 111.5990 115.3425 119.0564 120.7978 120.1501 114.7551 112.3066 115.5596 105.8145 109.4609 108.3823 109.5227 115.5128 101.3217 107.9751 104.9594 107.3762 128.4174 124.9770 120.5811 118.1593 125.3009 125.1590 121.7453 121.5914 124.4593 124.4243 123.8392 114.2298 121.0663 124.1533 123.5319 123.3421 124.3775 124.2248 123.4443 123.5794 123.7574 112.7319 125.0275 122.0610 122.1139 122.1431 122.0651 121.9874 121.9242 121.8682 121.8191 121.7854 121.4331 123.8799 104.4259 123.4068 121.7685 121.7402 121.8062 121.8456 121.9158 121.9632 122.0600
106.4000 122.6233 119.4775 113.7708 115.6000 110.3534 111.8903 118.7506 109.0821 118.4249 117.8367 113.9605 113.1218 105.7489 110.3296 110.0941 109.2324 103.8424 104.5106 108.6383 104.2662 113.5294 125.5405 125.3130 125.7501 124.8886 124.7495 123.7873 124.1170 124.2254 123.9167 123.9329 121.4793 124.4885 123.2078 123.2334 123.1463 117.1013 124.4605 122.5561 122.7391 121.8152 120.4527 122.1115 122.1215 122.0333 121.8628 121.7812 121.7015 121.6234 121.5596 121.5123 121.4619 121.4355 121.4110 121.1750 121.3933 121.4355 121.4562 121.4983 121.5582 121.5319 121.5674 122.0600
108.9400 109.6260 117.6389 116.1547 117.1672 107.6947 118.0294 110.8891 110.2073 115.3826 113.5404 115.9521 104.8665 114.7977 106.5220 116.1806 102.6670 102.8190 110.1474 109.0638 112.7392 121.6175 122.3964 125.0404 124.8940 124.6767 124.5741 124.4032 124.3801 124.0219 123.8950 124.0074 123.5340 123.3417 123.2960 122.8664 123.4438 123.6506 122.2873 122.9447 121.7804 122.2260 122.2840 121.9537 121.8104 121.6528 121.5805 121.4857 121.3970 121.3174 121.2478 121.1955 121.1490 121.1232 121.0613 121.3503 121.0709 121.1105 121.1354 121.1803 121.2400 121.2965 119.8723 114.8600
109.3100 108.7693 107.5718 105.9657 112.8205 116.0794 107.7158 115.5906 111.1558 111.2404 112.5390 105.7863 119.2867 115.5800 110.4904 110.2185 110.0485 107.6175 112.7477 110.3413 110.1459 124.1756 124.2094 125.1921 124.2497 124.7992 124.5000 124.2841 123.9616 123.9062 123.6982 123.5277 123.3569 123.1563 123.1084 122.9180 121.6756 107.4910 106.9026 122.1072 122.6355 121.8759 121.8110 121.6067 121.4633 121.3874 121.2842 121.1718 121.0821 121.0003 120.9277 120.8677 120.8149 120.7829 120.7581 120.7568 120.7502 120.7724 120.8070 120.8506 120.9036 120.9730 121.2710 121.1900
120.9800 120.2553 119.4427 107.0907 105.6697 108.3869 115.0324 118.2204 112.4218 113.9557 109.8663 109.1270 117.5229 114.4203 107.4311 107.1961 107.5651 105.1589 117.3653 109.6344 106.3307 112.6473 126.3132 125.0723 115.0803 122.9249 120.2769 123.3303 123.9214 123.7074 123.5245 123.3331 123.2128 122.7704 123.1174 120.3498 123.9423 113.3651 109.5418 106.7173 120.9957 121.7563 121.0024 121.6934 121.7782 121.0379 120.9678 120.8475 120.7595 120.6653 120.5926 120.5260 120.4700 120.4365 120.4229 120.4175 120.4463 120.4335 120.4593 120.5109 120.5720 120.6488 120.6743 120.8500
114.4400 113.0253 115.2740 114.5167 113.8399 106.7695 105.0350 109.1240 114.2964 114.0952 113.2374 110.9896 109.2127 108.3458 116.2106 103.9061 107.8556 108.6916 120.0638 108.6730 108.0133 123.6553 121.5540 125.6417 117.9451 112.4917 99.8989 106.4867 117.2807 123.5729 123.3111 123.5029 123.8657 123.0472 117.9050 112.9848 113.8872 112.0869 115.5833 115.9463 121.8069 121.1036 122.5445 117.9487 110.5972 120.7286 120.6368 120.5510 120.4256 120.3218 120.2401 120.1725 120.1134 120.0608 119.9483 119.9304 119.8241 120.0277 120.1038 120.1481 120.2079 120.2980 120.3884 120.5600
115.4000 113.8863 111.4268 111.3743 113.4596 116.1879 111.9772 107.3921 103.6059 111.8408 111.9007 113.8603 107.2568 113.5212 107.8068 108.7864 108.2228 114.4860 124.5928 111.2003 121.1987 126.2756 124.6925 124.2841 126.0539 114.2489 105.2405 101.5669 106.8300 124.8764 124.1171 122.1202 117.4668 122.4287 117.0215 105.8870 108.9232 108.8777 110.0315 102.5118 102.1835 122.2236 120.2445 104.4246 117.9031 120.8396 120.1658 120.3248 120.0697 119.9709 119.8778 119.8081 119.7408 119.6427 120.0260 120.3993 120.5914 119.6677 119.7299 119.7849 119.8657 119.9361 120.0391 120.2300
113.0600 111.8224 111.6125 112.6231 110.1202 110.8525 113.1662 111.9244 113.2291 116.9543 102.9716 103.9278 103.2670 116.8580 112.6562 111.0901 108.5662 114.9621 124.3152 120.8733 126.0765 124.5557 124.6946 127.1544 116.6084 107.3804 118.5050 101.2279 114.0302 116.0399 120.1274 124.7534 104.9158 105.5984 98.3782 102.4611 111.4100 108.8469 105.2901 110.0069 112.2320 113.2044 122.3513 121.7264 107.8391 113.0383 120.0132 119.8282 119.7178 119.6050 119.5025 119.4148 119.3713 119.2433 119.5473 112.4530 115.3354 119.3969 119.3577 119.3729 119.4316 119.5710 119.6785 119.8800
120.4900 115.3418 111.7514 109.7258 111.4060 111.8419 109.7034 108.8748 116.3206 109.7415 110.7642 108.9384 104.3093 101.5616 111.1462 111.6022 112.5981 111.0983 121.7224 117.6861 124.9281 124.6435 123.3892 114.5868 103.0712 109.5943 110.5000 110.9760 113.4635 121.3155 123.8834 121.7699 108.0898 104.9568 100.7045 102.5625 114.0416 104.8740 104.8249 116.7766 104.7174 103.3659 108.0376 106.5419 108.1229 111.9657 119.4794 119.4849 119.3454 119.2174 119.1023 119.0320 118.8349 118.7009 118.8866 113.4541 118.1670 118.6019 118.7594 118.9536 119.0329 119.1858 119.2974 119.5200
113.3600 108.0268 107.4605 120.2340 120.0100 107.8647 111.3752 110.3829 110.1729 110.7808 111.9373 111.6934 108.8696 105.2280 102.3947 107.7580 111.4635 123.5397 119.1945 120.8600 125.0258 124.3168 126.4011 111.1055 113.4103 103.9391 115.0485 101.1195 122.3408 111.5786 112.3028 116.1646 101.4668 99.5709 100.2537 103.9641 116.1150 113.5959 98.7688 101.0081 110.5848 102.5833 99.6380 114.6527 121.3419 119.0089 118.8478 119.1104 118.9444 118.8240 118.7491 118.6191 118.4971 119.3736 118.5953 120.6256 119.7266 118.8357 115.8933 118.6013 118.6152 118.7786 118.9067 119.1300
114.0800 110.1925 115.4870 117.1319 116.4803 114.0507 111.8751 109.3914 110.7695 108.7193 109.8986 104.2404 111.2625 109.6052 108.7839 105.9267 113.8311 119.2790 119.7500 125.6935 124.6348 124.0921 125.8353 97.8029 128.1399 116.3673 127.7509 114.5682 124.4195 120.1318 116.7668 107.2175 108.8547 104.1794 101.0770 105.7286 116.3095 116.0252 100.1394 101.7145 101.2633 97.0235 102.2685 126.3425 119.2728 116.9060 119.2403 118.7401 118.5513 118.3540 117.9557 118.2422 118.0022 112.0474 117.7080 107.8866 110.6893 117.9450 118.2349 118.0991 118.2373 118.3538 118.4949 118.7300
114.0800 113.1005 115.6143 111.7220 114.4739 112.6465 110.4317 111.2077 108.0556 117.8197 107.7430 107.3316 104.2951 104.5958 107.6994 108.4046 124.7744 117.6209 122.1987 124.5571 124.4577 124.2566 124.1773 118.4922 126.6193 106.6703 120.4220 122.9007 123.3311 122.1976 121.7997 119.3801 104.1270 108.1105 109.5426 100.5511 101.9965 102.1880 103.4221 99.4085 108.7845 113.7699 119.3725 122.6376 117.4296 118.8879 118.6085 118.2477 118.1297 117.9249 120.6041 117.3833 117.3436 117.3679 115.5835 111.9980 115.3133 117.5307 117.5207 117.6674 117.7779 117.9147 118.0726 118.3100
116.7500 115.3748 117.8798 111.4292 111.5922 110.8922 109.4069 105.4343 107.3273 118.9137 114.0540 108.5432 104.8011 107.9166 109.4045 109.8343 110.8571 114.7033 125.4291 124.3851 124.3832 124.1245 124.7226 124.7681 123.1859 118.9080 115.7429 123.4261 122.2597 122.4301 122.3366 122.5382 107.0938 101.5022 103.7075 107.1945 124.4073 118.2614 110.2022 100.4093 122.0849 119.2437 118.9896 118.8015 118.4960 118.3305 118.0841 117.9016 117.6926 117.1793 118.4869 116.9886 117.1384 117.0063 116.7599 121.3050 118.2366 116.9856 117.0903 117.1688 117.2996 117.4550 117.6299 117.8700
121.7800 121.1277 121.0857 117.6663 110.0512 110.1199 109.6623 108.9652 108.7174 108.2889 107.9785 106.4801 106.4765 106.8897 104.5488 107.1841 113.9917 114.6734 118.9994 124.8644 124.3621 123.4497 125.4455 104.8438 125.1912 123.3200 122.8219 122.8801 122.4652 122.2106 122.0495 121.5230 120.5522 101.6802 102.9761 104.7116 98.6409 105.2797 121.4852 117.8141 119.6819 118.9332 118.7492 118.4710 118.2313 117.9310 117.6960 117.4527 117.2189 117.0739 116.7152 116.7141 116.5864 116.4063 116.9319 110.2790 114.8080 116.4227 116.5556 116.6504 116.7985 116.9695 117.1641 117.3400
122.0900 117.3758 116.6535 115.0488 115.2174 116.9426 109.5952 109.8104 110.6270 105.9471 104.4586 103.9871 103.9077 103.5909 103.2102 104.4256 102.1540 118.2674 123.1813 124.1697 124.1320 123.8710 121.5102 117.9746 123.4959 117.3994 120.2479 122.5980 122.3733 122.0474 121.8196 121.5567 121.2136 123.0709 99.9655 116.1761 106.1941 101.5528 118.8057 119.3406 118.8435 118.7695 118.3812 118.1050 117.8149 117.5381 117.2546 117.0050 116.7565 116.5226 116.3448 116.1458 116.0114 115.9097 115.7737 116.4889 115.9513 115.8902 115.9773 116.1055 116.2709 116.4592 116.6773 116.9000
121.9900 121.8028 113.0133 119.0170 117.8372 110.5527 110.7503 109.5703 109.1196 111.6108 105.3188 106.1984 103.2220 103.7182 117.7966 119.2281 107.6258 109.6302 107.7611 114.5849 124.3346 120.6293 110.3980 122.7968 123.1871 112.5761 123.1953 122.4274 122.6703 122.0892 121.5071 121.5130 120.3111 119.5201 117.5498 121.4464 100.1656 114.3119 105.5651 118.8588 118.7959 118.4532 118.0677 117.7497 117.4292 117.1140 116.8149 116.5281 116.2569 115.9974 115.7694 115.5824 115.4192 115.2879 115.2265 115.0131 115.1858 115.2634 115.3777 115.5203 115.7080 115.9274 116.1728 116.3700
127.6600 125.6850 127.6850 112.9554 111.8888 111.8824 110.9540 109.5847 110.1057 108.6142 106.2342 104.7225 105.4132 116.2579 114.1245 107.9946 119.8508 122.6912 126.8754 120.4443 124.7689 118.4591 116.9444 123.0507 123.5943 124.8949 119.5070 114.3074 118.9850 121.7867 122.3453 119.3745 110.3838 99.2906 104.4243 121.0375 121.1352 115.0890 121.6356 116.8878 116.2846 118.1105 117.7296 117.3814 117.0306 116.6973 116.3673 116.0418 115.7300 115.4467 115.1915 114.9647 114.7788 114.6354 114.5444 114.5422 114.5345 114.5996 114.7280 114.8961 115.1105 115.3578 115.6380 115.8000
117.7900 118.0423 116.8739 118.8141 114.6382 112.3330 112.9337 112.4765 109.1402 110.7214 111.1808 104.1375 113.4186 100.1318 112.7345 105.4111 123.0282 115.1469 125.4803 110.2506 125.7501 116.7063 99.8637 106.8129 122.4851 120.7062 121.8270 107.9625 111.2421 112.7177 116.3738 109.3464 97.9150 101.1500 100.0778 118.3944 118.5297 118.6247 118.2219 118.7305 118.7248 117.7311 117.3971 117.0078 116.6376 116.2575 115.8945 115.5323 115.1875 114.8641 114.5718 114.3101 114.0917 113.9320 113.8231 113.7702 113.8007 113.8879 114.0344 114.2343 114.4810 114.7661 115.0795 115.1800
120.3300 118.3300 115.0410 113.8620 112.0429 112.2263 117.0158 112.6404 105.5380 111.1250 103.0514 109.0574 103.6440 104.1266 115.9783 107.7143 120.8030 120.6868 119.8139 114.3630 104.9139 109.2867 113.6044 96.3296 117.4595 111.7849 122.4737 122.0215 121.8429 106.3845 100.2765 102.0221 101.9472 98.3166 101.9410 120.7639 119.6247 119.1869 118.7626 118.2572 117.5919 117.2597 117.0421 116.6417 116.2308 115.8225 115.4143 115.0133 114.6227 114.2555 113.9092 113.6058 113.3580 113.1561 113.0351 112.9803 113.0084 113.1153 113.2850 113.5236 113.8075 114.1404 114.4969 115.0800
123.6000 111.3136 109.2692 109.4819 110.2995 108.9620 111.8177 107.2772 106.0904 108.2284 109.4966 104.3427 110.5708 103.1653 102.2241 100.9854 116.9992 115.5443 125.8201 110.2018 112.2100 124.8544 125.5200 113.0040 110.2141 120.5863 121.5038 122.1924 122.6758 111.6430 113.9089 106.4322 102.6656 103.0488 101.0526 103.6417 121.8084 118.7388 118.3803 117.9103 118.9475 117.8149 116.7448 116.2865 115.8278 115.3742 114.9235 114.4714 114.0329 113.6084 113.2134 112.8535 112.5494 112.3150 112.1638 112.1029 112.1334 112.2589 112.4692 112.7498 113.0904 113.4734 113.8941 113.8100
119.3600 118.1745 112.7943 110.3742 110.8615 109.9236 109.7813 108.1166 109.6301 109.1472 107.0489 109.2217 107.6325 116.3771 105.0324 109.7062 124.0834 129.6626 123.3975 125.2580 126.2619 124.4286 122.5300 124.4237 126.6886 124.1426 123.9806 123.2861 123.3929 100.7882 124.0774 120.1800 114.2166 101.4460 100.6512 93.9320 105.4370 117.2929 117.7329 117.6142 117.6367 112.6042 116.5356 115.8972 115.4226 114.9301 114.4292 113.9210 113.4210 112.9274 112.4675 112.0426 111.6801 111.3918 111.2003 111.1192 111.1597 111.3196 111.5773 111.9195 112.3262 112.7741 113.2580 113.8100
110.1700 112.5418 112.4240 109.3486 109.2150 109.2755 109.7794 109.7864 108.1510 106.1738 103.7061 103.1747 102.9331 113.3924 102.0939 107.0710 125.5589 87.1675 125.2594 123.4424 123.0129 123.2107 123.0099 124.2094 105.5999 110.0716 111.5367 110.5119 122.0886 116.1996 121.7779 120.7752 121.5119 119.9637 114.3889 115.3488 94.1055 109.9183 117.9231 117.4785 116.9557 114.5854 116.1661 115.5605 115.0315 114.4888 113.9280 113.3578 112.7868 112.2216 111.6724 111.1693 110.7200 110.3537 110.1182 110.0193 110.0750 110.2694 110.5892 111.0113 111.5075 112.0431 112.6087 112.8800
118.3700 109.1649 109.4952 108.8020 109.1494 109.4744 109.5344 108.9534 107.6445 105.0921 103.8717 103.5399 119.5805 111.3759 123.0050 117.4128 123.6538 133.6594 124.1293 124.3228 124.3733 122.9203 123.8713 123.8117 112.6363 95.2292 101.9961 108.6177 121.7829 121.8783 121.1637 120.4083 120.0066 120.0932 120.3378 119.8181 115.9359 114.8535 117.6279 117.2698 116.7783 116.4168 115.7397 115.2280 114.6548 114.0613 113.4462 112.8034 112.1535 111.4912 110.8400 110.2216 109.6564 109.2019 108.8897 108.7566 108.8207 109.0812 109.5012 110.0162 110.6460 111.2776 111.9345 112.0900
111.4400 111.2392 109.7075 109.3469 109.5651 109.6171 108.1681 108.1866 107.5926 104.8407 105.4324 117.6999 116.1933 116.4148 124.8878 110.6080 129.9052 125.3340 123.0753 119.6417 117.1309 123.7316 112.6668 100.5835 124.6502 122.8878 121.6773 120.4091 121.3292 121.0353 120.6623 120.3441 120.0370 119.3509 119.0536 118.7563 118.5492 118.3440 117.5764 117.0762 116.5787 116.0372 115.4817 114.9095 114.2963 113.6464 112.9624 112.2515 111.5095 110.7379 109.9618 109.1977 108.4930 107.8837 107.4590 107.2796 107.3718 107.7225 108.2900 109.0323 109.7274 110.4835 111.2669 111.8600
107.5500 108.5207 110.2474 109.7969 109.5486 109.6163 107.7795 107.5488 104.9485 103.9834 109.0032 116.4407 107.9636 121.6739 123.7003 104.3524 124.7728 124.6984 123.7654 119.5850 119.1773 120.0192 97.3013 123.7962 109.9151 120.7282 115.5305 120.6194 121.1262 120.9981 120.6352 120.1038 119.8777 119.4572 118.6672 118.6367 118.3857 117.8672 117.3800 116.8979 116.3722 115.8185 115.2394 114.6233 113.9652 113.2680 112.5147 111.7245 110.8781 109.9878 109.0558 108.1061 107.1921 106.3709 105.7624 105.4947 105.6318 106.1495 106.8623 107.6536 108.7994 109.6250 110.6225 111.0000
109.9400 110.4847 109.7775 109.7338 109.0523 110.6908 110.2891 109.9150 107.4622 104.4928 104.1366 118.3917 111.4050 118.6898 123.1342 120.0150 124.8638 124.1200 123.9981 124.1117 122.2086 124.3609 106.8165 125.3640 107.8528 100.7347 118.8442 121.1418 120.9877 120.9524 120.6140 119.6903 117.3990 99.8167 97.3152 120.7730 118.1942 116.0357 117.2537 116.7585 116.2295 115.6622 115.0444 114.3738 113.6692 112.9237 112.1108 111.2315 110.2841 109.2521 108.1463 106.9606 105.7505 104.6058 103.6794 103.2502 103.4807 104.2540 105.6965 105.0117 104.6910 109.1265 109.9672 110.7800
116.1500 116.3372 107.2671 105.2934 106.6045 109.8697 109.9916 108.0513 108.3055 103.5923 102.8304 117.4692 115.5847 123.1427 124.4898 124.7141 124.0296 124.1276 123.9397 124.6728 110.9813 124.4820 123.8947 123.9516 109.7287 107.5233 114.8821 117.3194 121.2826 120.7684 120.5480 119.8427 117.7419 115.6392 121.3986 119.4520 118.1218 117.6910 117.1571 116.5915 115.9089 115.2508 114.6675 114.1760 113.4272 112.6272 111.7583 110.8053 109.7540 108.5778 107.2708 105.8105 104.2099 102.4956 101.0156 100.2525 100.6793 101.9793 103.5603 105.6958 107.1275 108.1148 109.3976 109.7000
115.8500 115.4830 109.0533 108.7916 108.6658 107.9168 103.0080 103.4949 109.5594 103.7561 107.9689 105.3384 117.7191 122.2141 124.5501 124.6466 124.4095 124.2005 123.9236 123.6460 125.2732 122.2408 122.7136 122.4253 123.5612 124.5710 113.5212 121.3159 108.9443 120.9303 120.5452 120.1465 120.3553 120.5990 117.9391 118.3881 118.0746 117.5949 117.1140 116.4865 116.4942 116.8861 116.1871 113.9090 113.2475 112.4001 111.4816 110.4637 109.3188 108.0110 106.5037 104.7337 102.6346 100.1344 97.3534 95.3119 96.4377 99.3754 101.8830 104.0699 105.9422 107.5685 108.9210 109.6600
116.1400 113.8876 107.7977 108.5624 108.3853 108.4729 106.2383 104.8014 103.0822 104.1882 113.2534 115.6067 116.5907 122.6087 128.0671 123.9680 124.3637 124.1508 123.9039 123.6008 123.0920 123.1059 122.9897 122.8162 122.1064 121.8029 123.8753 123.9937 123.4577 121.4288 120.7993 120.0212 120.7974 110.8561 118.8170 118.0310 118.0165 117.2797 116.7516 115.9324 115.1026 107.6652 105.1591 115.3686 113.2104 112.3000 111.2946 110.2261 109.0150 107.6101 105.9379 103.8978 101.2731 97.7493 91.7778 88.7181 90.2491 96.1483 100.2415 103.1697 105.3540 107.1115 108.5956 109.5300
105.3100 103.2927 104.9577 108.8981 108.5339 108.1073 108.3096 105.1042 104.3648 107.5865 114.7843 115.9526 126.8918 125.3699 124.5714 124.6335 124.3516 124.1395 123.9438 123.7172 123.4783 122.9820 122.9745 120.7363 122.7470 122.3390 112.8692 110.6802 117.5170 120.6830 116.8629 120.1910 119.8232 109.2006 118.7787 120.8648 117.9053 118.2654 118.6659 117.6721 118.5152 93.3627 105.5629 115.4055 114.5912 112.3313 111.1855 110.1162 108.8761 107.4199 105.6706 103.4735 100.5215 96.1345 88.0951 84.5356 86.3969 93.7805 99.3409 102.6537 105.0355 106.8975 108.4420 109.4200
117.0200 112.2458 116.4992 111.2998 110.8123 111.6149 112.1107 109.3853 106.3193 108.1623 108.8260 121.1761 125.4581 124.9019 124.9003 124.6040 124.4354 124.1574 123.6873 123.5205 123.4171 122.8263 122.8842 121.5895 122.3908 122.1960 112.5829 116.0591 105.2450 118.6599 119.3624 120.0739 119.6352 123.3440 107.6451 110.2525 120.6782 114.6823 104.7373 105.6502 100.3198 95.1851 105.8451 101.4847 114.8139 112.3180 111.2035 110.1443 108.9099 107.4712 105.7404 103.5870 100.7323 96.5547 89.1157 85.5834 87.4232 94.5070 99.5985 102.7907 105.1203 106.9599 108.4823 109.4500
116.2600 119.1835 115.5762 113.1191 113.4235 114.6764 115.5241 110.6253 109.0552 107.9513 118.6912 123.6279 125.9221 124.9407 124.5299 124.5395 124.1050 124.1602 125.0960 124.0295 123.4177 122.4267 122.8971 122.6042 122.2015 122.1420 123.9954 122.8420 115.3919 121.9187 120.4718 119.9147 117.8391 106.8710 99.8056 99.8593 105.1693 102.8609 92.5803 106.8094 105.9914 110.7837 108.2145 112.2225 113.1910 112.3403 111.3627 110.3075 109.1182 107.7511 106.1463 104.2040 101.7890 98.8576 94.2550 91.1141 92.8406 97.5825 100.8903 103.5073 105.5762 107.2793 108.7135 109.5300
115.5700 119.8470 113.6046 110.7150 110.9914 111.0584 108.9452 105.6299 104.6485 105.6132 121.5336 117.1649 126.3144 124.9743 125.8570 124.9152 125.7549 122.7893 115.6089 124.2284 123.2380 131.0713 122.7248 123.0204 123.1423 122.6603 121.4082 121.4100 121.8548 120.6238 120.5242 119.7934 115.3978 110.5567 119.3821 114.7778 115.0524 115.4670 113.9934 113.4621 117.3014 116.1211 116.0665 114.4251 113.3294 112.4784 111.5878 110.5918 109.4801 108.2273 106.8059 105.1610 103.2616 101.1694 99.0914 97.7435 98.4879 100.4548 102.6214 104.5943 106.3140 107.8059 109.1030 109.6600
109.8900 111.2684 110.5990 110.2025 109.1314 108.9054 105.5285 103.9822 104.0999 105.8928 121.1186 111.7062 126.8112 121.8616 110.3255 128.1753 108.1810 117.3554 122.7412 124.3225 118.3887 117.1572 113.9256 123.7660 113.7897 122.0763 121.5126 121.5155 121.1449 121.0077 120.5588 120.0456 118.9998 120.7990 120.1878 118.9211 118.6857 118.1438 117.4073 116.8619 115.9569 115.3137 114.7108 114.2111 113.5210 112.7338 111.8966 110.9693 109.9619 108.8479 107.6181 106.2799 104.8405 103.4072 102.1845 101.5673 101.8916 102.9900 104.3970 105.8453 107.2161 108.4727 109.6211 110.6000
109.9000 110.4141 109.9761 109.4214 107.9963 108.1249 110.5883 104.9188 104.6709 102.5416 117.8425 101.9384 114.0433 113.1758 111.9220 123.3318 118.5265 116.6436 103.0421 125.8589 123.4286 122.8167 109.9193 123.0642 121.5680 122.2146 121.8879 121.5631 121.2478 120.5906 120.2238 118.0523 120.2777 93.8497 117.3503 109.5406 119.0041 117.8100 117.2667 116.7991 116.1521 116.3781 112.9606 114.7795 113.7737 113.0351 112.2786 111.4244 110.5267 109.5545 108.5205 107.4397 106.3716 105.3589 104.5833 104.2325 104.4237 105.0897 106.0332 107.1006 108.1802 109.2376 110.2262 110.7800
109.0400 109.1881 108.9118 109.0432 107.3596 105.9057 104.4211 104.1070 103.2644 116.1469 113.1394 120.3394 103.5523 104.2764 103.2942 101.0844 119.3237 114.9441 123.1493 115.1409 109.5255 123.5967 111.9094 122.3039 122.2572 122.1971 121.9216 121.5596 121.5958 122.6154 98.8613 116.0608 117.2971 114.7712 113.0125 118.8701 118.3435 117.9223 117.4477 117.0581 116.8548 104.6642 105.6766 118.3193 113.6514 113.4336 112.7075 111.9334 111.1320 110.2987 109.4272 108.5584 107.7424 107.0140 106.4925 106.2522 106.3503 106.8258 107.5009 108.3003 109.1630 110.0298 110.8780 111.0000
113.8100 108.6582 108.6501 108.0185 106.7662 106.4776 106.1002 105.7462 103.9607 104.0620 104.8006 102.6883 121.9732 124.0375 115.0533 113.4510 122.9653 114.5512 125.7089 124.7398 123.9443 123.3926 122.8873 122.9582 122.6161 122.2752 121.9044 121.7430 119.4275 97.1931 105.1761 101.2867 113.5530 120.8159 117.9438 117.2430 118.3252 118.0914 117.6229 117.2588 116.1629 114.8771 95.0180 112.5800 113.0767 113.9290 113.1563 112.4790 111.7759 111.0519 110.3292 109.6293 108.9787 108.4347 108.0647 107.9226 108.2087 108.2806 108.7931 109.4131 110.1034 110.8225 111.5470 111.8600
112.9300 112.9401 110.2015 109.1913 108.5605 108.2770 107.5137 107.2861 104.0668 107.5164 118.5792 109.6830 100.3544 121.4327 105.7364 104.4199 113.2808 110.7162 118.9700 121.5292 123.9282 123.1953 118.5491 123.0256 122.4813 122.5166 122.1578 111.3856 104.2699 106.3025 122.7001 124.8756 116.2494 114.0837 117.2958 116.9980 118.6943 118.2918 117.8155 117.3320 116.4513 117.2196 98.7824 112.2431 114.5962 114.1985 113.6496 113.0298 112.4174 111.7937 111.1992 110.6174 110.0904 109.6828 109.5152 109.8403 107.0877 109.8275 109.8470 110.4555 111.0153 111.6040 112.2237 112.6500
111.4300 110.0898 109.0788 108.7056 108.5605 105.1363 103.9177 103.0914 104.9209 114.3115 106.3134 108.7047 106.0237 127.3784 120.3717 114.9684 126.4178 126.4948 101.4015 120.8529 123.3587 119.0922 123.3270 122.4629 124.4478 121.8994 123.6497 108.3684 113.1136 120.2521 113.1556 115.0300 92.6149 104.2791 117.9471 118.2528 118.5152 118.3528 118.0147 117.6731 119.4818 99.7295 103.0892 116.4680 115.1430 114.6432 114.1412 113.5892 113.0465 112.5192 112.0017 111.5161 111.1934 110.6937 110.4718 111.5963 95.7248 111.8887 110.5109 111.4110 111.8501 112.3594 112.8844 113.5900
109.3100 108.8134 108.0763 106.8846 105.6415 105.7361 104.2186 113.1404 107.6464 107.1980 114.6595 119.3129 123.8877 124.4607 126.7294 125.5804 124.0946 126.1253 120.1355 114.3208 117.8667 109.0936 117.3771 124.0128 127.4479 123.5884 121.4691 115.1743 110.0863 100.0420 104.9670 107.6162 108.1983 123.2125 118.9530 112.1470 120.2686 119.3516 118.1693 117.8086 108.1432 102.9871 110.8578 116.6337 115.5423 115.1166 114.6233 114.1539 113.6742 113.2211 112.7725 112.4962 111.6124 111.9992 112.2818 112.4441 93.2831 113.0597 111.3391 112.2665 112.6567 113.0766 113.5167 113.5900
109.6200 106.4882 107.6409 106.9121 107.3242 104.6859 103.0510 109.5536 110.3598 107.4392 117.5834 128.6599 126.8422 125.2107 125.9666 124.7901 124.7044 125.8208 122.6748 118.3707 113.9979 114.4789 124.5822 122.8506 122.3102 111.6562 115.1372 103.5438 105.2550 112.0689 123.2301 123.4120 121.5121 119.2720 117.9476 104.9381 114.7193 109.4277 118.9007 118.6622 95.0592 95.8630 116.5448 116.4088 116.0117 115.6181 115.1404 114.6839 114.2129 113.8726 113.4993 113.2480 112.9740 104.7462 105.3427 112.2985 111.8042 113.0531 112.4242 113.0809 113.3955 113.7569 114.1385 114.3500
120.3200 104.6545 106.8798 107.9659 116.7038 107.7055 117.6881 113.7051 115.5765 110.0469 113.8215 113.2131 124.4286 124.9338 125.0706 124.9604 125.5041 111.2077 121.8214 120.6785 122.5675 125.9918 123.5763 122.7216 119.7936 115.2719 100.1771 120.7666 104.7061 124.5631 122.3931 120.2436 120.2877 120.1122 122.2417 112.2185 118.3289 110.9019 119.1241 119.1032 112.9172 129.2506 117.3613 116.7921 116.2423 115.5887 115.2040 115.3892 114.7937 114.5143 114.1869 113.9173 113.6698 113.9104 113.5951 113.2492 113.3452 113.2798 113.4494 113.8235 114.0894 114.4442 114.8028 115.0900
105.6200 105.2817 105.4031 105.3670 110.4344 122.3642 121.5472 124.4515 128.5107 106.6714 102.7818 114.2647 126.1784 124.1308 124.0909 124.8766 125.9902 120.7539 136.0979 124.6360 124.4670 111.1349 125.0334 125.1818 126.6420 108.7705 102.6853 116.4649 114.1091 123.2168 120.9835 121.1589 120.9549 120.2089 119.8801 102.6399 102.2377 108.1989 119.5643 118.7738 122.3272 113.0171 104.7782 118.4134 117.5082 115.7310 111.5394 116.2889 115.1675 115.1171 114.8244 114.5979 114.1782 114.0146 114.0573 114.0862 114.1074 114.2576 114.3837 114.5126 114.7561 115.0033 115.6001 115.7200
105.6300 105.5002 105.0418 109.3062 121.3097 120.2255 107.7141 107.4172 98.2984 115.0748 108.4113 107.1247 126.8204 111.1093 126.0992 126.9777 106.6806 119.8965 111.3553 110.2753 126.0668 120.6769 118.6678 109.0971 106.4082 102.9596 102.0870 104.1529 100.2619 121.9978 121.2007 121.3586 121.0265 120.6733 120.2115 116.9457 116.0161 117.4828 118.8603 120.0558 97.5686 107.2060 115.8630 117.0325 121.0659 101.2948 113.4053 117.2091 115.9153 115.6751 115.4286 115.2111 115.0901 114.9573 114.8236 114.7339 115.3296 114.6828 114.9252 115.1237 115.4515 115.7313 116.1851 94.2000
105.6400 103.8916 115.5042 118.8821 126.8510 128.7076 129.4774 104.5466 116.7248 106.5585 103.6886 101.3817 131.8350 121.5155 125.4744 125.4290 123.5342 123.5497 124.0759 123.8324 111.2435 114.7171 113.3938 123.3125 123.1990 101.1232 106.2819 100.1294 123.8894 121.5412 121.6873 121.4724 121.1800 120.9256 120.8163 120.2690 122.1649 118.1389 120.8054 110.1070 105.3760 118.3932 118.0405 118.0481 117.0328 116.5001 114.3987 113.0481 116.4704 116.2542 115.9954 115.8109 115.6441 115.5217 115.4284 115.2725 119.1747 115.6235 116.2296 114.4092 115.3822 115.8303 112.6680 116.3000
124.5200 126.0922 124.4196 123.4773 125.9349 126.7058 129.6548 105.4352 103.7570 114.5463 119.1617 113.5323 137.7358 113.3339 123.2720 125.1180 125.0606 124.6819 124.9493 116.4518 114.6302 122.1544 110.0910 124.1274 124.9486 103.2156 105.0391 100.9359 119.9830 121.6479 121.9975 121.6202 121.3676 121.0935 120.8925 120.5173 118.6032 101.4341 109.0602 123.1686 97.3421 103.5806 118.0531 116.1964 120.5904 118.4758 113.7459 118.6177 116.9479 116.7161 116.6191 116.4216 116.2695 116.2670 116.1371 115.9569 116.3029 117.8859 102.3248 116.5333 114.7921 117.9999 109.1738 94.8400
132.9200 125.7655 127.6992 127.5083 127.8606 121.6473 123.3631 114.2502 113.6176 115.6189 105.5870 107.0382 108.5781 115.8045 129.9410 125.5668 125.5392 124.8964 124.9147 125.0202 125.4925 112.3602 113.0337 120.5683 106.9868 105.6042 104.4182 122.7894 112.2368 122.1657 122.0378 121.7868 121.5414 121.2848 121.0208 120.7218 120.7144 122.8444 121.3546 119.7781 115.7571 99.8947 104.6263 105.7098 118.5334 116.3815 120.5664 117.3164 117.4648 117.3503 115.8031 116.9362 116.6147 116.1037 116.2609 116.3212 118.0577 104.5635 111.1112 117.6195 116.5542 116.3806 100.5509 109.5000
132.0200 127.9192 127.6006 127.1780 125.4438 114.8274 114.1885 120.3003 126.1958 124.6776 128.1619 111.1434 105.2187 122.6516 111.4194 117.9284 125.8696 123.0418 126.0951 123.6398 125.6152 113.8146 103.0490 104.8259 102.8718 103.8908 115.6814 119.6943 123.0891 120.4966 122.3659 121.9635 121.7208 121.4797 121.2288 120.9978 120.6544 119.3492 113.6321 120.3175 119.1808 123.9132 106.1782 96.4044 100.4817 100.3685 99.6565 115.0087 118.0139 115.9930 117.0867 117.4488 117.9209 120.0962 118.2784 116.8706 118.4680 94.6422 100.3682 118.3043 117.3328 113.9054 111.3070 100.1700
127.8100 127.9066 127.6003 127.5014 128.1405 122.5029 125.9181 126.4740 126.6785 126.5875 126.4408 128.5157 122.1313 117.3823 112.3626 112.2514 119.1638 123.0064 125.1794 115.5180 121.2593 108.7341 111.8039 101.8328 102.8756 107.8427 102.9085 114.8936 117.3496 127.1768 122.3406 122.2586 121.9037 121.6790 121.4364 121.2161 120.7976 121.5876 120.7953 120.1851 119.8573 119.9141 103.1393 96.5102 99.1451 120.4009 105.6854 107.0432 118.1998 118.3260 118.0507 119.4261 98.2825 100.5565 111.8899 117.5675 118.7660 110.6446 102.5529 126.7741 116.1245 102.1634 106.4378 102.8100
129.4400 129.4400 127.6200 127.5100 127.3000 127.1900 127.0800 126.8500 126.7400 126.5000 126.3900 126.2600 126.0100 106.7400 106.1000 111.6900 127.7800 127.5600 124.9500 124.8100 110.8600 109.6300 108.8700 101.9200 116.1500 101.6100 103.1300 109.1700 113.0600 120.5300 122.4200 122.2400 122.0500 121.8800 121.4800 121.2800 121.1100 120.8800 120.6700 120.5000 120.2500 120.0200 105.9500 99.7400 99.7400 119.1700 118.8500 118.6200 118.7000 118.4300 118.4300 118.1800 118.2200 95.9100 117.8700 117.8800 117.8600 117.8500 97.3200 117.9700 112.4300 108.6500 102.7000 104.8700
