123.2100 125.6100 117.2800 123.4900 125.7900 107.4000 106.8300 124.8700 118.6900 110.6600 105.9700 105.8700 117.0000 116.3200 107.8400 105.6500 110.7500 108.0900 121.3400 105.0100 118.1900 119.4700 118.1400 107.4700 108.3000 108.9400 110.6300 110.1700 109.0100 105.3300 103.8100 103.7100 103.7100 109.9100 108.0200 125.3400 125.2200 125.2700 125.1400 125.1400 125.0100 129.8100 124.9000 124.7600 124.7800 124.6200 110.2400 124.6800 124.6800 124.5100 124.5200 124.5300 124.5400 124.5400 124.5400 124.5400 124.5300 124.5200 111.9100 102.6800 107.7100 124.6300 124.7800 124.7800
122.3300 125.8282 123.4439 125.5501 124.9078 128.3650 117.4302 120.5462 123.1455 120.5748 108.2227 105.7423 107.2483 115.5448 114.0074 113.5647 110.6070 108.9192 115.2060 115.0078 110.7853 116.4531 113.7288 112.0389 105.3283 107.0362 106.9255 108.3508 106.1241 106.9392 106.4565 116.4032 122.0626 110.9877 115.5481 112.2649 110.3953 112.5472 126.0660 110.7959 123.3925 122.3176 124.8260 124.7796 124.3729 125.7698 114.6414 125.8506 124.3737 124.4335 124.4008 124.3831 124.3745 124.3674 124.3746 124.4088 124.6020 123.0908 115.0960 104.4237 112.0957 113.0110 125.0114 124.5800
124.2700 123.1762 126.3423 126.4663 126.3606 125.7121 128.8047 115.0813 113.3857 121.6780 114.2672 103.2312 104.2656 118.0264 114.5788 107.6911 109.6388 113.1774 117.9094 116.2341 114.1655 109.0876 109.7071 110.7299 105.9329 106.2786 103.8284 114.3271 112.7493 108.8271 107.2481 110.8731 113.5314 109.0667 110.4945 112.0721 125.3474 131.4508 126.4201 123.9666 124.3604 124.9099 124.4462 124.4598 124.2206 126.0099 107.3231 118.5636 124.0603 124.2324 124.1699 124.1443 124.1438 124.1358 124.1493 124.1638 123.6267 124.8046 103.9446 102.0604 105.0747 100.3616 126.7370 124.3700
124.2700 125.1497 127.5620 129.1986 127.1398 129.5260 128.5060 126.7669 119.1189 120.9977 122.4145 115.9620 105.4706 111.3046 115.0688 111.9003 113.2927 111.8203 111.2461 108.9293 112.6863 106.2117 110.2295 113.8569 102.7323 111.7884 112.6192 112.0255 119.1074 101.4162 105.3054 119.8630 123.5482 114.9519 104.9619 119.1836 121.1675 121.8199 124.1383 117.1553 124.5274 124.2957 124.2817 124.2576 124.3980 114.8473 121.4236 115.8073 125.4382 123.9594 123.9190 123.9145 123.9029 123.8938 123.9014 123.9117 124.3774 122.9672 104.5023 106.0599 105.2494 106.4112 126.1577 124.1600
116.3100 122.8957 125.0284 124.7296 129.1454 129.8012 121.2224 125.0325 121.7665 117.8099 103.0802 108.8303 113.8864 106.4522 104.8768 113.1375 111.7066 111.9947 106.9929 110.3998 112.8511 116.8127 116.4488 114.0339 112.7984 113.6445 110.5820 113.7072 102.5946 104.1984 107.4572 111.4324 122.7242 122.4052 116.7500 118.1848 116.9536 123.2496 125.2660 124.8682 124.4047 124.1116 124.0611 123.9925 124.9874 116.9442 107.0282 119.0320 112.4561 125.0618 123.6712 123.6412 123.6627 123.6394 123.7723 124.7036 108.1251 124.7646 115.3015 114.0001 107.5165 109.6624 124.7084 123.9200
116.0400 113.8816 121.4422 125.7440 119.6267 108.2553 117.0406 119.9883 116.2454 107.4719 115.0195 104.6777 111.5350 110.6300 110.8948 111.6056 112.7854 110.8828 107.9308 111.6120 108.4435 114.4004 112.5184 110.0383 115.3609 109.3393 108.5097 105.0376 119.1161 114.9197 120.0678 121.8933 128.1092 122.3868 124.0753 125.6426 123.3265 124.4925 124.1239 124.0249 123.9664 123.9375 123.8140 123.7919 123.3954 126.3791 119.1770 113.1036 112.3197 123.7821 123.4328 123.4153 123.4114 123.3917 123.4714 123.5413 111.2093 103.2473 118.1012 120.2759 119.2188 120.3854 124.3596 123.7100
108.4300 107.8300 106.3767 119.7387 125.4623 106.2732 120.5600 118.2262 117.7843 117.8990 116.4862 110.3097 105.5241 115.9249 117.4369 114.3224 111.0915 111.9693 110.2270 114.9091 109.7748 108.3292 113.0405 115.1868 114.9501 114.2918 105.5938 109.7443 105.1779 118.6771 125.9999 124.4509 114.9197 96.8887 119.7381 124.5477 124.1834 123.9863 124.0476 123.8727 123.7833 123.6580 123.6285 123.5640 123.3565 124.5893 104.2045 115.0647 118.6309 124.0820 123.1602 123.1530 123.1551 123.1410 123.2126 123.9022 113.4274 101.3353 117.2828 119.5596 116.3947 122.9334 123.2995 123.4800
119.4700 118.0120 119.2659 121.3091 119.0972 122.7680 112.7872 119.0658 116.9852 118.4993 118.1768 120.5827 103.4764 104.9041 105.3055 115.5051 113.5747 110.2978 113.4305 109.3691 111.9279 109.0331 110.0243 111.9045 108.7207 110.7043 110.1380 108.8534 114.1422 127.9352 123.3176 126.5087 119.2872 108.2921 126.5796 123.6325 123.8704 123.8675 123.7353 123.6463 123.5271 123.5662 123.3288 122.9239 123.0793 125.8958 104.6679 114.3339 120.6733 122.9305 122.9446 122.8988 122.8845 122.8844 122.8865 122.8586 125.4317 112.9277 125.6407 123.7030 123.4324 123.1531 123.1384 123.2500
115.2600 119.1140 105.7025 121.7504 118.6271 118.3561 122.8177 116.6699 118.8121 116.1154 116.4003 118.7558 105.6982 105.1251 104.6115 104.9535 113.3370 112.2030 111.1398 110.3449 109.4073 112.8208 107.1734 104.3673 114.4023 112.7300 112.4982 119.2453 122.6075 132.0227 122.8930 122.7987 103.3895 116.8148 123.6819 123.8705 123.7733 123.6050 123.5259 123.4195 123.3280 122.9367 123.4506 124.5734 121.3932 122.1294 101.6041 124.2123 123.5772 122.5355 122.6534 122.6461 122.6331 122.5523 122.9158 122.2522 124.8108 104.2835 124.7574 122.5221 122.7011 122.7660 122.8319 123.0000
118.4200 118.3183 110.7463 119.3605 113.2410 116.2516 114.8879 115.2376 121.7315 114.6156 119.5510 116.9194 117.8508 116.6179 107.5421 110.8128 115.4227 114.7719 112.3303 104.4536 104.5494 104.5334 106.4470 105.8373 115.8830 124.6249 134.7643 116.1238 118.9301 121.0262 123.6522 123.8682 125.6539 112.0584 123.9780 123.6355 123.5035 123.4279 123.2957 123.1674 122.8353 124.3621 122.9117 106.5730 123.1967 120.6776 102.1754 124.4976 122.2041 122.3794 122.3839 122.2995 122.2274 122.3380 122.7026 122.2540 123.7009 123.9827 122.3905 122.5741 122.5133 123.1475 123.0848 122.7500
118.9000 118.8676 119.0048 117.3597 118.2546 116.0909 113.1547 111.0193 117.3295 122.4380 109.3732 117.1371 116.6239 114.9058 117.7114 115.0359 113.7599 124.1480 111.0403 110.2233 104.5839 109.3378 108.6601 104.4978 115.1699 116.1835 124.8968 118.1454 123.3082 124.8297 124.1971 123.7287 123.5392 125.0237 124.2636 123.2901 123.4088 123.0158 123.5264 122.9296 122.4818 120.1986 111.2722 118.8226 123.9063 122.6932 122.8998 123.3919 122.2303 122.0660 122.0904 122.3224 122.5909 121.9927 121.9920 122.0019 121.6140 121.5208 122.1767 122.1798 123.0148 114.0385 122.5186 122.4900
117.8600 118.1471 117.8292 118.6288 117.6220 114.5084 111.6429 114.7974 110.7808 116.6426 115.9771 115.4386 115.6525 114.5135 118.4640 118.9637 110.6230 111.8733 109.6021 112.7220 104.5264 111.8785 107.4314 107.2652 114.2179 121.9877 125.0186 124.9855 124.7149 124.0417 123.8190 126.2577 107.6688 123.3862 123.1757 123.3117 123.0556 123.4812 120.3155 123.1332 121.6608 124.2697 105.1653 125.8102 121.6492 121.9339 121.8807 121.7680 121.8745 121.8342 121.7840 122.3188 116.4020 122.3366 121.6285 121.8043 122.4324 122.7665 121.8076 121.9167 122.5642 121.4744 122.7346 122.2200
117.3500 117.4335 119.9008 122.7817 121.6222 123.4049 115.9987 118.0366 101.9576 115.5275 109.5700 112.0002 118.6535 117.3772 111.3567 115.5064 114.0481 114.0768 102.5921 111.3368 105.6030 117.1612 106.6130 119.0273 117.0023 117.3405 124.7966 123.8967 124.0254 123.8330 123.7721 109.9223 111.4955 125.7983 122.8772 122.9668 122.8881 123.0295 108.9406 120.5182 123.2848 115.6981 100.2242 100.5648 117.5624 121.8934 121.7300 121.6789 121.5754 121.5148 121.4999 121.4388 121.2072 121.4522 121.4993 121.6220 114.5309 120.4209 121.4773 121.6060 121.5790 121.8178 121.7830 121.9500
119.3900 107.8712 116.0093 119.5413 122.0323 121.6287 121.4928 121.1724 112.7801 109.4787 112.2804 108.4052 108.7162 107.9956 116.5996 116.5960 105.8514 109.1505 106.1734 105.1382 107.2923 121.0512 111.4353 106.4725 115.1785 121.8190 124.9508 124.7613 124.5122 123.7193 123.8741 119.3355 121.9165 116.1339 124.1225 122.7401 122.6416 122.6007 113.2354 123.3134 121.5204 105.6964 100.5981 114.0566 123.8517 121.6222 121.4094 121.3294 121.2699 121.2104 121.1660 121.1398 121.1002 121.0894 121.1093 121.1793 119.0201 122.2638 121.0426 121.3155 121.4067 121.4630 121.5522 121.6600
119.3900 113.6621 117.1917 118.4843 119.1945 119.8223 121.8328 118.9935 118.0554 112.3973 114.7422 111.8682 109.6681 106.0886 112.8187 110.1413 112.4794 108.5871 113.5006 107.4759 115.3955 127.9673 125.6213 118.9317 114.8979 127.8008 122.3561 116.9268 123.0089 123.5575 123.1345 124.6237 118.5909 114.1073 122.9508 122.4057 122.3797 122.9281 122.1248 122.1410 121.5279 125.5417 119.4773 123.2949 120.8071 121.0092 121.1031 121.0137 120.9368 120.8807 120.8350 120.7987 120.7851 120.7728 120.7834 120.7684 122.1923 120.5343 120.9836 120.9852 121.0646 121.1563 121.2630 121.3600
115.9700 116.0647 117.0291 118.6250 120.5332 116.5281 117.6277 120.1713 113.2045 118.8878 116.7915 117.0041 107.3389 115.3431 108.2464 110.1389 107.0446 105.2344 105.0367 108.4203 110.9335 120.9312 123.9099 125.4480 122.0214 123.1584 123.0601 122.3154 123.8882 123.3045 123.2417 122.9130 122.5246 121.2548 122.7460 122.3656 122.1490 121.5465 122.1710 122.1812 121.4725 121.1333 129.3508 120.4835 121.1352 120.9112 120.7614 120.6881 120.6086 120.5459 120.4899 120.4525 120.4222 120.4170 120.4244 120.4660 120.3619 120.5592 120.5777 120.6533 120.7524 120.7786 120.8721 121.0600
115.9100 114.8630 119.4395 116.7932 120.4958 103.2887 120.1342 111.5340 115.9761 113.3295 114.3770 117.3667 116.6366 116.4662 112.4135 110.4309 102.7552 103.3276 104.6147 108.3235 106.4108 125.1856 124.3446 124.3167 124.6812 124.3015 123.7937 123.5710 123.3746 123.1847 122.9890 122.8212 122.8523 122.4601 122.1967 121.9463 122.5816 122.4821 114.6068 119.8656 121.3684 120.8015 122.9932 120.3804 120.6275 120.5352 120.4385 120.3483 120.2643 120.1897 120.1325 120.0900 120.0620 120.0576 120.0447 120.0574 120.1166 120.1637 120.2324 120.3076 120.4139 120.4742 118.7312 114.3100
115.4500 120.9317 115.6110 116.6601 115.1154 110.2897 105.3440 107.7561 112.1514 115.8369 113.1563 113.4768 118.3881 111.9983 112.4646 108.3000 108.0106 105.8151 111.4590 108.7425 117.1309 124.2229 123.9668 124.1900 123.9610 123.7466 123.5950 123.1910 123.0970 123.0281 122.7995 122.6018 122.4216 122.2385 121.9430 121.8670 122.9016 115.7751 113.2812 122.2399 121.4676 120.7948 120.4425 120.3419 120.2969 120.1323 120.1328 119.9806 119.8987 119.8235 119.7588 119.7102 119.6871 119.6757 119.6841 119.7091 119.7472 119.7976 119.8677 119.9517 120.0616 120.1343 120.5907 120.4000
114.6400 114.6660 114.2030 114.6307 114.8274 116.6939 120.1655 110.2282 112.1774 118.5782 114.6902 112.2329 113.2730 112.8261 107.7764 107.9648 105.6146 110.2336 121.6638 108.6613 106.4628 112.6724 125.5314 123.9623 123.5640 123.9912 122.3791 122.6509 123.2158 122.8522 122.6086 122.4144 122.1822 121.9914 121.9545 121.2260 122.0935 118.2400 113.6379 103.1708 121.1692 120.5804 120.2036 121.8031 119.7032 120.4652 119.7245 119.6143 119.5216 119.4363 119.3682 119.3238 119.2948 119.2744 119.2845 119.3063 119.3529 119.4131 119.4872 119.5852 119.7011 119.8218 119.9036 120.0600
120.3000 119.7811 115.8463 107.3676 110.7832 110.4774 118.4172 114.9070 112.5888 116.7259 116.5806 108.6919 122.6918 115.3779 120.0905 105.0549 107.0792 115.9833 117.4522 113.5720 107.8253 123.6702 120.9775 124.0557 123.8579 121.9694 102.6077 116.0619 122.5806 122.8535 122.3867 122.2638 122.0018 121.7013 123.8040 109.2022 118.7671 106.2033 114.3462 104.1569 114.2287 120.5717 119.6868 119.2534 103.4393 119.5340 119.3760 119.2404 119.1286 119.0444 118.9679 118.9065 118.8795 118.8601 118.8728 118.8966 118.9412 119.0075 119.0905 119.1953 119.2919 119.4414 119.8844 119.7100
115.5200 113.4595 114.1900 115.0832 115.7775 111.5356 110.8394 105.1687 110.0111 115.1104 116.2542 109.3047 112.8412 105.6307 131.2814 109.9691 109.1979 112.3635 122.4766 120.9825 121.1307 125.5020 123.8222 123.4632 120.3439 114.4241 102.0742 109.8772 110.2354 123.7491 122.1281 122.1474 122.3025 116.4661 111.6734 104.0277 114.7385 112.8977 118.1946 105.6621 98.9173 116.7533 119.6786 119.2864 119.7013 120.2697 119.2239 118.7038 118.7248 118.6214 118.5336 118.4780 118.4393 118.4239 118.4305 118.4662 118.5075 118.5803 118.6826 118.8032 118.9048 119.3236 117.3440 119.3100
116.1200 116.5954 114.0435 113.0466 112.1284 113.6049 113.3724 113.2259 108.9127 111.9869 110.5485 110.6362 115.5302 108.5060 110.3455 102.6848 106.3490 114.4153 122.4442 118.6795 124.3350 124.0247 123.8752 126.6173 125.8153 105.2615 108.6655 106.2313 122.7485 121.9619 122.0497 121.6561 115.9237 120.8946 112.4137 108.8019 101.5139 106.6271 103.8038 109.9664 111.3278 123.7676 119.2187 118.7123 118.5444 109.0701 118.0449 118.4636 118.2919 118.1853 118.0904 118.0256 117.9862 117.9697 117.9760 118.0035 118.0846 118.1548 118.2494 118.3211 118.4133 118.8007 116.2002 118.9100
105.5300 118.2873 117.3638 111.9856 113.5576 114.4648 112.3997 113.9229 110.9374 110.6438 109.3055 108.4155 108.4387 113.1947 111.4171 106.9863 108.0359 116.3534 121.1349 132.2023 124.7978 123.6363 125.6252 114.0835 95.5510 100.1457 108.3000 119.9089 124.0935 122.7123 121.7652 122.8500 109.7188 108.3619 121.0443 119.3106 109.3146 107.3045 108.8842 102.2337 122.0965 110.9114 105.1864 120.2470 115.8433 121.8147 117.7301 118.3782 117.8493 117.7196 117.6206 117.5471 117.5007 117.4830 117.4837 117.5302 117.4800 117.6072 117.8755 118.0621 118.8743 118.2743 118.7229 118.4400
105.5100 115.5951 107.6638 121.9069 122.9580 117.4005 115.8838 110.2313 110.1244 112.7945 108.7118 106.3350 109.2776 112.1007 107.4135 104.3103 118.4133 123.2328 117.2218 102.3907 123.5394 123.4792 120.7531 98.8563 98.5478 105.0025 114.3915 97.4180 120.4128 118.3537 126.2962 113.7709 102.4157 101.1768 98.8174 116.9317 120.3030 114.8705 118.8656 99.2543 121.2714 102.0586 105.6557 117.4938 117.5692 117.1323 113.1590 117.6045 117.3885 117.2347 117.1291 117.0421 116.9918 116.9676 116.9985 117.0130 117.5527 117.5309 116.7230 117.2524 117.6592 117.8400 118.0512 118.4400
105.5100 114.1840 107.8438 121.8008 119.2539 125.3140 113.9111 116.7351 114.5125 106.5723 111.2824 110.8588 106.6275 108.8825 110.1515 106.3539 119.1607 116.8532 115.9910 128.0045 124.8610 123.5771 125.9501 102.4747 117.8685 114.7096 125.2434 111.4142 123.7892 118.7781 107.9390 108.4933 105.9453 118.7594 100.6080 99.5960 120.5266 110.0933 104.6172 100.6700 114.6479 118.8043 118.0838 118.3027 119.7651 117.3488 117.9845 117.1307 116.8561 116.7221 116.6028 116.5044 116.4499 116.4508 116.1822 115.4659 105.2165 116.2732 116.4678 117.0658 117.1432 117.3970 117.6234 117.5900
114.4000 117.3248 117.9105 114.4563 116.1572 116.6825 115.7047 106.0512 113.5166 113.8333 118.8082 106.2506 118.1297 108.8713 102.3102 110.6675 120.8431 118.8289 119.4610 124.1232 123.6122 123.3699 123.1299 117.4103 124.5860 122.9357 115.5983 115.8980 122.1495 122.2718 122.0533 118.9219 109.1029 108.8201 105.3368 95.4739 103.2658 101.6787 100.2897 97.6533 100.8609 114.6933 119.8847 117.4167 118.3970 116.7969 116.6971 116.5356 116.3790 116.1784 116.0444 115.9408 115.8714 115.8638 115.4385 113.5530 104.1701 116.8546 116.1193 116.4622 116.6915 116.9327 117.1876 117.0800
113.4800 114.8906 114.7916 113.7682 109.6214 108.9517 110.1448 101.8732 116.2359 110.9848 115.5667 105.5741 110.7392 106.3891 106.0834 117.1532 110.4090 116.2174 119.8717 124.2090 123.7034 123.3124 123.4982 123.2406 122.7093 121.8659 125.8532 121.1894 121.5977 121.4269 121.3058 122.7414 105.0262 107.3442 105.2540 112.8701 117.6844 117.4812 114.1716 113.3559 112.6910 113.4808 117.7595 116.9580 116.8216 116.5520 116.2796 116.0373 115.8011 115.6062 115.4502 115.3218 115.2508 115.2295 114.9998 115.5171 116.6299 115.1894 115.8254 115.9361 116.1883 116.4551 116.7356 116.9800
123.7500 112.2270 112.0831 111.7249 110.9952 111.4870 110.5620 109.7446 109.4369 106.3667 107.4651 108.0073 108.8959 116.9871 104.2338 106.0394 116.0184 112.6138 113.2309 124.9793 123.5570 124.4098 108.2260 122.9102 122.0895 122.4415 122.7626 121.6686 121.5187 121.2419 121.0809 120.2390 117.9112 107.0903 101.5088 99.0100 101.2072 121.0891 118.1053 119.0000 117.5756 117.6899 116.9464 116.7388 116.4041 116.0751 115.7626 115.4789 115.2260 114.9984 114.8141 114.6652 114.5841 114.5478 114.4513 113.5291 112.2384 115.0328 115.1296 115.3785 115.6541 115.9529 116.2708 116.4900
127.3100 122.6666 123.0809 116.5514 112.4771 110.1021 109.4773 108.9472 111.0266 109.6140 107.2289 103.4798 103.2037 103.2304 102.1430 102.4750 110.5094 124.2312 123.7236 123.9174 123.5318 122.8248 123.8499 123.5452 122.3177 121.9740 122.0125 121.6939 121.4003 121.1014 120.7957 120.4183 120.2172 121.4529 100.3015 111.7918 97.1016 98.7620 118.1856 117.9970 117.3348 117.0997 116.6610 116.2859 115.9198 115.5635 115.2252 114.8984 114.6074 114.3427 114.1313 113.9685 113.8578 113.8175 113.8247 114.0976 114.1060 114.1637 114.5321 114.7855 115.0978 115.4367 115.7854 115.9700
127.2900 120.7969 120.7789 113.6129 115.9399 107.9618 108.4680 108.5563 108.0921 113.0012 103.4640 105.8404 105.2722 106.7404 105.1284 110.1554 108.0644 124.5405 123.4275 123.5287 123.5966 118.0728 122.8842 122.3712 122.4789 120.3806 120.1452 121.4456 121.2803 120.9469 120.6630 120.2973 120.2589 120.3290 112.2634 119.3506 106.5724 106.5086 100.2474 116.5579 117.2249 116.7168 116.2672 115.8519 115.4451 115.0438 114.6532 114.2879 113.9506 113.6462 113.3924 113.1993 113.0717 113.0185 112.9834 113.0625 113.3012 113.5545 113.8365 114.1616 114.5176 114.8953 115.2896 115.3300
127.1700 127.8597 124.8114 113.7435 110.9363 110.9761 109.8551 109.7835 107.6075 106.3308 103.9156 103.4276 105.2838 102.9453 119.5634 114.7080 125.4511 125.3560 124.2505 124.4885 124.2704 124.5499 104.1203 123.8312 122.5480 122.1061 122.4380 121.5188 121.1786 120.8758 120.5386 120.3145 116.6119 117.4017 117.0881 120.3333 119.5365 115.9604 121.2300 113.6813 115.2051 116.3257 115.8873 115.4053 114.9594 114.5112 114.0762 113.6506 113.2549 112.9003 112.6007 112.3630 112.2109 112.1467 112.1857 112.3124 112.5005 112.7750 113.1100 113.4943 113.9027 114.3396 114.7897 115.2500
121.9800 124.4131 112.7410 111.6998 112.0093 111.6329 109.7520 109.9697 106.6012 107.6078 110.1221 103.6239 113.1757 107.7065 112.8516 99.2507 126.2039 113.0847 120.2454 116.6355 115.6261 121.9322 103.6902 119.5241 119.4779 114.2627 122.2760 122.6606 120.9093 120.3459 120.3460 120.3719 106.1537 103.5532 106.8737 118.6481 113.4119 117.1729 116.6130 117.2857 116.4834 115.7961 115.4784 114.9646 114.4616 113.9592 113.4664 112.9746 112.5137 112.0884 111.7322 111.4399 111.2496 111.1678 111.1997 111.3507 111.6061 111.9484 112.3459 112.7952 113.2762 113.7705 114.2762 114.4800
118.3900 117.3472 118.8148 116.6617 112.6665 114.2946 113.0245 113.7579 108.0300 107.9438 106.7053 106.5759 102.5934 102.6862 114.6668 112.8761 116.4199 116.0894 106.3341 104.8571 106.3882 111.1156 110.9957 99.4746 111.5350 106.8222 123.1270 120.9576 121.4426 122.3774 121.7494 121.2011 110.1011 97.4045 110.8512 119.8800 109.0895 117.9586 117.3706 116.6653 116.4384 115.8170 115.0595 114.5213 113.9703 113.4050 112.8384 112.2742 111.7279 111.2216 110.7749 110.4190 110.1746 110.0749 110.1213 110.3124 110.6273 111.0451 111.5243 112.0581 112.6220 113.1864 113.7512 114.4800
120.6300 120.6674 116.9855 115.6737 111.8262 113.4213 113.8610 111.4791 112.6254 109.9256 104.5936 108.1853 106.1995 107.8247 100.7844 112.5501 114.1628 123.3415 124.4035 111.9961 125.4150 111.0683 124.5871 111.7388 108.7055 124.2665 121.3824 120.9304 121.0918 112.4223 111.8786 107.9194 114.6804 103.7205 92.3136 107.3326 117.4395 116.7961 116.9609 116.3506 114.0565 115.5235 114.6900 114.1211 113.4816 112.8454 112.1990 111.5456 110.8973 110.2791 109.7207 109.2694 108.9588 108.8223 108.8837 109.1266 109.5329 110.0554 110.6569 111.2907 111.9478 112.6009 113.2421 113.6600
120.6100 114.1791 114.6254 111.9200 111.3906 109.2567 108.8844 108.9005 108.5455 107.1455 104.5398 103.9341 116.2865 108.4024 103.1507 100.4445 116.0083 125.4110 123.0781 125.3456 123.5506 120.4237 122.0412 123.2767 124.7377 122.1269 122.0002 121.5561 121.1027 115.0663 114.6397 106.8371 101.8573 104.8505 109.0081 99.1540 121.3419 116.3477 116.6264 115.4156 121.2521 112.3643 114.3340 113.6832 113.0063 112.3006 111.5607 110.7951 110.0268 109.2680 108.5624 107.9660 107.5427 107.3486 107.4395 107.7794 108.3161 108.9944 109.7374 110.5043 111.2724 112.0188 112.7420 113.0000
119.1400 115.7023 112.6267 115.1906 110.9756 111.3272 113.7933 109.7804 110.0318 109.2102 107.8893 100.9171 118.7772 112.4515 101.9461 110.1235 122.5331 124.5466 123.4267 122.8790 122.7751 123.0753 122.6847 121.8640 121.3126 122.4541 117.2846 117.4971 120.2162 120.9884 120.7425 120.9788 113.3025 112.8907 95.1379 95.7678 98.3323 116.6456 116.2176 115.8384 117.6832 113.6630 114.1371 113.3026 112.5573 111.7710 110.9345 110.0460 109.1264 108.1788 107.2799 106.4638 105.8585 105.5897 105.7152 106.2011 106.9508 107.8342 108.7669 109.6966 110.6027 111.4551 112.2675 112.8100
111.2400 111.9878 110.9587 111.2040 108.7412 118.3228 110.1390 109.8524 108.8265 106.4372 104.9201 104.4471 123.2417 112.0455 122.8719 121.7640 124.1276 123.6032 123.4618 123.2777 123.0062 122.6504 122.9193 122.8971 121.4439 122.0522 108.4954 117.9765 120.6855 120.1556 119.6898 119.2291 119.6021 118.8629 116.0882 113.7426 113.4593 115.8547 114.6486 115.6960 114.8571 114.2959 113.6990 112.9679 112.1574 111.2792 110.3407 109.3192 108.2167 107.0550 105.8537 104.7249 103.8078 103.3620 103.5732 104.3318 105.4061 106.5980 107.7796 108.9048 109.9571 110.9345 111.8300 112.0700
117.9900 109.8507 110.8200 109.9300 110.3673 111.8508 109.7288 109.7625 108.0459 105.3703 105.8415 119.5401 115.4682 118.0731 123.1155 107.8850 128.3207 123.6123 123.4706 123.2228 122.9417 122.5284 123.6929 112.4291 123.0612 117.7744 120.0002 121.3616 120.5288 120.1718 119.8183 119.4091 118.8315 121.1359 97.0680 120.5185 117.4693 116.9082 115.8023 115.4779 114.8708 114.1953 113.4578 112.6700 111.8007 110.8554 109.8053 108.6475 107.3495 105.9052 104.3235 102.6632 101.1807 100.4075 100.7808 102.0428 103.6990 105.3177 106.8240 108.1677 109.3797 110.4673 111.4563 111.9400
117.5700 115.8597 109.9459 110.3475 110.3680 110.6769 109.2651 109.2247 106.8625 106.1846 112.2414 120.1553 107.3264 125.2182 122.2289 100.0479 124.3834 123.5206 123.4471 123.1416 123.0431 122.6548 122.4436 122.7645 108.3978 125.2174 118.0148 120.7668 120.4475 120.1211 119.7651 119.3315 119.0445 118.3481 118.1648 118.2009 117.0958 116.5920 115.9754 115.3665 114.7321 114.0250 113.2617 112.4399 111.5229 110.5109 109.3700 108.0758 106.5869 104.8344 102.7758 100.3177 97.6707 95.6344 96.6418 99.3323 101.8666 104.0938 105.9632 107.5418 108.9026 110.0930 111.1560 111.8300
111.2100 110.1523 109.9814 109.7968 109.5852 109.5649 109.0470 108.5332 105.5613 103.3343 102.0065 116.9984 110.6083 118.6344 124.0905 125.3073 124.2182 123.5483 123.4315 123.5025 121.9338 122.6811 122.4850 122.7007 107.9467 104.3183 121.7161 120.5358 120.4492 120.0998 119.7554 119.2579 117.4316 118.0531 117.8362 117.5470 117.0285 121.9576 116.0470 115.3535 114.6314 113.9200 113.1383 112.2787 111.3336 110.2702 109.0608 107.6674 106.0165 103.9976 101.4136 98.0013 92.2127 89.0423 90.4254 96.1607 100.2082 103.1115 105.3055 107.0782 108.5635 109.8329 110.9472 111.7600
112.9100 109.1301 110.5837 110.6297 110.3218 110.3607 110.6147 108.1236 104.8847 103.8788 102.2909 117.9967 115.1741 122.8795 124.0319 123.9111 123.8649 123.5997 123.4360 124.8764 104.8927 123.2315 122.5711 122.7389 110.7657 102.3463 111.9404 114.9866 121.5345 119.9612 119.8142 118.8405 112.3048 107.1866 118.0042 117.6346 117.0252 116.0803 115.7705 115.2810 114.5958 113.8704 113.0789 112.2198 111.2460 110.1556 108.9234 107.4751 105.7322 103.5634 100.6512 96.4208 88.4349 84.7634 86.3945 93.5336 99.2388 102.5816 104.9744 106.8532 108.4017 109.7110 110.8523 111.7100
109.7100 110.9918 107.8916 108.9765 108.8242 108.5236 108.5574 107.7318 110.1932 104.8717 106.5583 106.7712 128.8747 125.3021 124.1316 123.6555 123.9426 123.6562 123.4601 124.1025 120.0724 116.8739 122.8499 123.1758 110.4834 121.9976 114.1403 115.6804 114.2764 120.7654 119.9337 118.9723 113.0079 116.7852 117.3376 117.4901 117.0360 116.5639 115.9135 115.2708 114.5982 113.8599 113.0709 112.1897 111.2456 110.1804 108.9482 107.5092 105.7884 103.6448 100.8064 96.5869 89.1636 85.6471 87.3317 94.1651 99.4454 102.6888 105.0419 106.9013 108.4319 109.7298 110.8693 111.7000
115.9300 113.8181 104.2648 103.5905 103.3134 103.6771 105.8078 107.4509 105.3530 104.0349 108.4186 108.5851 111.7840 119.0269 125.3292 128.4877 123.8246 123.6364 123.4290 123.3550 119.8900 119.6105 122.3455 121.9111 122.1913 122.0934 107.6146 121.0611 116.5927 119.9453 119.7429 119.1033 119.6105 118.6686 118.8094 117.3048 117.0315 116.4919 115.9281 115.3225 114.6644 114.0659 113.2816 112.4881 111.4634 110.3376 109.1541 107.7786 106.1780 104.2408 101.8511 98.5333 93.8817 90.8326 92.3578 97.2342 100.7112 103.3946 105.4922 107.2140 108.6581 109.9028 111.0006 111.7300
116.2500 113.2245 110.3251 107.8940 107.6362 107.6761 108.6450 107.0684 103.5803 105.3662 120.8916 119.7378 113.2071 123.4935 126.4962 125.4439 124.0310 123.6648 123.4490 123.2776 123.7783 122.9705 123.1752 123.6769 122.6513 121.3319 122.2321 121.6594 120.9120 121.1849 119.7301 119.3419 118.6395 115.8708 117.8409 117.2680 117.1507 116.5821 116.0139 115.4063 114.7494 113.4386 112.7268 111.7762 111.5569 110.6068 109.5004 108.2396 106.8184 105.1685 103.2427 101.0566 99.0961 97.5285 98.2151 100.2676 102.4793 104.4861 106.2256 107.7318 109.0436 110.2054 111.2431 111.7800
109.7900 113.9092 113.2537 112.1844 112.2679 112.5266 112.0480 107.8411 106.6220 108.7456 114.9615 126.6245 126.7341 124.7085 123.8302 124.1255 123.9610 123.7941 123.5322 123.1891 122.3766 122.4718 113.6232 109.6737 123.4542 121.3338 120.9272 120.6464 120.2909 121.4375 119.6975 119.4972 119.5279 111.4420 119.2642 117.5704 117.1993 116.6823 116.1234 115.6165 114.7565 117.0592 115.2206 113.4117 111.8338 111.2643 109.9544 108.8550 107.6269 106.2753 104.8310 103.3634 102.0743 101.4410 101.7414 102.8466 104.2777 105.7423 107.1312 108.4027 109.5639 110.6190 111.5689 111.8700
116.5300 119.7827 112.0624 112.0968 112.3529 115.2774 105.8858 113.9945 106.8468 108.9800 107.2295 128.8762 124.3035 124.8930 124.5944 124.1783 123.9304 123.4117 123.3134 123.3274 123.5797 122.1345 121.4369 115.7439 121.9687 121.5393 121.3043 120.9645 120.5981 120.0707 119.8824 119.5222 117.7393 117.2155 117.6492 117.9184 117.3241 116.8268 116.2977 115.2312 116.3535 100.4264 103.9604 99.2152 112.7470 111.1713 110.4193 109.5615 108.5077 107.4209 106.3318 105.2988 104.5165 104.1325 104.3047 104.9727 105.9278 107.0053 108.1012 109.1629 110.1699 111.1021 111.9715 112.7200
117.4500 112.5738 111.6839 111.8947 112.0389 113.9598 112.8040 111.2658 108.1584 110.2628 128.5045 126.9606 125.4397 124.5607 124.4600 124.4086 124.2214 125.4887 124.9981 123.1514 116.7006 123.4606 119.4083 123.6596 122.6103 121.9222 121.3090 120.9799 120.6658 120.3406 119.9497 119.4765 127.9712 128.3604 122.4080 117.5663 117.3450 116.9691 116.4818 116.8690 100.2502 91.4253 93.1018 90.6934 95.7455 113.5055 110.9696 110.2926 109.4197 108.5494 107.7106 106.9680 106.4286 106.1769 106.2966 106.7391 107.4135 108.1840 109.0908 109.9680 110.8207 111.6404 112.4195 112.8700
116.5400 118.0455 111.3416 111.9551 112.3320 112.3579 111.7719 108.1462 104.1227 113.4158 121.4592 113.9774 126.7033 125.5603 124.1610 123.3245 115.3912 105.2572 126.2596 122.6904 120.4877 120.0092 114.1145 123.8614 114.0091 122.6253 121.3063 121.0554 120.7392 120.3894 119.7382 119.8031 121.6904 119.8640 118.9186 118.2641 117.6725 117.1631 116.6688 116.2429 114.1129 98.4689 96.9765 99.0156 112.2705 112.6525 111.7362 111.0373 110.3132 109.6059 108.9504 108.3995 108.0148 107.8392 107.9210 108.2282 108.7294 109.3480 110.0392 110.7656 111.4948 112.2098 112.9102 113.5500
118.4500 112.3961 111.2160 110.5777 109.6282 109.2287 108.4431 103.3777 104.0753 110.3713 108.2514 106.2934 111.6270 110.2345 125.5922 126.0554 108.3446 118.3286 124.6008 123.2066 123.5386 125.3720 115.9319 123.7314 121.6714 121.7047 121.4797 121.1519 120.8007 120.6286 121.9844 117.0284 119.7922 119.0087 115.0608 112.2607 117.9621 117.3592 116.8937 116.4046 115.9843 114.7926 115.0542 114.0614 113.5010 112.9876 112.4165 111.7805 111.1726 110.5891 110.0715 109.6509 109.3555 109.2340 109.2908 109.5196 109.8960 110.3887 110.9522 111.5499 112.1718 112.7973 113.4137 113.7200
110.8400 109.8682 110.3371 110.2687 108.5723 107.9594 104.8542 104.1782 102.4875 120.8233 108.5469 110.9756 106.3512 110.0989 108.0104 101.1214 123.3830 113.6076 123.3596 102.0235 115.3781 117.7296 97.8586 123.6700 121.7732 121.8485 121.5472 121.2661 121.1517 120.7241 120.4841 113.1938 118.1889 119.4102 111.3232 117.2978 117.7166 117.6373 117.1393 116.7044 116.1636 115.6639 115.8611 113.1918 114.1002 113.6056 113.0371 112.5030 111.9852 111.5057 111.0883 110.7541 110.5295 110.4355 110.4753 110.6589 110.9562 111.3429 111.8073 112.2845 112.8496 113.3834 113.9306 114.3600
109.7800 110.0485 109.5898 108.6364 106.4775 105.7866 104.6738 104.2155 103.4562 101.7964 109.0492 105.0328 112.0671 108.2382 116.0281 118.8354 117.3828 109.4285 119.9274 123.6135 119.0274 124.3283 124.1796 122.4732 122.2618 121.9356 121.6563 121.3170 119.7932 121.7162 103.7407 121.4934 119.6970 119.4922 110.6762 114.0247 118.3725 117.8466 117.3785 116.9399 116.4948 115.9468 114.4392 101.2737 111.5954 114.1303 113.6722 113.2126 112.7550 112.3540 112.0133 111.7389 111.5603 111.4875 111.5121 111.6622 111.8995 112.2171 112.6023 113.0359 113.4861 113.9545 114.4442 114.5100
114.1700 114.4200 110.1112 109.6548 109.2252 108.7569 112.4974 104.2170 104.5735 106.3194 121.9070 103.7418 120.8496 111.4283 102.3800 101.3125 117.5391 109.8083 96.7410 122.5793 110.8941 118.1400 122.6908 122.2536 122.3626 122.0122 121.8175 121.9942 104.9650 119.7949 114.7462 118.4868 119.9730 120.3029 117.5920 118.3913 118.7232 117.8830 117.7165 117.3878 116.5270 116.8310 95.3210 109.5187 111.7102 115.0719 114.2516 113.8579 113.4844 113.1445 112.8595 112.6281 112.4931 112.4420 112.5008 112.5675 112.7667 113.0343 113.3555 113.7124 114.1055 114.5241 114.9566 115.1400
114.3300 113.3118 112.4452 108.8685 108.8755 109.3165 106.4723 104.0275 102.7741 113.8693 111.4377 110.5262 110.5483 111.6172 117.6877 109.8733 121.9569 126.8503 105.3386 122.4272 113.9537 114.9405 123.0645 123.0597 121.5999 122.0988 121.8595 122.4020 112.2163 116.7609 118.7717 117.9709 117.1325 117.1288 112.0859 116.9622 118.3000 118.3499 118.0041 117.2581 117.1551 118.2763 109.7073 110.2137 116.4701 115.2330 114.8379 114.4922 114.1673 113.8754 113.6360 113.4502 113.3244 113.2213 113.1572 113.4235 113.5499 113.7802 114.0542 114.3648 114.7095 115.0856 115.4557 115.8400
112.1200 110.9184 109.0703 110.2987 107.8144 106.3894 103.6337 112.8080 106.3982 107.7352 117.7890 111.7076 119.4458 118.0150 127.0776 127.2548 124.7046 125.2035 118.6741 114.9341 112.1015 125.4350 112.3448 123.6169 122.2721 122.6290 122.0325 112.6318 117.4960 118.3960 118.3362 121.2083 116.6638 118.0171 108.7163 114.1707 106.5561 119.5259 117.6301 122.4832 112.2639 117.9363 105.1542 115.5639 115.8159 115.6499 115.3981 115.0848 114.8077 114.5616 114.3512 114.1864 114.1205 114.4214 114.1569 114.1433 114.2739 114.4630 114.7162 114.9836 115.2793 115.6030 115.9504 116.3900
110.2500 110.3167 112.0859 110.0439 107.0672 104.6476 105.0990 109.5733 111.7250 106.4295 113.1140 121.1185 126.9065 125.9340 124.9136 124.2771 124.2340 126.3622 124.8387 121.1721 125.3267 111.8546 111.7357 124.1539 118.5091 122.4934 123.8554 97.6423 120.2698 119.8727 122.7771 116.7176 120.3686 119.7605 107.2119 106.5278 102.4530 120.2573 118.0977 122.6573 106.5737 95.0166 120.5345 116.8368 116.0993 116.1081 115.8947 115.7127 115.3962 115.1881 115.0147 114.8579 114.8774 115.9392 97.2835 115.8768 114.7226 115.1228 115.3257 115.5694 115.8269 116.1193 116.4154 116.8800
106.9100 107.8167 107.9517 119.9298 114.1822 108.8921 115.5492 102.5524 114.7323 107.5391 118.6313 122.0739 124.7598 125.1179 124.8833 124.8362 125.6843 107.9453 121.0333 120.6919 123.1965 115.5376 125.9370 123.2145 120.4648 121.8635 126.4902 106.8205 110.6560 119.1300 120.7049 118.8814 120.6991 121.3275 122.2282 108.8023 119.9415 114.4332 119.4822 118.1222 118.7991 98.0915 117.1525 117.1200 117.0127 116.6759 117.5902 115.8014 116.0394 115.7928 115.6397 115.5114 115.4819 115.3556 116.5136 116.8419 115.3577 115.7334 115.9216 116.0888 116.3730 116.6069 116.9025 116.9800
105.4500 106.0137 105.1074 109.8328 123.9985 113.9985 117.4406 114.4321 111.5568 107.8665 104.7662 120.6566 126.8115 126.4869 125.7136 124.6202 126.1017 118.5436 127.2510 125.8399 127.8801 109.1970 125.9137 123.4370 122.5297 118.9059 104.1454 121.7911 103.2377 123.6456 121.2433 121.2504 120.8291 120.4942 120.6701 121.2894 98.4548 111.9740 119.6135 118.4589 118.7195 113.7083 117.0878 117.0567 117.4929 114.3284 113.1763 118.1910 116.4672 116.4068 116.2078 116.1069 116.0779 116.0619 115.7965 115.9048 116.4963 116.2948 116.3712 116.8191 116.7459 117.0769 117.2790 117.5100
105.4700 106.8748 104.5421 102.7499 113.9720 111.4688 109.8649 121.7122 105.7609 119.5603 119.9471 111.9349 115.3365 113.0063 125.5900 126.0607 110.5290 127.2419 117.0359 103.4950 107.4695 112.6941 118.4491 118.2222 126.6578 104.8829 104.5828 118.8346 100.9239 123.2798 121.2144 121.2822 121.0203 120.8500 120.2433 119.8738 116.8436 112.5318 119.7536 119.8464 118.4769 106.4760 120.9755 117.0692 118.2623 115.8058 103.1283 113.6512 116.8568 116.6751 116.7830 116.7047 116.6229 116.5834 116.6621 117.0357 110.9829 116.9691 117.4002 116.1072 117.3575 117.6344 117.7970 117.9700
116.0700 120.0233 115.3906 120.6470 126.5231 125.8404 128.1922 104.8977 123.1009 112.2538 110.5927 101.9442 115.8928 124.6036 125.2203 125.0568 125.2761 107.4917 102.8608 114.9205 123.3505 123.9266 125.8450 103.4431 108.5005 105.8145 104.8290 104.2977 122.7969 122.2829 121.6738 121.4625 121.2394 120.9561 120.7468 120.7680 116.0386 102.7376 120.3973 119.8553 107.9445 93.4198 117.7855 119.6655 117.6035 119.0265 119.2972 117.3519 119.0409 117.4468 117.2414 117.0702 117.1341 117.1257 117.1613 117.1343 117.0424 118.0419 118.8204 109.4734 116.7311 119.4330 107.1736 118.3700
127.5000 127.5441 127.3702 127.3191 126.9709 126.8945 126.8192 123.5410 102.8347 104.3884 103.7262 114.1065 126.4993 124.7259 125.5706 124.7524 125.0719 124.5615 125.1659 124.6383 124.8391 112.5484 108.5169 110.3434 103.5257 123.1763 104.1620 106.3521 104.7426 123.3789 121.6680 121.7040 121.4332 121.1991 120.9370 121.1885 122.6329 104.0400 114.4582 120.3929 100.7766 92.3804 112.5513 116.3719 120.5000 118.4085 118.2823 102.7570 114.6944 117.7205 117.9223 118.3100 117.6290 117.6297 117.6451 117.6921 117.8220 117.9013 102.3190 119.6016 117.3757 117.6641 93.8321 104.9500
131.5100 125.8919 127.4199 127.2215 127.0466 123.5386 127.6092 114.4609 104.0470 108.9211 111.7194 108.9457 128.0931 103.9742 123.3043 122.3398 124.5530 125.0028 124.0400 124.7123 118.1509 110.1083 112.7958 125.4613 123.4861 124.0602 104.1369 103.1402 125.5865 122.5315 122.0189 121.8621 121.6460 121.4369 121.0479 121.7206 102.1852 100.0634 123.8748 120.2608 119.9304 108.4555 103.0118 99.6935 112.7261 107.6956 119.7249 120.9795 118.9262 118.7431 109.4461 119.0775 118.0499 118.1088 118.1221 118.1393 118.3463 118.4654 119.8797 118.2124 119.6455 119.2556 109.0200 104.9500
139.3200 128.6676 127.6731 127.3110 127.4648 120.0503 124.2018 112.4739 114.5968 112.2366 130.1040 109.3756 120.2822 104.6079 121.3647 121.9933 113.8006 119.5383 125.2610 120.6303 124.1118 121.1693 125.0529 119.5135 102.7484 99.8919 110.6785 105.3149 119.8208 123.3004 122.3130 122.2487 121.8363 121.6282 121.4210 121.4492 121.7245 121.4542 121.1789 120.2683 121.8561 120.3080 119.6243 120.0052 114.8855 103.9288 98.1621 98.3977 119.1294 119.1296 119.1147 118.5881 118.5915 118.5616 118.5749 118.5990 118.6598 118.9207 107.2596 93.8003 121.4684 107.4519 108.9819 97.2600
129.6100 126.6828 127.4014 127.1872 127.9622 116.0192 114.5539 127.0842 127.9464 126.7497 125.2439 119.5179 122.5754 128.6410 104.9352 105.5454 111.4520 131.0136 125.5278 125.3245 124.9726 123.5006 124.6156 100.9777 106.4322 101.1894 100.5838 114.0550 118.6839 130.1574 124.2208 122.2579 122.0578 121.8581 121.7028 121.0700 120.9975 120.7834 120.8356 120.3226 120.4846 119.9341 120.2484 120.3081 119.7036 111.1969 117.4248 100.8381 119.3341 118.9838 118.9950 119.0617 119.0003 118.9876 118.9959 119.0287 119.0526 119.0177 120.9180 103.8511 115.6679 113.5566 102.7949 106.3500
129.6100 131.2200 127.4800 127.3700 127.2600 127.0500 126.9400 126.8200 126.3400 126.4700 126.2300 126.1100 125.9900 125.7400 125.6100 106.4300 134.7000 122.6200 124.9400 124.6600 124.5200 124.3800 124.2400 105.3000 123.7800 101.6200 101.9500 102.4300 113.2100 110.2900 122.6400 122.4800 122.1200 121.9400 121.7600 121.5700 121.4100 121.1900 121.0400 121.0400 120.6300 120.3800 120.2000 120.2000 110.8600 119.7800 119.8500 119.5800 119.6000 119.3600 119.4000 119.4200 119.0800 119.0900 119.0800 119.4200 119.4000 119.3700 119.3300 118.8900 115.6700 102.4700 103.5200 103.5200
