123.8600 128.8600 126.0100 113.3600 108.7200 129.2400 119.7300 122.5500 112.9500 119.9800 120.9100 105.7400 127.2200 125.5900 125.0700 118.4100 119.1800 118.2300 118.7900 104.5600 111.8000 118.7500 116.3500 108.6900 104.3400 107.5700 104.8200 104.8200 103.2200 103.1000 115.5300 110.5000 109.6100 106.9200 106.9200 124.1300 124.0400 122.3800 123.7100 123.5700 123.4000 105.1900 123.1500 123.1500 122.8200 122.8200 122.6700 122.5200 122.3500 122.3500 122.1700 122.2200 122.0200 122.0600 121.8400 121.8700 103.3500 101.4500 103.1900 107.1500 111.1200 121.6900 121.6800 121.6700
123.4500 127.1498 124.9965 121.3114 114.9862 121.0446 120.1974 131.1162 118.5422 114.4410 120.8038 104.6724 104.2590 123.7400 125.6182 110.1029 115.9645 118.6793 113.3226 104.5012 107.3416 116.0715 110.7454 108.9741 104.8089 104.8887 107.1238 104.5733 103.9642 103.9116 109.0110 126.4764 116.2916 109.5152 107.3422 118.1832 127.6315 124.1995 117.4699 128.7787 125.3431 115.0924 113.4593 120.7664 122.6276 122.4289 127.2310 122.8172 122.2212 122.1227 122.0214 121.9214 121.8277 121.7819 121.5754 122.2260 110.7270 101.2510 104.3928 106.8726 102.9142 118.8270 120.7411 121.3800
123.4500 127.2698 128.8078 128.5061 125.3114 120.9717 116.3935 112.8244 111.7317 121.2108 125.5305 108.2729 124.4823 124.2444 122.3487 125.5166 114.6190 114.2112 116.2248 109.1916 105.4157 109.1330 109.6151 110.3417 112.8067 102.5111 105.7170 104.4682 103.1122 102.8879 101.1953 105.9839 103.4812 112.9881 112.0348 107.1720 132.6111 111.4050 125.1230 129.9515 122.0459 123.3704 120.7092 120.6632 122.0597 123.0887 122.2472 121.8152 122.0136 121.8160 121.7364 121.6297 121.5339 121.4277 120.8683 121.7010 109.4177 99.8528 103.0265 111.5413 109.1068 121.4369 121.9278 121.0900
124.4300 113.7938 119.3788 126.0691 126.5271 128.4502 126.0481 120.4231 111.9189 119.9980 118.7153 113.7982 107.9149 110.7788 117.5985 113.9569 116.4809 114.7000 109.4742 112.3367 104.3750 104.5502 104.3243 106.2668 106.3994 107.6102 103.8055 112.7034 107.7879 105.7815 107.3431 109.1778 107.4284 109.9345 115.3423 123.1482 134.2003 119.7369 122.7173 127.7841 123.4539 122.8248 119.5218 113.2584 111.0462 123.1355 121.4486 121.8827 121.6393 121.5730 121.4341 121.3440 121.2254 121.0464 121.9137 118.0703 96.4577 101.7168 101.8268 104.6536 107.2654 104.0060 122.3496 120.7800
124.3500 118.2241 111.5249 116.5457 122.7354 120.2639 120.3672 124.5667 118.1072 119.9334 115.5776 107.3262 120.3926 115.8154 114.0123 117.9737 116.4026 116.8552 117.9866 109.7523 116.7088 115.0433 110.2740 102.6234 104.6318 109.1996 109.0959 107.4226 104.3583 107.0396 110.3276 112.5651 121.3194 122.0246 120.7053 124.0107 123.5885 121.2161 123.2640 121.5334 122.8056 122.7762 120.5362 102.1163 107.2176 103.4277 112.3120 124.6866 121.4063 120.9486 121.1590 121.0257 120.8954 120.6583 121.9305 101.5062 102.0435 103.2224 103.4644 105.3571 106.3745 119.0219 120.2966 120.4600
117.0400 117.0698 115.4538 114.9790 109.1961 124.7647 119.0285 122.8208 121.9060 117.8981 114.2732 118.2600 109.6401 107.1935 115.0597 117.1442 117.0020 116.4228 117.1161 117.8093 123.1707 113.5900 115.5419 111.8375 105.7301 103.0893 105.1928 107.5552 106.9918 110.3247 105.8697 111.1317 116.4241 106.5527 114.5181 114.9832 123.1209 122.9248 123.1086 122.8019 122.3869 122.1959 121.7449 119.5616 113.1485 109.9235 110.4949 119.0042 124.0636 121.0412 120.8362 120.7169 120.6319 120.2768 121.7977 103.2744 103.1300 104.4387 120.0368 120.5845 122.8229 117.6486 120.5913 120.1300
124.9900 113.5312 123.4193 112.1258 115.8420 119.1960 110.0456 111.1390 112.9376 119.7346 120.5149 118.5954 104.5616 104.2051 109.4463 112.3546 114.2790 113.1703 116.1169 117.7892 108.1875 113.5985 118.4348 117.0876 111.7364 108.9866 102.4595 109.5492 124.2521 121.8099 122.0400 104.6445 122.7023 102.5055 116.7152 126.8595 124.0633 122.7725 122.5963 122.5658 121.9041 122.6302 121.6750 124.0491 114.9590 119.8716 110.3418 110.8620 115.5381 120.4452 120.5284 120.3976 120.0447 120.5764 120.4024 108.4228 103.0965 116.2806 111.3924 115.2283 120.6716 119.9888 119.7369 119.7900
120.2500 119.9907 121.7697 111.5638 111.0546 108.8915 110.2092 114.7883 110.7250 108.9187 112.5079 105.5345 115.8873 115.1118 104.7839 108.1412 110.6248 116.6807 115.0853 112.9861 113.6333 117.7881 108.4664 103.1456 105.4004 112.4506 107.3639 103.0275 115.3812 125.2680 123.9708 124.0092 118.0647 124.0114 123.9395 124.2245 119.1665 123.0828 122.3467 122.2066 119.5253 122.1050 121.4461 121.4667 120.6396 98.9049 113.8819 117.3021 120.2258 120.4832 120.1867 120.0648 119.6529 115.1416 116.9768 116.4782 94.4666 120.4415 119.1414 120.0995 119.5928 119.3033 119.3814 119.4300
120.1300 121.3845 123.0492 120.1208 119.9700 119.7872 107.1075 108.5737 120.6496 105.1846 106.9907 105.2048 105.0830 104.7296 117.1777 114.6306 113.9392 113.8550 107.6716 112.8654 113.4043 113.8067 117.5651 109.2426 115.8306 111.3738 110.3642 114.3303 106.9991 121.4195 129.0753 103.2038 113.4503 117.0169 123.5374 123.1215 122.8638 122.1507 122.2876 122.1613 121.7877 121.7855 121.3562 121.5165 120.6223 106.4941 118.9552 123.2102 120.1421 119.9769 119.8569 119.7196 119.5000 115.6805 114.0501 118.7093 111.5457 119.1425 118.8611 118.7148 118.8128 118.9510 118.9597 119.0500
119.8500 119.4496 121.3852 122.2041 121.6267 121.3743 119.6611 119.5757 106.5534 112.8975 112.2835 104.8424 104.6851 105.3724 117.6854 111.4449 111.6419 111.3973 113.7731 110.8544 104.5461 116.2809 110.7986 117.4270 118.3924 116.4757 119.1779 128.6985 130.1375 122.4425 123.2349 123.4033 125.0649 123.9618 122.9037 122.7164 122.2732 122.8410 121.6583 121.2729 121.4401 121.9011 122.1973 106.2715 121.1646 122.2095 115.0657 119.2243 119.9964 119.6477 119.5164 119.3331 119.3230 119.9321 100.3121 115.4362 120.0343 118.4014 118.4770 118.5640 118.5432 118.5052 118.5364 118.6600
119.8200 119.9414 120.4232 122.0067 123.3871 123.1770 122.7729 121.7932 118.7058 117.4155 114.5702 104.7463 106.3507 107.3287 116.6387 112.0002 109.8465 110.8807 113.3929 111.5995 112.9476 108.0806 111.7263 113.5050 123.3239 131.2777 124.8405 124.6057 128.0118 123.4184 123.3381 123.2381 115.7557 122.8321 122.7009 122.5406 121.9009 114.7662 114.8442 120.3065 121.6349 116.8750 120.5987 108.0963 120.0445 114.1328 119.6203 119.9774 119.5084 119.3403 119.1443 119.1766 118.5718 119.9102 104.8953 100.8362 118.8253 118.2735 118.1335 118.0497 118.0347 118.0533 118.0882 118.2600
118.4900 112.0850 118.7664 119.2093 121.2939 123.9340 116.9656 122.0624 115.5886 118.5397 119.8849 110.6382 113.1342 112.5654 110.3187 108.5074 109.2389 106.2636 115.3758 113.0372 106.3443 109.5741 109.1831 104.1674 126.1915 125.0442 122.0483 124.1768 123.3911 123.4232 123.4670 120.6890 97.3547 115.0033 122.2235 122.4120 122.6840 118.5729 120.7108 122.9032 123.2088 100.5030 109.9580 118.0636 118.8821 121.0250 119.5663 119.4235 119.2255 118.9910 118.7828 118.9498 115.6526 118.3157 102.6367 104.6483 119.2291 117.6913 117.5697 117.5801 117.5674 117.5736 117.6089 117.8300
118.5600 118.4344 120.2775 122.4406 119.9448 122.8981 124.0912 118.2785 115.4724 119.1415 118.5545 117.4581 111.1728 120.5152 113.1286 107.2983 114.0168 105.1599 114.0023 105.5805 115.1826 109.1227 114.1671 119.8617 129.9011 114.8717 124.5552 123.8983 123.8672 123.3669 125.2912 112.3044 119.4970 117.8813 124.5496 122.2078 123.2199 108.2424 114.6530 117.1188 116.2122 109.7000 97.2702 114.2189 117.7999 119.6017 119.3881 119.1346 118.8730 118.6360 118.4066 121.3966 108.9058 118.7186 116.8923 99.6951 118.4918 117.2530 117.1018 117.0743 117.0543 117.0649 117.1042 117.3800
106.4200 120.0745 118.9863 120.5985 123.6821 122.0830 123.0543 114.5186 118.7897 109.0983 113.6762 116.5996 116.4625 115.9890 115.6230 105.0413 112.4366 101.5417 105.8675 107.1047 111.7801 102.3985 107.5009 124.5942 131.7396 123.3695 125.0424 123.8771 123.2383 125.2865 110.7289 105.6507 120.4193 124.1661 121.8281 121.5315 123.4752 102.1145 109.7675 95.9036 119.8958 119.0194 101.0991 100.4595 116.5069 119.5301 119.0677 118.7908 118.5170 118.2505 117.6368 117.4473 118.6329 116.1318 117.9024 106.8203 117.2117 116.7069 116.5706 116.5344 116.5114 116.5285 116.5827 116.4000
112.6300 114.2159 114.1700 118.0704 115.4450 120.6366 120.6003 117.0411 115.5024 112.0723 114.1153 116.1626 114.0932 112.0151 112.2850 112.7660 115.1327 108.8902 106.4742 113.5538 104.7566 101.4808 102.8631 121.7912 119.3330 103.0182 128.0547 123.0111 123.3548 122.9788 99.6241 121.8237 115.9340 117.7053 122.0428 122.1123 115.1197 108.4872 112.0006 95.3079 106.3316 99.6238 115.8754 116.9273 119.8123 118.9584 118.7546 118.4488 118.1688 117.8751 117.6529 117.4105 116.8436 116.6074 116.2449 117.4166 116.3330 116.1432 116.0170 115.9595 115.9377 115.9287 115.8186 113.6100
113.6500 113.9396 114.4244 113.7594 107.2799 110.9839 117.6762 112.9693 118.7665 119.0085 116.3137 108.5411 108.7658 113.4897 113.2209 109.5422 109.3268 104.2990 108.3955 112.8445 119.7266 120.5256 103.3125 121.1246 115.0321 123.4872 121.3437 123.6492 123.3774 125.4669 101.1411 121.9827 114.7966 120.4752 122.0382 121.6846 120.1469 117.9933 111.7573 117.9036 116.6413 102.0127 121.8211 119.7857 119.0914 118.7292 118.4221 118.1176 117.8013 117.4897 117.1685 116.8914 116.7671 114.5378 116.2141 115.3974 115.7580 115.5604 115.4185 115.3488 115.3233 115.3099 114.8416 112.9300
114.6300 114.5353 119.3043 110.0513 106.0446 109.9529 108.0194 114.6772 105.8773 113.0967 116.1778 106.8072 104.2553 114.4914 111.2581 103.5703 114.2345 105.0703 111.2368 117.5340 123.9055 125.3760 123.5754 124.3371 123.5561 123.0150 121.3631 123.7395 123.3891 123.0111 121.4279 122.8435 121.2699 122.0561 121.8084 121.5313 121.4603 121.1024 118.7405 120.8985 121.0827 105.1329 99.7327 121.8587 118.3609 118.4942 118.1003 117.7696 117.4315 117.0935 116.7699 116.3697 116.3141 112.6393 115.9418 115.8286 115.0398 114.8979 114.7649 114.6910 114.6550 114.6595 114.6444 114.6800
115.4300 114.8649 113.7173 107.2023 106.8676 112.2144 115.3553 115.2010 109.0871 108.8492 108.4776 106.3882 104.6196 106.8428 109.0166 110.6285 107.6972 105.5808 102.7421 126.8343 119.3623 124.0474 124.4825 124.4840 124.1971 121.2438 122.2405 122.6531 123.3053 122.9941 122.8361 122.5037 122.2214 121.9166 121.6690 121.3914 121.0603 120.7981 120.6043 119.9004 120.5509 107.2012 110.6565 116.6362 118.4436 118.1729 117.8021 117.4255 117.0658 116.6980 116.3229 115.9646 115.6347 115.4626 110.5212 113.9206 114.4403 114.2329 114.0730 113.9736 113.9372 113.9525 114.0627 114.0200
120.0700 119.1451 120.1232 114.6247 115.4917 104.7806 114.8357 116.6265 112.5262 109.4209 112.1133 109.9692 110.1151 108.9701 109.7367 103.7713 105.3973 113.0657 120.1959 101.3144 115.9085 124.6641 124.5570 124.3022 123.8359 125.8843 106.0292 118.4056 122.4804 122.8696 122.6763 122.4036 122.1129 121.8173 121.5226 121.2470 121.1812 121.9192 119.7715 123.7274 119.6282 119.1684 119.4345 119.4320 117.0818 117.9874 117.4912 117.0788 116.6865 116.2840 115.8844 115.4727 115.0987 114.9204 113.6041 114.6554 113.7218 113.4929 113.3145 113.1973 113.1523 113.1844 113.2880 113.3100
120.7200 114.3368 119.4173 114.3962 115.0653 115.7478 115.1190 114.5933 114.6914 109.0354 106.2786 105.4435 107.6499 105.0183 113.0390 108.4645 107.3815 113.5678 117.3093 109.2067 108.6767 122.5206 124.4943 124.2247 123.6711 124.3826 107.5385 107.9088 113.3023 125.2198 122.4737 122.2494 122.0365 121.7228 121.6307 121.3767 114.0119 118.4478 120.8560 119.7259 119.5042 119.0403 118.3972 118.9060 110.1582 118.4856 116.9970 116.7610 116.3199 115.8807 115.4385 114.9948 114.5674 114.0888 113.8450 113.2092 113.0003 112.7121 112.4892 112.3474 112.2955 112.3250 112.4513 112.5300
120.4700 119.0512 118.9624 114.2516 114.8133 114.5972 113.4472 114.3096 114.0718 114.7043 111.0948 113.1236 106.5462 111.0577 103.0813 104.8446 105.5938 110.6713 117.8071 110.0071 126.4217 124.8487 124.4582 124.1443 124.0383 124.8712 117.0806 135.9181 120.9447 122.9471 122.5316 122.0362 121.6664 121.0091 121.1128 118.9598 125.1192 105.5015 115.2984 119.9991 119.1897 119.0079 118.6923 118.1731 118.0148 117.4385 116.8858 116.4095 115.9532 115.4740 114.9873 114.4963 114.0070 113.5132 113.0528 112.6160 112.1907 111.8454 111.5769 111.4027 111.3347 111.3821 111.5389 111.6700
114.1300 112.9044 112.8697 112.2613 112.7959 112.6144 111.4072 112.3756 114.2898 113.1828 113.8797 113.1088 112.5965 108.1655 113.6154 108.7241 109.6718 124.1269 117.4654 123.7855 125.5397 124.2066 124.2678 123.4128 124.4851 115.6763 114.9850 121.7439 121.8986 122.6003 121.9880 122.3907 123.1089 123.8581 120.9893 110.4838 108.2558 96.4365 105.4325 117.0670 118.9776 118.4529 118.1397 117.8511 117.3492 116.9473 116.5967 116.0944 115.5980 115.0794 114.5398 113.9966 113.4375 112.8846 112.3250 111.8044 111.3133 110.8970 110.5685 110.3434 110.2605 110.3234 110.5204 110.7200
121.7400 118.7848 115.3666 114.9385 114.8342 111.9852 111.3989 110.3444 109.1823 110.4739 113.2664 113.1495 115.2146 107.7330 115.0905 115.7331 107.7963 117.6496 119.3906 121.1060 124.5127 124.5720 124.3328 126.8082 121.3254 116.1822 115.4069 125.3485 122.9854 122.6304 122.2187 120.9878 114.5132 108.6225 109.9504 117.9351 106.8659 99.4331 115.1456 105.6797 119.2376 119.5253 119.2007 117.8000 117.3306 116.8109 116.3082 115.7913 115.2604 114.6893 114.1075 113.5032 112.8755 112.2447 111.6122 110.9619 110.4154 109.8091 109.4411 109.1486 109.0389 109.1102 109.3689 109.6400
106.2000 114.0964 115.1424 120.0982 120.4153 113.2932 113.0876 113.5118 113.3374 111.1938 111.2341 111.5006 105.5470 115.4656 106.1210 106.6546 107.2786 112.3792 118.0782 121.9094 124.7919 124.4199 125.6059 109.9775 116.2325 118.0208 99.9725 124.9804 122.5591 122.5375 121.9027 109.9238 97.9309 108.8015 116.1983 117.5704 122.2678 116.4011 117.4375 113.6231 118.4907 106.6440 109.6891 117.7124 117.0771 116.5544 116.0572 115.5087 114.9263 114.3221 113.6908 113.0179 112.3214 111.5691 110.8158 109.7841 108.9251 108.7550 108.1388 107.7625 107.6055 107.7149 108.0608 108.4100
106.1900 109.7518 105.3574 116.2622 112.3083 111.8750 108.0691 107.5016 108.0362 109.7008 111.4155 110.9106 109.0342 108.5821 105.9694 104.1142 115.6017 117.1920 123.8339 125.2075 124.8208 124.5359 123.7483 115.7272 108.9475 127.0780 116.5721 114.2056 123.4187 122.3918 122.1739 122.9306 108.9686 107.8543 117.1009 111.7045 120.2555 122.0076 121.6306 119.5630 120.5118 116.2593 111.0829 122.2507 116.6533 116.4833 115.8242 115.2474 114.6409 113.9874 113.2925 112.5516 111.7796 110.9424 110.2334 109.7073 110.7479 107.2842 106.6463 106.1169 105.8981 106.0555 106.5414 106.7700
120.4600 119.5119 118.7674 119.4896 116.1080 113.0295 112.1631 115.1404 116.4897 116.4147 106.9162 108.5097 109.7550 103.6484 103.2386 106.3485 120.7188 114.5661 124.1512 124.7718 124.5955 124.2613 124.6918 126.8411 107.2041 105.1199 123.2714 110.1746 123.9240 122.2633 122.1051 121.5305 120.4441 107.6883 104.6745 103.4591 102.5760 106.0168 106.7869 107.8588 117.0102 103.5862 128.4941 117.7932 116.7312 116.2415 115.6294 115.0214 114.3696 113.6767 112.9316 112.1278 111.2710 110.3579 109.3379 107.5269 106.8742 106.0762 104.9146 104.1073 103.7672 104.0138 104.7648 105.2000
106.1800 108.3222 108.4313 108.4700 107.9601 106.9708 113.0907 118.5687 113.8391 119.7629 115.2072 115.4706 103.6308 104.2680 104.7983 116.4304 111.2142 123.3472 120.8729 125.0255 124.6663 124.6167 126.1383 113.2905 125.3581 121.6237 122.7880 121.5128 122.8962 122.3067 122.1378 121.4573 120.5237 105.3157 111.0015 111.3069 119.7339 104.2679 100.2330 102.7608 99.6232 117.2679 119.2184 116.8921 116.4702 116.0756 115.4630 114.8285 114.1513 113.4206 112.6229 111.7601 110.8312 109.7647 108.6063 107.3809 105.9469 104.4298 102.8609 101.5386 100.9516 101.3674 102.5945 103.0000
106.1800 105.2100 105.0922 104.8395 104.9039 104.2297 105.3461 105.4426 104.4599 105.0127 105.0906 104.8990 103.8352 106.9569 105.6013 106.2910 107.1503 110.9832 113.1406 125.8880 124.6290 126.0049 104.5651 125.3011 125.6494 102.4208 116.6035 122.9206 122.3951 122.3350 122.1086 121.4881 118.6711 100.9478 100.3840 101.3962 101.6254 105.3902 117.6630 116.6262 110.6463 119.2041 117.3006 117.0575 116.4969 115.9395 115.3294 114.6797 113.9749 113.2093 112.3829 111.4635 110.4577 109.4818 107.9717 106.4924 104.8217 102.8055 100.4602 98.1743 96.6043 97.7388 100.0548 99.7900
128.1700 128.7436 127.6185 124.6891 107.6010 126.5265 108.0770 109.9973 109.7401 108.5397 107.1753 104.7905 104.2838 104.2403 103.7608 101.7865 121.6024 120.1652 125.3225 124.7054 124.5983 124.3272 124.2490 124.3860 123.5035 123.2747 124.0688 123.0840 122.4914 122.3192 121.9938 121.7271 121.5190 123.2278 97.7615 102.0669 107.4009 119.6273 119.4472 118.7454 118.5928 118.1309 117.4189 116.9635 116.4417 115.8651 115.2437 114.5811 113.8544 113.0687 112.2108 111.2483 110.1399 109.7595 100.6893 106.7033 103.8384 101.3013 98.0221 92.6270 89.8913 91.7744 97.1766 99.5700
128.1700 125.9208 123.8600 111.5418 110.6251 110.1218 110.7436 105.5474 106.9490 111.6515 108.7212 105.4744 109.7147 114.2353 107.4758 104.1403 104.0823 116.5519 124.7488 117.0825 124.7866 122.3507 110.7212 124.7200 123.8675 117.2331 119.0437 122.8381 122.9286 122.6199 122.1315 122.1714 120.8055 105.6486 101.9748 118.0965 120.3045 98.7642 118.8369 118.5599 118.3704 117.9029 117.4639 116.9499 116.4075 115.8236 115.1972 114.5247 113.7933 113.0016 112.1231 111.1459 110.0525 108.7307 107.6961 105.7983 103.3543 100.3471 95.9220 88.1261 85.0300 87.2351 94.6300 99.0900
128.1700 128.3216 128.2278 124.0439 111.3872 112.1105 111.8534 112.3603 110.3307 111.3308 111.7653 113.3084 113.9531 109.6197 124.8603 115.4469 128.9553 125.3166 125.5205 125.5474 124.0819 118.6816 98.8125 126.0157 122.7135 123.8777 122.6525 123.6528 117.2678 120.5250 121.0387 117.2936 111.8886 103.3531 113.1332 114.8129 118.4589 107.4452 118.9072 118.5770 118.4515 117.9765 117.4670 116.9508 116.4104 115.8229 115.1964 114.5231 113.7949 113.0000 112.1197 111.1470 110.0476 108.8027 107.2406 105.5343 103.3515 100.3545 95.8757 87.9009 84.6629 87.1961 94.6684 98.9800
128.1700 129.5243 116.4179 110.7906 107.8906 110.8500 111.3653 107.3184 111.5928 109.6406 109.6975 108.2016 108.4805 110.4802 115.9369 107.0486 124.6630 124.4135 124.8621 124.7047 125.5608 129.2531 109.2618 123.3824 108.2412 124.4739 112.8770 117.5372 100.5539 123.1175 115.8913 97.8059 102.6654 100.2647 97.8494 94.8222 108.9172 112.3324 119.1859 118.7070 118.4375 117.9697 117.4899 116.9848 116.4375 115.8639 115.2429 114.5764 113.8588 113.0692 112.2058 111.2545 110.1834 108.9839 107.5958 105.9189 103.8811 101.3238 98.0084 92.6351 89.8103 91.7966 97.1980 99.2600
128.1700 128.7687 112.8515 113.8526 105.9855 106.1083 107.4537 107.7201 110.5156 109.1246 106.1692 105.7526 105.7850 105.8720 111.0102 107.3797 126.5085 126.2149 125.1884 124.9621 120.0011 112.7437 127.6030 108.4202 112.7587 123.6489 116.6278 113.6018 120.5591 117.6240 109.9136 104.7029 102.2092 110.5374 109.9804 110.1731 111.5064 121.7592 119.2667 118.8983 118.4974 118.0442 117.5586 117.0423 116.5068 115.9396 115.3278 114.6763 113.9781 113.2115 112.3793 111.4573 110.4465 109.3088 108.0094 106.5339 104.8100 102.7567 100.4587 98.1449 96.5341 97.6730 100.0587 102.6400
128.1700 125.5720 125.7515 126.0488 110.8279 114.7833 108.6107 108.7800 109.7715 107.6352 106.7720 104.9909 104.6180 103.1119 113.5899 116.6522 123.2173 119.7704 125.3415 125.2563 103.6692 116.8562 125.2415 115.0695 106.7126 123.9261 124.3699 124.6407 123.6286 113.4306 113.8287 113.5981 114.3414 114.5163 125.5291 122.7739 120.6809 119.5130 119.3567 118.9698 118.4818 118.0328 117.6247 117.1309 116.6051 116.0525 115.4547 114.8250 114.1522 113.4182 112.6191 111.7669 110.8142 109.7713 108.6245 107.3444 105.9413 104.4088 102.8604 101.5024 100.9104 101.3475 102.5956 104.8300
128.1800 125.7269 114.9546 111.3470 111.6403 112.5154 108.8281 105.3513 109.9250 107.9803 106.7288 107.4463 103.1053 109.9854 103.8367 107.7832 115.3954 114.5883 125.6840 120.7200 125.3925 124.1323 121.5629 124.2741 122.1283 123.2219 122.6272 122.5129 122.9134 124.1677 123.5233 123.5067 123.7797 104.5042 105.8749 122.7845 119.8105 119.9279 119.4294 118.9927 118.9885 118.3288 117.7308 117.2454 116.7393 116.2026 115.6252 115.0173 114.3675 113.6777 112.9277 112.1332 111.2667 110.3287 109.3238 108.2490 107.1153 105.9668 104.9017 104.0859 103.7359 103.9810 104.7439 104.8300
128.1800 120.7190 117.0872 112.6429 112.4844 113.2623 112.7256 109.3440 108.9909 107.6221 104.6170 103.7967 117.2922 104.6204 105.3289 106.8814 117.7539 125.0662 124.9663 125.3968 124.3627 123.4252 123.5519 124.5936 123.9236 123.4864 125.2376 123.8029 122.7007 122.0770 121.8222 121.4529 121.0599 115.4080 116.2797 103.0231 124.0687 119.7533 119.4433 119.5838 114.0598 117.9668 117.8577 117.3858 116.8932 116.3746 115.8292 115.2468 114.6315 113.9777 113.2828 112.5521 111.7720 110.9396 110.0741 109.1799 108.2711 107.3951 106.6420 106.0938 105.8674 106.0262 106.5258 106.9100
114.0100 113.6576 113.7790 114.8436 114.1013 113.8745 113.8819 113.2666 111.6730 111.1854 110.6122 107.1035 121.1917 102.3183 108.5939 123.0049 125.6057 125.7696 125.0948 124.7908 124.7496 124.7052 124.2711 123.8173 123.6947 126.0584 103.2630 125.3006 122.6419 122.5448 122.2836 121.9245 122.1105 122.4002 122.0138 116.5595 120.0033 120.0654 119.7645 119.1952 117.9252 118.3821 118.0028 117.5459 117.0769 116.5802 116.0564 115.5070 114.9309 114.3219 113.6810 113.0081 112.3094 111.5842 110.8403 110.0865 109.3593 108.6883 108.1278 107.7407 107.5843 107.6957 108.0472 108.4100
120.1200 119.4024 118.9173 106.8090 120.1634 114.0967 108.7891 107.6321 107.8161 106.4551 111.8544 110.4785 122.6465 121.2465 125.7656 126.3039 125.2796 125.2056 125.1647 124.9609 124.7234 124.5123 124.2889 124.1416 123.5350 117.3885 118.7813 122.4638 122.9210 122.5631 122.2904 121.9958 121.5598 121.1469 121.1637 121.5214 121.7987 118.8433 119.0680 119.2676 119.1101 118.5950 118.1668 117.7338 117.2765 116.8026 116.3051 115.7918 115.2522 114.6828 114.1038 113.4975 112.8698 112.2348 111.5947 110.9681 110.3703 109.8449 109.4158 109.1292 109.0158 109.0973 109.3518 109.6100
113.7300 118.8069 113.4206 116.0604 115.8280 113.2705 112.5082 110.1307 113.8028 107.6776 111.6917 126.3567 120.0299 126.4126 121.0731 115.3329 135.9893 126.0007 125.2404 124.9819 124.7775 124.3509 124.7891 117.2160 124.8979 121.0067 124.0214 123.1897 122.8244 122.6431 122.3557 122.1524 122.0259 120.3132 121.0610 96.7386 96.9082 120.5968 117.3691 119.5300 119.1512 118.7541 118.3544 117.9327 117.4951 117.0508 116.5840 116.0954 115.6007 115.0762 114.5379 113.9902 113.4387 112.8808 112.3288 111.7996 111.3144 110.8868 110.5524 110.3348 110.2462 110.3026 110.5071 110.6900
116.2100 118.5502 114.3830 113.7646 114.9637 114.6180 115.0265 111.8882 106.3011 104.6048 114.1058 115.2876 112.1171 105.6782 125.1938 106.2636 127.8914 123.7295 125.1989 125.0708 124.8040 124.3759 124.6998 125.2040 114.2005 122.6855 118.5745 122.6885 122.8225 122.7468 122.4825 121.5087 122.3019 98.1197 101.6194 103.4135 123.1331 120.7478 120.4497 119.5905 119.2982 118.9338 118.5469 118.1437 117.7422 117.3078 116.8681 116.4126 116.0104 115.5275 114.9793 114.4942 113.9922 113.5132 113.0386 112.5921 112.1839 111.8327 111.5596 111.3857 111.3213 111.3678 111.5262 111.6500
114.6600 118.6914 112.1916 110.3045 107.6016 107.9300 107.3897 106.4800 105.1845 104.8266 103.0458 119.0636 116.0085 122.9496 126.0660 126.6554 125.7251 125.6993 125.2852 124.9302 124.9398 124.6913 124.2505 124.1763 122.3978 102.2565 129.4324 122.8368 123.0608 122.7867 122.5758 123.0623 108.3068 102.0132 125.0890 121.4302 120.3076 117.1816 120.0673 119.7196 119.4936 119.1210 118.7529 118.3697 117.7973 117.5404 117.1588 116.7232 116.0500 115.7215 115.4310 114.9986 114.5507 114.1255 113.7110 113.3299 112.9841 112.6999 112.4704 112.3330 112.2826 112.3182 112.4466 112.5100
122.3100 118.0549 107.3798 108.3568 107.8393 108.1320 108.6648 106.1880 105.1199 108.1950 104.2007 114.1277 115.7673 122.1171 125.7759 125.6902 125.6499 125.4478 125.3498 126.3526 123.6208 123.4597 125.2471 126.4292 99.9672 109.8999 124.0921 123.5157 123.0362 122.9037 122.6674 122.1985 125.3633 115.7231 121.2201 121.6266 121.0843 117.3959 120.9356 119.9357 119.6619 119.3195 118.9720 118.6463 117.3237 117.2816 117.4701 117.1998 115.3917 115.6314 115.9315 115.4734 115.0885 114.7083 114.3491 114.0236 113.7331 113.4731 113.3047 113.1895 113.1406 113.1719 113.2851 113.2200
122.2300 119.7402 107.1444 108.2314 108.3544 108.4185 108.7881 109.5409 108.5609 106.8227 104.0503 107.2348 123.8513 128.5676 127.8598 125.9805 125.7760 125.6421 125.3233 121.4156 108.9907 124.1979 116.9020 127.4548 110.5389 126.6996 125.3667 121.8852 123.1915 122.9693 122.7229 122.4519 114.1851 112.2293 115.6135 120.6431 122.1348 112.7591 121.1263 120.0844 119.8710 119.5404 119.1997 118.8267 118.7036 118.4687 117.7868 117.3930 117.3309 116.7468 116.3248 115.9726 115.6077 115.2743 114.9599 114.6778 114.4006 114.3364 114.0566 113.9635 113.9325 113.9518 114.0422 114.0100
118.3300 113.8370 107.5893 109.7826 110.1167 111.0917 112.2369 108.8691 106.5029 106.2020 111.3362 111.0054 118.5423 125.2863 126.7253 126.0450 125.7879 125.6303 125.7961 114.2866 116.7384 126.8580 112.5871 126.5601 126.0258 123.5344 115.1493 121.9187 123.4360 123.6824 122.8724 122.9040 110.1448 100.6813 113.0985 118.5794 120.7179 121.4509 120.6906 120.3689 120.0512 119.7303 119.4628 119.1803 118.5873 118.2433 118.0008 117.7787 117.4255 117.0558 116.7563 116.4313 116.1114 115.8212 115.5440 115.2627 115.3337 114.3836 114.6435 114.6638 114.6385 114.6706 114.7417 114.6700
110.6200 109.5266 114.9217 110.8858 110.0715 112.3485 108.3011 104.7558 105.1204 106.6546 123.5015 118.0354 119.1748 125.9116 125.7957 126.0518 125.8700 125.8926 125.5179 126.4229 126.0662 124.6068 129.7370 117.5952 124.2239 123.8477 127.6521 127.5352 120.4132 123.2328 119.8281 124.2247 126.5500 112.8038 120.8688 115.0642 121.2681 120.8434 120.7822 120.5729 120.2926 120.1165 119.5217 118.8718 119.6263 119.3616 118.4378 118.1297 117.7994 117.4852 117.1836 116.8855 116.6002 116.3385 116.0900 115.9508 114.9187 120.3081 115.2180 115.3562 115.3360 115.3318 115.3960 115.2800
110.4400 109.9104 109.9162 106.3413 108.2085 106.3345 105.1188 110.1221 105.7606 105.0867 108.3341 119.2218 127.3650 126.3715 126.4406 126.1272 126.0162 124.7069 124.7923 125.0639 125.1811 125.0221 126.4387 118.9485 124.1754 123.1355 105.0562 105.9527 101.2622 117.7010 121.8697 116.6167 106.9298 113.3318 111.3740 120.7531 122.1422 121.3180 121.0631 120.7426 120.4811 119.9139 121.2505 120.4053 120.4806 106.8218 118.1343 118.4165 118.1638 117.8780 117.5944 117.3220 117.1094 116.8016 116.6709 116.3616 116.0382 118.7921 115.6893 116.0573 115.8752 115.9488 116.0078 115.8500
118.1100 115.9502 105.9821 107.5163 107.8328 113.8587 108.2088 106.7372 104.7602 106.2737 132.9329 124.7794 126.4025 126.1911 126.1534 126.2420 125.4729 133.8445 125.2295 125.7793 125.2647 124.8674 125.8977 125.3163 124.5095 124.4310 117.4396 118.0821 118.6890 122.5086 122.9746 122.0145 98.7921 101.7605 102.1994 123.7105 121.0149 121.5473 121.2268 120.9942 120.5479 122.9309 105.2118 101.7037 109.9470 109.6663 120.9309 118.7461 118.5405 118.2768 118.0132 117.8582 117.3831 116.4320 116.2688 116.9516 116.9174 116.2677 115.5068 115.7261 116.3747 116.5300 116.5752 116.3900
118.1400 110.7141 110.1320 110.3578 110.0177 110.4380 107.4322 112.2431 111.0981 122.5740 125.7415 119.9158 128.3699 127.8361 126.9364 125.7833 126.3572 127.4702 125.4489 125.5013 125.5868 125.2800 128.0520 122.9734 118.7002 124.9633 124.8399 124.6930 124.4387 123.8622 123.2747 123.6822 121.1189 120.7742 119.3157 122.3840 121.8186 121.6902 121.4059 121.2182 120.6511 119.2462 94.8983 105.7270 94.0275 114.0997 119.6137 118.8959 118.8875 118.6541 118.3545 118.4393 118.2899 116.4724 116.9190 117.4128 117.3560 117.5952 105.0799 117.7461 116.6352 117.0937 117.1090 116.8900
111.0100 110.5784 110.3862 109.3481 117.1786 121.6418 116.2920 117.6844 106.4121 106.3223 115.9913 105.4195 125.9388 106.3216 126.7794 127.7167 114.0064 136.0526 127.6859 125.6168 125.0821 132.2996 122.3020 126.4982 123.9062 124.3325 124.3111 124.0995 123.7201 123.4093 124.4071 112.3079 124.9952 122.0655 123.2253 107.6591 123.9684 121.6271 121.6267 121.3316 122.1490 110.1236 102.0217 97.8645 119.0927 119.7771 119.6729 119.4526 119.2281 118.9878 118.7578 110.2081 115.4022 118.1724 118.1009 117.8527 117.8332 117.8755 119.0276 117.3741 117.5881 117.5588 117.6074 117.8200
110.7100 114.4157 117.5819 116.9751 119.9609 116.2881 105.0303 105.3713 106.0032 103.2080 120.2479 108.9256 114.0042 112.0177 108.5301 126.3330 111.0637 124.1986 125.7938 123.5102 125.3971 126.9470 109.3854 124.1838 126.5924 128.7719 124.3700 124.2075 124.0869 123.9546 123.2047 114.7938 121.3322 122.9650 122.3845 119.7957 122.4197 122.0387 121.8262 121.4071 122.4602 104.9165 108.3190 105.1305 121.4066 119.5941 120.0059 119.7767 119.5452 119.3334 119.3090 119.8418 119.1113 118.6058 118.4750 118.3514 118.2541 118.0850 117.8234 118.0849 118.0257 118.0502 118.0850 118.2500
116.6800 116.9384 117.0605 108.2736 105.3398 105.8638 107.2646 105.7152 105.5470 110.1638 119.1344 119.5592 129.4680 128.4417 111.3659 122.0748 127.5054 117.5722 125.1826 125.1923 126.5822 123.8366 117.9348 114.3658 124.8787 124.1261 124.5150 123.9683 124.0992 124.9868 100.4461 124.7495 123.3735 122.6470 112.6505 116.9203 122.4472 122.1716 122.0603 121.7751 120.3199 99.7177 114.1102 119.6019 119.6799 120.6741 120.2959 120.0639 119.8735 119.7346 119.4745 119.1074 119.1140 119.0339 118.8843 118.7620 118.6570 118.6541 118.6528 118.5039 118.4904 118.5016 118.5327 118.6600
108.5600 109.9551 105.7674 107.7266 107.6398 107.1311 112.3269 105.0384 105.9245 106.2450 119.4439 112.9737 119.7169 121.2399 102.7093 108.9968 123.5065 108.5583 111.2236 117.7993 119.9790 103.2413 112.4989 111.3043 126.2973 124.7082 124.6664 120.5642 119.3757 123.2127 112.5541 125.9500 122.7150 122.0811 98.0389 117.7356 123.1236 122.6136 122.1237 121.7145 123.3791 113.1637 105.6151 113.6020 120.9350 120.9278 120.6168 120.3833 120.1675 119.9839 119.8669 119.7245 119.5475 119.4189 119.2412 119.0458 119.0791 118.9649 118.8498 118.9365 118.9223 118.9308 118.9611 119.0500
117.7100 116.1143 106.8698 108.9072 107.6811 106.4807 105.9503 106.1301 106.2633 104.7880 110.9640 103.1439 105.0642 106.9707 109.4945 111.6257 112.5271 123.1467 108.3689 112.6817 112.8554 106.8122 126.0718 125.5234 124.7235 124.9361 124.4506 125.4322 117.0286 118.1862 115.3057 117.1366 121.0142 127.1929 109.4244 120.2588 119.1066 124.0567 122.6079 122.3702 122.3511 117.8927 117.7589 120.3570 122.2968 121.0089 121.0339 120.6526 120.5917 120.5254 120.1701 120.0404 119.8961 119.8140 119.3694 118.3173 109.8108 119.0078 119.3912 119.3431 119.3370 119.3481 119.3702 119.4300
123.4600 106.8563 108.7227 108.1364 109.1033 106.7726 106.3803 106.2866 105.6965 106.9663 107.1146 111.1852 116.0663 116.3764 116.7357 129.0180 127.7188 112.8744 121.6788 116.8462 121.9247 104.9989 125.8807 128.6186 127.6168 124.9991 124.7141 125.5169 117.0929 121.9282 108.9852 118.7721 124.4851 115.5194 105.3233 113.8286 110.1881 112.6913 118.5045 122.8617 116.4384 95.6069 102.5158 99.7612 122.1923 120.6032 121.1958 120.9366 119.7621 118.6921 120.5406 120.3891 120.2538 120.1930 119.5407 115.6486 94.6689 118.4873 119.7229 119.7438 119.7355 119.7390 119.7627 119.7800
123.4600 109.6135 108.2525 111.0493 106.5140 107.3844 104.4420 115.6401 111.7260 105.0215 106.8894 122.8338 122.4739 117.1863 116.9261 118.6196 126.0166 121.8764 123.9597 123.6510 127.1059 118.4987 110.0996 124.2882 128.9291 124.4212 125.1261 116.9592 110.4840 116.5070 127.1048 126.1708 123.8295 118.5860 100.4695 101.7625 106.9168 114.2389 115.3273 123.0078 122.9427 114.9959 124.5052 115.8699 121.7063 121.7305 121.4293 121.2292 121.3419 120.4289 120.9033 120.7105 120.5925 120.5140 119.9165 118.5141 121.2705 119.8532 120.2581 120.1129 120.1093 120.1130 120.1371 120.1300
123.3800 110.0222 107.1934 112.5165 112.7825 110.6591 122.8516 115.4861 108.8308 115.1445 106.5612 113.5225 124.6827 121.5022 118.9097 121.6686 127.3416 125.2199 110.9867 123.6079 125.3074 116.6938 117.9004 121.7740 125.7992 127.9781 118.1983 104.8047 128.3081 128.7528 125.2223 124.7779 123.8465 124.9764 116.8194 107.5515 119.3398 117.8099 120.0039 123.2001 117.2370 103.2274 123.2911 122.3897 121.4519 121.3146 121.5595 121.5821 121.3856 121.2952 121.1204 121.0340 120.9170 120.8415 120.5726 120.7679 120.1326 120.5442 120.4931 120.4782 120.4765 120.4754 120.4967 120.4600
111.6400 111.2546 106.6305 106.9924 119.7583 104.6954 129.2107 102.9333 105.5201 108.7662 103.5631 102.8734 124.2252 124.7707 124.0452 126.8224 126.5366 126.5833 131.5661 126.4865 126.0599 113.5381 118.9481 126.8050 125.6663 115.2220 101.0680 108.0053 126.5867 102.6816 114.4285 125.7344 124.0150 124.1809 124.6632 122.1387 121.9738 106.6681 124.2168 122.3833 123.7616 110.6503 122.8949 122.8965 126.3978 117.0119 123.1743 121.4913 121.6744 121.6143 121.4194 121.3241 121.2319 121.1539 121.0556 121.0584 121.2662 120.8693 120.8627 120.8520 120.8073 120.8245 120.8429 120.7800
106.9900 107.7969 106.9986 104.3603 126.4286 102.5743 111.6952 108.2115 121.4889 118.7884 122.5776 116.4303 114.8611 122.3124 127.8521 127.0690 126.7233 127.6763 123.6734 127.3059 111.1985 112.8959 118.2756 118.1019 127.5662 113.7969 107.3191 105.5117 104.9002 108.8631 119.2029 124.7822 124.3839 124.1741 124.0468 124.0536 123.7802 123.0843 124.1453 123.9737 115.2252 120.7180 121.5495 122.7893 116.4886 103.2763 119.5998 123.5542 121.9218 121.6620 121.7792 121.6238 121.5332 121.4525 121.3349 119.7548 117.8976 121.2150 121.0289 121.0219 121.1354 121.1537 121.1773 121.0800
107.0100 107.5262 106.2952 113.6676 120.5779 111.2075 127.0796 113.4744 128.2198 103.6037 108.4125 105.5714 131.8805 127.9673 127.1578 126.9446 129.1842 105.8035 128.5541 119.0426 106.8288 104.1143 107.2299 114.3114 125.8753 103.7593 106.9676 113.3796 125.8949 124.0378 126.5709 124.5768 124.5917 124.3869 124.2494 124.1377 123.1452 120.1693 123.6506 123.4041 121.9826 103.3369 123.6958 122.9804 123.1000 123.3381 107.5931 118.6435 122.7218 122.7256 121.8551 121.9177 121.8480 121.7538 121.6147 121.7748 121.4028 121.5250 119.5953 121.5963 121.3930 121.4809 121.4943 121.3800
123.7100 123.4850 117.3325 113.1371 113.8128 123.6231 120.9317 123.8621 120.4481 114.6987 111.7280 118.4920 130.9647 128.9160 127.0169 127.5114 127.5786 119.5337 107.6893 107.6933 110.2209 119.2745 100.7800 126.5633 124.3945 106.4704 107.6869 114.9974 126.5417 124.6573 125.0974 124.7821 124.7098 124.5466 124.4026 124.3331 123.4826 117.2224 123.7785 124.4232 119.6238 104.7066 115.3453 123.4075 124.5989 122.6971 125.4224 119.1523 113.4817 122.2232 123.1459 122.1933 122.0668 122.0424 121.8982 121.8520 121.9080 121.7770 121.9151 121.7662 121.8469 121.8138 121.8062 121.9500
129.1400 129.1191 129.4989 127.7612 123.8861 128.8240 121.7116 125.7355 105.5354 110.4594 111.5066 111.0961 120.7069 103.7618 120.5014 126.8886 127.9800 112.9855 129.0040 128.3555 126.3469 118.8202 114.4715 118.0300 121.6099 111.1037 103.4906 111.5865 129.5418 124.7130 125.0794 125.0305 124.8572 124.7327 124.3776 125.6963 113.7556 113.5197 124.2161 123.1967 125.1942 113.9415 105.8192 107.3526 110.0422 104.1376 116.5956 122.7115 123.1174 124.3790 115.3403 122.8887 122.3200 122.3112 122.3367 122.1480 122.0375 122.8281 122.6900 122.0078 121.7803 121.9195 122.1166 122.2200
129.1600 129.0647 128.7151 128.7398 126.2880 124.2156 128.8075 121.0180 113.3380 130.2848 120.4066 111.4934 123.4882 107.5951 119.5278 115.0945 114.6205 121.2374 125.7546 126.3248 126.7365 125.2957 114.3698 112.1472 112.3537 112.0551 110.6750 124.2307 122.0383 125.6193 125.0698 125.2799 124.9939 124.8725 124.8128 124.4638 124.9371 124.4492 123.3896 124.3759 125.4146 124.5096 114.2822 104.8803 121.7643 115.2745 106.9408 107.3981 122.1050 122.4241 117.0752 122.3803 123.0779 122.7459 122.1442 122.5411 122.7475 112.4141 123.2432 122.9631 123.6145 123.4005 122.3323 122.4800
129.2700 129.1049 129.0834 128.9925 129.4076 122.3330 123.0960 123.7054 131.4499 127.3697 128.2188 123.6660 115.8661 113.0088 121.3843 117.5861 114.9325 135.9055 126.6970 127.0977 127.6630 115.1989 115.9941 115.5817 117.5392 113.0995 113.6883 112.1297 127.8914 122.6408 127.3901 125.1868 125.1908 125.0383 124.8861 124.7692 124.4819 124.4590 125.3929 124.1710 124.0684 123.7980 126.3990 112.0827 124.7978 123.9131 117.3121 115.6791 123.8288 122.8527 123.7040 123.8663 118.8655 122.7827 122.5233 116.8299 108.4200 122.5986 123.8470 115.1941 117.0207 112.6592 126.4582 122.7300
127.2900 129.2000 129.1200 129.0300 128.8600 128.7700 120.6200 128.5900 128.4000 128.3100 128.2100 128.0200 127.9200 127.8400 117.8000 108.4500 114.3700 131.2800 127.1200 127.0100 126.9000 126.7900 126.5900 116.5900 126.3500 105.6500 108.3000 104.0200 119.6700 116.8800 125.5400 125.4200 125.2900 125.1800 125.0400 124.9400 124.7900 124.6600 124.5400 124.4100 124.1400 124.1700 124.0000 112.2600 123.7400 123.7600 123.6300 123.4900 123.3300 123.3300 123.1800 123.2200 111.2900 123.0800 122.8900 122.9100 116.3700 116.3900 123.9200 108.4300 111.8300 104.8700 122.7400 122.7300
