130.1400 121.8700 129.1900 118.0400 117.5800 119.5200 119.8100 118.2700 116.9700 114.9400 116.5300 115.1100 112.8900 110.5600 124.3800 121.7000 111.7700 110.4500 110.3700 103.0200 108.1300 120.9300 117.7000 109.8600 103.5600 109.4500 109.2500 108.7100 108.4200 104.8200 103.4000 116.7800 100.8900 103.2900 112.0100 105.5800 104.5100 105.9300 102.4100 101.6100 105.8600 118.1400 113.5000 97.1300 95.0400 97.2800 93.8800 115.0100 114.5400 114.0400 112.9500 112.3600 111.0200 110.2600 108.5200 107.5000 105.0100 103.4300 99.0300 95.6100 89.8200 89.8200 89.5800 89.5800
130.1400 121.2773 124.9831 120.7827 117.8004 118.4676 117.9922 117.3752 115.3637 114.3766 114.3661 106.9907 110.4546 106.3901 114.5475 112.1286 109.0339 109.4848 110.0927 102.8361 105.0533 112.7136 105.2833 109.8828 103.9153 108.5129 118.4952 114.0270 112.9243 103.9612 102.8243 112.2610 99.6038 105.8171 113.8805 107.8861 106.6011 106.2551 102.4200 104.0289 114.5242 120.4022 106.5879 93.8616 92.0019 95.9657 93.7458 115.8007 114.5075 113.7980 112.9883 112.1091 111.1316 110.0324 108.7712 107.3038 105.5185 103.2782 100.2832 95.5997 88.0073 85.6382 87.8122 89.5800
118.6500 124.5872 131.4314 125.3058 124.3350 123.6943 124.6932 124.6110 123.3993 124.3026 120.4879 122.1116 118.6787 119.0369 115.8509 117.6805 119.7653 114.4355 109.4117 104.0389 110.6966 105.3965 116.9223 104.5649 101.5942 103.3963 112.5829 123.8193 117.6974 113.7046 105.5537 106.9987 107.7034 110.6086 110.7284 108.3978 103.2318 103.9420 103.1753 105.7023 107.1963 115.7439 110.8740 107.9450 107.4855 102.6956 94.7972 116.8456 114.4992 113.8008 113.0238 112.1580 111.1868 110.1022 108.8628 107.4234 105.7005 103.5867 100.8109 96.9225 90.5084 88.0647 89.5530 96.2400
130.2400 130.8005 115.9545 117.1482 113.8164 117.7032 115.3157 117.0245 110.6414 111.6082 112.6373 113.0670 121.2566 121.0461 120.2389 120.3335 121.9015 114.8908 108.0277 106.3110 109.0046 111.8295 113.4499 108.1924 107.4717 105.4930 110.6881 113.6018 116.6484 111.5812 107.7745 108.2236 109.0003 105.2373 103.4235 102.8067 111.1959 100.8930 104.0586 114.6063 108.2472 114.2478 120.3413 118.9916 117.2177 121.5047 110.6787 115.6810 114.6339 113.9053 113.1360 112.2910 111.3555 110.3164 109.1405 107.8028 106.2377 104.3662 102.1199 99.2692 95.8849 93.5877 95.3578 96.8600
124.1300 127.4550 106.2160 116.1385 112.0209 123.1206 116.7207 113.3051 115.4415 103.7879 104.3937 107.8723 123.7756 123.3593 115.0032 113.7917 115.7266 112.3875 112.4826 108.6910 102.8214 104.6805 111.3732 117.3680 112.3805 114.5500 101.7616 104.1082 112.1382 110.6744 112.1303 110.4750 109.1555 110.1834 105.4117 119.1104 109.1979 114.1503 115.3283 121.3659 115.9146 109.8779 111.9461 120.2895 104.1804 120.2289 113.6007 115.4978 114.7102 114.0646 113.3180 112.5007 111.6204 110.6393 109.5725 108.3289 106.9725 105.4406 103.6998 101.8429 100.2182 99.3348 99.9599 100.4200
120.1000 125.0223 120.6906 120.7315 115.8146 124.1576 122.7922 119.6032 120.3895 116.3193 104.7858 108.2504 108.1490 106.6079 112.8525 117.4158 117.6397 117.7500 116.2588 108.0863 107.2633 104.0483 104.2562 102.5788 102.4124 103.0615 117.3183 100.0809 102.4263 105.5434 116.6152 116.8566 124.4307 101.4295 107.3918 119.7848 117.5714 120.8342 120.1345 119.1774 119.4390 108.6034 102.9613 103.0836 111.5722 127.1347 114.3904 115.5738 114.9701 114.2578 113.5527 112.7855 111.9603 111.0649 109.9723 109.1035 108.0266 106.5898 105.3257 104.0531 103.0498 102.6019 102.9292 103.5900
121.6900 116.5322 125.4128 109.6035 117.4948 113.7732 109.6646 121.0323 110.0765 108.5744 114.0301 104.1364 104.5045 103.0511 117.7278 117.3142 119.2620 111.4353 109.7152 102.3268 120.9344 107.0645 109.2236 109.7717 108.5179 105.0339 103.4154 117.6141 99.8465 105.7557 121.0038 100.9327 115.9288 117.2068 126.2502 120.4125 120.7200 120.1178 119.8456 119.5422 119.0455 117.9496 117.4906 117.2659 117.3079 117.2266 116.4408 115.7042 115.1375 114.5154 113.8365 113.1280 112.3504 111.5518 111.1227 108.8099 108.0422 107.8292 106.7870 105.9250 105.2662 105.0051 105.2049 105.6000
115.8500 122.2277 112.6324 130.8925 114.9524 134.8145 122.6378 118.5504 126.0740 123.2367 108.7558 105.1931 107.1740 124.1876 109.9010 112.6651 111.7979 111.9405 111.0668 110.0031 102.7674 104.9643 108.4362 101.4124 102.1462 104.7862 114.6652 105.2480 113.6149 122.9923 106.3132 109.0647 108.3781 105.8066 123.3057 121.0725 120.6181 120.2918 119.9487 119.5930 119.1750 118.7514 118.2607 117.8723 117.4279 117.0044 116.4871 115.9509 115.3885 114.7893 114.1698 113.5028 112.8047 112.0850 111.2623 110.5136 109.6530 108.9127 108.1434 107.5103 107.0635 106.8792 107.0126 107.2500
121.7300 117.4651 131.0701 114.0214 114.5725 111.9125 109.9086 109.8859 107.5649 105.4145 106.8640 104.6384 103.6849 103.6888 108.5436 120.3923 110.9396 124.1645 105.4223 105.9441 105.8709 106.0016 102.4391 102.7316 102.2654 101.1286 110.2056 117.8905 114.4596 122.2271 123.5984 121.0395 123.7091 106.4771 104.3368 124.8154 120.1109 120.2711 120.3481 119.6866 119.4081 118.9278 118.5827 118.0719 117.6922 117.0202 116.4746 116.2027 115.6666 115.1076 114.5201 113.9152 113.2814 112.6235 111.9574 111.2706 110.5961 109.9538 109.3526 108.8691 108.5481 108.4197 108.5178 108.6300
115.8800 111.0996 113.9638 115.4078 113.4376 106.4180 111.7070 105.6527 112.3116 104.7934 105.6933 106.8997 105.3802 104.6154 111.4101 122.8150 105.7676 107.7583 106.1875 105.0847 107.0886 118.5687 109.6515 105.5551 102.6567 104.4899 103.0102 101.9684 107.3523 118.3644 121.5688 110.0857 104.7842 109.0761 106.1931 121.7370 120.7566 120.7839 117.0568 119.8043 123.2271 118.6813 118.6491 118.9433 118.6164 119.3180 116.5055 116.3495 115.9582 115.4395 114.9004 114.3454 113.7742 113.1891 112.6060 111.9949 111.4252 110.8860 110.4374 110.0726 109.8291 109.7289 109.8039 109.8100
110.2000 116.5014 116.3100 111.9237 112.0540 106.1657 105.4131 106.5405 119.1902 104.7422 105.9533 109.1539 108.5018 105.5273 128.4312 116.9547 109.7005 109.8799 108.5293 110.8624 105.8730 106.3594 107.3157 107.1025 104.5991 109.7532 115.6351 114.2403 108.3952 123.5885 124.0405 116.6940 115.2471 124.5066 122.5309 121.2307 120.7693 121.5663 110.3685 120.5440 119.2136 119.7034 119.6427 114.7718 109.1630 121.4215 118.5552 117.1142 116.3116 115.7735 115.2940 114.7871 114.2754 113.7558 113.2542 112.3949 112.4803 112.0327 111.4067 111.1458 110.9453 110.8734 110.9288 110.7800
126.0700 128.0028 115.9431 115.8202 116.3458 107.6536 109.0961 105.5099 104.9636 107.1299 107.0570 105.7733 107.9045 113.8557 115.7747 113.6138 106.8209 105.2996 111.9301 113.7561 102.0804 101.4967 99.9767 107.1889 118.4536 114.1399 124.5796 121.5058 124.9069 122.7650 123.5331 123.1673 133.9448 123.7614 121.3536 121.3023 121.0905 121.2240 121.4768 120.0584 119.7606 118.5892 112.6290 106.6415 103.8667 124.3379 121.3569 117.4833 116.5794 116.1302 115.7047 115.2383 114.7749 114.2713 113.8510 113.5269 110.8085 112.3987 112.2831 112.0515 111.9337 111.8742 111.9250 111.7900
133.7200 121.7135 118.2584 120.1393 112.4536 106.3585 107.0171 108.2596 105.7741 111.7817 106.4707 106.7690 105.6653 103.0678 101.9485 105.5290 104.2368 111.7922 121.2413 107.1161 102.7190 112.1370 109.2508 114.0130 127.9520 117.2904 125.2295 123.8077 123.1289 123.2477 122.9917 122.2087 126.6803 123.6921 121.8700 121.4908 121.2158 120.8099 120.7304 120.2223 120.7680 109.9270 104.0066 108.7480 116.4737 124.8613 113.5359 117.2712 116.7221 116.5180 116.1035 115.6838 115.2781 114.8903 115.1019 114.4099 113.9396 113.5286 113.1424 113.0770 112.8238 112.7790 112.8160 112.6200
134.5300 113.3995 106.8799 107.9776 109.3514 108.4282 109.5502 109.0856 105.1164 106.6901 104.3410 104.8297 107.9017 106.6151 104.6061 102.4718 101.8665 112.6411 116.8599 114.5788 110.4794 117.1921 112.3285 109.6501 116.6446 111.2497 124.4821 123.5692 123.4898 122.8344 123.4911 111.2129 125.4738 121.1021 121.9211 121.6000 121.1838 121.5028 117.7152 120.9893 121.9788 107.2863 108.3138 122.4409 107.8532 104.0379 115.4436 117.7291 117.3489 116.8874 116.5148 116.1253 115.7516 115.5590 116.3102 112.8695 112.9455 114.3072 112.8774 113.5335 113.6283 113.5977 113.6196 113.3900
117.9000 124.0226 111.2949 109.9455 107.8174 106.2336 107.3612 105.6520 105.1730 104.9727 109.2580 106.8889 103.3979 101.8987 114.5536 118.7556 119.0108 118.6478 121.6277 110.9880 112.0172 105.7553 103.2770 114.2711 109.1100 124.5885 124.1733 123.7092 123.3751 124.5040 125.8628 111.7774 134.3647 121.7385 122.0061 121.7310 122.4335 115.6094 117.3606 119.4063 125.1623 121.1486 111.5199 121.7076 105.8279 119.8832 119.2108 117.6477 117.5944 117.2439 116.8832 116.5759 116.2318 115.9055 114.7961 106.9029 114.5150 113.9809 114.4690 114.5533 114.3668 114.3458 114.3659 114.0900
134.9900 135.8565 129.7553 120.0575 103.3026 121.9409 104.3419 107.0630 105.7084 107.7176 108.5158 125.6020 124.8075 127.9354 132.5243 130.2141 111.1834 107.5781 107.3934 102.8647 108.8172 102.7416 115.4458 137.0196 106.5890 125.8194 123.7515 123.8724 124.5368 110.2487 109.8004 107.2911 132.5032 120.8114 122.3320 121.5225 120.3341 113.6363 116.4565 115.3079 113.1641 120.5179 106.9726 110.4796 118.4200 120.0730 118.4830 118.2850 118.0402 117.7226 117.3634 116.9636 116.7116 116.1831 116.7993 116.2219 116.4900 121.8085 115.1920 115.0921 115.0091 115.0175 115.0517 115.3400
127.1900 129.2265 135.2025 114.3778 110.9532 113.1321 110.3373 117.7988 119.8330 119.8527 119.3116 127.0983 129.0296 129.0126 104.2391 106.3914 104.2809 104.5436 104.6687 112.7321 117.7506 112.8450 113.8125 134.4862 121.7784 125.3965 124.9254 123.7974 123.8845 123.9036 115.5056 111.1980 124.5770 122.2993 122.4106 123.0899 115.0834 112.7951 112.0983 111.8963 110.5432 114.9843 113.2269 119.1285 119.6017 119.2048 118.9545 118.5767 118.4723 116.0783 117.0450 117.4601 117.1806 116.8748 116.6160 116.4477 111.1572 111.9910 115.3712 115.9745 115.9483 115.6943 115.6849 115.9100
132.2000 131.7735 117.2538 116.0482 117.2049 122.9726 122.8711 121.9942 121.2760 120.5572 122.0670 112.8320 113.2797 104.8630 109.2167 107.7079 107.7886 117.4795 128.4469 117.9844 111.7329 110.2781 107.4680 129.6959 111.4001 112.8021 131.1581 122.5821 125.6092 108.3050 111.7997 125.1093 122.0352 123.8131 114.3947 113.0238 114.0539 110.9818 107.1253 112.5293 115.9330 121.1253 120.5251 120.0007 119.7013 119.5059 119.1942 118.9324 118.6431 119.8731 117.8515 117.7760 117.5708 117.3131 117.0308 116.9806 117.6483 110.9485 116.3748 114.3796 115.8504 116.2179 116.2820 116.4400
118.8400 123.1881 124.6848 123.4667 123.8954 123.9565 122.9900 122.1527 122.5247 121.8883 113.3176 106.4666 107.1087 105.5577 124.3532 117.8061 122.1261 108.7550 116.7319 116.7814 122.1673 126.6228 106.7225 113.5118 109.1806 137.5998 124.3798 124.0020 116.9208 108.5378 109.1875 126.5570 123.7153 123.3834 118.7646 116.3251 111.9990 101.3302 107.2311 119.4222 120.8318 113.8202 122.1871 120.0320 120.2341 119.7755 119.4978 119.2328 118.9705 118.6140 118.5621 118.2527 117.9894 117.7879 117.5444 119.9261 117.5954 116.6665 115.7742 123.3926 116.5498 116.9148 116.8437 116.9400
131.4300 133.7355 122.8840 124.5180 124.4635 124.9773 125.4549 122.7369 121.3852 121.4054 119.5848 104.8582 127.7374 121.1680 115.7289 115.4839 116.8527 119.8630 110.1760 111.5921 116.0203 125.6823 111.6510 113.4139 121.7497 109.0226 117.5130 120.4248 110.3790 124.3665 123.1224 122.9268 118.6525 122.0531 112.9867 115.1458 116.4812 116.6482 116.8431 116.4880 110.0543 113.1212 115.8949 121.7315 120.1054 119.9272 119.7542 119.5692 119.3678 119.0235 118.8609 118.6124 118.3942 118.2010 117.7063 118.7516 108.8101 111.1536 107.8455 112.2665 113.3078 117.4583 117.3730 117.4100
132.9200 129.0422 124.0478 124.3938 124.8440 125.7572 124.7487 123.1297 122.9659 121.7975 123.4814 123.5975 116.3177 115.3494 126.7995 110.9316 103.8787 114.3044 109.9010 119.7286 116.5501 121.3597 123.0224 125.6241 125.3857 125.3582 116.3953 123.0316 113.6914 122.8942 118.6253 116.3258 113.2711 112.2535 114.6677 118.4207 114.3453 111.4954 113.7227 121.1027 106.8143 112.0713 114.3502 113.2234 114.2940 119.0783 120.6628 119.7224 119.3649 119.5769 119.2055 118.9832 118.7910 118.6000 118.4977 118.5927 113.2959 116.5479 109.0487 109.4192 118.6683 117.8734 117.9369 117.8600
133.4100 124.0946 124.6845 124.6549 125.3007 124.5218 124.0567 122.3313 120.3209 128.3204 120.9466 116.1694 125.7137 112.3041 102.7725 103.5983 103.9913 113.8773 107.7690 133.8417 125.1857 126.6214 125.8989 125.3322 124.4027 131.0241 117.2113 121.7387 122.9118 120.5581 122.1736 113.9806 115.0518 117.7689 115.3167 119.2077 114.8978 115.5952 114.3746 110.3482 109.6159 114.9839 116.3200 112.4274 122.8511 120.9271 121.4684 120.8540 121.2877 119.8043 119.5142 119.3506 119.1715 119.0135 118.8636 119.0762 105.4551 118.2044 123.2994 106.7930 118.9734 118.0192 117.9301 118.2800
134.9700 128.2402 125.3661 124.4504 124.5685 124.5175 124.1896 124.5996 119.9975 134.1624 127.1113 126.0818 110.6605 103.5614 103.2686 111.8544 111.4001 130.1965 124.3171 126.4028 125.8356 125.4929 125.4331 125.3861 124.6248 124.9006 125.4929 121.4809 121.8106 119.0663 115.7572 118.3854 115.7660 124.2080 120.5212 120.0908 118.1595 114.0113 120.4170 113.1588 116.0469 121.4423 109.6511 107.9013 111.6952 120.6292 120.6347 122.8690 123.8208 120.1158 119.8723 119.6993 119.5382 119.3887 119.1585 118.2510 109.7648 119.7336 121.3698 119.8753 118.9445 117.9807 123.9156 106.3500
126.0300 126.2339 127.1315 127.4151 127.0069 124.9147 123.2678 123.9464 126.0401 122.5047 121.9748 105.0483 103.5110 122.1255 112.3483 123.7629 120.1345 131.1066 131.4386 126.2324 126.1083 125.7900 125.5908 125.3482 125.6434 118.4658 121.7074 123.1967 119.2710 120.2108 118.4415 123.1985 124.2921 123.7646 124.0182 118.8328 121.5510 119.6833 117.9175 117.6281 124.5640 124.4100 121.1534 110.8221 122.4449 121.8683 120.9604 120.9304 120.7423 120.4619 120.2021 120.0456 119.8850 119.7537 119.4773 118.4495 114.3341 110.8975 117.8557 118.3414 119.1969 118.3182 117.3051 104.4300
127.7900 127.4277 128.2298 128.2255 128.6607 126.0689 126.6405 122.3146 123.2916 123.9483 114.8496 121.5107 115.7559 122.4473 130.6192 122.4033 114.2467 121.2915 122.6795 126.7550 126.0546 125.8389 125.5586 125.3483 126.4531 120.7382 121.1226 118.5251 120.1883 121.9259 123.4115 124.0839 123.9160 123.5459 123.5877 123.8665 122.9827 123.2708 120.5983 120.1857 122.2236 121.5116 122.6494 117.7898 120.8726 121.2981 121.1774 121.0031 120.7447 120.6925 120.5220 120.3728 120.2318 120.1068 119.9211 120.1054 120.7049 119.7436 116.6013 120.0357 118.3643 118.3904 119.8526 119.4500
128.9100 129.0646 128.1238 128.9292 128.5214 128.8069 126.7786 123.6852 122.8002 121.6361 130.0916 122.1454 120.7969 120.0202 121.6551 129.5030 122.0952 121.2811 122.3426 126.0802 126.1257 125.7930 126.0186 124.4803 120.9585 120.1631 120.6939 112.0140 123.4197 124.1764 124.5161 124.1318 124.0956 123.9213 123.6751 123.9573 123.4847 123.1132 123.1430 122.9987 122.5567 122.4698 122.1380 122.0102 122.2237 121.6246 121.5064 121.3099 121.1492 120.9830 120.8388 120.6979 120.5626 120.4381 120.3870 120.3636 121.4510 120.0461 120.3921 119.8733 121.5447 122.3184 119.8840 119.8100
128.9300 128.8439 128.8271 128.8460 128.5753 127.2953 124.9638 122.8454 121.2922 133.2009 123.0733 122.7614 129.0276 109.5723 105.1993 120.3668 117.8295 131.4156 127.6133 126.3880 126.1833 126.6445 121.7098 119.8133 118.9934 121.0637 103.1510 124.3071 124.5908 124.7437 124.5427 124.3609 124.1111 123.7078 124.2376 123.7511 123.5329 123.3155 123.0738 122.9409 122.7027 122.5680 122.4145 122.1872 122.0734 121.8678 121.7362 121.5733 121.4226 121.2793 121.1425 121.0052 120.8803 120.7668 120.6961 120.9699 120.7305 120.5091 120.3219 120.3384 119.9628 120.0565 120.1717 120.4800
129.0400 128.9367 128.8145 128.6559 128.8847 123.6950 130.5771 120.4284 129.1080 121.5464 121.9670 117.5635 135.6063 121.8980 115.8617 116.0535 124.9183 133.9582 126.1699 126.4214 127.0361 120.7392 120.2272 120.0609 119.4042 119.9960 124.9665 125.8883 125.0853 124.8510 124.6519 124.5478 124.1542 124.0004 111.8329 125.1762 123.5694 123.4946 123.3033 123.1349 122.9625 122.7967 122.6302 122.4596 122.3058 122.1499 121.9902 121.8442 121.6976 121.5621 121.4350 121.3045 121.1952 121.0911 121.0541 120.8816 120.8534 120.7671 120.7367 120.7103 120.7625 120.7212 120.7185 120.7900
129.0600 128.9926 128.8708 128.7473 128.4684 127.3817 120.1571 133.7581 126.5943 127.0059 126.0164 130.4022 116.8502 119.0479 121.4259 116.7542 119.0039 140.5998 130.9183 126.1057 125.9429 120.4036 120.5145 120.2228 122.3719 125.5380 125.4225 125.3278 125.1644 124.9803 124.8046 124.6395 124.7894 120.8041 120.4746 125.7898 123.6909 123.6453 123.4954 123.3242 123.1653 123.0064 122.8465 122.6870 122.5366 122.3889 122.2428 122.1024 121.9713 121.8407 121.7161 121.6061 121.4977 121.4026 121.2956 121.2413 121.1186 121.1071 121.0617 121.0298 120.9975 120.9414 120.9710 121.1000
129.0800 129.0398 128.9605 129.0310 123.4594 128.0912 121.6171 128.7644 120.8385 125.6043 119.7969 118.2403 117.1082 121.8077 116.6464 118.2167 111.4615 108.4717 127.4920 119.6096 123.5455 121.2597 120.5269 124.5939 125.7630 125.6765 125.4845 125.3975 125.2302 125.1083 124.9487 124.8213 124.3978 125.0110 124.0253 133.5168 123.0747 124.7975 123.4880 123.5645 123.3609 123.2175 123.0688 122.9195 122.7708 122.6297 122.4992 122.3660 122.2343 122.1096 121.9952 121.8920 121.7921 121.6817 121.6780 121.4159 121.6838 121.4338 121.3872 121.3639 121.3401 121.5520 121.5345 121.4000
129.1900 129.1066 128.8918 129.1431 121.2119 122.9982 123.9745 154.4261 122.2552 119.9124 122.5050 122.3254 119.3022 130.8018 125.7748 112.1560 118.3133 106.7066 123.4873 122.8469 127.4408 121.7158 127.4673 125.9573 125.9872 125.9712 125.7246 125.9151 125.4157 125.2691 125.0983 124.9333 124.8059 124.6149 124.1410 122.5587 123.9443 125.0166 124.4662 123.6437 123.5822 123.4212 123.2796 123.1419 123.0036 122.8715 122.7404 122.6125 122.4958 122.3784 122.2702 122.1642 122.1116 122.0018 121.9995 120.5727 121.5734 121.7289 121.7015 121.6710 121.7090 121.0911 120.8597 121.6800
129.2100 129.1521 129.0453 129.4695 125.2196 123.9913 121.3031 127.4414 120.5738 119.8599 123.7639 125.3587 117.5200 120.3721 123.1090 112.9068 125.6147 132.2594 130.3167 128.9230 128.1617 126.5728 129.9576 126.7214 128.4451 125.8877 125.9354 121.7379 125.8426 125.3369 125.2403 125.0860 124.9033 124.9917 124.8918 124.6450 124.6039 124.0623 123.5360 123.9914 123.7529 123.6380 123.4910 123.3563 123.2314 123.1046 122.9785 122.8572 122.7471 122.6422 122.5395 122.4369 122.3486 123.0121 118.4855 127.5493 121.4244 122.0448 121.9993 121.9749 122.2497 121.1892 134.0994 121.9600
129.3200 129.2257 129.1267 129.0952 127.2939 126.1209 122.7879 133.6701 127.7647 128.6356 128.7570 130.6486 115.2353 113.2161 118.6183 119.3794 131.0640 129.9377 128.2159 126.3802 126.5347 126.3113 126.2526 122.7712 124.7765 125.4688 119.6864 117.3887 125.5772 125.4050 125.3931 125.2477 125.1351 124.2723 126.5716 125.5474 120.2637 130.9398 124.9334 124.1624 123.9637 123.8342 123.7125 123.5754 123.4527 123.3315 123.2093 123.1010 122.9929 122.8907 122.7974 122.7020 122.6421 122.8325 116.5100 122.9793 122.2016 122.3118 122.2927 122.2735 122.3093 122.2960 122.3847 122.2300
129.3400 129.2814 129.1177 129.1738 125.5094 124.9008 120.7213 132.7761 131.8277 134.2643 122.7781 113.7446 115.0845 103.6950 115.3536 111.3325 118.3368 123.4603 128.1403 126.9643 126.9375 126.7971 126.7995 123.0640 125.8689 126.2595 126.6249 126.9477 126.1214 125.6624 125.5154 125.3859 125.1587 124.7908 122.7489 125.2346 115.1156 124.6834 127.7288 123.7572 124.1420 124.0282 123.9163 123.7851 123.6675 123.5499 123.4436 123.3357 123.2323 123.1344 123.0481 122.9587 122.8965 122.7982 123.5278 122.6430 122.6525 122.6022 122.5729 122.5495 122.5310 122.5306 122.6286 122.4900
129.4700 129.3825 129.3771 128.9730 129.7318 123.4483 121.3285 133.3726 129.8923 111.5623 111.9391 104.7613 104.6721 105.6801 133.4755 113.2702 119.4417 120.9339 127.5027 127.1254 126.9773 126.8836 126.6388 126.6478 127.0003 126.2076 125.9702 126.0525 125.8242 125.8050 125.6631 125.5290 125.3554 125.5797 124.5362 114.1521 119.6581 122.7836 124.5522 124.5993 124.3865 124.2495 124.0932 123.9812 123.8771 123.7714 123.6655 123.5678 123.4735 123.3786 123.2900 123.2096 123.1577 123.0863 122.9405 122.9722 122.9097 122.8761 122.8468 122.8244 122.8180 122.8090 122.7735 122.7400
129.4900 129.1456 129.4477 125.4310 125.6925 125.3767 123.8443 125.3926 112.9500 106.8575 106.4885 106.0663 106.4774 104.6980 127.7282 126.9233 128.1584 127.5860 127.3950 127.2102 127.1129 126.9768 126.8578 126.7172 125.8501 125.9851 126.8206 126.0380 126.0972 125.9322 125.8025 125.6704 125.5781 125.2523 127.0998 116.6686 121.5614 126.0809 124.7497 124.5984 124.4389 124.4819 124.3597 124.2859 124.0899 123.9818 123.8909 123.7938 123.6964 123.6138 123.5294 123.4596 123.3817 123.3171 123.2787 123.2167 123.1706 123.1369 123.1137 123.0916 123.0798 123.0718 123.0907 122.9900
129.5200 130.0648 125.4505 123.3341 124.3480 127.6376 125.1329 109.9686 105.8505 106.2432 106.4926 106.1343 105.0828 113.9245 127.5548 127.5864 127.7694 127.5591 127.4564 127.3477 127.2110 127.0951 126.9718 126.5390 132.3103 118.6338 129.1198 126.1858 126.1806 126.0689 125.9444 125.8227 125.6747 125.5899 125.3053 125.6917 123.8161 125.0971 124.8766 124.8895 124.5202 125.0869 123.6297 123.7621 124.3952 124.2038 124.1027 124.0165 123.9313 123.8448 123.7654 123.6972 123.6340 123.5711 123.5172 123.4698 123.4269 123.3973 123.3661 123.3480 123.3388 123.3352 123.3337 123.2300
129.6300 125.0925 124.0608 126.2881 126.6242 122.7126 106.9387 106.5831 106.8009 106.6753 106.1414 105.6179 117.9189 119.9264 128.3124 127.9191 127.8146 127.7111 127.5875 127.4470 127.3237 127.1914 127.1039 126.7363 126.5599 125.1239 122.3618 126.5077 126.3314 126.2102 126.0905 125.9617 125.8423 125.7264 125.5635 125.5273 125.3809 125.2985 125.0011 125.0773 124.6032 126.7400 130.0677 126.3172 124.5205 124.4062 124.3113 124.2332 124.1488 124.0720 123.9978 123.9268 123.8621 123.8083 123.7568 123.7149 123.6742 123.6468 123.6167 123.5997 123.5902 123.5879 123.5883 123.6900
129.6500 127.0360 123.9612 122.3099 105.4651 108.9482 107.1093 107.8739 106.3190 106.8566 108.8262 121.7782 130.9562 128.4118 128.2817 128.0778 127.4998 127.8436 127.6972 127.5414 127.4357 127.3120 127.1930 127.0959 127.5326 127.0173 126.6954 126.4902 126.4756 126.3456 126.2265 126.1085 125.9921 125.8710 125.7749 125.6178 125.6010 125.2984 125.4566 127.2293 125.0942 124.7355 126.2700 124.3381 124.7044 124.6114 124.5252 124.4432 124.3638 124.2772 124.2219 124.1559 124.0906 124.0400 123.9895 123.9565 123.9130 123.8857 123.8581 123.8431 123.8363 123.8277 123.8338 123.9100
129.7600 130.6837 120.9796 105.9397 107.2029 107.4968 105.0203 124.4455 105.8612 107.5609 117.0463 125.6481 135.0286 127.5900 128.2623 128.1113 128.9499 132.0881 127.4561 127.6796 127.5372 127.4187 127.3009 127.2095 127.1368 126.9563 126.8939 126.7338 126.6066 126.4807 126.3723 126.2549 126.1426 126.0267 125.9184 125.8095 125.5708 127.0411 124.2399 127.5849 125.0071 125.1971 125.1494 125.0559 124.8970 124.8214 124.7241 124.6630 124.5917 124.5903 124.4227 124.3692 124.3227 124.2676 124.2240 124.1841 124.1481 124.1233 124.0980 124.0844 124.0707 124.0702 124.0726 124.1200
129.7800 133.0977 108.9681 108.8084 112.2309 108.0842 107.2474 106.5662 107.7144 116.3985 118.7070 128.1588 124.6132 128.4710 128.2314 128.2917 127.7829 127.7992 127.8656 127.7451 127.6429 127.5456 127.4090 127.2953 127.1426 127.2537 127.4306 126.4448 126.8641 126.5900 126.5231 126.3963 126.2840 126.1750 126.0715 125.9192 125.9667 118.1984 115.3948 128.1003 124.4969 125.3517 125.2727 125.1592 125.0832 125.0071 124.9617 124.7504 124.6582 124.3519 124.6836 124.5901 124.5435 124.4887 124.4474 124.4088 124.3799 124.3528 124.3277 124.3148 124.3028 124.3035 124.3054 124.3300
129.8800 130.8772 138.3027 110.7230 125.9102 116.6988 107.2681 107.9075 117.8125 114.6719 114.2025 115.3543 129.7923 128.5984 128.3787 128.2912 128.2605 128.0896 128.0197 127.8601 127.7505 127.6365 127.6368 127.4263 127.2413 127.7645 119.7434 126.5017 125.6491 126.9186 126.6007 126.5288 126.4294 126.3382 126.2552 126.0553 126.1737 125.0591 126.3054 119.2817 127.4132 125.7295 125.4559 125.3705 125.2867 125.2091 125.0074 125.2181 128.5418 127.1497 124.8325 124.7948 124.7543 124.7026 124.6706 124.6255 124.5986 124.5548 124.5455 124.5341 124.5301 124.5233 124.5279 124.5400
129.9100 131.9317 125.8670 102.0362 103.9638 111.1808 114.2034 117.0165 118.3473 122.5299 113.5792 115.8940 130.6521 128.4427 128.6185 128.4208 128.2825 128.1777 128.0675 127.9744 127.8431 127.9351 127.5282 127.6095 127.3838 127.2747 125.4021 124.8348 122.9634 127.1769 126.7708 126.7830 126.4664 126.3163 126.3119 126.7119 125.9821 126.9559 126.8509 126.7954 125.8927 125.4992 125.6208 125.5491 125.4663 125.3891 125.3162 124.8813 114.3077 125.8039 125.0189 125.0000 124.9650 124.9137 124.8843 124.8405 124.8099 124.9275 124.8363 124.7625 124.7480 124.7424 124.7469 124.7400
130.0400 132.7961 123.9536 107.3584 121.2075 126.2211 125.8318 117.2475 117.6963 120.5048 113.6792 112.2069 125.8589 128.6698 128.5897 127.3564 128.4625 128.2767 128.1795 128.0771 127.9368 127.9042 124.4292 127.5931 127.6502 127.5071 126.8233 118.6957 127.9666 127.0108 126.7614 126.8257 125.9296 128.2259 124.4808 126.8527 126.2165 126.0049 127.0045 125.9079 125.9781 125.9336 125.7831 125.7289 125.6494 125.5827 125.4480 126.6420 125.1441 125.5945 125.2343 125.2083 125.1658 125.1294 125.0818 125.0506 125.0997 124.3886 124.7007 124.9923 124.9797 124.9621 124.9651 124.9400
130.0400 134.4133 134.4387 113.8186 136.5086 119.4592 124.8173 116.3057 119.5202 125.9832 111.8137 121.7813 126.9451 128.9315 128.9354 127.5682 128.6430 128.3720 128.2820 128.1756 128.0908 127.9375 128.2894 125.5117 127.9126 127.3109 128.3996 127.5796 126.9276 126.5435 128.2027 126.6263 127.1257 133.8981 116.5158 122.6358 131.4935 126.1870 125.9634 126.2435 126.1563 126.0544 125.9856 125.9072 125.8360 125.7225 125.8006 125.3616 125.6026 125.5175 125.4676 125.4082 125.3672 125.3250 125.3251 125.3329 124.5907 129.5969 124.8507 125.0729 125.1289 125.1725 125.1735 125.1300
130.1700 131.7807 131.4453 127.0184 136.4917 131.5118 132.6834 129.6716 115.4657 119.6640 107.8100 132.2630 128.2204 128.8291 128.8159 128.7235 128.5774 128.4907 128.3828 128.2841 128.1799 128.0606 128.1440 126.6630 127.5863 127.6985 127.3132 127.3982 128.1151 130.8519 119.8985 130.4034 125.3273 113.4032 113.4684 119.7686 119.5909 132.1054 126.3542 126.3807 126.3073 126.2135 126.2166 126.0989 125.7734 125.9687 125.1908 126.2461 125.7527 125.7090 125.6503 125.6081 125.5650 125.5078 125.3173 125.4921 125.3888 127.2476 125.4883 125.9178 125.2965 125.3868 125.3799 125.3200
130.1800 128.3647 123.2150 133.9681 126.1376 119.5292 123.2915 119.7616 115.9166 114.3876 112.7532 131.2304 128.6630 129.0329 128.9162 128.7649 128.6911 128.5823 128.4898 128.3863 128.2861 128.1942 128.0320 128.0039 128.0847 127.8125 127.5719 128.4663 115.9949 128.1972 114.3659 126.3250 129.3856 114.4820 114.5290 117.9228 128.9423 127.3720 126.5401 126.5417 126.4395 126.5253 126.1464 125.9128 127.7383 129.9031 124.3136 125.9249 125.9394 125.8917 125.8385 125.7852 125.8034 126.3789 127.3681 125.6743 125.6749 125.4017 122.4314 124.5377 125.4487 125.5954 125.5775 125.5000
130.3000 122.5515 124.1202 127.6178 132.7015 123.1143 121.0030 119.6469 114.1889 112.5960 132.1364 112.0775 131.4312 128.2128 129.0599 128.8808 128.7831 128.6867 128.5883 128.4958 128.3944 128.2998 128.2143 128.0957 128.0156 127.8812 127.8170 127.8134 127.7599 127.5713 127.7189 119.7892 126.8551 117.2414 113.4877 115.6866 128.0593 126.7604 126.9092 126.7073 126.6094 126.5368 127.5461 127.9086 122.7896 124.1883 129.4069 126.1697 126.1259 126.0778 126.0257 125.9700 125.9942 126.5915 125.9090 125.9493 125.8351 126.0014 120.9090 126.2411 125.7170 125.7736 125.7744 125.8600
122.6300 122.8048 126.8103 129.8930 120.9162 126.5910 117.8243 115.9892 123.2803 115.0715 110.3458 115.5169 126.4256 129.2954 129.0818 128.9669 128.8813 128.7953 128.6853 128.6006 128.5032 128.4166 128.3203 128.2323 128.1218 128.0474 127.9768 127.8642 127.6817 128.2031 125.7106 116.3329 124.4745 126.4870 117.4622 122.7658 127.1670 126.9384 126.9398 126.8666 126.7738 126.5925 127.5006 111.7935 120.5516 123.5327 127.0663 126.2536 126.3010 126.2540 126.2032 126.1619 126.1769 126.0429 126.0974 126.0305 126.0390 126.0786 126.5800 125.8985 125.9618 125.9612 125.9667 126.0300
130.4300 122.5030 123.6658 123.7685 128.0219 120.0600 117.6033 118.7892 113.8199 107.5907 105.6249 128.7346 129.3499 129.3425 129.1172 129.0382 129.0159 128.8339 128.8044 128.7080 128.5674 128.5281 128.5046 128.3432 128.2645 128.1589 128.0470 128.0080 127.8169 128.1357 126.8862 127.7301 127.9327 127.6954 127.4086 128.2089 127.1581 127.2088 127.0916 127.0149 126.9696 127.0602 121.6836 114.3795 128.0667 126.9447 126.5032 126.5242 126.4689 126.4316 126.3811 126.3479 126.2992 126.2753 126.2467 126.2187 126.2548 126.1900 126.1102 126.1713 126.1513 126.1464 126.1494 126.2000
121.7100 120.7376 121.5419 127.8193 123.5978 120.1974 121.0845 120.9198 108.7365 108.2343 111.2863 116.5787 130.4125 129.2583 129.2408 129.5465 129.0813 127.7437 129.1502 128.6277 128.7248 129.2390 128.8464 128.6191 128.1853 128.3529 128.1547 128.1727 127.3834 128.2466 127.5572 128.3006 128.3657 127.5798 127.5074 127.4114 127.3812 127.2698 127.2396 127.1661 127.1856 126.6961 125.3841 126.6658 121.5228 127.3931 126.7737 126.6802 126.6495 126.5998 126.5604 126.5234 126.4898 126.4581 126.4017 126.4276 126.0855 126.3340 126.3546 126.3379 126.3382 126.3344 126.3370 126.3700
130.5500 124.7467 121.8125 122.3414 118.4706 123.5673 108.3569 106.3298 107.7307 117.5277 119.4317 127.0296 129.5542 129.4488 129.5200 129.1912 129.1335 129.1673 128.7366 129.3053 129.3504 126.0486 106.9539 124.6701 129.2308 128.3995 128.3223 128.4150 124.7737 127.8992 128.0800 127.8758 127.7558 127.7378 127.9335 127.5803 127.4899 127.5404 127.3776 127.3090 127.2681 127.3674 124.9880 125.9977 119.5431 127.8099 126.9275 126.8563 126.8117 126.7660 126.7253 126.6924 126.6577 126.6160 126.7537 126.6005 128.5133 126.5501 126.5404 126.5242 126.5138 126.5100 126.5134 126.5300
130.6500 127.8809 121.9466 123.5478 133.9647 118.4658 108.0800 108.9287 109.9669 120.6586 122.5965 130.7310 129.6467 129.5346 129.4154 129.3804 129.2296 129.2408 120.0374 127.8466 123.0179 127.6178 119.3934 134.9257 127.1396 128.4304 128.4141 128.3326 128.3514 128.4018 128.1451 128.0434 127.9596 127.8766 127.1860 127.7356 127.8243 127.2931 127.5166 127.4768 127.4119 127.2146 122.3439 125.1532 127.8534 127.0701 127.0589 127.0228 126.9780 126.9328 126.8957 126.8542 126.8700 126.8022 126.3928 126.8234 120.9889 126.8193 126.7147 126.6989 126.6882 126.6955 126.6961 126.6900
130.7800 121.9490 120.9096 121.8587 122.9325 105.9409 106.6869 126.1683 125.3360 133.5539 133.3295 129.7195 129.6688 129.6224 129.5548 129.4679 129.2679 129.1423 130.2505 129.6387 119.5156 108.2119 124.0217 114.0115 130.3404 129.6624 128.5690 128.5087 128.4141 128.2387 128.2435 128.1504 128.0760 128.0072 128.3197 138.3006 131.6514 129.5803 129.5729 127.6573 127.5262 127.3665 128.1064 127.3770 127.1084 127.3187 127.2192 127.1852 127.1438 127.1008 127.0629 127.0911 126.7361 126.9264 126.3854 123.9516 126.4371 126.6440 126.9180 126.8743 126.8624 126.8615 126.8641 126.8500
130.7800 122.9121 121.9552 109.7588 107.1225 113.6110 122.1424 125.5191 117.9029 130.5739 129.5291 129.8804 129.7938 129.7495 129.6438 129.5590 129.3273 130.6141 125.6095 129.4200 130.2831 122.8219 117.2008 119.6163 127.2858 129.9650 128.2140 128.3468 128.6228 128.4212 128.3495 128.3170 128.2150 129.3472 123.6114 131.6807 126.7999 133.0729 129.2112 127.6644 126.9947 127.6881 127.5441 127.5281 127.4822 127.4231 127.3951 127.3402 127.2974 127.2603 127.2291 127.2179 127.1752 121.3075 124.2279 127.2236 127.0759 127.0992 127.0498 127.0433 127.0396 127.0364 127.0386 127.0100
123.5700 124.7199 112.5653 109.4339 113.7533 129.0386 132.9194 124.4544 122.3872 130.0104 130.0193 130.2068 129.7357 129.7606 129.6323 129.6727 129.5626 128.7990 115.7701 130.2260 128.8044 129.7987 121.7949 129.0839 129.9221 129.7428 130.0078 129.4005 126.5204 128.4506 128.5171 128.4071 128.2128 129.7331 115.5366 126.0631 112.7495 114.9042 129.1127 127.9567 127.8341 127.7791 127.7332 127.6902 127.6158 127.5674 127.4271 127.5017 127.4554 127.4175 127.3883 127.3761 127.3198 127.8878 127.3774 127.2331 127.2399 127.2193 127.2044 127.1619 127.1873 127.2005 127.2022 127.1600
124.2700 113.6235 109.6077 105.9796 127.0098 126.8323 130.1897 131.3356 129.9993 131.3542 129.9353 129.8677 129.6810 130.5249 130.3111 129.7046 129.4259 129.4358 124.7985 129.0889 130.6850 129.1086 129.9494 128.9351 129.2685 128.8092 124.6438 109.9672 119.2899 130.0206 128.4613 128.5529 128.5142 123.9003 111.0934 118.7117 118.3676 115.6928 127.6228 128.0049 128.0289 127.9018 127.8542 127.8357 127.9408 127.1856 127.7979 127.6756 127.6117 127.5765 127.5408 127.5198 127.4277 127.3306 127.4223 127.4069 127.3973 127.3998 127.4359 127.5351 127.3313 127.3678 127.3678 127.3100
110.6700 105.0659 129.3634 124.7475 122.1251 131.8006 130.4446 130.4598 130.3209 130.3050 130.4763 131.2142 127.4749 117.9919 127.3558 130.0736 129.7305 129.6692 129.7589 130.0262 118.6034 117.5392 135.1835 125.7644 128.9432 128.9596 130.0040 118.5876 120.7711 129.1732 128.7176 128.6506 128.7331 128.4980 111.1564 131.7371 129.2078 127.8806 128.8195 128.2341 127.8689 128.1821 128.8241 127.9404 127.8625 128.2601 127.5248 127.8648 127.7591 127.7286 127.6948 127.6646 127.6495 127.6415 127.5957 127.5761 127.5861 127.5440 126.5210 127.2624 127.4770 127.5299 127.5283 127.4600
110.6700 130.3534 131.7341 131.6241 129.9735 130.7486 130.6279 130.5567 130.5125 130.2922 131.3155 120.5096 116.0928 127.5033 128.4556 129.9190 129.8789 129.7560 129.6476 129.6283 128.0681 112.0604 117.3788 132.1584 129.0513 129.1738 129.1856 131.3578 129.4736 128.7859 128.8717 128.8357 128.4896 129.0827 128.6131 128.9900 130.3828 128.9838 128.5489 128.1668 128.9432 127.5369 120.0068 128.1662 128.1300 127.9517 128.0162 127.9480 127.9365 127.8765 127.8457 127.8207 127.7911 127.7614 127.7452 127.7283 127.7173 127.7718 126.3793 127.8277 127.6724 127.6759 127.6800 127.7400
131.1400 132.0758 131.0558 130.9269 130.8483 130.7306 130.7273 130.6408 130.5553 130.5113 130.3732 130.8045 130.6194 127.6333 125.8148 130.3924 129.8585 129.9250 129.7475 130.4067 124.3748 111.5336 114.7466 123.2004 129.4213 129.4248 127.0071 129.2655 129.0636 129.0242 128.9600 128.8785 128.9487 128.6772 128.6929 128.3445 128.4010 132.4168 127.7564 128.5037 129.1080 114.2197 132.7607 128.6119 128.1862 128.1627 128.1392 128.0292 127.9449 128.0173 127.9944 127.9699 127.9421 127.9171 127.9056 127.8856 127.8731 127.8856 127.9955 127.8003 127.8170 127.8556 127.8284 127.8800
131.2400 125.6800 131.9643 130.7497 130.9952 130.8738 130.7973 130.7253 130.6480 130.4421 130.5670 130.6060 122.0263 120.3564 132.1964 130.4097 129.9736 130.2418 129.8770 129.4413 134.9879 118.0166 122.5023 130.7017 128.9781 130.5373 125.3439 122.0424 129.1942 129.1837 129.0884 129.0302 128.9360 128.9228 128.8445 128.7318 129.9711 115.8753 119.2266 128.7824 129.3575 113.6878 131.3268 128.3282 128.3837 128.3104 128.1313 128.7029 128.7564 128.0774 128.1471 128.1184 128.0926 128.0670 128.0513 128.0298 128.0231 128.0130 127.9929 128.0825 128.0364 127.8295 128.0148 128.0200
131.2600 130.6241 132.3032 131.0986 131.0220 130.9500 130.8796 130.7915 130.7717 130.5433 132.5844 121.7379 110.8771 129.5226 129.6957 127.5030 127.4266 128.8677 129.1649 129.4315 126.5475 130.8886 129.2663 129.6225 129.3039 130.2182 119.6260 129.3702 129.7789 129.2197 129.1965 129.1418 129.0907 129.0268 128.9628 128.8819 129.8933 123.7719 123.7219 128.5647 129.6264 128.8063 128.6534 128.4549 128.4751 128.1697 128.7402 118.1607 128.4433 128.1988 128.2903 128.2696 128.2419 128.2188 128.1992 128.1839 128.1704 128.1634 128.1217 127.8971 127.9708 128.9133 128.0065 128.1600
131.3500 131.1183 130.9267 131.1688 131.0904 131.0299 130.9553 130.8881 130.9095 130.7424 126.4148 106.0716 112.5486 130.4540 109.5584 115.3641 124.9169 129.6160 126.0954 130.1076 116.9284 129.8464 129.7671 129.8026 129.8619 130.3845 120.3713 129.7462 128.4921 129.4743 129.3168 129.2670 129.2030 129.1480 129.0943 129.0673 128.6311 129.9635 129.1639 128.7721 128.6131 128.7199 128.7303 128.6620 128.6558 128.5091 125.0202 107.1018 128.0292 128.2425 128.4482 128.4004 128.3783 128.3603 128.3438 128.3297 128.3239 128.2804 128.3619 133.1882 128.7370 116.6339 130.1879 128.2900
131.3800 131.3800 131.3200 131.1900 131.1300 131.0600 131.0000 130.9300 130.8700 130.8000 114.3000 108.6700 130.6000 130.5500 130.4700 130.4000 130.3400 130.2600 131.1300 130.1300 130.0700 129.9900 129.9300 129.8500 129.7100 129.7200 129.6300 137.8700 130.4300 130.4300 129.3500 129.3500 129.2900 129.2100 129.2200 129.1500 129.0800 128.9900 129.0000 128.9200 128.8400 128.8600 128.7700 128.7800 128.7100 128.7100 128.6100 128.6300 128.5400 128.5600 128.5600 128.4700 128.4800 128.4900 128.3800 128.3900 128.4000 128.4100 116.0700 137.5300 133.7000 128.4300 117.6400 128.4300
