126.4100 121.1500 117.3800 115.2700 109.5800 123.3300 106.8500 122.0600 119.7300 122.1400 123.7200 105.9200 104.2600 118.4400 104.6000 117.9600 117.9600 111.3000 117.3000 104.0600 107.7200 102.9000 109.8700 109.8700 110.3100 112.5500 112.3800 110.2200 101.9400 101.7800 103.9500 106.9700 107.2300 105.1400 105.1400 123.1000 122.9500 122.7400 122.8000 122.6300 122.4600 122.4600 122.3100 122.3100 122.1000 122.1500 107.8600 121.9400 121.9500 121.9600 121.9700 121.9700 121.9500 121.9400 121.9300 122.1600 122.1400 122.3200 122.3200 109.6800 109.6800 111.8000 122.6100 122.5600
123.7400 124.5800 118.1304 120.9579 111.6646 117.0261 116.8959 116.0596 120.4998 121.9926 123.8932 107.2501 104.6442 107.7112 113.4471 119.0019 114.8654 112.5161 117.9220 115.9974 112.2977 117.7496 110.9306 108.7948 109.8519 103.4484 105.3759 102.3077 99.9981 103.6303 101.9287 108.6128 100.0041 109.3990 112.7535 107.5393 106.6391 124.4853 121.7847 122.5761 125.8960 122.0463 122.8041 122.0185 121.9098 121.7369 122.3466 120.3492 122.0754 121.8638 121.8073 121.7935 121.7980 121.8264 121.8563 121.8999 121.9405 122.0740 121.8420 123.0980 101.5891 120.5155 121.4968 122.5600
125.7800 122.7479 118.5750 124.9484 114.4347 107.1276 115.8892 108.9922 114.4042 121.8249 115.5392 109.5056 117.0576 103.5208 114.7340 115.1028 115.4905 115.5712 115.7303 114.6971 107.8024 106.5871 118.2956 103.1123 104.3685 103.7388 106.1420 108.4580 107.9677 103.3908 101.9680 111.5247 110.5084 108.0920 106.3122 108.8406 117.2447 129.6415 121.2800 121.8277 121.8366 121.9415 121.7740 121.7513 121.4463 122.8057 120.6043 125.6720 121.3898 121.4495 121.4661 121.4722 121.4914 121.5176 121.5483 121.5970 121.6543 121.4776 122.8091 116.4785 99.7155 119.2852 120.5661 105.5200
117.0300 115.3842 115.0916 111.9595 121.0598 114.7163 110.9634 113.9558 110.4682 116.5049 117.8140 117.8452 110.5733 120.5021 110.2044 111.3647 116.0905 114.4907 115.5026 116.3160 108.9605 105.1285 110.1444 110.6577 102.3244 101.4288 105.1533 107.8749 116.0143 107.6809 112.7169 107.5844 120.3376 106.8681 115.1299 113.3316 118.9134 123.6536 121.8774 125.3985 121.6964 121.6497 121.5451 121.4403 121.0267 124.6011 101.5596 114.9331 121.4796 120.8867 121.1577 121.1646 121.1654 121.1988 121.2233 121.2628 121.5068 123.0609 123.0762 98.9066 108.1834 107.7832 107.1095 107.2400
116.8700 115.0994 118.0792 105.7031 107.6877 117.2401 117.7988 114.7647 109.5448 110.8670 114.7189 111.4159 99.9309 106.5505 116.3346 110.8360 111.9003 115.4061 117.9646 119.7938 116.9614 116.1220 113.0806 116.9323 106.5299 101.2714 106.1116 105.6449 116.6832 111.9029 113.2737 113.5136 121.7835 114.1520 108.8737 118.7073 113.2961 122.0122 121.1710 122.3692 120.9099 121.3605 121.2509 121.1041 121.1250 122.9067 105.5094 112.4393 123.1808 120.2504 120.8336 120.8222 120.8408 120.8685 120.8427 120.6544 124.9785 112.3287 112.9486 106.6953 105.2969 110.6032 97.6752 121.6900
116.1200 114.6755 118.9186 113.3808 104.4011 116.2317 113.2635 114.4013 114.4209 115.7105 109.7397 108.0572 112.0166 103.7266 116.2568 115.8263 112.7270 110.8014 115.7010 114.1508 115.2367 114.8163 113.6743 118.9134 114.3386 110.3807 110.0707 104.6069 104.1004 119.9280 123.0943 106.4169 122.9666 124.5577 104.6695 121.0101 121.8808 121.3476 121.5177 121.0985 121.2701 121.0406 120.9279 120.8651 120.7207 120.3812 115.5180 104.6345 99.5434 122.7517 120.3950 120.4520 120.4852 120.4986 121.0698 117.8436 119.0292 104.0298 105.2599 115.2770 119.1101 121.0044 119.2569 121.4200
117.9200 117.4656 117.7586 111.0835 112.4094 115.6630 111.4461 111.8686 116.4324 116.8566 113.5947 109.8906 109.7314 111.7342 110.7296 117.4752 117.4485 114.9538 113.9058 110.8566 111.9800 107.7505 116.8210 114.8699 114.7025 108.8771 106.1510 106.1657 105.9007 117.4703 120.0511 106.1184 103.8847 116.0866 124.0121 123.1484 120.9821 121.2687 121.1381 121.0714 119.7813 120.8244 120.6481 120.3562 119.7868 122.2184 97.5604 105.7334 114.2919 119.3065 120.1282 120.1395 120.1327 120.1230 120.1347 113.1983 121.6609 118.4903 115.2436 115.7304 110.0084 120.7004 120.7745 121.1100
117.2400 117.7845 114.9477 120.9247 113.7085 111.1880 108.7313 111.6830 109.1911 116.7662 110.2107 116.7573 103.1910 106.0398 108.9584 108.2762 116.7487 113.9942 115.5143 111.5505 110.8732 109.0652 116.9371 111.6071 104.5595 107.3829 112.1813 106.8411 105.5404 122.4788 122.3416 121.9854 120.9010 122.5979 120.4239 121.5292 121.1752 121.0059 120.8835 120.5302 120.6235 120.4631 120.1184 120.1953 121.0221 118.6286 111.1329 120.0553 109.6895 120.9516 119.6918 119.5141 119.6762 119.7250 120.4371 120.7926 119.7682 118.7823 112.8228 121.8821 120.4509 121.4334 120.7633 120.7800
117.5100 116.8460 118.0721 117.4095 119.0675 120.6789 116.6211 109.4876 115.7537 106.9472 108.4926 102.5247 103.1964 103.4433 105.2941 113.3951 108.6236 115.7294 110.7305 113.5229 111.2870 111.9713 108.7073 109.4452 118.2284 104.3828 116.0609 114.1599 106.5837 119.1044 119.4276 115.5675 119.8387 126.0016 121.4343 121.1307 120.8852 120.6785 120.6110 120.0271 114.7423 118.4815 119.5896 119.8161 113.8996 98.7303 121.3253 117.0717 119.7150 119.6316 119.3395 120.9605 119.7395 119.8925 117.0072 119.3341 119.5717 120.2927 120.1202 119.4989 120.3695 121.8077 120.2679 120.4400
113.6900 112.1045 115.7797 117.5998 115.9540 116.7279 118.1865 118.8842 109.2954 111.3646 107.9806 104.6001 104.3493 105.6789 114.7168 110.6619 109.1854 108.3632 111.0170 109.4926 108.7359 110.4091 109.0587 113.9916 112.1904 122.1098 114.2314 114.9222 118.2658 122.5222 121.7998 117.7902 110.7604 118.2623 120.9898 120.6889 120.6163 120.4859 117.7057 121.7541 112.6694 118.0336 119.6312 115.4064 122.9633 117.7923 120.2257 119.0260 119.1183 118.7081 119.3456 107.4585 119.5005 114.4439 112.6672 119.2078 119.1737 119.1988 119.4426 119.7025 120.5975 100.5722 120.9839 120.3800
115.0600 118.7468 112.4570 109.8858 110.4761 115.8688 117.0291 118.9804 116.2629 117.9482 108.0648 108.0866 104.6687 105.4375 102.6501 112.4421 109.9790 108.5769 108.1046 108.6109 106.0527 108.4670 113.1207 109.8759 105.5158 127.9772 125.4793 124.7780 122.6368 121.7868 121.5661 122.5181 108.4756 117.5468 119.9308 120.1391 120.2873 120.3124 119.6043 120.1053 111.4228 96.9368 119.8712 98.9036 105.5159 118.7374 118.5813 118.5663 118.4827 118.0487 118.1491 116.1614 119.2865 116.8264 120.1089 119.4946 118.7861 119.0256 119.1062 119.1961 121.1341 110.5356 92.4494 120.0800
110.8900 110.5544 114.2231 115.3960 109.8906 107.5891 109.2971 113.2220 115.9648 114.0347 113.8872 112.7751 109.5915 111.8774 106.6661 107.6065 107.1497 111.9717 107.9958 109.8730 100.4972 105.3810 115.0564 112.9599 117.5387 123.3953 121.9509 121.5296 121.2505 121.7384 121.4088 121.4727 102.7492 126.4749 133.9705 120.2833 120.1015 119.6853 120.0441 119.1805 122.0464 98.0416 96.6531 98.2428 99.5451 119.9350 118.2898 118.1536 118.1232 117.7223 119.5262 102.6440 118.8064 113.1314 102.3747 119.2628 118.5151 118.5588 118.7174 118.9463 118.9949 119.4072 98.3786 100.4000
110.8500 112.1817 110.6066 116.8932 111.9419 113.4844 113.2576 109.6706 108.5974 110.3704 112.2821 114.3554 118.1092 115.9398 108.2059 108.7725 103.7213 107.1185 107.8748 99.6759 114.8063 108.5444 110.6346 108.0758 129.5179 124.3897 121.9339 122.0309 121.6507 121.4434 121.1463 123.6735 100.7646 113.2715 118.3548 120.0809 119.7338 119.8968 116.0143 118.3087 120.2461 118.2391 101.2115 100.4994 113.9847 118.5696 117.8025 117.6880 117.6142 117.3782 116.8798 115.7913 118.2095 118.9046 118.5780 108.6889 117.8471 118.1582 118.3063 118.5008 118.3182 117.7654 97.5885 119.3100
111.5700 113.4816 108.2465 106.5764 111.4818 112.4013 111.6856 114.8924 113.4092 109.2659 105.3162 107.8699 113.7777 113.7067 110.7858 112.4453 114.8585 103.9989 102.3761 116.8802 114.6539 112.7424 103.9149 109.8016 123.6927 117.8408 121.6732 121.5673 121.4461 121.2177 121.1090 113.2850 121.4985 120.4027 120.0229 119.7711 119.2854 119.2238 112.4926 118.0607 120.5000 100.4607 94.2443 99.1052 116.3790 117.5448 117.3145 117.1975 117.1231 117.0886 117.4184 117.0870 117.0034 116.7969 117.8598 114.2948 118.4086 117.7019 117.8855 118.0895 118.0113 120.7371 114.5741 118.8500
113.8600 114.7555 112.2128 109.8581 110.0020 109.3339 105.4026 106.9370 109.2717 108.3519 112.6445 111.1625 106.0139 108.5518 109.3668 106.5621 112.8468 106.8638 103.3185 111.8368 103.3074 111.0735 96.3723 116.8013 117.3109 124.9207 124.2783 121.4279 121.3300 120.5285 123.2624 121.9416 111.8355 117.7330 119.7967 119.3072 119.1104 120.0730 118.7200 105.6652 117.4123 109.7674 100.3294 112.4643 118.6511 116.6274 116.8090 116.6823 116.5908 116.5200 116.4686 116.5208 116.5819 116.6174 116.6625 117.1552 116.9472 117.2368 117.4461 117.6775 117.9628 117.9253 119.1164 118.4600
120.0500 118.3814 117.1564 108.6965 111.5961 114.6458 113.9639 107.7104 109.2309 102.7781 107.0794 104.3857 108.8823 109.2797 104.6050 106.0071 105.1028 105.5607 103.0257 118.9371 104.5797 124.0359 116.9757 120.0913 126.8819 120.7109 122.3373 121.4934 121.0948 120.7719 118.0592 105.5496 118.2550 119.0012 119.3282 119.1029 118.8128 118.2214 118.2593 114.3760 119.0627 118.3953 112.8665 116.4853 116.1736 116.5987 116.2731 116.1333 116.0256 115.9584 115.9308 115.9359 115.9794 116.0903 116.2243 116.3273 116.5631 116.7546 116.9902 117.2367 117.5037 117.7754 118.0620 117.9900
120.0300 119.3267 118.5812 117.7992 115.5639 115.0863 107.0619 111.8741 109.6239 109.5030 108.7806 108.6801 118.2496 103.6162 107.1720 109.2929 107.2561 101.0003 105.9889 125.2526 114.8911 123.0275 114.4566 123.0693 122.5960 121.3662 121.4722 120.9814 120.9453 120.6255 120.2889 119.8303 119.9317 119.4161 119.0939 118.7862 118.4663 118.1475 118.1619 117.5266 117.0476 116.8261 117.1355 116.3382 116.0724 115.9208 115.7054 115.5477 115.4248 115.3436 115.3091 115.3223 115.3769 115.4814 115.6194 115.8104 116.0115 116.2554 116.5082 116.7911 117.0819 117.3853 117.6902 117.9200
119.0300 118.7962 119.6579 113.8827 116.0600 114.0171 105.9345 114.0575 108.5527 109.7759 108.4978 107.9776 111.3290 108.3246 105.7989 104.4865 102.5239 115.8535 106.8901 113.1654 117.0655 123.1557 121.8056 122.1365 121.4014 124.1690 121.1293 121.8482 120.6610 120.4139 120.0892 119.8534 119.4550 119.1609 118.8223 118.4901 118.1630 117.8275 117.4771 117.1272 116.8323 116.4755 116.0926 115.8354 115.6101 115.3214 115.1004 114.9197 114.7777 114.6818 114.6512 114.6586 114.7310 114.8435 115.0082 115.2141 115.4476 115.7205 116.0135 116.3225 116.6431 116.9735 117.3106 117.4900
118.6800 118.3576 117.7497 116.5216 112.1009 112.0424 113.4727 114.5971 111.7757 110.0959 110.5887 108.3413 110.8431 108.2558 110.1662 107.1688 106.5223 106.3031 116.0852 98.5204 124.7099 124.4661 122.1595 121.9507 121.1765 120.3934 96.2860 116.9229 119.6106 120.2145 119.9194 119.5379 119.2833 118.8293 118.4901 118.1798 117.8583 118.0816 116.9134 116.7397 116.4825 116.0043 115.6595 115.3246 114.9914 114.7167 114.4555 114.2441 114.0788 113.9657 113.9279 113.9435 114.0187 114.1541 114.3498 114.5866 114.8612 115.1685 115.4915 115.8493 116.1932 116.6417 116.9433 116.9500
113.1100 112.5218 112.5368 115.8874 112.8817 111.4020 110.1000 112.4930 112.5743 108.9059 112.5813 115.6953 109.6871 110.5754 101.7998 108.6362 108.2213 105.8952 118.3606 114.7965 110.0389 115.0462 121.2978 122.0977 121.9548 113.8668 112.7984 118.3481 105.5935 120.5157 119.6935 119.8708 118.8966 119.0396 119.1301 116.8879 118.3578 114.3927 116.9062 114.6769 115.9897 115.5194 115.1591 114.7618 114.4121 114.0651 113.7705 113.5185 113.3241 113.1986 113.1468 113.1590 113.2585 113.4204 113.6374 113.9179 114.2377 114.5873 114.9579 115.3500 115.7453 115.8869 116.7574 116.8900
113.6300 114.8110 114.0514 113.8857 110.2909 111.3281 112.3559 110.9622 111.1676 104.3761 117.6958 109.1739 110.3117 103.3232 101.3030 103.5464 102.1712 109.5806 111.5605 126.4681 123.0394 124.3037 122.6018 121.8178 118.4272 109.8879 97.9781 100.1329 120.1315 120.7352 119.2503 118.2727 113.1374 115.3187 116.1795 106.0194 110.4720 100.4240 114.7470 110.8500 116.0103 114.9493 114.6382 114.0777 113.7518 113.3935 113.0236 112.7325 112.5065 112.3511 112.2798 112.2993 112.4210 112.6085 112.8809 113.2068 113.5784 113.9776 114.4031 114.8411 115.3187 115.8715 118.3574 113.2900
119.2500 119.5147 120.4941 117.9570 112.8540 110.8761 110.4581 109.0498 108.6331 108.6887 112.9358 109.2889 107.7055 116.2137 109.5665 108.0017 104.4665 118.9214 117.7332 118.7268 122.1163 122.7197 124.4259 119.5364 119.1487 99.0266 112.5982 111.3295 121.0707 113.4661 117.9052 119.8544 91.8765 98.3147 100.9395 97.7610 96.6206 114.6397 112.1595 114.6228 114.7349 114.6192 114.0083 114.2355 113.1919 112.4591 112.2522 111.8705 111.5939 111.4102 111.3259 111.3552 111.4918 111.7316 112.0536 112.4460 112.8778 113.3452 113.8333 114.3269 114.8009 115.0681 108.4289 113.2900
118.4800 116.9883 113.9775 112.0638 119.0068 112.4879 110.9649 110.1176 110.6541 111.9625 110.6297 108.9611 108.8999 115.0543 110.4096 112.8120 102.0397 112.1836 115.9075 120.6942 122.1205 122.6308 109.9295 108.9584 111.0663 110.2432 113.0933 116.0642 120.5075 112.9767 112.1097 115.0836 102.4157 108.4457 94.6251 107.2638 102.6280 100.7499 96.2590 112.9132 114.8072 113.2554 113.2477 112.6411 104.6792 112.5765 111.5732 110.9274 110.5911 110.3529 110.2482 110.2838 110.4628 110.7621 111.1632 111.6311 112.1456 112.6894 113.2491 113.8054 114.3596 115.0503 115.7429 115.6200
104.6600 110.2455 110.6360 113.4455 113.0838 111.5028 111.5361 110.5722 110.3460 115.4178 115.8630 109.8020 103.8048 103.1542 101.8807 103.4470 104.5002 112.0033 106.8748 124.7504 121.9473 122.7426 112.8243 100.2896 98.6993 99.1882 88.0802 109.1502 106.5447 118.7158 110.4558 101.1044 97.8680 110.1360 110.1951 119.6415 114.1723 110.6210 96.8587 100.4113 107.2417 116.2702 112.9119 111.9968 110.4212 111.9810 110.6972 109.9297 109.4665 109.1606 109.0178 109.0722 109.3043 109.6908 110.1912 110.7601 111.3857 112.0144 112.6600 113.2888 113.9046 114.4047 115.0876 115.6200
104.6500 116.9371 105.9483 114.3952 115.7215 113.6868 112.8373 107.8783 104.4270 109.4317 111.0440 109.3651 106.0051 106.5415 102.6764 102.7998 115.2405 114.6152 113.9168 122.7200 121.9033 121.8556 124.9267 98.6145 99.9723 97.9733 131.0259 103.8622 115.8059 118.8811 113.6512 106.2932 100.5426 97.4038 113.0143 105.5846 120.9010 107.3477 114.0722 101.6129 88.3378 98.0792 113.8279 112.0537 111.1730 108.6577 109.2600 108.7875 108.2002 107.7820 107.5878 107.6548 107.9696 108.4840 109.1218 109.8356 110.5900 111.3362 112.0736 112.7846 113.4642 114.1129 114.7334 114.9900
104.6500 113.8859 110.2683 111.1315 106.6543 117.5647 112.4979 114.3217 117.6058 116.0915 113.5434 113.7441 104.6023 103.4100 101.7421 104.4762 118.0317 110.9230 122.0216 122.9442 122.1386 121.7464 121.7953 117.3071 103.1618 96.3804 114.0616 104.5297 120.8704 119.5767 119.6898 120.1579 99.8452 100.0208 101.2378 95.2406 98.4602 96.1288 98.1980 94.6464 110.6366 112.6244 107.6947 111.1022 109.9248 109.5646 108.3901 107.5205 106.7368 106.1492 105.8805 105.9702 106.4220 107.1275 107.9742 108.8677 109.7722 110.6562 111.5032 112.2959 113.0474 113.7539 114.4207 114.8500
111.0600 109.9020 109.1641 108.8787 108.6790 109.1407 103.5138 108.6166 115.4118 116.3710 110.8739 107.6357 103.7687 101.8035 105.7952 113.5678 113.6493 122.7080 121.6405 122.4431 122.1773 122.3966 123.1272 115.6825 122.5078 119.5854 119.9727 118.6221 119.6943 118.9952 118.6317 117.7619 113.1312 91.4047 112.4490 101.1854 114.5459 90.7550 91.2907 90.7028 112.0207 113.3244 110.7709 110.5519 109.4654 108.4112 107.2744 106.1322 105.0455 104.1803 103.7476 103.9044 104.5830 105.6044 106.7275 107.8741 108.9696 110.0052 110.9638 111.8484 112.6746 113.4373 114.1519 114.7600
123.2400 122.0870 121.7484 115.7128 108.8190 108.1237 108.8906 109.3193 108.3203 114.2941 107.6119 106.4302 105.8693 105.1141 103.3187 103.5291 103.8835 118.9043 118.6710 122.7551 122.1009 124.2888 99.7286 122.9392 122.7139 102.5596 116.3239 120.5672 119.2844 119.0251 118.5914 118.2698 119.1097 99.9847 97.4557 93.9255 116.6386 109.5035 113.9673 112.0266 107.7958 112.2112 110.8218 109.9681 108.8072 107.5353 106.1433 104.6329 103.0670 101.6585 100.9311 101.2044 102.3572 103.8868 105.4333 106.8901 108.2196 109.4086 110.4873 111.4631 112.3505 113.1641 113.9142 114.2000
122.9000 114.2489 122.0841 110.0042 110.5578 113.0149 108.9560 108.6441 107.6991 106.7500 105.3915 102.2996 102.7371 102.1185 101.8471 100.3301 118.1061 120.7063 121.9835 122.1110 122.1777 121.7800 122.0217 121.8448 120.6569 120.2051 120.8275 120.0434 119.4866 118.9421 118.5308 118.2801 117.3685 118.2090 94.3489 97.1145 97.1642 114.2263 113.8791 113.3099 112.6484 111.7448 110.5796 109.4858 108.2221 106.7624 105.0818 103.1099 100.7870 98.3983 96.6081 97.3284 99.6705 102.0381 104.1777 105.9936 107.5541 108.9005 110.0917 111.1449 112.0909 112.9461 113.7311 114.1300
126.4900 124.1840 123.1908 109.4301 110.1051 109.4159 110.0530 104.8937 104.1154 110.8173 107.6360 102.0534 110.5653 111.1492 105.7392 102.1377 102.2460 118.2792 120.2100 119.6482 122.4050 116.3561 109.7972 122.3787 121.2007 116.9052 118.1893 120.7032 116.9283 119.1590 119.3882 115.7298 116.4853 99.2904 98.0198 113.4360 111.9869 92.4604 115.0962 112.9736 112.2967 111.3772 110.3541 109.1543 107.7882 106.1762 104.2057 101.7275 98.4686 93.3949 89.8675 91.0686 96.3975 100.2701 103.1136 105.2849 107.0534 108.5343 109.8080 110.9149 111.9097 112.7983 113.6112 114.0800
126.4900 126.8929 121.9215 104.9202 106.1734 106.3863 106.7957 106.7109 105.4333 104.8924 102.5698 103.3802 105.3029 102.6232 112.3911 106.4504 126.6486 123.6501 122.5790 122.5739 122.1884 108.9557 102.7786 121.5157 118.4171 122.7149 105.3974 118.8838 100.5617 120.6271 114.5260 94.2788 94.5064 93.6942 95.9464 90.2115 111.5583 103.0628 115.5474 112.8044 112.2463 111.3186 110.2215 108.9937 107.5616 105.8481 103.7072 100.8654 96.7653 89.0210 85.2397 86.4829 93.3634 99.1277 102.4903 104.8974 106.7888 108.3437 109.6574 110.8072 111.8143 112.7229 113.5435 114.0500
126.4900 124.4885 104.8773 107.3698 107.3945 106.2218 106.4173 106.1839 106.6291 106.4531 105.5417 106.0422 118.5994 108.6140 101.8731 101.7269 122.4738 121.8924 120.6519 123.0706 119.2412 125.8102 123.7704 113.9185 105.0134 123.5833 103.8199 109.6485 98.9119 121.6250 104.9355 100.2772 99.5601 98.6658 96.9806 94.9246 108.4023 108.6224 114.7908 113.0833 112.2370 111.2934 110.2206 108.9920 107.5642 105.8540 103.7206 100.8899 96.7897 89.0760 85.1166 86.4848 93.3801 99.1440 102.4984 104.9034 106.7957 108.3450 109.6578 110.8097 111.8162 112.7288 113.5478 114.0300
116.8700 117.4751 115.9521 108.3235 108.2444 104.6613 106.6598 106.7578 106.6731 106.2872 107.2854 105.4708 110.5047 106.2183 114.9296 107.7985 124.2566 123.6592 118.7997 123.2505 102.5093 113.7272 121.6139 105.8390 109.6285 122.5035 113.6952 113.7387 101.5848 113.8635 105.2004 102.1446 99.6955 98.4471 108.5071 106.6417 112.8582 117.8181 113.8855 113.1909 112.3864 111.4415 110.3610 109.1679 107.7971 106.1840 104.2253 101.7551 98.6479 93.5290 89.9516 91.2301 96.5333 100.3284 103.1520 105.3058 107.0661 108.5436 109.8116 110.9239 111.9147 112.8002 113.6127 114.0400
126.4900 115.8450 120.4195 105.8886 107.6557 107.4352 106.9033 107.1028 104.3414 102.0163 106.0531 102.7077 102.1892 100.2863 107.0821 117.9429 120.6056 120.6066 123.1102 104.9157 109.1388 107.0685 121.0616 115.3994 112.1668 120.5275 121.2615 116.8617 120.0456 111.4228 109.6810 109.7597 108.3952 108.4341 121.3224 118.2473 114.7601 114.3579 114.0984 113.3280 112.3201 111.4759 110.6329 109.4930 108.2359 106.7758 105.1046 103.1258 100.8927 98.4252 96.7050 97.4308 99.7406 102.0914 104.2091 106.0212 107.5737 108.9172 110.0970 111.1518 112.0974 112.9561 113.7381 114.0700
126.4900 121.0698 111.4807 109.0372 109.8004 109.3716 109.3906 105.4742 107.4482 106.8482 104.7056 105.6111 102.7239 103.4314 99.9113 106.7722 112.7665 117.0064 120.7556 113.7278 122.8849 118.3207 121.4968 115.0840 120.9377 123.0896 119.5589 120.1860 119.8414 120.7903 120.2474 120.0514 119.3745 110.0691 102.7544 117.1179 116.2369 115.2800 114.2429 113.5230 113.3358 111.8513 110.7530 109.9679 108.8151 107.5539 106.1736 104.6485 103.1146 101.7252 100.9840 101.2669 102.4138 103.9370 105.4732 106.9185 108.2353 109.4247 110.4956 111.4755 112.3588 113.1712 113.9213 114.6700
113.1400 112.4288 111.8778 111.5991 110.8816 110.8271 110.3182 108.7481 107.7114 105.7048 102.6163 101.0261 118.0490 100.7011 102.9805 114.8048 124.5975 125.4569 124.1707 122.9237 122.6154 120.6585 121.2801 121.7241 120.8089 121.2041 119.8780 119.7754 119.4226 116.6477 118.5738 117.8412 117.7584 110.9550 112.1623 116.1052 111.0386 115.1979 114.2534 114.0208 107.2903 108.3948 111.4631 110.5453 109.4797 108.4336 107.3060 106.1654 105.0852 104.2074 103.7865 103.9425 104.6352 105.6281 106.7775 107.9065 108.9956 110.0215 110.9834 111.8696 112.6851 113.4546 114.1690 114.7400
113.1100 112.0371 111.2118 110.4545 114.2142 109.7877 110.0795 110.4786 110.3930 110.0602 109.5229 102.8301 118.8684 110.2069 100.4728 115.8700 110.1640 118.6177 117.6553 121.9039 122.2301 122.0138 121.5580 121.2204 120.8521 121.8165 121.8213 119.1987 119.6834 118.6668 118.8595 118.4572 117.9894 118.4741 117.4662 116.3177 114.7719 115.4278 114.7163 113.9014 112.6252 106.8828 112.5406 111.0611 110.2178 109.3181 108.4281 107.5465 106.7640 106.1779 105.9103 106.0055 106.4585 107.1572 108.0078 108.9047 109.8027 110.6751 111.5150 112.3121 113.0720 113.7169 114.3587 114.8300
117.0500 118.1656 119.4031 104.2868 111.2261 116.7685 113.7374 109.0131 105.9486 103.2885 103.3076 100.8702 123.1215 117.2357 121.9071 122.6292 121.8096 121.0043 122.9719 122.5567 122.2665 121.9910 121.7888 121.4470 121.6301 107.3109 99.1642 121.9486 119.6002 119.3181 118.9157 118.5016 118.0359 117.5722 117.1489 116.5276 116.0077 115.4696 115.0500 114.4522 114.2129 112.7939 112.4263 111.7120 110.9642 110.2114 109.4868 108.7999 108.2204 107.8043 107.6140 107.6817 108.0007 108.5120 109.1527 109.8738 110.6065 111.3574 112.0934 112.7918 113.4793 114.3836 115.2663 114.9400
116.5600 112.5104 110.5418 107.8174 109.9920 109.3845 109.4228 111.7133 112.9820 110.9423 107.1493 119.0603 124.1055 126.1169 125.9305 105.6814 129.1610 122.7371 123.0103 122.6080 122.3595 121.9265 120.9736 119.1372 121.1078 118.3084 120.5849 120.1480 119.8320 119.4400 119.0444 118.6460 118.2516 117.7064 117.3605 116.7905 117.3182 115.2941 110.8834 114.4039 114.1954 113.6061 112.9590 112.3482 111.6974 111.0696 110.4749 109.9361 109.4899 109.1626 109.0275 109.0931 109.3271 109.7066 110.2134 110.7884 111.4051 112.0392 112.6806 113.3092 113.9230 114.4721 115.0605 115.4800
108.9600 114.3701 115.5768 111.6796 111.8068 112.2117 112.8425 113.9862 113.2034 109.7168 119.1916 114.2575 107.2675 102.2362 108.3737 114.7671 127.6970 122.8284 122.8435 122.6975 122.4113 122.2209 122.0684 121.7948 121.2484 121.9923 117.4846 120.4123 119.9115 119.5441 119.1948 118.8195 118.3912 118.4345 114.8885 116.5700 91.2362 92.5642 103.8679 115.4857 114.6132 114.0874 113.5264 112.9729 112.4236 111.8943 111.3949 110.9584 110.6245 110.4516 110.3113 110.3063 110.4853 110.7808 111.1835 111.6506 112.1705 112.7101 113.2690 113.8261 114.3705 114.9066 115.4415 115.5800
113.7900 115.6727 112.1995 112.8285 111.4499 109.0588 105.5795 104.4456 102.4350 102.0468 100.5471 119.6833 110.2214 106.1862 107.4348 121.2716 122.4396 123.2956 123.0635 122.6914 122.4475 122.2241 121.7530 121.5294 121.7262 121.6935 125.5544 128.2674 120.1519 119.6151 119.3882 118.9193 118.2830 115.0738 95.7225 108.0741 99.0254 93.7292 106.5462 116.4201 115.0528 114.5739 114.0834 113.5917 113.1225 112.6603 112.2599 111.8934 111.5423 111.0477 111.2250 111.3679 111.5119 111.7515 112.0805 112.4670 112.9023 113.3667 113.8496 114.3435 114.8579 115.3464 115.8051 116.1200
113.8100 110.1297 106.4337 107.0037 106.3213 106.6282 106.7472 104.4026 104.2132 104.2446 101.5290 115.2925 114.0890 122.6308 125.8944 111.2634 124.1303 122.9600 122.8944 123.7811 122.5134 122.2461 122.8702 122.0970 115.5294 106.0820 126.1958 137.7223 119.4123 119.7575 119.5872 119.0613 113.1663 96.2762 96.3223 119.9090 119.2004 119.5773 115.8022 115.9841 115.5556 115.0514 114.6260 114.1883 113.7813 113.3928 113.0535 112.6794 112.6174 114.2836 112.3710 112.3305 112.4357 112.6329 112.9023 113.2228 113.5939 114.0019 114.4240 114.8748 115.1717 115.5108 115.6957 116.7300
126.5800 118.1273 106.9689 106.0081 105.5306 106.8443 105.4588 105.3110 109.5034 103.5609 102.2678 120.1500 120.6813 122.5344 124.2006 124.2065 123.7690 123.4231 123.6147 119.2067 120.7059 120.5336 116.3721 111.5714 108.7202 117.9438 120.8964 126.1450 120.2328 120.3717 119.8199 119.6790 109.4978 102.6834 112.2829 109.6078 117.6012 116.4460 113.0625 116.6663 115.9390 115.5584 115.1534 114.7770 114.4141 114.0794 113.7615 113.7869 97.4854 104.7685 113.3311 113.2125 113.2683 113.4315 113.6613 113.9355 114.2555 114.6043 114.9715 115.3603 116.1272 116.5178 117.3528 116.7300
126.5800 113.7125 107.3575 106.3651 106.8130 108.1763 108.5404 108.7472 103.1936 105.4607 105.3685 120.3460 114.6844 124.4074 128.8401 123.9402 123.6885 123.3486 110.1618 119.7660 119.2120 121.5279 107.3618 107.7785 123.6596 124.0234 110.8700 122.4935 119.3172 118.0725 118.9181 119.6458 118.9805 110.5564 99.2737 101.1835 119.8503 117.5846 117.3410 116.6966 116.3842 116.0202 115.6989 115.3505 115.0147 114.7368 114.4494 115.2711 115.1679 113.7512 113.9492 113.9599 114.0377 114.1670 114.3643 114.6029 114.8669 115.1753 115.4293 115.9982 115.4352 101.0928 117.3140 117.3300
126.9700 105.2048 107.7655 108.3724 107.9629 108.0135 112.3357 109.3852 103.8719 105.0405 117.9822 120.8022 110.9326 124.8803 127.5842 124.3187 125.0177 119.8393 114.4944 123.5627 117.1544 106.7431 117.2215 120.6225 123.2546 110.8580 96.2239 121.6653 122.6826 126.2882 121.5742 117.6924 117.0480 108.2536 104.0591 115.9069 113.4565 118.4237 117.3846 117.1525 116.8209 116.4802 116.2391 115.8535 115.6017 115.3552 115.1948 114.4110 114.4341 114.6902 114.6649 114.6815 114.7398 114.8798 115.0271 115.2334 115.4565 115.8275 114.8991 117.2220 116.3379 115.7647 119.6019 117.7700
109.5700 109.2748 113.4782 111.1670 111.9414 104.5719 106.7968 104.1176 104.0868 104.5074 117.2703 118.2467 125.8113 124.3928 116.0984 117.0543 118.0657 119.9432 121.8162 123.1459 120.1745 115.0757 127.4030 110.7910 116.1618 94.9717 112.2592 117.0488 109.7589 101.1515 112.2848 115.5305 106.4285 99.5123 102.0581 114.1012 116.2790 118.0996 117.8054 117.5813 117.2392 116.9075 116.6750 116.3302 116.2253 116.8969 115.0767 116.3819 115.5416 115.3631 115.3164 115.3291 115.3932 115.3817 115.5883 115.7543 116.0483 116.2370 116.5083 108.7933 116.9329 117.0504 110.7230 98.8300
112.7500 109.4775 106.6567 105.5713 106.5449 105.7721 108.8637 109.2357 103.5458 103.4277 103.3690 116.7902 124.6394 124.3001 122.9201 121.4010 121.7886 113.6535 123.5795 122.9587 123.4596 124.5471 113.7485 115.7072 120.3759 124.0933 124.1862 100.9771 105.3918 117.6998 118.9473 104.6405 101.4581 104.5978 97.2806 108.3489 118.9513 118.5166 118.2019 117.8748 117.6170 117.3127 118.0121 117.7105 115.1946 114.3446 105.9098 115.1104 116.0070 115.9666 115.9427 115.9437 116.0202 116.6482 116.3821 116.8517 116.3220 116.6964 118.5928 113.1877 120.0899 117.6653 117.1782 118.3100
122.1900 115.2068 104.9313 111.6720 108.7844 109.5612 107.3686 106.5672 103.6620 106.0496 113.4726 117.7191 128.1488 127.5854 115.8935 125.6261 124.6841 122.7055 123.3701 123.0642 124.2168 109.2330 121.6809 123.2478 117.9976 121.9784 121.4594 118.7140 119.5722 121.5367 118.0867 101.8813 97.9488 97.2838 97.2713 120.7701 118.7097 118.9641 118.5459 118.3174 118.5176 120.4285 117.6546 103.8724 115.1407 107.5008 108.5684 117.1893 116.6109 116.5333 116.5113 116.5197 116.5782 117.3123 105.9421 116.7334 116.9799 117.2797 118.7415 106.6933 119.1742 118.1325 118.5611 118.7100
112.7000 110.0347 109.5478 109.1411 108.9460 108.8456 110.7624 103.8239 104.2263 103.9615 115.1219 100.3647 127.3852 112.8728 123.8729 125.1067 116.1946 134.1048 122.7064 123.4124 123.3678 123.0988 121.8962 122.4778 122.1263 122.7184 121.8754 121.7969 122.0963 115.2900 108.0489 100.4308 121.7021 117.1134 120.9239 119.3510 119.3468 119.1895 118.8998 118.6730 118.3642 115.9280 100.2788 96.0337 120.6701 97.5213 100.0228 118.5865 117.0944 117.0751 117.0545 117.0597 117.1456 117.1882 117.2434 118.4478 117.5409 117.7501 117.2946 118.0135 118.4038 118.4836 118.8190 119.1400
109.6000 109.2605 109.2697 109.2676 109.0341 109.0083 106.9335 104.0366 104.2353 101.2657 117.0932 101.2289 106.4722 107.8105 107.4253 103.0648 106.3355 125.0990 125.1940 103.8514 124.3015 123.1230 120.6209 122.8987 110.1799 121.4029 121.9698 122.0592 121.1884 121.9141 108.8596 111.5136 116.7328 120.6988 120.2603 120.0435 119.7250 119.4836 119.2467 119.1289 118.5969 121.5700 112.5352 93.8085 123.0847 99.3593 121.1239 117.3082 117.6842 117.5754 117.5643 117.5724 117.6023 117.6953 117.6997 117.5754 117.9991 118.1014 118.3774 118.5227 118.7006 118.9399 119.1353 119.2200
109.6900 109.4663 108.9612 109.1837 108.1943 107.2081 106.2323 103.7396 103.9097 103.5162 104.3994 117.5641 109.5920 122.9605 106.9321 113.3410 127.7710 113.7168 125.7504 104.2293 124.6507 122.4520 105.8939 100.9143 123.7513 122.9653 122.2971 121.7573 122.9365 122.5732 103.6238 118.2852 121.0367 120.9995 122.4023 117.8332 120.0247 119.8552 119.4944 119.3830 118.7640 118.3483 99.0993 99.3882 107.7507 110.5590 117.0590 118.4257 118.0883 118.0601 118.0455 118.0460 118.0697 118.1202 118.2433 118.5876 118.3606 118.7899 118.6730 118.9061 119.0907 119.2775 119.4965 119.6100
108.7700 108.3642 107.9129 108.5375 108.6291 107.0065 110.0063 103.6532 104.2430 103.8896 122.9353 110.7332 121.5017 109.8320 124.7371 100.7703 121.7475 111.2452 101.9889 108.1252 125.0540 107.6225 102.0847 119.9210 110.1207 122.3878 122.5052 109.0242 100.4926 121.5812 107.6791 122.9853 118.8222 121.6030 113.3279 110.2818 121.8293 119.8510 120.7123 119.6752 119.4836 118.7543 97.8841 97.7167 100.6565 121.1752 118.5300 118.6839 118.5619 118.5142 118.5015 118.4993 118.5614 118.6157 118.5479 118.0204 115.7639 118.6264 119.1088 119.2948 119.4574 119.6380 119.8198 119.9200
107.8900 108.5697 107.3694 108.8434 107.1865 105.7549 104.7920 104.3446 104.4587 100.9700 112.0531 108.8537 105.2475 105.6702 116.1116 103.7795 108.7456 104.3197 104.7161 103.9340 110.9786 104.1204 107.2194 123.2027 122.8559 123.9068 123.9741 113.2058 106.1529 126.1982 114.3119 118.0521 112.8558 120.2066 122.2255 118.5715 121.5297 123.1304 115.6944 120.0296 121.1683 119.0942 103.8715 117.1181 95.8318 112.6112 119.2879 119.0333 118.9887 118.9450 118.9330 118.9243 118.9924 118.9769 119.9260 119.4982 119.0657 119.5068 119.6266 119.5988 119.8091 119.9704 120.1446 120.3800
110.9500 111.7566 108.6484 109.4566 107.1994 104.8108 104.6273 103.6582 103.1926 108.3645 108.9359 106.6786 109.4717 115.2336 122.6244 109.6911 122.0915 105.4600 106.4395 111.4788 112.0917 101.2811 107.2676 131.7868 127.9646 121.3207 122.5589 124.0457 112.5222 124.1671 109.8407 106.5085 120.7237 122.9276 122.6400 109.9693 114.4005 120.4864 120.4553 121.7087 122.2360 102.7056 115.8118 124.6089 102.6474 121.7287 119.3087 119.4809 119.3898 119.3615 119.3415 119.3313 119.4265 119.7449 112.4147 121.6227 106.1344 117.3747 115.3753 120.0266 120.1652 120.2873 120.4566 120.7100
110.9500 108.2014 117.0135 105.7085 105.6816 104.5637 104.1859 112.3981 106.4472 107.9802 115.5050 100.8762 115.2143 119.1728 113.0388 111.6889 121.4800 113.5353 114.0565 108.5574 117.1197 118.6625 113.2975 101.3771 126.2129 115.8941 124.8500 115.1194 118.5865 123.6102 121.2614 124.1104 122.0437 116.0313 104.7144 101.9706 96.5387 113.4755 122.5473 120.3895 115.5737 102.7441 121.7456 107.8885 103.2010 121.4383 119.9322 119.7722 119.7840 119.7475 119.7393 119.7176 119.8503 120.8983 108.5179 121.7294 120.4199 121.5710 120.0593 120.4143 120.4820 120.6495 120.7503 120.7100
108.2100 107.1168 114.2940 107.2084 112.5236 106.7075 114.8256 117.7411 114.7881 101.8371 112.4727 113.8617 116.2254 115.4359 115.9384 115.6956 114.7527 113.2501 106.2176 120.1323 123.9987 119.9394 121.5573 118.4335 125.9556 122.1501 119.0584 94.4824 101.5924 124.4429 122.2344 128.9341 121.6705 111.4977 107.0715 103.2499 101.2343 101.3025 122.3714 121.4089 117.9983 120.5848 115.7531 99.1642 112.8081 121.2077 120.4794 120.3700 120.1531 120.1199 120.1178 120.1175 120.1445 120.2733 121.5279 94.5798 124.4645 120.1247 120.4597 120.6335 120.8595 120.8319 121.2005 121.3000
108.2000 107.6677 106.6390 104.3711 119.8951 110.3648 109.5325 104.9520 101.0731 114.3968 103.3267 108.8584 119.7051 121.7020 118.2752 115.0766 116.3652 114.5120 111.1850 125.1686 125.8694 107.6071 126.4285 127.8342 122.1252 124.5602 114.9381 116.0398 118.9594 125.7056 121.3316 122.2089 122.4056 119.2111 104.7964 119.6139 98.0171 114.6759 122.5677 120.9905 121.2552 120.9488 122.1146 119.6735 122.4996 120.8327 117.5700 120.6917 120.5217 120.4827 120.4771 120.4748 120.5395 120.6726 118.6782 118.0087 122.2476 120.8616 121.2271 121.5714 121.1638 121.2746 121.1285 121.3600
111.0600 110.1751 105.6921 105.6096 110.3254 108.4537 103.3195 114.2982 103.8410 121.9640 118.1204 114.9020 106.0027 107.2191 114.4397 118.2026 119.4113 123.3606 131.6897 113.4443 112.6250 106.8767 122.5582 118.4504 123.8885 126.4002 104.9484 105.6805 107.7155 99.1349 125.8184 122.6354 122.4833 119.8823 109.5867 116.8688 119.7448 122.0263 121.5705 121.6879 121.3520 121.3557 122.4095 121.2763 120.8912 121.0294 120.2372 120.9300 120.7549 120.7762 120.7965 120.8231 120.8430 120.8860 121.0013 120.8755 121.0285 121.1506 121.1897 114.9261 122.7241 121.0477 116.0281 99.6600
105.7400 107.2592 108.9527 107.9951 106.8335 104.4096 121.8861 105.6652 122.8556 108.3520 105.2981 104.7476 103.0675 104.2767 126.3641 125.1179 125.5388 117.3760 104.9776 107.8742 103.6963 102.7421 107.2277 105.9909 123.5731 107.9846 100.4449 111.6066 126.3037 121.0974 123.1535 122.8158 122.7429 122.6472 122.9820 122.3605 121.4863 120.1863 121.6917 121.7845 121.6957 122.4603 109.6702 121.4539 121.2158 121.2797 121.3377 121.2468 122.0937 121.5472 121.5910 121.1652 121.1661 121.2054 121.2335 121.2952 121.3981 121.3200 122.6438 121.3350 133.5531 121.9441 112.5064 121.9600
123.4300 123.1270 109.4640 106.5309 122.5322 124.7592 124.3136 126.0089 104.4528 123.2912 102.5302 104.6474 105.9347 125.7079 123.8940 125.6870 125.3979 122.4280 109.5312 105.5244 113.9083 105.8503 107.8648 127.1128 124.4063 111.0960 101.4266 105.4099 115.3970 123.3070 123.3537 123.1691 122.9415 122.8699 122.7539 122.6215 123.5713 109.5534 117.8615 122.3084 122.7605 118.8828 121.4418 121.9191 121.5472 121.8269 121.4746 122.0796 114.3944 122.9481 115.9058 121.6490 121.5176 121.5000 121.5595 121.5978 121.6992 121.9402 115.5086 121.9368 126.9263 121.4718 111.4281 117.1800
111.1900 120.2333 129.6981 121.5306 120.8523 125.3613 120.5138 116.9917 118.5118 128.4290 104.3063 107.6702 109.3221 115.0126 123.2322 127.0072 117.4766 113.0911 124.6167 125.3731 119.7060 113.7497 126.9745 123.8830 124.2348 125.1122 109.1157 102.1144 122.9731 123.8523 123.4879 123.3787 123.2544 123.1296 122.9963 122.6655 123.2245 100.2433 113.5656 122.5718 122.9725 100.7526 98.4525 114.2962 121.8048 120.4225 121.7760 124.6487 99.8085 124.7574 106.4350 122.7987 121.6144 121.8913 121.8765 121.8985 121.9891 122.4114 118.0005 122.5248 120.9107 102.6351 106.6475 102.9700
127.9300 123.0048 127.6547 128.6697 121.0980 122.2448 117.0240 123.9646 124.7494 116.3468 111.8723 107.0184 123.3248 99.4709 111.3223 102.8193 107.8072 114.6681 115.9576 125.8059 126.6567 125.2297 124.1361 109.4377 124.8799 110.3982 113.4831 119.9509 128.1445 122.6187 124.4483 123.2683 123.4427 123.3493 123.2145 123.0608 124.2217 116.9106 113.7805 122.5613 124.7880 123.4701 114.3944 121.1834 121.2384 124.0608 120.6610 108.0517 115.7471 123.7595 123.8193 117.3505 122.2571 121.9774 122.1229 122.1978 122.2703 122.2640 120.3074 103.2698 124.7595 134.4358 110.1077 102.6900
143.6900 127.7629 128.1432 127.6434 127.9372 124.6888 107.3959 120.0261 109.2535 112.3994 126.3027 128.1089 117.5880 119.0879 104.5327 105.4082 98.9152 126.8496 127.4164 125.5166 125.1297 125.1520 125.8951 119.6198 115.2192 121.7008 106.3106 121.1775 123.0807 117.9555 123.0820 123.8558 123.6269 123.5718 123.4452 123.3502 122.7751 124.4289 122.9900 122.7519 122.3614 122.7260 115.5899 122.7614 124.8504 122.8914 122.9124 107.6780 109.3493 123.0783 122.0080 123.1194 122.8340 122.9447 122.3372 122.6638 122.5217 122.6712 121.0053 111.6351 120.4538 108.6457 104.6032 104.8600
143.6900 127.0500 127.9000 127.6900 127.5900 127.4900 120.8200 127.1900 117.0900 121.0200 126.5700 126.6400 126.5400 121.9100 120.0500 114.9200 121.2900 135.4700 125.7200 125.6000 125.4900 125.2300 125.1000 124.9800 124.8500 109.8800 112.5000 125.4000 118.0200 127.6000 127.6000 123.9200 123.7700 123.6500 123.6500 123.5300 123.4000 123.2600 123.2600 123.1100 122.9500 122.9800 122.8100 122.8400 122.6400 122.6700 122.6900 122.7100 101.4100 122.4900 122.5000 122.4900 122.4800 122.4700 100.7000 122.6800 122.6600 122.8200 122.8200 125.7800 125.7800 109.7100 111.1900 107.5600
