132.3500 135.6000 121.6000 122.9100 124.1800 123.7300 122.8100 122.3400 120.4700 126.1600 105.5300 124.0300 120.6400 118.5800 122.6500 120.5800 110.9100 111.7200 105.2400 108.5400 109.0900 118.1700 106.2200 106.2200 106.1800 105.1800 110.6300 102.7100 117.8300 111.8600 112.4700 109.9900 107.9100 106.9000 103.7700 123.1900 123.0300 112.0300 115.5000 122.3400 109.7300 126.0500 119.6900 121.4200 121.4700 121.2300 120.8300 120.8300 120.6800 120.4200 120.2100 120.0200 120.0200 119.8500 119.8500 119.6000 119.6500 100.3700 102.9500 102.9500 106.3100 119.0900 119.0900 119.0800
132.3500 133.2314 126.0415 130.5267 129.4929 121.6694 122.4833 121.1622 121.2703 122.7734 116.0496 107.8166 116.6259 118.1705 119.7394 115.9137 111.3030 110.6557 107.3979 106.0102 108.2188 113.2582 106.0091 110.2560 103.8891 105.2855 107.8443 102.7571 107.9903 111.3464 116.6174 108.2500 104.2523 107.5906 103.2281 114.4475 113.3457 119.6731 109.5434 115.2154 117.8334 120.1995 120.5623 121.4797 122.0629 107.0321 108.5489 120.7867 120.2980 120.2461 120.0576 119.8818 119.7263 119.4767 120.0486 121.3871 109.7234 105.6814 106.4572 106.3451 112.8859 120.7755 119.5620 119.0800
123.1000 124.7105 122.9734 132.0991 127.0001 130.8788 126.5313 129.7178 119.5935 119.6497 125.1289 117.8795 113.8633 120.4266 118.0228 117.4123 114.9671 110.6107 109.1727 107.2464 108.4013 107.3165 110.0684 107.1723 105.0642 103.9139 101.9112 101.7980 101.8695 103.0029 106.9706 107.5168 112.0854 106.6445 114.5424 110.2674 117.0740 123.1168 116.1778 110.4737 124.5439 121.2480 122.9481 121.2175 121.2974 120.6009 116.6166 121.4059 120.1194 119.9074 119.7183 119.5385 119.3848 118.8643 119.7946 107.9095 98.3635 108.8310 99.9740 100.8953 110.9107 111.2539 119.5213 118.6900
123.1000 119.9729 122.2295 125.0732 123.1307 128.2643 130.0837 120.3324 128.4264 130.0242 118.1587 106.5948 116.4249 122.9309 120.1164 119.0396 116.6632 117.4952 113.9606 110.1535 108.9923 101.7992 105.4935 105.5194 105.9977 101.4786 103.5227 117.5596 103.7678 101.4718 110.9224 105.8245 107.3780 111.1398 116.2317 127.3841 129.0207 116.0219 122.8042 119.7197 111.1222 105.1021 110.6767 115.7796 121.4121 119.7730 120.4189 118.1694 119.8736 119.5727 119.3782 119.1823 119.0173 119.3365 117.7582 98.4204 103.3342 102.8737 103.2839 101.9770 104.0578 93.3764 119.9255 118.2900
128.4400 130.8800 124.4712 119.6539 120.3595 118.6486 122.0729 117.1119 124.7549 124.2457 124.3071 108.9467 127.6707 119.9531 109.1999 115.0012 118.0471 116.7817 113.2299 110.3256 107.7404 113.8023 106.7878 107.8900 103.4819 115.4709 108.2262 103.4920 101.6295 110.9948 121.0693 106.6719 116.0078 106.1322 123.9990 127.1552 123.8688 120.9828 122.0715 124.3621 119.3200 110.8884 110.7347 104.7683 107.0723 119.1973 123.7826 120.5762 119.4770 119.2396 119.0370 118.8072 118.6136 119.2320 106.3209 102.2532 102.2806 104.0723 108.5572 108.4897 107.9074 104.7767 118.5019 117.8600
110.4000 115.0576 118.7343 127.3845 125.1069 124.0178 121.0925 113.7296 115.0806 121.6811 118.5298 116.2093 104.6611 125.1747 120.4280 117.9875 114.5047 114.7454 113.6216 114.7979 101.8720 116.3899 113.0648 114.6530 103.8830 104.3634 108.1745 104.4221 104.8710 115.3876 106.8315 107.0036 122.2312 105.8012 113.6230 120.4438 121.8072 121.9976 121.6661 121.0632 121.5016 116.8863 109.9373 106.8420 100.2062 109.1435 101.6554 122.1121 118.8201 119.5620 118.6760 118.4094 118.3359 119.2595 105.1730 105.6622 107.0638 105.2770 119.1300 115.4471 119.5808 115.8010 117.2154 116.9400
122.7100 124.4940 116.3558 119.8427 114.9804 124.7749 118.1199 127.7382 115.9502 118.7091 105.2066 115.1620 120.3074 117.8617 111.9305 114.5683 116.6300 115.6106 115.3399 114.4717 111.9325 112.0846 104.7894 112.4644 105.8628 103.7111 104.1697 114.5145 123.8328 121.6502 115.4439 101.1266 122.1827 102.0391 124.3406 109.5740 123.2975 121.6535 121.4892 121.7944 120.2287 120.8424 99.5645 107.3826 107.2157 98.6443 100.7069 116.7680 111.4104 118.1374 118.3104 118.0196 117.5538 119.8514 103.1787 102.4757 112.3119 101.2666 115.5108 113.5574 116.9588 116.5477 116.5779 116.4400
123.0600 125.0891 122.9907 126.6461 125.1632 124.8054 104.2299 115.8008 117.2497 116.1965 123.6134 114.9736 108.7777 104.5230 115.3018 118.1037 117.3563 114.5463 112.3791 112.2783 107.5808 115.7640 103.2649 109.3039 106.4942 107.4308 105.1567 109.6909 120.2544 124.0098 123.0836 120.9117 106.8536 113.6928 127.6384 118.8331 121.7179 121.5726 120.9631 122.1103 104.8532 121.7841 122.7690 99.2960 123.5384 121.2279 111.8851 113.5013 114.9411 119.1125 117.6982 117.6898 117.1533 119.6645 94.7028 97.4660 109.7389 93.8327 119.3514 116.5360 116.0949 115.9746 116.0132 115.9100
124.5500 124.5854 124.9357 125.1347 124.9161 118.1228 124.2242 118.7154 125.9065 106.0100 106.1423 103.1663 115.8881 123.9974 106.6506 122.4954 112.7301 115.4250 117.5900 113.8809 112.1042 107.3548 107.4841 111.8919 119.3221 108.6255 108.0240 122.9704 117.0101 123.6546 111.0320 105.5889 129.9924 123.1708 121.0438 121.9197 121.8622 121.2109 121.1547 121.1545 120.8323 119.6446 117.6530 110.0734 106.5682 106.7997 122.9345 118.2581 118.7622 117.7282 117.5683 117.2273 116.9455 115.0331 99.9599 95.3776 114.4023 114.7222 117.0811 115.3520 115.3796 115.3922 115.4078 115.3500
124.5300 121.1152 112.8611 121.0598 123.8731 123.0691 121.8340 117.6866 118.6604 115.9873 117.2298 106.3690 107.2892 106.0721 108.0143 112.6803 113.3116 111.9334 109.9061 114.9012 115.3514 117.2252 115.4364 107.3196 112.5239 118.1156 115.4136 122.5044 128.9373 119.8629 124.2305 128.8025 124.0253 121.9289 122.4966 121.7922 121.5632 122.6211 120.9340 120.6115 119.8118 112.0073 121.5720 114.9367 100.9979 105.7262 112.7082 116.7850 117.8178 117.4845 117.1251 116.6940 116.4023 116.8600 101.0626 102.4734 119.4566 115.1270 114.8245 114.8292 114.7491 114.7322 114.7521 114.7400
124.5200 126.2129 126.0876 125.6450 126.4205 118.3702 109.4824 117.2626 114.0071 117.8232 114.4390 119.0338 112.6144 123.6750 119.6846 108.0014 107.3594 111.2497 114.3741 112.2989 110.4419 110.6461 115.1580 115.3168 124.8214 130.5280 121.9842 131.8077 123.5892 122.7966 122.6782 123.5415 124.7696 118.4202 122.4251 121.6405 121.8712 114.9670 100.4906 122.2437 119.9712 120.1751 116.1690 104.9922 104.9157 116.9015 113.2327 118.7009 117.3095 117.1270 116.7612 116.7683 116.1672 115.2843 115.0284 112.4421 116.1977 114.4711 114.4080 114.1519 114.0513 114.0144 114.0384 114.0900
124.4300 120.5928 118.3097 117.4980 118.9284 116.6884 113.9842 117.6685 107.9036 117.1866 107.2617 101.2255 110.9357 110.0273 112.2747 114.7328 113.9636 113.5156 116.8640 106.7493 106.0311 113.2514 105.8584 112.8937 124.5737 129.5289 123.3593 121.9787 123.2472 123.2630 124.6325 112.6260 117.8596 122.2189 121.9358 121.4796 121.2240 107.2455 97.9871 111.3579 122.1179 112.4789 102.4518 122.8995 121.9017 120.5424 117.8591 117.4247 117.1352 116.7252 116.1606 116.7531 96.8967 116.7965 115.1385 105.3816 114.8457 113.7764 113.5937 113.3917 113.2796 113.2433 113.2668 113.3900
123.7900 119.3419 116.6927 112.0708 112.6486 114.0111 113.9723 112.3059 113.5810 106.1279 104.1660 104.9196 102.9813 104.6955 102.7257 111.3665 109.6076 110.4861 115.8149 110.4271 109.6992 112.8493 106.6888 111.5437 130.2654 126.4148 123.6000 123.5135 122.9204 122.4813 126.1102 100.6770 116.4284 122.7097 121.4602 122.1898 122.7375 115.3715 109.1940 97.5414 117.8158 118.2095 101.2261 120.9611 117.9728 117.4961 117.5571 117.2055 116.7921 116.3428 115.9782 115.5081 114.0139 103.2549 105.9978 113.8838 110.6111 113.0805 112.7909 112.5762 112.4373 112.3854 112.4284 112.6300
118.2500 123.3565 119.8578 121.0672 123.5204 118.9029 116.3402 112.9092 113.2359 113.5964 113.4555 108.7332 107.6870 107.9891 104.7190 106.8293 102.3584 105.4509 108.3069 104.0991 118.0713 106.7577 109.7245 123.5651 129.5082 124.6609 124.3189 124.7208 124.0291 126.5088 114.2691 102.2862 123.3208 122.4284 120.9233 122.0615 110.1358 112.7513 116.1161 107.3672 117.0022 103.9233 109.2326 112.8246 116.1582 117.9273 117.3565 116.8924 116.4450 115.9851 115.5279 114.7962 115.3129 110.7519 103.7738 112.0799 114.2000 112.2800 111.9309 111.6738 111.5040 111.4423 111.4903 111.7900
118.2500 111.8967 117.2943 118.7594 120.5975 119.6316 120.4293 120.5661 116.1685 117.6410 116.2468 109.2615 111.2669 114.5797 112.6824 114.3366 109.0177 105.6451 104.9942 109.8069 106.6203 104.2262 102.2831 125.8555 111.8472 124.0869 125.3537 105.4865 120.0573 105.3791 101.0103 109.5481 116.5671 120.8255 120.9599 119.0337 99.6851 105.2138 111.4718 97.7809 107.6322 100.0437 114.7296 109.2295 116.8914 117.5468 117.0754 116.6076 116.1299 115.6286 115.1021 114.6543 113.8342 111.3187 114.3745 104.0185 111.8488 111.3899 111.0090 110.6772 110.4753 110.3676 110.3649 110.8600
120.5100 125.9233 112.7702 116.4937 117.7159 120.0724 121.5459 121.3902 116.8526 112.1828 116.0565 117.7797 111.9258 113.5850 110.8896 115.2045 105.0006 106.4849 102.5535 111.3891 104.0039 102.1310 105.7041 125.8604 107.0234 126.8543 123.8364 119.4672 123.0754 121.1939 107.9056 119.4470 116.8406 121.7663 121.4530 111.9394 96.8057 107.0394 120.1229 100.5397 118.2784 123.5825 121.8926 117.1293 118.0008 117.3187 116.8212 116.3274 115.8183 115.2836 114.7307 113.9103 114.4977 113.3414 113.1379 112.8684 111.1652 110.4991 109.9526 109.5485 109.2972 109.1131 108.4866 107.2700
128.3000 128.0198 126.2138 116.9978 118.8315 120.4362 119.7504 111.0745 116.2950 116.2618 113.6435 120.9111 113.8580 112.5351 107.4677 115.6533 105.4491 103.4624 118.4801 118.0148 123.0880 122.4796 123.3152 100.9625 103.1757 111.7368 126.3841 123.8061 125.3918 101.5350 109.5924 122.7064 121.4322 121.7647 121.2994 120.8849 119.7011 100.3770 105.9204 98.1776 99.1530 99.7471 118.2971 117.9984 117.5383 117.1022 116.6003 116.0796 115.5340 114.9553 114.4049 113.4995 112.4957 101.4705 112.5304 110.5465 110.2411 109.4565 108.8166 108.2801 107.9196 107.7563 106.7880 102.5900
128.3000 129.3129 114.9812 116.1859 117.0570 120.2891 120.8086 111.8476 117.8061 115.7488 114.1542 105.5866 106.9499 112.5329 109.6717 108.6300 108.4117 106.9046 109.2513 123.7910 119.9583 125.1727 124.4926 123.8464 123.3781 120.5118 123.2787 123.3311 122.8454 122.3500 122.2370 122.1533 121.9698 121.5777 121.0747 122.1259 105.0209 104.8343 97.9985 99.6180 117.2033 120.4909 110.9831 118.6041 117.2141 116.9064 116.3897 115.8387 115.2642 114.6631 114.0130 113.2926 112.9360 111.7601 107.3886 110.5309 109.2025 108.3912 107.5437 106.8189 106.2987 106.0965 106.4425 105.6200
128.2900 127.3463 125.1484 115.1369 115.5600 116.9613 112.3706 106.1841 112.0971 112.3731 108.7227 115.7261 120.4861 113.4803 103.2910 103.8578 103.7460 121.2956 111.7214 122.7707 123.8758 124.8568 124.4535 124.1798 124.0266 110.5029 120.7341 121.5526 123.1076 122.5394 122.2757 122.0543 121.8538 121.5395 121.0573 121.5497 106.6162 111.1790 101.7762 102.1399 101.0610 116.1870 118.1670 118.1826 116.6740 116.6352 116.0533 115.6693 115.0391 114.3913 113.6972 112.9754 112.0594 111.2896 110.1746 109.4307 108.3432 107.2338 106.1233 105.1082 104.3341 104.0106 104.2245 103.5900
114.1800 112.4771 110.9934 108.0506 107.0631 106.5316 110.6481 110.7450 110.9146 108.5966 105.1354 111.7761 107.5011 107.2788 109.0123 106.0675 107.4947 122.5447 115.7226 121.6266 121.7239 122.3240 124.1952 124.4424 124.5798 111.8668 103.1043 116.7669 121.6155 122.3026 122.5111 122.1581 121.7911 121.4608 121.1516 120.5485 111.7469 117.8258 120.1932 121.0215 120.8722 119.4121 118.3999 117.7967 112.1854 117.0911 118.1301 115.3511 114.8279 114.1622 113.4354 112.6405 111.8122 110.8410 109.8305 108.6885 107.4285 106.0499 104.5735 103.0820 101.8324 101.2789 101.6904 100.9100
114.5000 110.7491 111.5270 109.0554 119.0946 123.5522 108.6447 105.0156 108.7355 109.3974 110.6721 109.9560 110.6485 111.5340 108.3898 107.8574 105.8260 119.4215 117.0501 104.8772 126.6845 124.7854 124.1444 123.9209 123.8031 115.5355 123.9449 116.3228 123.1190 122.2148 122.3370 122.0217 121.7330 121.4166 121.6005 122.0051 119.2506 105.5614 120.4265 118.3256 118.3491 118.2295 117.9585 116.1699 117.5355 116.0783 123.9369 113.2092 114.8343 113.9972 113.2199 112.3950 111.4788 110.4648 109.3421 108.0637 106.6041 104.9079 102.9437 100.6987 98.4936 97.2255 98.2227 100.6600
114.4900 109.9147 114.6946 111.9534 112.7236 106.1149 109.3809 112.6335 108.9656 112.1857 112.2637 110.9733 105.8594 109.6344 105.4858 105.8078 106.3224 109.3707 122.0165 117.2174 125.0661 124.4690 124.5641 125.4053 125.6423 125.0679 125.4569 123.2592 122.8898 122.6043 122.3540 122.1259 121.8649 121.2995 121.0379 113.1717 110.7901 114.9804 105.2252 122.4284 119.0105 118.5133 118.0256 117.6659 117.0557 116.4224 114.8543 114.8202 114.5709 113.8693 113.0733 112.2189 111.2583 110.1950 108.9830 107.5886 105.9421 103.9380 101.4081 98.1459 93.2028 90.5152 92.3941 95.9500
120.5400 122.8820 120.7275 117.0225 118.7624 116.0202 113.0053 112.8682 115.3486 113.6135 113.3245 112.9390 109.1480 109.5515 108.3764 109.4210 108.2526 110.7464 123.3764 117.6270 125.6034 124.5746 124.5629 117.1168 113.7977 109.0455 112.3352 124.9559 123.0039 122.8124 122.3239 121.6948 121.2120 120.9923 121.5388 109.4105 108.3017 106.6003 111.1538 122.8051 118.1177 118.3969 117.9412 117.4311 116.9167 116.4005 115.9982 115.2861 114.5054 113.8000 112.9907 112.0936 111.1374 110.0443 108.7831 107.3224 105.5594 103.3485 100.3630 96.0164 88.4502 86.3817 88.0769 95.9500
106.2800 115.6175 117.6666 116.3999 118.6871 113.7321 113.2784 111.7392 114.4343 113.1978 111.5618 111.3437 115.1960 116.6698 113.7323 112.9977 107.8601 112.0388 114.0204 118.7913 125.2793 124.5838 125.4610 106.1241 98.4909 116.6023 99.5803 120.4318 122.6199 122.7213 122.1413 123.8544 123.2435 124.1657 121.8907 121.8959 123.1931 121.8341 121.9357 119.3111 118.9075 118.4262 117.9843 117.4711 116.9322 116.3966 115.7883 115.1728 114.5137 113.7833 112.9853 112.1065 111.1303 110.0274 108.7704 107.2692 105.4974 103.2903 100.2499 95.6119 87.9506 85.3215 87.5871 89.4800
117.6200 112.6477 113.0201 124.7545 116.9810 117.6479 110.8341 110.7983 110.9451 110.8652 111.3114 109.5090 111.3406 112.0163 108.5562 112.1237 110.3771 117.9922 119.1912 122.9987 124.8502 124.5621 125.6265 123.0728 122.8233 111.7599 105.7872 122.3990 122.7098 122.1722 123.6486 104.7924 111.1737 104.5524 119.7740 117.3427 120.2831 120.8354 120.2593 119.0172 118.7426 118.3273 117.8466 117.4924 116.9930 116.4296 115.8525 115.2335 114.5656 113.8350 113.0460 112.1854 111.2250 110.1524 108.9173 107.6524 105.9333 103.7757 101.1391 97.6150 91.9890 89.4841 91.1643 96.4900
120.1500 118.4662 117.6396 117.5967 119.5209 115.2854 114.8872 112.1990 114.5732 116.7874 111.3469 111.3986 107.4865 105.3475 104.3644 105.4012 120.2636 118.3971 128.0723 125.2132 124.7891 124.6994 124.7483 111.6671 127.3457 118.6399 122.5693 118.5158 123.0577 122.6138 121.5781 115.2655 96.7832 117.9691 121.9363 120.1857 121.4759 108.4040 122.6093 119.7980 118.5005 118.9939 118.4282 117.2148 117.0289 116.4836 115.9253 115.3133 114.6568 113.9492 113.1894 112.3490 111.4216 110.4043 109.3220 106.8034 106.4817 104.6382 102.5980 100.2656 97.5062 95.8842 97.1534 100.4000
119.9300 120.3830 119.9989 114.3886 117.5644 110.7312 108.4022 114.2408 113.6515 116.3580 108.4417 110.4456 106.0006 104.0794 105.1837 107.4883 121.1168 114.1591 126.3139 124.9377 124.8268 124.6918 124.4925 122.2330 102.3035 112.6094 120.9941 113.5063 123.2826 122.6949 122.6221 120.4888 119.8330 122.2926 120.4449 120.6982 121.7354 104.1602 117.1060 113.0189 119.2096 113.1670 118.1905 117.3573 117.1294 116.5880 116.0340 115.4365 114.8051 114.1151 113.3804 112.5874 111.7108 110.7597 109.7185 108.3607 107.2365 105.7953 104.2239 102.5722 101.1858 100.5616 101.0412 100.8600
114.3500 114.2490 113.8736 112.2938 112.4834 110.4471 106.4413 109.6158 118.9888 116.6003 114.1425 113.5333 103.6780 103.9969 111.1398 115.0259 115.5195 121.5581 122.3424 125.4051 124.9335 124.1673 124.0348 119.0853 123.1752 123.2656 123.9032 123.6781 122.8681 122.6693 122.3476 122.2312 121.8696 121.6773 123.5814 121.1273 121.1446 119.0589 118.9521 122.1932 97.4666 120.9805 118.0666 117.6889 117.2290 116.7177 116.1734 115.6000 114.9894 114.3331 113.6347 112.8849 112.0754 111.2113 110.2456 109.2418 108.1414 106.9745 105.7905 104.6974 103.8470 103.4719 103.7537 103.5600
119.3400 119.2648 118.4603 119.0021 118.6494 115.5193 113.1168 116.2298 115.1218 115.6630 113.3386 104.1807 104.2843 107.7358 105.7298 106.1449 106.5691 116.3515 116.4179 125.8485 124.7770 127.1704 102.6318 126.4201 124.9402 106.2234 113.6524 124.3588 122.7908 122.7200 122.4414 122.1977 123.1662 109.3814 116.6614 100.3598 119.7288 118.1653 119.5133 118.5930 110.9230 119.2922 118.1734 117.8289 117.3680 116.8678 116.3488 115.7972 115.2147 114.5931 113.9382 113.2616 112.5023 111.7180 110.9294 109.9344 109.0849 108.1264 107.2556 106.4535 105.8927 105.6700 105.8419 105.6000
119.0000 118.5774 115.7311 103.4126 104.1375 104.8058 105.7052 105.3304 104.8122 104.7112 104.5557 104.6279 103.4660 111.2255 104.3577 101.8505 118.0613 121.2401 125.7431 123.7187 124.9830 125.4792 125.3299 124.1856 125.2221 124.6036 122.3955 123.1465 123.0176 122.7698 122.4913 122.2448 121.9816 121.3163 99.5910 102.7077 102.2433 110.6067 114.9929 119.3072 119.5118 118.8385 118.4270 117.9770 117.5277 117.0504 116.5448 116.0233 115.4697 114.8898 114.2575 113.5973 113.0447 112.3375 110.2194 110.7262 109.8564 109.2282 108.5465 107.9707 107.5747 107.4166 107.5383 107.2500
128.4000 113.6611 109.7132 110.5600 109.2044 108.0775 114.4530 109.7455 107.0977 111.5881 106.7625 106.2751 111.4157 114.1814 115.0048 105.9186 106.5510 119.4516 124.9316 120.0082 124.9802 124.0885 113.6136 124.1125 123.9267 117.7841 119.4819 123.8906 123.0655 122.8813 122.5251 121.6950 121.2422 106.9588 104.3471 116.6389 123.8534 96.7595 114.2851 119.6023 119.3595 118.9612 118.5542 118.1429 117.7045 117.2515 116.7701 116.2731 115.7532 115.2025 114.6547 114.1278 115.6853 110.4156 108.5961 111.8124 110.8469 110.2752 109.7191 109.2799 108.9869 108.8728 108.9614 108.6200
128.4000 129.9368 131.1650 131.6255 112.2096 110.6175 110.8146 106.0364 113.3634 113.3556 113.6685 114.9117 116.7628 113.8549 116.7408 107.7519 127.4461 122.3782 126.5331 125.6863 124.6703 122.7318 107.1704 125.7146 123.9884 124.2894 124.2643 116.0971 123.2302 122.7548 123.1366 123.6619 120.7564 106.9787 118.2275 114.8445 119.4010 108.9322 122.4465 119.7032 119.5048 119.1315 118.7269 118.3295 117.9059 117.4709 117.0189 116.5471 116.0494 115.5913 115.2633 114.5173 100.9032 103.7780 114.0424 112.2522 111.7727 111.2145 110.7742 110.4339 110.2105 110.1215 110.1904 109.8100
128.4000 127.5090 126.0192 119.9109 110.9237 114.8210 114.8411 111.0663 110.8846 110.3206 113.2678 111.2575 112.7434 105.1183 109.5588 108.2918 124.9013 120.8635 125.2977 126.5490 124.8710 125.6031 125.3168 117.2308 116.4841 123.4269 121.4643 119.3848 123.1558 124.5056 120.6367 111.8664 97.9483 100.3320 98.8992 97.7611 122.2215 115.7172 119.3994 119.8365 119.6641 119.2821 118.9073 118.5211 118.1170 117.7015 117.2744 116.8314 116.3685 115.8517 115.4999 102.4328 110.7976 115.8902 113.2449 112.7977 112.5049 112.0853 111.7364 111.4630 111.2828 111.2166 111.2679 110.8500
128.4100 130.2880 121.3897 122.7013 111.3614 113.0863 107.1976 107.0598 109.6033 109.1470 107.8133 104.9992 102.5832 104.5058 115.5004 124.8944 122.8352 125.6844 125.4972 117.3293 121.6262 124.6382 121.4993 119.8755 118.6711 124.3543 125.2262 124.5899 123.6623 112.3726 101.7191 111.5302 103.6253 102.8068 101.7373 101.2321 110.1126 121.0572 119.8922 120.1673 119.8189 119.4628 119.0988 118.7276 118.3484 117.9515 117.5493 117.1364 116.7044 116.2193 116.7041 109.4141 115.3232 114.0948 114.0268 113.5985 113.2537 112.9000 112.6056 112.3839 112.2409 112.1820 112.2227 112.6300
128.4300 117.6406 113.8850 112.2988 107.2712 104.2678 111.2131 106.8121 109.5360 106.6055 107.4307 105.4416 109.3208 102.7981 99.9684 125.1380 118.1778 123.4324 126.0491 117.6492 124.3020 123.3254 124.9656 125.4447 124.8858 123.1008 123.4257 123.2300 125.5579 107.5667 97.7881 113.9726 102.6767 100.3353 98.4005 114.3881 109.4008 120.8083 120.5696 120.3112 119.9523 119.6125 119.2978 118.9491 118.5805 118.2122 117.8282 117.4435 117.0422 116.6592 116.0918 116.4138 115.4526 114.9427 114.5850 114.2908 113.9432 113.6524 113.4088 113.2165 113.1032 113.0589 113.0910 113.3900
119.2700 106.2439 115.4125 107.5643 109.5246 109.3380 115.3159 108.8327 108.4418 107.9151 107.6045 106.2813 120.6257 118.2739 102.3045 110.3571 125.4889 126.4089 125.5646 126.3981 125.3005 123.5576 124.3960 124.3841 124.7354 124.5745 123.6326 125.0017 111.0809 110.7780 118.3436 116.8325 117.9742 117.3911 116.0728 119.8222 122.6259 121.0445 120.7882 120.4820 120.1993 119.9005 119.4923 119.1720 118.8266 118.4753 118.1138 117.7532 117.3910 117.0170 116.6485 116.2717 115.8810 115.5717 115.2159 114.8965 114.6079 114.3505 114.1413 113.9810 113.8784 113.8452 113.8719 114.0900
123.3700 116.0867 115.9463 108.3111 107.2327 106.3667 108.2450 107.3610 109.6296 106.6299 104.9546 103.4290 119.9206 109.9871 102.2074 101.6872 124.4882 125.6570 125.6557 125.3582 125.1926 125.3437 124.9314 124.0314 123.9321 113.0425 114.3653 126.5991 120.2902 122.5070 123.9580 123.9872 123.3467 123.1598 122.7922 120.1515 121.1926 121.1221 120.9484 120.5627 120.4401 118.3225 119.9514 119.3977 119.0775 118.7481 118.4106 118.0729 117.7246 117.3808 117.0439 116.7101 116.3860 116.0645 115.7585 115.4758 115.2232 115.0027 114.8267 114.6919 114.6022 114.5866 114.6047 114.7400
112.0500 110.2801 108.6054 106.1205 108.1016 114.3610 109.5071 109.7962 108.7894 111.0360 112.2407 107.8312 121.6800 120.2030 124.6026 124.3936 125.7408 125.7445 125.7407 125.5104 125.3134 125.1189 124.8859 124.4956 124.3269 122.7609 101.3479 123.6955 123.5140 123.6097 123.0577 122.8606 122.5803 122.3613 122.1762 121.9261 121.5845 121.5934 121.3126 120.8298 120.4613 120.1065 119.9438 119.6437 119.3334 119.0215 118.7027 118.3863 118.0752 117.7575 117.4450 117.1366 116.8367 116.5526 116.2798 116.0284 115.8086 115.6114 115.4557 115.3463 115.2754 115.2075 115.2391 115.3400
128.5700 119.0637 114.6939 110.6501 110.8164 110.4888 112.6851 113.0113 105.3129 106.8028 107.8776 115.8968 122.5407 127.1461 126.6993 126.2838 134.7785 126.8858 125.8390 125.5468 125.3727 125.0155 126.0164 115.5216 126.0401 119.8883 124.3938 124.1987 123.7482 123.5111 123.2812 123.0475 122.8123 122.5177 122.3372 122.1247 121.6454 122.3471 114.5756 119.6968 120.7550 120.4777 120.1609 119.8871 119.5939 119.2981 119.0008 118.7088 118.4129 118.1157 117.8385 117.5398 117.2751 117.0188 116.7773 116.5596 116.3638 116.1897 116.0555 115.9563 115.8787 115.9925 115.9929 115.9100
128.5800 111.7245 117.7731 114.2797 114.8928 113.9159 110.3802 109.8620 109.4912 115.5090 129.1727 121.4529 121.9481 125.2466 123.4765 109.9303 135.3602 127.9155 125.7742 125.6158 125.4580 125.2763 125.3157 124.8942 124.5502 125.4373 117.9570 124.5182 123.7651 123.6190 123.4014 123.1864 123.1405 123.3080 120.8909 120.6704 106.7086 97.0570 112.6375 121.5400 120.9195 120.6830 120.3963 120.0971 119.8568 119.5423 119.3022 119.0349 118.7079 118.4449 118.1872 117.9564 117.7048 117.4694 117.2586 117.0550 116.8872 116.7318 116.6108 116.5246 116.5307 116.2087 116.3180 116.4400
118.3600 118.1309 117.9336 108.9392 116.5417 113.4768 116.9359 112.6813 109.8225 107.4487 102.9238 120.4148 114.9554 105.8424 127.0502 115.1247 125.7831 125.9625 125.8858 125.7354 125.3504 125.1949 125.1256 124.9769 124.8299 119.7084 125.5461 124.2071 123.9862 123.7282 123.5239 123.2848 121.9767 118.3667 106.7313 111.3845 103.6924 99.3409 115.5872 121.9273 121.1629 120.8897 120.6426 120.3578 120.4666 119.8970 119.5358 119.1609 119.1379 118.9412 118.0834 118.3386 118.1232 117.9096 117.7177 117.5363 117.3739 117.2439 117.1314 117.0437 117.2240 116.3277 126.2808 116.9400
118.9500 117.1710 119.6012 112.8519 115.5920 114.0005 110.5573 107.0603 104.0597 108.6689 105.8865 116.7948 120.2467 122.5225 127.7376 128.0001 126.2687 126.1619 125.9442 125.7356 126.8646 125.6958 125.6808 125.2620 126.5902 107.9353 122.6084 124.2482 123.9514 123.8505 123.7354 123.2831 121.7126 106.0117 120.9731 124.0277 124.8186 123.5194 119.3627 121.5371 121.3981 121.1006 120.8640 120.6006 117.3788 119.1692 119.7136 119.9766 120.3712 121.3735 118.9047 118.7784 118.5209 118.3310 118.1555 117.9889 117.8497 117.7217 117.6555 117.6235 117.6167 117.5365 117.1076 117.4100
118.9500 113.5721 110.8516 109.4174 109.3458 107.7197 106.8140 107.9231 111.1623 115.6986 109.0925 109.7673 133.1844 127.5743 125.8562 125.5122 126.4833 126.2492 126.0947 125.5865 132.4516 125.8921 119.0532 121.6417 125.2104 126.8426 109.6521 125.4315 123.9043 124.0461 123.6775 123.4769 122.7842 116.9566 114.1124 114.9700 122.6849 122.4244 115.1833 122.5701 121.5311 121.3298 121.1008 121.1418 117.5197 111.7696 120.9837 119.9236 119.2527 119.6824 119.3205 119.0989 118.9150 118.7365 118.5705 118.4240 118.3010 118.2472 117.9497 117.7887 117.8766 117.9896 118.1193 117.8600
115.6600 113.8093 107.4836 109.1000 108.7413 108.0774 105.3542 106.7597 115.4908 113.9721 112.7792 123.5964 126.1829 118.8255 131.4313 130.7186 125.7920 125.9847 126.2107 125.8763 129.7609 128.2171 104.9712 106.4070 125.8371 124.3415 127.0751 126.7499 124.0216 124.2531 124.8156 123.7510 121.4555 111.9767 101.1449 105.3320 123.4618 123.0520 122.7028 121.8775 121.8109 121.5694 121.3669 120.7758 122.1077 120.8169 120.2998 120.3156 119.9805 119.8263 119.6475 119.4628 119.2927 119.1219 118.9754 118.7977 118.9403 118.0376 119.5050 119.4299 118.3544 118.4614 118.4271 118.2800
118.9300 124.0189 108.8588 107.1458 106.7659 111.5602 111.2612 108.3569 109.2842 102.7602 114.3701 116.2519 126.4806 123.2881 124.7699 130.0529 127.4762 127.2244 126.1570 125.9377 118.1413 116.6371 118.7070 117.1780 125.6542 125.1936 114.7860 109.2461 128.7926 120.5829 121.6351 121.0900 122.2672 112.6492 102.4962 119.1492 122.5225 122.5329 122.2522 122.2272 121.9808 121.7518 121.4897 121.3556 121.4676 120.9217 121.0524 120.3694 120.4789 120.1799 119.9808 119.8097 119.6548 119.5038 119.3634 119.2269 119.1884 116.0283 109.6683 117.2462 118.5535 118.9151 118.9025 119.0800
108.1200 110.9594 107.2220 116.5880 109.7621 114.8998 108.2687 106.5391 106.8093 105.4331 121.3536 114.1617 129.1218 128.1389 126.8235 127.0389 116.4949 117.4585 127.3531 126.2684 120.9423 116.9815 126.7057 127.4622 125.1666 125.2791 119.1316 109.8521 107.1193 99.8934 109.5501 122.5293 110.6264 101.5178 101.6802 120.8533 123.2676 122.8117 122.5928 122.3848 122.2313 121.9906 122.5399 121.4831 122.3341 111.9621 120.7326 123.3422 120.6824 120.4689 120.3088 120.1479 120.0004 119.8624 119.7358 119.6064 119.8836 120.0677 118.7797 120.5842 118.9220 119.3126 119.3087 119.4500
117.4100 116.9215 111.9707 116.7085 107.8882 107.6420 106.2190 106.3259 106.7767 103.9778 117.9574 126.3765 127.2687 126.9752 126.9656 127.1540 124.1001 111.8944 127.5231 125.9217 126.6596 127.0392 120.2526 124.2243 125.6791 125.5696 124.3739 122.7067 104.8237 120.8650 122.1543 110.6354 103.0687 111.2242 101.7191 122.3022 122.8766 123.0508 122.7852 122.6084 122.4124 121.7820 122.5204 113.5579 122.9818 114.9528 112.0586 121.2365 120.9410 120.7848 120.6271 120.4774 120.3429 120.2119 120.0946 119.9868 119.9320 120.1058 106.7868 118.9900 119.1015 119.7303 119.7142 119.8100
113.4600 110.2810 107.2693 107.2741 107.8118 106.4976 112.1010 105.5837 113.3283 117.5804 136.0466 132.1717 127.8804 127.4355 126.8376 126.5536 127.5882 125.2081 126.1918 126.2662 125.6841 125.6117 122.9463 126.7066 120.8927 125.2740 124.7768 125.3051 123.0030 125.0394 121.0385 101.6109 120.5229 102.1337 123.7064 123.3786 123.3457 123.1699 122.9834 122.8105 122.5577 123.4229 117.7987 102.5255 107.7678 101.7477 116.4221 122.4368 121.2329 121.0805 120.9375 120.7979 120.6727 120.5478 120.4411 120.3338 120.3456 120.7312 111.5157 119.7934 119.7697 120.0895 120.0862 120.1500
118.7400 112.6011 109.4565 113.4856 112.2461 108.9875 115.7002 116.2176 109.7774 120.8484 122.6281 106.0706 126.1372 124.1952 127.6369 129.1109 115.0350 136.7126 125.3803 126.3835 126.2367 129.5837 125.6060 125.4683 125.0944 125.8657 125.2177 125.1334 124.7989 126.1517 105.9266 102.6218 127.1131 121.2865 124.9598 123.4560 123.5246 123.3615 123.1901 122.8481 124.2032 111.8654 103.0664 101.6737 100.4638 123.5156 124.2140 121.3236 121.5291 121.3710 121.2365 121.1086 120.9820 120.8784 120.7701 120.7052 120.6303 120.4994 120.7126 120.4715 120.4496 120.4373 120.4464 120.4800
128.7500 113.4430 110.9037 107.7744 119.7377 117.6707 119.5097 113.1526 108.8902 104.7226 116.8074 113.0106 118.6207 112.5509 108.0320 126.8454 115.3160 129.1943 127.2480 107.8003 123.0085 126.0487 127.4398 125.3727 117.8080 127.5459 125.0403 125.2122 125.0965 125.0384 125.3197 124.1069 124.7798 123.7661 119.8455 119.5354 123.9144 123.4876 123.3826 123.0221 124.2160 105.0399 105.4557 104.9670 118.7926 123.5431 121.5520 121.9203 121.7889 121.6595 121.5292 121.4102 121.2976 121.1953 121.1512 120.8826 120.9917 120.8986 120.7760 120.8121 120.7933 120.7780 120.7865 120.7900
109.0700 107.8443 117.8368 120.1267 118.7756 119.2794 112.5292 106.3067 105.7125 107.1646 107.1374 125.1647 127.7373 129.9014 117.5263 125.0013 128.1672 123.0987 126.1010 125.7478 127.0240 124.3892 124.8786 104.8507 127.6525 125.6932 125.5570 126.0992 124.9910 124.9748 120.4677 124.8181 124.4440 125.2477 120.3453 127.1401 123.3730 123.7287 123.5816 123.4393 123.4002 104.1664 109.9532 107.8399 119.6371 122.6442 122.5514 122.1671 122.0500 121.9300 121.8134 121.7010 121.5789 121.5413 121.1297 122.5546 121.1817 121.1430 121.2806 121.1443 121.1261 121.1180 121.1255 121.1000
126.1700 120.1353 118.1183 116.5715 113.4641 109.2008 107.0126 108.9998 106.4645 107.1041 123.0182 117.5322 129.1268 121.5830 112.9853 104.1819 128.4218 131.2592 104.2394 107.0115 124.1206 113.4550 103.3311 118.4150 127.0676 125.6919 125.5919 120.2086 118.0141 126.0372 119.3856 123.2216 121.6514 125.4128 109.9055 125.0678 124.1349 123.9323 123.5268 123.5641 121.3924 113.0899 103.0906 104.3828 115.6215 122.8284 122.5323 122.4506 122.3207 122.2043 122.0859 121.9872 121.8817 121.5365 123.5347 110.9695 119.7325 121.0492 121.3016 121.4659 121.4454 121.4449 121.4425 121.4000
126.2000 123.0803 120.0219 107.8207 108.0662 108.9633 107.2124 105.8445 106.0846 105.1710 114.8995 113.8533 124.1188 110.0738 125.5523 110.0261 127.4313 109.0987 117.7091 111.7208 111.4303 108.5172 109.2220 126.0757 125.1259 125.9948 126.8621 105.7586 116.6550 126.4952 116.3227 110.7189 120.0310 125.6207 124.7287 120.3565 120.4874 124.9354 123.6162 125.9357 113.7012 104.0965 107.5764 118.7781 123.2034 123.2963 122.8197 122.6931 122.5771 122.4646 122.3588 122.2614 122.1724 121.9494 121.9071 106.3273 117.0678 123.4610 121.8662 121.7709 121.7579 121.7519 121.7582 121.6800
111.5600 107.8603 109.2076 110.9325 110.2064 106.5715 106.4366 105.5783 108.7614 111.6932 111.8237 108.2229 121.2284 125.2300 122.9192 127.1055 129.8383 113.7970 108.2869 120.9544 113.0196 103.0215 120.4648 131.4140 129.7080 124.7581 126.4482 122.6511 109.4228 127.1807 110.2869 111.9217 126.3344 114.4657 115.5384 108.5775 115.4579 113.1068 124.8893 121.8428 104.2520 111.8719 121.7101 109.6298 124.6618 123.0447 123.0562 122.9450 122.8220 122.7253 122.6238 122.5301 122.4513 122.2346 122.6292 124.9965 105.1622 118.4237 122.0267 122.0768 122.0618 122.0559 122.0600 121.9600
111.5600 111.5541 111.5650 109.0821 106.0493 106.4797 110.7872 114.1841 115.2695 108.2357 109.5171 119.8975 125.7246 120.8175 114.0490 127.1597 127.8133 124.2641 120.8186 113.4782 122.0502 113.7301 123.9552 110.2749 130.3361 115.9691 126.5360 118.9813 119.8127 125.9139 126.1746 124.1206 126.4438 113.3886 100.7834 104.4791 114.2072 109.7461 124.7396 125.3975 110.4333 101.7143 118.9336 112.9245 123.3306 123.3154 123.2664 123.1521 123.0925 122.9704 122.8800 122.7928 122.6833 121.5313 121.5335 122.7621 123.3849 122.3428 122.3934 122.3574 122.3437 122.3466 122.3431 122.2300
112.2300 110.8037 110.0588 109.2521 112.2914 109.4788 125.2909 122.1088 111.4356 105.1752 106.3946 125.8131 118.6114 116.2761 125.2377 128.7669 126.8916 114.8456 109.3157 124.1106 127.7631 128.4397 127.5037 116.7731 127.2614 127.7051 117.5801 99.7230 126.1968 124.0659 126.5415 123.8157 124.6161 126.4187 119.0333 104.8521 123.2598 124.4516 125.5129 124.3001 120.7104 117.1971 125.5576 123.8022 124.2483 123.3620 123.6844 123.5437 123.3069 123.2112 123.1284 123.0487 122.9755 122.9832 122.9075 122.6366 122.4370 122.7008 122.6717 122.6547 122.6365 122.6294 122.6272 122.7400
109.6500 108.9073 108.6515 107.1040 119.7107 112.7862 127.2459 110.2275 104.2094 119.3767 105.1911 110.0851 125.5173 127.5156 127.0692 123.6214 127.8108 124.9609 119.7946 127.4057 127.2357 117.3422 133.4141 128.8610 126.3345 128.7048 110.9814 108.2624 115.2042 122.9677 119.4415 126.6144 127.1121 112.7499 124.7617 121.2946 123.1153 123.0791 124.7305 124.4174 124.6183 124.8756 123.1367 124.1660 124.8270 123.4716 117.7381 123.8202 123.5096 123.4620 123.3673 123.2964 123.2196 123.1283 123.0954 123.0720 123.3865 122.9689 122.9189 122.8581 122.8768 122.8938 122.9026 122.9900
109.4000 109.3685 107.8214 108.0085 120.5734 123.6838 105.4185 114.2885 104.4183 125.9827 120.5224 116.5364 109.1431 109.4114 117.4776 122.6066 124.8682 127.3759 133.4969 114.7651 115.2600 112.2655 129.4344 124.0235 126.0382 124.6970 101.7243 117.0730 111.6199 122.5588 123.6161 125.6599 125.5742 124.2822 125.1267 127.0623 123.0018 124.3720 125.0479 125.0726 118.5378 125.5151 122.2757 124.4541 116.8750 116.0700 123.4805 124.0555 123.7325 123.7428 123.6119 123.5563 123.4705 123.4291 123.2058 123.0353 120.4388 123.2066 123.3290 123.3196 123.1275 123.1668 123.1646 123.2300
107.6100 106.9194 105.3832 125.9857 124.8324 130.3146 122.2798 108.5783 127.9428 110.7183 107.6009 107.1272 103.4490 123.1283 127.3367 127.6417 127.9304 117.9900 107.3359 112.2129 112.5302 106.6083 109.4181 125.4215 126.1584 117.1666 101.7496 126.7714 126.0270 126.1514 126.1081 125.8880 125.6558 125.8666 125.5397 124.7196 127.7782 120.2666 123.1982 124.7596 107.9025 106.3215 120.6352 124.3837 125.3531 124.1367 122.6336 120.5592 124.7447 123.6122 123.8414 123.6013 123.7031 123.6635 123.5188 122.3863 123.2047 123.4583 120.9310 123.3045 123.3085 123.4040 123.4225 123.4600
127.5100 128.8193 123.3548 116.3809 129.6557 129.2161 127.9299 128.5038 106.6749 126.5478 104.8085 105.9458 118.7207 130.6713 127.6901 128.0044 128.3512 124.0007 123.1703 114.1777 105.5419 107.9262 108.6600 120.6625 126.3511 127.8579 103.7254 113.4450 129.3206 126.2542 126.0870 125.9788 125.9121 125.7818 125.6642 125.1953 127.3924 121.7635 111.6277 125.4728 113.8675 105.2737 126.3732 125.1140 124.3720 124.3915 123.1290 124.2817 118.4619 126.2616 123.7167 124.7761 123.9382 123.8916 123.7659 123.9207 123.7442 123.7848 123.7696 123.6777 123.7165 123.7199 123.6569 123.6900
125.4300 127.5678 130.2041 129.7909 127.1789 127.5931 127.4077 107.6743 118.7711 131.5861 106.4895 115.1641 123.3929 130.8848 128.3984 128.7635 127.6827 120.1517 127.7364 127.0019 127.9732 128.7197 128.5631 126.7489 128.1026 126.3497 116.8180 115.9339 128.0844 126.2178 126.2539 126.1743 126.0471 125.9158 125.8120 125.2602 108.3190 106.2628 126.6448 125.3151 127.0176 113.0797 106.2067 107.8800 121.7557 122.0747 126.7407 125.3345 106.5959 126.0108 116.1626 124.3921 124.1502 124.1178 124.0868 124.0311 123.9601 123.8472 123.8971 124.0426 123.9671 123.9311 123.9588 123.9100
129.7600 129.7306 129.4937 130.0266 130.8073 122.4106 123.5097 129.0616 129.5708 123.0095 113.4703 117.8114 125.0084 107.4943 121.4870 110.8183 108.6507 116.3665 118.2367 124.2714 126.6992 127.2486 124.8431 113.9771 125.7680 111.2084 105.8634 126.4580 125.1540 127.5038 126.3451 126.3207 126.1785 126.0987 125.8698 126.3188 124.9327 119.3322 127.8161 124.8310 124.8767 128.4658 125.3516 108.3811 121.1041 116.6395 105.3084 102.0125 126.0552 122.6412 124.2432 124.3778 124.3862 124.3338 124.3092 124.2083 124.5352 124.6189 124.0964 122.6473 122.6427 122.7467 124.1198 124.1200
145.0000 128.5766 129.9756 129.4706 128.9929 131.0240 109.8126 124.7222 126.1789 123.9777 129.0381 130.2505 120.7915 120.7786 111.3687 106.5040 104.4760 129.0859 128.2891 127.8304 128.3056 127.4507 129.8038 119.4739 112.7088 130.6993 118.8308 118.1890 117.6267 132.2067 127.8891 126.3765 126.3539 126.2183 126.1837 125.9752 125.8726 125.8522 126.3329 125.6263 125.7118 125.2368 126.6907 118.6666 124.4364 123.4922 113.2004 99.8977 126.3895 119.4743 124.6286 124.5200 124.6200 124.5732 124.4289 125.0608 119.1012 124.2951 125.3258 112.8989 106.2909 103.3128 123.6827 124.3400
145.0000 125.6900 129.7400 129.5700 129.4900 129.4100 129.2400 129.1700 135.0800 128.9900 128.8200 128.7300 128.6400 128.5600 119.0800 119.4000 110.4600 136.8200 123.2700 127.8200 127.7300 127.6300 127.5300 127.4300 112.1200 127.2300 116.5800 109.8200 129.2500 123.0700 126.6200 126.5200 126.4100 126.3100 126.2000 126.0900 126.0900 125.8800 125.9000 125.6600 125.6600 125.5700 103.4700 103.4700 125.2100 125.2500 125.0900 125.1300 125.0000 124.8700 124.9000 124.7500 124.7800 124.6300 124.6400 124.6700 104.4000 124.5100 126.2000 118.3900 113.5700 102.5400 102.9200 124.5400
