114.7100 120.2000 124.6100 122.6700 116.5400 117.6500 115.8800 112.8600 108.3900 106.0600 119.3100 104.1700 118.6700 118.3400 116.7900 113.4800 117.2300 117.7700 121.1600 102.4900 102.3300 113.9100 103.0300 101.5200 101.3400 112.3400 110.1100 108.3300 108.3500 107.4600 114.3700 108.8600 102.0000 115.4200 111.2800 120.0000 98.4900 97.4800 118.9200 118.6300 96.0300 107.7700 107.4900 116.6700 116.3100 115.9200 115.1000 114.6600 114.2000 113.2100 112.6500 112.1200 111.6300 110.8800 110.3200 109.6000 109.6000 108.6700 108.7500 108.7100 105.9700 109.5000 110.4000 110.2200
114.7100 119.9179 124.7362 122.3904 124.9752 117.3056 117.7933 109.6978 111.5333 115.7002 122.8469 115.1255 112.0115 114.9655 114.2475 114.6388 118.7607 117.8108 122.8521 102.8083 111.3960 115.7349 110.9130 111.1351 107.0040 112.3875 104.1541 110.2277 109.2983 108.0993 108.8147 108.3881 102.8747 111.6893 107.0944 107.6919 97.8242 94.3536 102.1135 112.9641 101.3723 114.5204 113.7063 116.7774 116.1668 115.6907 114.1868 114.5993 113.8473 113.1969 112.5238 111.8298 111.1180 110.4127 109.7363 109.1145 108.6051 108.2422 108.1079 108.2797 108.4772 109.1756 109.5626 110.2200
129.4500 126.4672 122.7316 122.3387 116.3699 117.7648 118.0396 114.6081 107.6271 104.5188 113.3666 105.6584 104.1738 112.2890 111.3281 112.4170 112.5428 116.0880 114.8495 105.7779 115.3980 111.7471 118.1990 113.7107 113.4741 113.1435 108.5251 116.4044 109.7449 111.0002 109.7206 108.8576 106.6786 105.7163 105.7423 104.5064 110.7633 110.7153 107.8434 108.5962 113.7103 116.5121 117.1155 116.4169 115.8614 115.5488 113.7368 114.1981 113.4111 112.7346 111.9757 111.1872 110.3635 109.5191 108.6814 107.8767 107.1928 106.7065 106.5017 106.5872 107.0449 107.6870 108.4757 108.7500
128.9600 122.4637 123.1139 113.2934 122.0705 120.8875 119.9804 114.5177 108.8649 112.1240 105.5328 105.9030 108.0493 122.5133 110.9658 112.4332 118.4382 112.4018 109.4952 108.2626 105.3322 103.8113 109.3796 110.3625 113.0516 111.6517 111.4623 107.6833 107.4171 110.6739 109.3332 107.0521 102.2212 103.2992 104.5280 108.5921 108.9831 121.3658 120.2364 118.1632 118.0007 113.3566 116.7736 115.9377 116.6239 113.8552 120.4582 113.1892 113.1865 112.2948 111.4606 110.5645 109.6137 108.5956 107.5456 106.5079 105.5627 104.8493 104.5338 104.7386 105.3506 106.2539 107.2802 107.4700
128.7100 124.9060 111.4980 106.3407 112.6569 106.8309 124.8801 113.1698 112.7513 115.2716 105.7443 105.7056 105.4394 109.1191 104.6746 111.1898 117.1437 113.5245 109.4350 109.9417 102.8138 102.7194 105.8978 109.7415 111.4816 109.0861 111.6265 108.6700 104.0317 103.1225 120.0158 116.6763 116.0542 104.8896 115.6987 113.7952 118.9833 118.2373 117.9844 118.1037 117.6841 117.4831 116.7524 115.8365 113.2026 118.2525 112.0490 114.0945 112.7809 111.9051 110.9983 109.9977 108.8950 107.6885 106.3844 105.0080 103.6458 102.5127 101.9752 102.2958 103.3173 104.6536 106.0363 107.1000
128.7100 130.7834 118.7080 112.9351 111.7262 109.4114 122.4823 107.6613 107.6122 104.2051 106.9572 104.7616 104.2374 103.4302 108.3258 109.2025 118.7469 118.5170 119.9474 101.0176 110.4684 107.2954 107.0628 110.6640 107.1516 107.8654 111.1844 115.0212 100.9217 104.6188 125.7527 105.6003 123.9168 120.6606 114.3490 119.9194 119.6058 119.4773 118.4771 118.0792 117.5907 117.0372 116.5256 115.9515 115.1979 112.9460 113.4001 113.3004 112.4831 111.5895 110.6002 109.5013 108.2563 106.8503 105.2502 103.4223 101.3786 99.4805 98.4141 99.1073 100.8580 102.9189 104.7914 105.6200
115.5000 116.1359 115.4108 127.5207 114.0990 128.6989 110.2922 105.9369 105.2928 119.8469 108.3739 105.6636 103.5884 113.9859 108.4176 108.7427 108.7003 109.0702 109.0132 107.7690 107.6692 107.1747 104.3961 103.4795 101.9722 104.2566 119.2752 108.0576 119.3750 109.8253 103.1684 106.7703 100.1135 109.7034 132.2111 118.1068 119.3624 118.8771 118.4378 117.9943 117.5313 117.0120 116.4762 115.9052 115.2695 114.7325 113.8592 113.2001 112.3003 111.3531 110.2982 109.1142 107.7558 106.1585 104.2421 101.8915 98.9438 94.8476 92.0728 93.7574 98.0400 101.1730 103.6951 105.2600
116.4700 111.8994 125.0233 114.3163 110.3856 110.9963 110.5937 104.9235 108.6116 104.5501 103.7649 103.9452 103.7820 103.6619 103.9438 115.5978 111.0952 110.9069 110.5974 110.2372 110.0190 108.5812 109.7422 106.2786 103.1670 103.1641 110.3331 121.8592 101.7645 120.2894 105.3903 106.7829 99.4506 108.1705 102.9993 119.9004 119.1370 118.8143 118.4359 117.9990 117.5694 116.9460 116.4100 115.8319 115.1664 114.6566 113.7578 113.0628 112.1840 111.2133 110.1207 108.8835 107.4447 105.7166 103.5679 100.7211 96.6950 89.5616 86.2793 88.0351 95.0562 99.8259 102.9398 105.0700
114.1800 112.6511 113.8768 113.8182 111.8749 112.6873 109.1218 107.7537 122.5279 107.8984 109.6329 103.5696 103.7237 104.1546 103.5671 115.5971 110.7807 110.3080 109.9316 109.8887 110.1095 107.5817 109.2458 105.7100 101.3013 104.8503 112.5569 115.6763 110.5415 122.6608 118.0084 99.0671 103.6713 111.9079 123.7477 119.5888 119.3427 118.7826 118.5476 119.7552 122.4366 117.3201 117.0779 116.5572 115.1157 118.3482 112.1270 112.5698 112.0237 111.1953 110.0848 108.8227 107.3580 105.5942 103.3812 100.3921 95.8974 87.8192 84.0361 86.1679 93.9441 99.4400 102.7331 104.9900
131.2000 127.4563 108.0360 109.1442 106.6910 106.4275 107.4212 102.9326 122.9864 102.6486 109.5527 103.9775 103.8249 103.8510 106.4706 116.5697 109.5162 111.1272 109.1740 107.5316 107.7479 107.6403 106.3218 103.3159 102.4520 102.8651 116.6755 115.9802 109.7871 122.0080 118.5001 104.2021 106.7779 111.0004 122.2118 119.2042 119.3170 119.2835 117.7942 119.9132 117.0767 114.1152 112.5253 111.1940 114.4427 116.8775 115.3931 111.7874 112.0818 111.2855 110.1679 108.9443 107.5213 105.8395 103.7528 101.0608 97.2974 91.4261 87.9230 89.7177 96.0349 100.2060 103.1534 105.0500
114.0200 113.5590 115.4436 111.8485 114.0116 114.3950 112.4926 103.0793 115.1650 105.0276 108.7546 103.8022 104.4141 104.6720 123.5115 112.9898 118.6043 116.9682 104.4733 104.3085 122.9965 100.0860 102.0907 101.5013 112.0847 115.4400 110.5292 109.2874 114.8641 125.1007 121.8577 123.3181 125.8253 120.6650 119.7437 119.4433 119.2841 116.0537 104.9670 113.1768 102.9342 100.6804 99.5192 102.0741 104.3265 113.6612 115.8887 109.0735 112.2163 111.4633 110.3867 109.2296 107.9021 106.3725 104.5606 102.3589 99.7738 96.6430 94.3875 95.8167 99.1492 101.7442 104.0466 105.2300
123.7900 123.4637 123.2843 124.8753 124.8240 125.4128 120.7833 110.2265 110.3856 105.8731 105.2890 104.8513 106.3059 112.4317 119.3263 108.1138 111.2617 116.8677 109.5564 115.6652 106.3929 103.4633 101.6718 102.6596 104.4117 115.8905 118.9043 121.6898 123.0754 121.1446 120.9600 119.4872 126.8885 120.3371 120.8902 121.1594 121.0744 108.5613 107.4684 105.4064 106.3878 107.7660 106.5403 113.9814 97.4079 113.4714 111.4608 111.4895 112.5449 111.7257 110.7229 109.6547 108.4586 107.1220 105.6228 103.9517 102.1833 100.5627 99.7528 100.2719 101.7198 103.5211 105.2155 107.0500
113.3100 126.3908 120.5669 122.1354 122.8625 123.4397 124.2604 124.2358 119.9200 116.8444 114.9558 114.4582 114.2816 111.4666 125.1445 114.3556 110.4850 109.3548 120.4190 115.6051 114.5414 103.9917 104.5761 101.4357 114.1294 114.8359 125.2158 121.9477 122.6482 123.3015 122.6225 123.0499 121.7765 115.8785 115.5195 111.4039 112.7594 109.5382 103.3630 103.7641 104.0249 109.6104 108.3557 107.4369 109.2862 115.6817 115.1176 114.0757 112.8705 112.0241 111.1427 110.1800 109.1282 107.9939 106.7792 105.5017 104.4244 103.3204 102.8931 103.1674 104.0383 105.2124 106.4661 107.0500
127.7100 130.1044 125.4704 122.2703 122.8573 123.7728 122.6735 118.5972 119.7915 119.4116 118.2956 119.6877 123.2225 113.9482 117.5674 114.5098 104.5110 117.8469 107.1442 110.8435 106.4924 105.3632 104.3981 114.7472 132.0677 121.1657 123.7157 123.7993 116.1073 114.2990 115.0727 105.9040 112.2966 105.2470 106.9284 104.3476 100.9804 113.1487 101.8258 114.6897 113.7009 113.9604 119.0189 103.8379 117.6059 115.0152 114.3833 113.7829 113.2259 112.4480 111.6401 110.7713 109.8630 108.9006 107.9751 106.1944 105.6146 105.4922 105.2340 105.4005 105.9365 106.7333 107.6839 108.7100
112.5300 125.5148 127.0460 121.9545 123.8730 123.4618 123.5640 124.3380 114.2435 115.5481 123.0502 108.6702 107.2293 102.5096 102.6004 102.0362 101.3987 117.7520 124.1733 106.1631 119.0326 107.5965 107.2202 120.2317 119.5180 115.5444 115.2244 114.6660 110.3842 110.4892 112.8580 97.1587 114.2499 107.9858 117.6175 117.2131 115.7037 122.3157 115.3674 119.4873 118.9047 117.5217 117.5054 112.9697 116.0034 115.4861 114.8608 114.2282 113.5327 112.7970 112.1007 111.4043 110.6264 109.8164 109.2893 108.3767 107.6630 107.2375 107.0622 107.1663 107.7468 108.1795 108.6819 109.9500
127.4900 125.6689 125.8770 110.1946 112.9149 112.4966 112.8718 109.4617 104.2084 107.6020 111.1924 102.1349 129.3859 125.1186 120.6014 117.0471 114.6791 117.4711 111.9343 118.8723 105.5241 104.0440 102.7149 116.1010 113.2371 112.2799 113.0147 112.6088 112.0920 112.2793 111.4612 107.7337 122.2881 118.4910 120.9214 120.6297 120.4306 121.8338 121.4657 118.5804 117.8992 117.7587 117.6771 117.1679 116.2379 115.7100 115.1556 114.5932 114.0692 113.5255 112.8294 112.0445 111.3741 110.6924 110.0807 109.4807 109.0218 108.7084 108.5711 108.6545 109.0600 108.6785 110.2239 109.9500
128.0300 126.9968 127.4256 124.4635 119.7801 120.9896 118.9689 118.1260 117.8108 118.3035 122.6473 130.1888 141.5463 108.1442 106.1385 104.5009 108.3037 108.9920 107.3821 105.9214 101.7692 102.3615 100.5533 120.5446 115.3112 113.7597 110.0263 121.3432 121.2429 123.0093 115.1515 129.7694 126.4225 120.5696 120.4665 120.0620 120.1770 119.7910 118.8998 118.4938 118.2466 116.7301 117.1954 116.9216 116.5142 116.0047 115.5009 114.9013 114.7684 109.8964 113.0313 112.6636 112.1134 111.5565 111.0341 110.5738 110.2013 109.9542 109.8464 109.9359 110.2729 110.2299 110.9462 111.1800
130.9000 131.3911 121.4040 123.6403 123.2036 121.6598 120.7492 119.1186 107.5021 108.0819 105.2746 106.2617 107.5848 105.7335 103.4489 104.3807 105.3102 105.0880 118.4444 118.6322 105.2988 102.4935 101.3442 101.6840 107.7989 107.5525 132.7001 122.2892 122.7757 111.5937 115.5246 112.7597 122.0606 121.0149 120.7149 120.1828 116.7449 116.6238 123.2942 118.4917 118.4295 118.1382 117.8514 117.2344 116.7892 116.3186 115.8466 115.3625 114.9147 114.3892 113.7589 113.3250 112.8276 112.3550 111.9148 111.5471 111.2519 111.0587 110.9999 110.9525 111.1128 111.4669 111.7927 112.1000
130.2500 130.9847 123.8734 110.6035 112.6825 108.1099 107.4946 105.9028 108.3033 109.0559 104.7316 104.8435 124.3757 103.5090 103.7074 103.5277 102.8796 103.6979 114.7043 118.6864 103.8469 113.5614 124.9915 108.5418 118.4981 117.7080 102.3843 126.8046 107.5387 123.8386 122.7761 122.3545 121.3569 121.0809 120.6287 122.1462 105.2385 117.9879 103.4525 104.6025 109.9118 124.0201 118.6108 117.4443 116.9775 116.6786 116.2156 115.7567 115.2701 114.8766 114.3773 113.9500 113.5008 113.1007 112.7378 112.4323 112.1905 112.0397 112.0004 112.2321 112.9161 112.3504 112.5812 112.9500
132.5400 131.6406 135.0536 116.0037 133.5294 108.7349 112.1568 120.5731 120.7705 109.9675 104.7093 103.7729 106.2479 105.2120 105.5493 104.2321 104.1309 104.3271 106.0819 111.4616 118.4570 125.9730 122.6046 104.8747 114.0603 123.6981 120.1828 123.5231 122.8064 122.0094 121.7974 121.6785 121.5077 121.1849 120.9520 121.0706 115.9326 106.6151 107.1141 106.8651 110.0707 125.4359 124.8845 117.8697 117.6494 116.9727 116.6076 116.1709 115.7804 115.3233 114.9266 114.5352 114.1587 113.8080 113.5009 113.2400 113.0418 112.9118 112.9412 112.6063 110.1293 112.5469 113.4347 113.5100
132.5400 132.8234 133.0043 134.8855 98.8519 107.1321 105.2116 104.4143 102.7808 105.8885 111.4858 111.3083 110.3470 104.2763 103.4518 102.7277 101.7750 111.4160 113.2578 124.5410 124.8447 124.7205 124.8402 125.4999 125.2812 123.7960 114.3012 121.4715 121.6122 122.5668 122.2815 121.9413 121.6370 121.3582 121.0355 120.7157 119.8744 110.5769 110.3137 104.7033 107.6004 115.0777 117.7931 119.0777 120.0452 115.8549 116.7538 116.2799 116.2337 116.0887 115.4319 115.0292 114.7749 114.4763 114.2095 113.9951 113.8223 113.7155 113.6428 113.8076 112.0671 113.7837 114.0967 114.4100
132.8200 133.2667 132.9751 136.3674 115.0561 108.4201 114.0133 114.1118 114.8105 110.1144 122.9306 116.4172 108.7590 102.4797 106.7893 107.3331 107.1680 125.3078 137.3683 127.3154 124.5745 124.3416 123.8785 123.3892 123.5536 123.5159 125.6244 127.3611 121.5946 122.6540 122.2697 122.0318 121.7669 121.4751 122.0300 117.3575 121.4792 111.9859 117.9765 110.7204 110.0259 120.9661 113.8976 110.0948 116.1609 118.2863 117.3092 120.3982 116.1623 116.8527 116.0292 115.6712 115.3649 115.1063 114.8716 114.6854 114.5433 114.4503 114.4176 114.4251 114.6895 114.6237 114.7184 115.0600
133.8300 134.0001 129.2471 128.9671 129.9617 116.0153 126.3151 123.2242 114.7915 105.2139 105.5059 105.7512 109.9847 112.5379 117.6173 115.4460 119.2706 121.0573 131.9887 123.8451 124.7488 124.5177 124.3060 124.2348 123.8735 124.3939 121.9553 121.6748 123.0939 122.6647 122.4356 122.1727 121.9235 121.4710 121.2209 111.3111 116.3367 115.7568 107.9425 114.4641 119.3558 119.3384 107.6743 114.5214 118.7106 118.2662 117.1907 124.0759 116.5522 116.1975 116.4705 116.1898 115.9223 115.6926 115.4918 115.3246 115.2061 115.1242 115.0977 115.1156 115.1591 115.3102 115.4837 115.6600
124.1400 126.7450 122.7037 125.2665 124.6644 127.1726 124.6535 120.0045 113.0613 116.4492 117.6920 121.8192 115.2728 120.1504 118.7294 126.3856 113.9457 120.2276 128.5764 124.5115 124.7480 124.5831 124.3649 124.1551 123.9283 124.2641 124.6387 123.5408 123.0287 122.7722 122.5532 122.3014 122.0539 121.8629 120.2850 117.9396 113.8229 120.8162 117.7123 125.2867 119.3884 119.7087 119.2914 119.6048 118.4355 118.2633 118.0825 117.3468 116.7989 116.7185 116.9120 116.6831 116.4531 116.2492 116.0729 115.9274 115.8244 115.7575 115.7267 115.7492 115.8037 115.8979 116.0261 116.2100
128.1900 131.5095 126.1678 128.0809 127.9101 127.1658 125.8551 129.9470 123.2689 123.7827 120.7673 120.0323 126.3620 120.8816 120.8072 118.6998 111.9710 126.4035 130.9448 124.5979 124.9215 124.6642 124.4709 124.2548 123.9507 124.7467 113.2182 127.7120 122.7481 122.9365 122.6957 122.4531 122.1881 121.9131 122.4404 121.3564 118.9984 120.6942 121.2825 123.9372 120.1451 119.6905 119.4355 119.2469 118.8663 118.7535 118.4045 118.2089 117.8464 117.5892 117.3934 117.1592 116.9564 116.7789 116.6265 116.4967 116.4012 116.3466 116.3187 116.3323 116.3851 116.4720 116.5894 116.7400
116.0600 129.1812 127.2805 128.4409 127.4794 128.3754 122.3099 124.3057 127.6882 121.6967 118.5881 119.2136 123.4707 113.8870 120.2618 108.2445 120.7671 126.1277 128.9134 124.9608 124.8985 124.7598 124.5553 124.3392 124.1525 124.4039 120.1373 123.7418 123.3851 123.0109 122.8313 122.5913 122.4096 121.6985 122.2671 115.6320 123.7159 120.9516 120.6116 120.2587 120.2766 120.0656 119.8195 119.5535 119.2751 119.0275 118.7449 118.4977 118.2714 118.0282 117.8282 117.6269 117.4405 117.2743 117.1380 117.0280 116.9449 116.8868 116.8727 116.8824 116.9274 117.0060 117.1108 117.2300
128.2200 128.0500 128.0232 128.1676 128.2189 120.2147 122.6402 121.0772 134.0188 126.1380 111.1525 120.1523 117.9176 114.5966 117.6993 118.6054 118.6012 121.4614 125.6781 125.2513 125.0427 124.8454 124.6517 124.4477 124.2436 124.0743 124.1871 126.4410 123.2321 123.1765 122.9688 122.7333 122.5120 122.6024 117.2421 118.5507 121.6880 121.3955 121.1157 120.8191 120.6054 120.3285 120.0793 119.8299 119.5860 119.3466 119.1076 118.8741 118.6524 118.4514 118.2440 118.0640 117.8989 117.7491 117.6290 117.5279 117.4583 117.4122 117.3916 117.3997 117.4394 117.5084 117.6034 117.7000
128.3400 128.2189 127.8726 126.8935 125.5439 119.4742 121.1497 128.2451 116.0331 122.7067 119.7292 118.2860 116.8579 119.3959 119.4777 120.8206 118.4249 135.7572 125.5566 125.5072 125.0935 124.9403 124.7525 124.5585 124.3597 124.0882 125.1263 123.8322 123.6020 123.3264 123.1122 122.9022 122.5967 122.8502 117.7046 122.1960 121.6564 121.5507 121.2865 121.0521 120.8231 120.5875 120.3520 120.1197 119.8878 119.6617 119.4459 119.2337 119.0340 118.8360 118.6581 118.4875 118.3332 118.2030 118.0952 118.0085 117.9388 117.8932 117.8808 117.8920 117.9308 117.9922 118.0741 118.1400
128.3600 128.2501 128.5161 122.8725 121.0000 119.9149 121.9661 125.8346 131.2450 122.2126 119.7183 117.3936 126.7611 123.1826 114.6193 117.8221 118.4147 136.3266 127.0990 125.3013 125.1569 125.0556 124.8587 124.6653 124.4748 124.2827 124.1162 123.8334 123.6830 123.4707 123.2579 123.0479 122.8403 122.6480 120.4299 121.2311 121.9787 121.7271 121.5147 121.2897 121.0642 120.8465 120.6246 120.4068 120.1882 119.9804 119.7803 119.5796 119.3899 119.2114 119.0485 118.8972 118.7621 118.6386 118.5375 118.4462 118.3848 118.3573 118.3451 118.3491 118.3609 118.3896 118.4916 118.5500
128.3700 128.3190 128.3628 125.5897 120.6278 123.6897 122.9166 119.1177 128.9569 117.9630 119.8835 116.3265 131.5442 114.3284 117.0889 114.4635 109.4866 111.7516 126.2056 124.8933 125.3359 125.1006 124.9199 124.7758 124.5893 124.4046 124.2007 123.9659 123.7582 123.6207 123.4085 123.2035 122.9965 122.8952 122.5356 130.9259 121.1577 122.1212 121.7259 121.5272 121.3071 121.1024 120.8945 120.6821 120.4872 120.2906 120.1000 119.9197 119.7436 119.5783 119.4250 119.2876 119.1646 119.0500 118.9543 118.9341 118.8787 118.7937 118.7878 118.7947 118.9075 119.1117 119.0719 118.9500
128.3900 128.3618 128.1598 128.1699 128.7523 119.5857 127.0836 124.5531 129.2688 117.6690 117.5822 122.6503 114.2570 121.0434 111.2326 108.8062 112.4489 119.5489 126.0370 125.7159 125.4090 125.3612 125.0886 125.3476 124.6596 124.5097 124.2817 124.2036 124.2657 123.7526 123.5513 123.3579 123.1707 122.9799 122.3646 122.4998 122.3719 122.1331 121.9611 121.7481 121.5550 121.3553 121.1587 120.9675 120.7748 120.5909 120.4152 120.2387 120.0838 119.9316 119.7880 119.6633 119.5453 119.4450 119.3516 119.2299 118.9173 119.2083 119.2035 119.2164 119.3522 118.3962 118.8000 119.3300
128.5100 128.4014 128.2489 128.2929 129.3158 121.5363 119.9221 125.2510 126.5006 121.2445 112.3176 119.7726 107.7923 117.4871 131.4103 122.5822 127.5470 126.5742 125.6193 125.6710 125.4984 125.9519 125.4411 121.9486 125.4440 124.5310 124.5992 120.3494 124.0185 123.8571 123.7403 123.5287 123.2857 123.6205 123.6145 122.8792 122.6926 122.3540 122.1928 121.9743 121.7931 121.5998 121.4161 121.2333 121.0543 120.8889 120.7220 120.5591 120.4170 120.2711 120.1431 120.0236 119.9215 119.8224 119.1396 125.1521 119.1963 119.6174 119.6068 119.6073 119.8509 119.6354 131.0309 119.7000
128.5300 128.4644 128.3608 127.3390 124.3438 120.1751 125.7695 127.3609 130.4894 123.2372 108.6383 116.5131 107.6467 115.9804 141.1421 122.1082 128.1936 126.8671 126.0356 125.7826 125.6448 125.5096 125.4002 119.6257 124.5438 124.7069 125.2419 117.8246 123.7094 123.8468 123.9110 123.6976 123.5833 120.7150 121.4600 122.8355 119.9731 122.6627 122.2250 122.2676 122.0220 121.8498 121.6756 121.5007 121.3354 121.1744 121.0203 120.8746 120.7371 120.6039 120.4815 120.3718 120.2730 120.2443 119.7749 120.2450 120.0272 119.9812 119.9885 119.9960 120.0163 119.9547 120.0018 120.0200
128.6600 128.5392 128.1803 126.3732 119.5625 122.0014 125.3742 130.1191 130.9713 121.8523 117.4500 125.6349 110.4363 112.0373 120.9898 110.3578 115.6932 125.2209 125.9505 125.9344 125.7250 125.6015 125.3077 126.0046 124.9773 124.9941 124.4605 125.2606 125.2667 124.2168 124.0248 123.8603 123.7295 122.3353 120.6283 123.7265 115.9575 123.5948 122.8033 122.5099 122.2667 122.0904 121.9350 121.7410 121.6018 121.4595 121.3142 121.1765 121.0450 120.9229 120.8119 120.7111 120.6179 120.5711 120.5521 120.4282 120.3754 120.3636 120.3574 120.3538 120.3832 120.4112 120.5336 120.3900
128.6800 128.5752 128.5246 125.7453 120.6998 121.1009 123.6260 135.5579 119.0589 117.7097 121.2110 122.7489 118.5017 111.6197 104.5291 118.4978 119.9155 125.7925 126.0977 126.0286 125.8432 125.6732 125.5000 125.2980 125.0960 124.8210 124.7558 124.6358 124.3787 124.3431 124.1807 124.0183 123.6538 124.2878 123.5849 123.1063 119.7316 122.8080 122.8331 122.6630 122.4916 122.3249 122.3325 121.9906 121.8980 121.7298 121.5924 121.4717 121.3459 121.2318 121.1245 121.0348 120.9512 120.8711 120.7997 120.7617 120.7380 120.7162 120.7027 120.7095 120.7273 120.7630 120.7860 120.7100
128.7100 128.9150 124.3641 121.6706 120.2727 120.1714 119.3634 118.8801 120.8785 118.6523 116.3229 116.9290 115.0176 116.3722 121.6485 127.4558 128.4553 126.6674 126.2526 126.1000 125.9522 125.7855 125.6590 125.4208 125.8676 127.1537 125.6389 124.6271 124.7069 124.5039 124.3459 124.1714 124.0416 123.5155 124.8062 111.0465 117.7855 123.0743 123.0085 122.8635 122.7033 122.0694 122.4418 122.2365 122.0807 122.0158 121.8880 121.7536 121.6436 121.5330 121.4385 121.3480 121.2740 121.2053 121.1545 121.1044 121.0694 121.0479 121.0438 121.0521 121.0687 121.0960 121.1438 121.0200
128.8200 129.1793 124.1301 122.3618 122.4474 123.9794 121.5829 121.4807 121.8186 119.9396 116.3472 107.9893 131.2945 128.0242 132.2053 126.9076 126.4801 126.4489 126.3464 126.2133 126.0579 125.9049 125.7746 125.7224 121.4614 110.1933 124.5557 124.9627 124.8515 124.6512 124.4991 124.3453 124.1775 124.0120 124.1151 122.9431 121.9069 122.9032 123.2037 123.1322 122.9990 122.0897 125.2652 122.8981 122.0842 122.3609 122.1338 122.0308 121.9258 121.8234 121.7342 121.6483 121.5790 121.5136 121.4660 121.4262 121.3957 121.3769 121.3641 121.3721 121.3854 121.4187 121.4572 121.6100
128.8400 125.1484 123.3179 114.3135 147.1125 125.5230 121.1488 117.5677 125.5490 119.6264 120.3607 124.7683 107.7749 119.5465 127.0735 126.9129 126.7060 126.7426 126.6162 126.2881 126.1719 126.0184 125.9004 125.5307 125.7262 124.3460 124.9294 125.0632 124.9724 124.8131 124.6516 124.5034 124.3439 124.2081 124.0261 124.0163 123.7399 123.7637 123.4378 123.2569 122.7991 126.4696 126.6273 111.4606 123.8206 122.5404 122.4295 122.3083 122.2004 122.1118 122.0313 121.9421 121.8829 121.8289 121.7728 121.7359 121.7084 121.6844 121.6833 121.6897 121.7026 121.7227 121.7666 121.8900
128.8700 126.8843 122.1818 121.9765 120.9994 128.3636 122.4468 134.0395 140.1923 136.3557 110.4487 125.9337 126.3320 127.5630 127.0371 126.9935 126.6453 127.4632 126.3835 126.4037 126.2956 126.1380 125.9872 125.8489 125.8190 125.4689 125.4914 125.2232 125.1156 124.9662 124.8158 124.6682 124.5188 124.3710 124.2209 124.0983 123.9180 123.8927 123.7134 123.1201 123.7793 122.7414 118.2485 121.7522 120.8418 122.8498 122.6655 122.5585 122.4970 122.3752 122.3031 122.2388 122.1679 122.1145 122.0722 122.0369 122.0046 121.9909 121.9899 121.9856 122.0077 122.0240 122.0665 122.1700
128.9800 127.6718 124.6447 121.1542 148.4209 120.2940 126.2467 109.3256 113.5213 109.3898 115.9900 136.6112 128.5973 127.2337 127.1787 127.5067 125.3425 144.3860 124.5515 126.9259 126.3661 126.2555 126.1086 125.9776 125.8626 125.6697 125.6050 125.4145 125.2895 125.0782 124.9750 124.8319 124.6893 124.5415 124.4078 124.2579 124.1298 123.9008 123.8475 113.9564 123.6804 123.2480 123.8159 122.9536 123.0575 123.0488 122.9125 122.8740 122.5897 122.7086 122.5886 122.5074 122.4503 122.4017 122.3549 122.3256 122.2964 122.2840 122.2735 122.2797 122.3004 122.3184 122.3503 122.4300
129.0000 129.8264 123.6345 119.1010 122.3233 119.6044 117.3324 108.8453 114.0879 114.3868 112.3266 126.4840 125.4435 127.5766 127.3429 127.1778 126.6235 126.8114 126.5948 126.6249 126.5227 126.3567 126.2413 126.0939 125.9149 126.1001 122.5185 126.8472 125.0446 125.3164 125.1215 124.9864 124.8546 124.7090 124.5791 124.4423 124.3719 124.0241 117.7122 120.0549 124.5902 123.7274 123.4808 123.4673 123.3638 123.2645 123.1950 122.7312 124.0071 122.6164 122.8303 122.7826 122.7239 122.6793 122.6371 122.6014 122.5811 122.5641 122.5631 122.5653 122.5795 122.6015 122.6324 122.6900
129.1400 129.4456 123.0867 122.7118 121.8411 110.4189 111.2441 117.9326 124.8751 111.3215 112.2143 125.9723 126.4061 127.5062 127.4757 127.2108 127.1427 127.2737 127.1242 126.7470 126.6266 126.5151 126.2959 126.2413 125.9158 127.0804 113.2458 123.9308 126.2332 125.3776 125.2650 125.1643 125.0905 124.8842 124.7730 124.6406 124.4826 124.6826 123.3109 124.2575 123.9218 123.9003 123.8178 123.6999 123.5948 123.4902 123.3223 124.6771 121.9359 124.1556 123.0905 123.0376 122.9880 122.9466 122.9100 122.8750 122.8559 122.8508 122.8513 122.8425 122.8518 122.8728 122.8992 122.9400
129.1400 129.5724 120.9759 123.2625 124.8233 122.1326 119.1884 117.3802 110.8975 117.1135 114.5000 126.1194 126.6978 127.3840 127.5032 127.3991 127.2532 127.1058 126.9825 126.8630 126.7566 126.4608 126.5356 126.1788 126.2404 125.8273 123.2708 123.2206 130.9327 125.6188 125.5005 125.3131 125.0347 124.7245 124.7441 124.9024 124.8037 121.1905 123.0284 124.3244 124.2285 124.1191 124.0133 123.9138 123.8261 123.7223 123.6141 123.4626 115.6348 124.2369 123.3270 123.2866 123.2504 123.2029 123.1706 123.1368 123.1187 123.0376 123.0756 123.1064 123.1207 123.1390 123.1583 123.1800
129.2800 129.5250 124.9086 123.2271 127.8789 128.7276 127.1326 118.8235 116.5356 120.4301 117.5329 102.3741 123.5905 127.6450 127.6086 127.4841 127.3596 127.2372 127.1155 126.9775 126.8796 126.6987 129.6494 126.5057 126.3907 126.5114 121.0741 123.2542 125.8581 125.5190 125.5989 125.4734 125.4766 126.6404 124.8314 124.1514 124.2265 124.7167 124.7241 124.5752 124.4340 124.3277 124.2251 124.1381 124.0369 123.9485 123.7689 124.2574 124.4408 123.6164 123.6146 123.5343 123.5001 123.4610 123.4218 123.4028 123.3564 123.7818 123.5924 123.3546 123.3766 123.3912 123.4168 123.4100
129.2800 130.7412 125.3321 123.6876 123.8123 124.6195 120.2295 115.8024 118.4204 107.9056 105.2893 116.1272 130.7783 127.8358 127.6709 127.5930 127.4600 127.3386 127.2137 127.0974 126.9668 126.8671 126.5654 125.6553 126.4963 126.2441 127.5018 126.3741 126.0511 126.4979 125.7121 125.2438 125.5390 119.8984 109.6204 125.1253 123.0379 124.8987 124.9026 124.6982 124.6300 124.5397 124.4083 124.3991 124.2759 124.2043 124.1569 123.9584 123.8445 123.9020 123.8299 123.7889 123.7427 123.7017 123.6784 123.6139 123.9428 120.5719 123.5858 123.6600 123.6236 123.6420 123.6675 123.6400
121.1300 123.1306 118.1180 120.6798 123.2216 125.8044 113.1289 116.6803 112.2188 106.9099 122.8718 109.8605 130.2830 127.4834 127.8236 127.6829 127.5600 127.4515 127.3251 127.2037 127.0836 126.9856 126.9234 126.3664 126.6189 126.4974 126.3172 126.9977 125.1498 125.6406 125.3122 127.5275 127.6253 118.4122 112.7750 112.2344 123.8753 125.5813 124.9022 124.9221 124.8110 124.6837 124.7832 124.2892 124.1123 124.6254 121.6870 124.4503 124.1984 124.1161 124.0679 124.0197 123.9699 123.9591 123.7978 123.9517 123.1792 129.4583 123.0740 123.6369 123.8985 123.8816 123.9067 123.8700
121.6900 119.9645 119.9510 120.3582 126.7974 126.8345 122.5687 108.7953 107.7871 108.6593 113.4680 114.1978 125.5712 128.0552 127.9223 127.7803 127.6651 127.5519 127.4379 127.3225 127.2036 127.0861 126.9622 126.8817 126.7301 126.6107 126.4817 126.4313 121.8095 125.7734 126.1099 126.0396 114.5891 116.2832 110.8861 116.0154 114.7055 125.1479 125.2326 125.1074 125.0019 124.9817 124.4186 125.7201 129.2113 126.3257 124.9637 124.5239 124.4027 124.3421 124.2955 124.2289 124.2853 124.2949 125.0964 124.1589 124.0141 124.5452 124.5456 124.9212 124.0185 124.1285 124.1419 124.0800
119.1500 119.5532 120.4924 121.5869 125.8247 129.0289 107.5767 111.6687 109.8306 112.8029 109.6132 108.4826 128.9934 128.1722 128.0241 127.8905 127.7723 127.6675 127.5490 127.4305 127.3180 127.2012 127.0890 126.9741 126.8651 126.7499 126.6645 126.4013 127.0090 126.4372 126.6642 123.8027 115.6270 112.3728 107.8319 115.5644 125.1740 125.5700 125.3997 125.2825 125.1945 124.7689 128.1990 123.5692 114.0879 113.3839 125.5529 124.3606 124.6230 124.5659 124.5153 124.4659 124.4519 125.6880 124.5829 124.4527 124.3289 124.2761 125.4945 111.7424 125.8406 124.2613 124.3565 124.3000
121.6800 120.2308 120.2211 119.7885 113.2230 108.5731 113.0952 109.5781 117.1965 107.9529 111.5433 117.7890 129.3748 128.1056 128.0994 127.9898 127.8938 127.7781 127.6444 127.5461 127.4379 127.3244 127.2125 127.1052 126.9869 126.8872 126.7660 126.6739 126.5086 126.7929 121.4235 121.5852 128.0536 120.8016 124.3405 125.7479 126.0383 125.6731 125.5605 125.4793 125.4325 124.8232 122.4869 109.7205 121.5651 124.3879 125.5473 124.7112 124.8194 124.7827 124.7321 124.6814 124.6568 124.4632 124.6165 124.5607 124.5333 124.5318 124.5293 124.9218 125.0506 124.5656 124.5860 124.5000
121.2100 120.7834 119.2703 111.9952 109.2765 115.1884 109.6279 115.0851 109.0273 108.9246 113.7658 124.6987 128.3679 128.3918 128.2423 128.1175 128.1065 127.7794 127.7804 127.6565 127.5442 127.4323 127.3248 127.2485 127.0959 127.0201 126.9140 126.8006 126.7234 126.6410 126.7121 126.4183 126.1371 126.4397 125.8925 125.7994 125.9653 125.8318 125.7417 125.6538 125.3117 127.4900 120.7323 107.5464 127.0094 125.2393 125.1269 125.0784 125.0288 124.9915 124.9440 124.8990 124.8682 124.8635 124.8171 124.7934 124.8767 124.8094 124.7816 124.6096 124.6525 124.7832 124.8036 124.9000
120.5700 123.1278 110.5560 111.3534 118.5936 114.6565 123.6550 109.2635 126.8798 116.0507 109.2564 115.4621 129.6916 128.2056 128.3608 127.8702 127.8137 125.3034 128.3585 127.3943 127.4127 127.4282 127.8777 127.3516 127.6032 127.1754 127.0683 126.9120 126.9391 125.5408 119.8614 127.0328 125.7132 126.2316 126.2906 126.1939 126.0841 125.9753 125.9130 125.8448 125.6215 123.7024 109.5575 115.2653 122.5501 125.2865 125.3550 125.2911 125.2374 125.1937 125.1481 125.1139 125.0759 125.0485 124.9943 125.0627 124.3999 124.9544 124.9775 125.0267 125.0369 125.0149 125.0192 125.1000
126.9300 122.9020 119.6539 119.6865 110.6630 117.2376 108.2698 116.5004 127.9797 109.3567 109.8317 125.0855 128.5799 128.5823 128.0322 127.6449 128.6297 128.1889 126.1286 129.5934 129.5794 129.3011 126.3633 128.0484 127.0432 126.1418 127.0915 127.0667 126.8882 127.3977 126.7044 126.6289 126.6137 126.6197 126.4256 126.3011 126.2285 126.2341 126.0777 126.0003 125.6783 127.5352 121.6210 123.5389 125.1354 125.7471 125.5330 125.4821 125.4344 125.3922 125.3510 125.3163 125.2775 125.2364 125.4805 125.3556 129.3425 125.0700 125.2165 125.1861 125.1915 125.2081 125.2343 125.2900
117.9600 118.5431 121.1175 111.3178 114.4795 113.0260 109.7586 110.4729 109.2267 113.1964 118.9478 130.2068 128.6279 128.6006 128.5664 128.3686 128.1115 128.0518 113.6882 117.9960 122.7432 111.8576 114.2850 131.3864 115.5148 128.7357 127.5806 127.1195 128.0962 126.8326 126.9121 126.8171 126.7224 126.6188 126.3006 126.7318 126.3456 125.5990 126.2641 126.1475 126.3162 125.6728 121.5845 123.6012 125.7804 125.7765 125.7329 125.6727 125.6274 125.5840 125.5430 125.5158 125.4886 125.4534 125.0718 126.8967 120.6063 125.5402 125.4647 125.4028 125.4126 125.4169 125.4331 125.4700
123.8400 122.7303 122.0026 114.0355 113.1763 116.7545 119.0854 113.9075 124.9083 132.2782 132.0374 128.7589 128.7565 128.7021 128.5947 128.4892 128.5919 128.7530 123.3002 114.5309 113.2114 113.2400 127.3437 122.0002 129.7659 128.7428 127.8157 128.0883 120.9061 127.3955 127.0095 126.9937 126.9735 126.8146 127.6868 125.4884 123.4087 132.5591 125.5253 126.5644 125.4607 126.1838 125.0702 125.7932 125.9943 125.9542 125.9146 125.8650 125.8144 125.7822 125.7373 125.7133 125.5918 125.8336 125.3697 121.6434 118.3645 125.4516 125.6751 125.5927 125.6058 125.6164 125.6281 125.6500
123.8400 118.4856 109.9517 113.9282 117.3950 118.6180 119.9777 111.7935 117.0193 129.9959 130.5295 130.1390 128.8372 128.8025 128.7507 128.5638 128.4965 127.1918 129.1546 131.7739 132.3201 111.6568 118.6109 125.3840 129.0157 127.0489 127.1189 126.8419 127.6710 127.6723 127.3132 127.1256 126.8885 127.0402 120.8098 120.3849 115.0117 127.6453 126.7807 126.2472 125.3812 126.3304 126.4213 126.2169 126.1777 126.1582 126.0917 126.0486 126.0063 125.9631 125.9270 125.9150 125.8742 121.5147 122.3912 123.8847 125.4870 125.6750 125.7989 125.7903 125.7989 125.8137 125.8242 125.8300
114.5000 114.3789 119.7006 119.6353 120.3053 123.8695 130.2083 122.9142 119.5365 129.1271 118.7743 129.1647 128.9578 128.7575 128.5627 128.7496 128.6080 132.0229 119.0765 127.0436 128.0744 128.3897 119.5837 129.7053 127.9859 126.5501 127.7395 124.2392 127.5110 126.9877 127.3749 127.2454 127.1858 129.4677 111.8139 115.8041 111.5554 119.6805 126.8441 126.8022 126.7012 126.6038 126.4639 126.4476 126.3679 126.3175 126.2687 126.2321 126.1781 126.1433 126.1197 126.0883 125.9838 126.3803 126.1400 126.1850 125.9682 125.9967 125.9882 125.9963 125.9924 126.0003 126.0128 126.0100
114.5000 117.8212 121.5260 111.4936 111.5475 123.4344 130.2182 130.7365 129.2011 130.1692 129.5766 129.2476 128.6896 129.6871 129.2523 128.8294 128.4764 128.3708 121.8686 127.4181 128.0452 121.3056 120.4785 128.1635 127.7433 128.2581 128.1565 110.4884 126.0924 127.5198 127.4781 127.3886 127.4284 129.1724 119.1134 127.6335 120.8236 128.4276 126.7374 126.7813 126.7991 126.4810 126.6441 126.5413 126.5671 126.4958 126.4480 126.3985 126.4081 126.3463 126.2976 126.2793 126.1532 126.1068 126.1968 126.1840 126.1828 126.1693 126.1320 126.1159 126.1859 126.1865 126.1976 126.1800
120.2600 125.5101 118.7890 124.9404 116.4791 131.3920 129.5200 129.5641 129.4666 129.4568 129.0782 130.4815 126.5514 113.3141 127.0596 128.9684 128.8515 129.4046 128.7895 126.3184 121.6572 106.3564 124.8042 128.4919 129.8569 127.5238 127.7045 128.6846 129.7420 129.0689 127.6157 127.5493 127.5244 128.1867 115.6430 129.0394 126.9271 126.9674 127.0598 127.0007 126.6684 128.2829 126.8014 127.0814 126.6942 126.6516 126.5934 126.6468 126.3959 126.3242 126.5095 126.4625 126.4482 126.4242 126.3795 126.3643 126.3550 126.3556 126.4849 126.5197 126.3351 126.3730 126.3805 126.3400
126.6900 130.7017 123.9234 119.9005 129.2822 130.0040 129.8258 129.7216 129.6727 129.4332 130.3012 117.8600 107.8295 125.6367 129.7318 128.8403 128.9939 128.6669 129.4238 119.5787 124.8262 115.3528 124.1626 114.3842 120.8779 128.7746 127.6822 127.5215 127.8376 127.6859 127.7878 127.6799 127.6368 127.4091 127.9542 127.5532 126.1828 128.2773 127.0559 127.1564 126.8748 120.7654 120.3236 126.6391 126.9202 126.7863 126.7247 127.4213 127.2482 124.6593 126.6786 126.6420 126.5918 126.5739 126.5646 126.5520 126.5350 126.5109 126.9530 122.7713 126.9940 126.5264 126.5601 126.5100
130.3800 129.5726 131.0653 130.1181 129.9348 129.8695 129.9115 129.8179 129.7103 129.6538 129.6571 129.7822 130.5417 123.8178 122.0490 129.8571 128.8599 129.2122 128.7801 129.4636 109.2945 108.4593 112.0435 125.8667 128.8817 127.9739 129.6613 114.8110 127.3055 127.8503 127.8948 127.8194 127.7548 127.7172 127.6404 127.4857 129.1397 130.0964 125.8872 127.3530 128.7285 114.5658 135.6719 127.7118 127.1281 126.9449 126.7128 130.7941 132.1254 122.8862 126.9636 126.8111 126.7762 126.7593 126.7328 126.7275 126.7149 126.7048 126.6900 126.9095 126.8765 126.7189 126.7356 126.6700
130.4800 124.0971 130.8218 129.9811 130.2356 130.0712 129.9920 129.8931 129.8162 129.5091 129.1388 132.8691 110.3431 126.5335 129.7542 129.8500 130.2754 128.4581 128.9034 129.6950 126.8539 122.0649 130.1873 129.9309 128.0927 128.3640 129.2052 125.8794 128.8173 128.1407 128.0208 127.9619 127.8871 127.8110 127.7450 127.6682 127.0758 112.6239 127.5086 127.2559 127.8842 119.1316 131.8302 128.0579 127.2619 127.1245 126.9795 130.6969 126.7400 126.6490 126.9205 127.0146 126.9371 126.9211 126.9096 126.8952 126.8892 126.8855 126.8869 126.8214 126.8126 126.8833 126.9102 126.9900
130.5000 130.2585 130.8067 130.3246 130.2239 130.1599 130.0773 129.9855 130.0272 129.1467 131.9070 105.9563 119.9745 129.3961 120.9516 131.6667 128.3639 116.3197 127.5807 125.7577 112.3481 130.4210 128.8522 128.3050 128.6096 128.5970 132.7176 128.8679 128.3124 128.1060 128.1756 128.0867 128.0225 127.9649 127.8878 127.6880 128.4412 126.6950 121.8713 127.5929 127.5585 129.2113 127.8231 127.4578 127.4015 127.3321 127.6675 123.9257 126.8018 126.9077 127.1819 127.1307 127.1138 127.0948 127.0768 127.0664 127.0544 127.0560 127.0553 127.0498 127.2640 127.1335 127.0710 127.1400
130.6100 130.4567 130.3720 130.4015 130.3197 130.2428 130.1563 130.0853 130.0833 127.7330 110.4320 107.5607 119.5620 126.6330 111.6740 118.7308 115.4124 129.1283 133.6324 120.8313 126.5702 130.4701 128.7449 128.8047 128.8356 127.8620 128.9282 124.5484 128.1368 128.3842 128.2594 128.2106 128.1494 128.0960 128.0128 128.0276 127.7926 127.2786 124.2441 128.0244 127.6899 127.4738 127.6042 127.5633 127.5074 127.5082 127.5666 117.2080 128.5422 126.8895 127.3311 127.2985 127.2756 127.2580 127.2395 127.2334 127.2264 127.2194 127.2254 127.2949 126.2906 126.5082 127.3109 127.2900
130.6300 130.6300 130.5700 130.4200 130.3500 130.2900 130.2100 130.1400 130.0700 130.0000 108.5700 129.7800 129.7000 129.6300 129.5500 129.4800 129.4100 126.9800 129.2500 129.1700 129.0900 129.0200 128.9300 128.8600 128.7800 128.7800 127.9700 114.7200 127.4700 127.4700 128.3900 128.3200 128.2100 128.1300 128.1300 128.0500 127.9700 128.0000 127.9100 127.8100 127.8200 127.7300 127.7500 127.6500 127.6700 127.5700 127.5800 127.4700 127.4900 127.5000 127.3800 127.4100 127.4200 127.4200 127.2900 127.3000 127.3100 127.3100 127.3100 127.2400 128.4000 125.4900 127.3000 127.2900
