128.2700 106.2800 106.2900 128.2900 128.2900 128.1600 128.1600 128.1600 128.2900 128.2900 128.2800 128.2800 128.2700 128.2600 134.0100 134.0100 131.3300 128.3300 128.4400 117.4700 117.4200 128.5100 128.4900 128.5800 128.6800 128.6600 128.7400 128.7400 128.8300 128.8100 128.8900 117.7700 121.9300 129.0400 109.1100 129.1900 129.1900 129.2600 129.3300 129.4300 129.4900 129.4800 129.6500 129.6500 129.7100 129.7700 129.8600 129.9200 130.0000 130.0600 130.1400 130.2000 130.2800 130.3400 130.4200 130.5000 119.2500 130.6300 130.7100 130.7600 116.1100 130.9000 131.0300 131.0300
128.1400 106.2351 117.9159 135.4457 127.5428 126.1285 126.7097 127.9012 128.1398 128.1507 128.1592 128.1608 128.1654 128.1117 127.9646 128.0140 126.8584 128.1810 129.3825 118.9097 114.5242 125.9639 128.6192 129.6476 120.5135 124.4328 128.6840 128.6544 115.9644 112.6029 127.1688 128.8792 108.8582 116.0058 114.2909 111.2355 129.1215 128.8458 128.7523 129.2600 126.3747 128.7161 129.5569 129.5884 129.6652 129.7194 129.6997 129.6039 129.9222 129.9953 130.0558 130.1262 130.0098 130.3088 131.8721 120.7369 125.6845 129.1361 124.8701 130.0779 127.8388 130.9146 130.7630 131.0300
113.1000 124.8332 110.0195 124.1721 128.1333 132.0745 129.5638 127.6564 128.0071 128.0049 128.0072 128.0256 128.0392 128.0937 128.0989 128.0006 128.1323 128.2376 124.4893 121.7163 124.0426 129.9833 119.8524 126.3809 116.2024 124.1195 128.4920 127.5889 122.3533 121.5802 126.9806 112.8258 107.8934 110.4775 109.1251 127.4769 130.0853 131.6007 133.4719 129.7855 128.5681 128.6013 129.2511 129.4620 129.4836 129.6068 129.7096 129.7594 129.8403 129.9113 129.9948 130.0365 130.6905 126.5450 121.1245 116.7180 127.5519 131.3016 129.4209 130.8236 130.8338 130.9638 130.8690 130.9000
127.8600 118.3893 123.2009 121.9091 125.8614 133.6673 138.1831 127.7478 127.7879 127.8587 127.8546 127.8718 127.8795 127.9031 127.8832 127.9320 127.9241 128.0285 129.5738 117.2412 116.3454 125.0553 113.9773 118.8428 131.3769 128.9503 128.5803 121.9814 129.8424 124.9798 119.1606 107.6611 114.8583 110.7953 123.5974 119.7862 129.1384 128.3831 129.3344 127.2717 120.9605 129.0231 130.1003 129.2442 129.4452 129.5198 129.5812 129.6643 129.6579 129.6234 129.9785 130.2568 129.8542 121.4269 128.0125 131.2930 127.8560 130.7041 131.1479 131.9365 130.5076 130.6791 130.8090 130.8000
127.7200 121.5116 121.5495 123.1011 113.7084 126.4174 123.8707 127.7364 127.7065 127.6937 127.7021 127.7190 127.7302 127.7552 127.7886 127.7991 127.8057 127.5299 132.0216 120.9323 119.3602 140.6806 113.9990 122.0877 127.1723 128.1591 127.6418 124.7767 128.5652 130.4607 118.9095 109.4047 111.3215 137.7841 128.1097 127.0689 128.4652 128.9378 128.7185 128.7402 128.8621 129.2895 128.0446 128.4892 129.2999 129.3931 129.4764 129.5872 129.6270 130.6220 130.2226 132.7873 117.0513 119.5803 129.0468 115.8498 121.0505 123.3542 126.0690 126.7798 130.8720 130.6409 130.6934 130.7700
127.5700 127.1542 129.4493 125.0469 117.4147 128.1580 126.6391 127.8114 127.5282 127.5170 127.5434 127.5594 127.5764 127.5803 127.5976 127.6338 127.6696 127.6171 128.6693 129.6811 126.9103 118.6129 117.7174 128.1368 128.1710 128.0393 128.1001 128.3026 127.9585 123.4492 114.4678 120.3883 118.9325 129.7765 129.0082 128.1996 128.6683 128.8474 128.9284 128.7955 129.0478 128.9558 129.1877 129.2924 129.2471 129.3233 129.3696 129.4269 129.5717 128.5304 113.0716 123.2982 130.6389 118.7874 130.6549 131.3299 121.2613 112.5387 131.7217 130.5357 126.3411 132.9258 130.4458 130.6700
123.9500 123.1394 121.2110 126.0993 126.3926 124.4217 124.4375 127.7078 127.3994 127.4109 127.4000 127.4073 127.4149 127.4820 127.5085 127.4954 127.5024 127.4964 127.6481 127.3810 128.5764 114.8597 129.1538 128.1022 127.0159 128.0371 128.5377 125.2350 127.4178 119.7682 116.3512 109.6859 120.3293 116.7363 123.3725 128.3598 128.5450 128.6161 123.8249 128.8863 128.8360 128.8902 128.9809 128.8655 129.2894 129.1262 129.2660 129.3010 129.5476 129.6164 121.2817 112.9631 122.0612 132.0058 115.9503 117.9551 112.1182 116.8538 125.3777 128.3148 130.3872 130.6019 130.3886 130.5700
132.1500 122.5187 119.7115 122.1671 124.4637 123.0368 123.2349 127.6407 127.1608 127.0655 127.1454 127.1747 127.3056 127.1526 127.1452 127.3306 127.3477 127.3863 127.4099 127.4676 128.4888 123.3279 138.2113 126.6172 125.6028 126.6409 128.0371 117.1732 113.9806 127.3081 128.5717 111.6675 120.4844 127.4180 126.8284 128.3568 128.5942 128.6338 128.7966 128.4866 128.6274 128.7924 128.8697 128.7974 129.1507 129.0099 129.1077 129.4580 125.7231 133.1883 138.9912 133.4254 129.5315 129.6298 129.2246 122.7256 124.6310 131.4397 130.4580 129.9715 130.4321 130.3882 129.9327 130.5400
120.6900 120.6494 118.2688 120.2199 123.7747 122.8312 122.1142 127.8631 127.2217 126.6382 127.6461 127.3135 125.7163 127.1918 127.3958 127.1760 127.1877 127.2220 127.2480 127.2883 127.7747 126.7503 134.7789 126.8278 127.6229 128.1953 127.6932 128.2564 128.5221 114.4727 128.7405 130.0459 127.1113 129.9045 127.9261 128.1498 128.1166 127.6364 129.1982 128.7329 128.8469 128.6272 128.7363 128.8203 128.9133 128.9884 129.1049 129.1577 130.2591 132.4789 125.0696 121.9846 129.6484 131.4409 118.9145 119.0204 127.2526 120.4201 129.3585 130.1514 130.2009 130.7131 124.8491 115.7300
118.4100 119.8671 116.7549 120.4070 122.1055 122.3312 122.9812 122.6282 126.6926 116.8772 120.7514 128.6263 113.6260 117.8728 127.6313 127.0179 127.0299 127.0530 127.0820 127.1328 127.4622 127.1424 128.6137 127.3309 128.9851 120.6852 127.9028 126.6060 126.2234 130.2758 130.7782 127.6694 127.8746 128.2316 128.0043 127.9790 128.2638 129.1739 115.3014 114.8995 129.1380 128.4877 128.6502 128.7034 128.7781 128.8641 128.9439 128.8810 129.8094 133.6985 129.2430 130.0079 129.8366 122.2698 115.8303 125.1398 123.3761 131.2360 129.6080 130.0441 130.1712 129.9066 129.3970 130.4100
129.0700 117.9569 115.2279 112.2330 113.7084 123.6175 125.1921 126.2738 126.4249 125.6291 114.8968 118.5653 128.6380 127.9137 126.7044 126.7209 126.8063 126.9283 126.9582 126.9738 126.4211 127.0446 127.0753 121.4691 123.9118 117.6330 126.6885 127.9746 125.9923 127.9314 127.3681 127.7644 127.7098 127.7984 127.8527 127.9811 127.7594 125.9366 124.1265 129.1958 128.2165 128.3204 128.5093 128.5927 128.6748 128.7645 128.8280 129.1019 128.5905 128.9716 128.9831 128.9302 130.2076 116.3129 121.3110 127.7444 128.7445 129.5299 129.9450 129.9928 130.0418 130.4566 126.7610 114.5100
126.5000 115.3469 125.5649 115.5280 110.2547 130.8810 132.7043 121.6643 126.6638 125.8604 115.5797 125.0871 129.0708 130.3756 126.2365 127.4089 126.9734 126.6249 126.6021 126.8130 126.7831 126.8729 126.0047 125.5306 122.8105 122.5839 128.1445 127.1046 127.5237 127.3771 127.4526 127.5328 127.5939 127.6647 127.7434 127.8262 127.7083 128.2341 128.3362 127.6903 128.2169 128.3229 128.3953 128.4763 128.5626 128.6456 128.7284 128.7876 128.9861 129.0362 129.1612 129.5928 132.5440 122.1998 115.7709 133.1298 131.0586 130.8820 129.6484 129.8904 129.8868 130.1388 130.4060 114.5100
111.8300 111.8129 116.3197 118.7549 121.7457 115.7432 121.1796 121.5861 126.5024 120.9444 114.2552 120.2792 129.8067 125.3086 127.5160 119.8506 126.7502 126.7733 127.5675 126.6322 126.7014 126.7138 125.3579 126.4691 127.0607 127.4003 126.9580 127.0858 127.1010 127.2576 127.2985 127.4196 127.4198 127.5370 127.6013 127.6928 127.6842 127.8986 127.9686 128.1073 128.1594 128.1883 128.2702 128.3619 128.4504 128.5346 128.6886 128.7660 128.8065 128.9067 128.9696 129.1208 125.2021 123.3707 120.7172 121.1837 117.9789 129.6498 129.6368 129.7862 129.9754 130.7459 133.6808 123.6000
117.4200 109.9526 124.0996 127.7226 121.5117 125.4349 120.4857 123.3290 127.1562 119.1338 115.0588 131.0759 124.0125 126.1666 126.6521 125.9235 126.8534 111.8373 127.5980 126.4493 126.2738 126.4745 126.6913 127.0401 128.0345 127.8346 126.7757 126.9810 127.0768 126.5252 127.1553 127.2237 127.4293 127.2647 127.4851 127.5438 127.7110 127.6406 129.0702 127.9256 127.9395 128.0707 128.1537 128.2446 128.3426 128.4045 128.5187 128.0704 128.3854 128.6733 128.9683 128.7852 129.8138 127.8952 132.3388 135.1641 124.3666 128.9121 129.5949 129.7775 129.5544 129.6083 117.1131 117.4100
112.8400 111.5827 129.9828 127.3982 125.6533 122.0328 121.7968 124.6393 125.2341 127.7227 127.8835 110.5747 124.6843 125.7453 126.0605 126.1554 127.2984 126.8224 125.7040 126.6626 124.5386 126.0437 127.3389 115.2716 119.9676 121.9268 126.5729 126.8175 126.8225 127.9446 127.3191 126.1676 126.4251 127.5425 127.2848 127.4059 127.4497 127.9515 129.6693 127.9626 127.8460 127.9584 128.0307 128.1257 128.2251 128.3174 128.4283 129.1552 129.2156 129.5669 128.6396 128.9314 129.0317 128.9481 128.8851 112.1210 131.0567 129.8282 129.5006 129.6536 129.7043 130.1318 126.3120 129.9300
133.0400 126.5457 126.6334 126.4566 126.4191 122.9512 124.7347 118.0671 127.1021 125.0291 126.1559 125.9412 125.8350 125.8285 125.9319 125.9058 125.6739 130.3367 129.5340 123.6719 126.8412 121.2035 128.3157 120.6587 112.4434 122.0764 126.1981 126.6311 126.6609 126.5776 127.1241 127.3796 124.8878 126.9658 127.1879 127.2747 127.4003 127.4268 127.1582 126.1138 127.9014 127.7860 127.9271 128.0076 128.1055 128.2335 128.0873 129.5569 123.7421 128.7187 128.6324 128.5622 128.5885 128.7910 130.4770 126.0061 129.3530 129.3973 129.4333 129.5608 129.6518 129.7871 129.9008 129.9100
125.6400 125.3493 125.8934 118.2974 126.8633 117.2566 119.1205 122.9340 125.5246 125.3553 125.3857 125.4834 125.6445 125.6793 125.7083 125.7619 125.5527 125.4927 125.2003 112.9660 122.7507 112.3217 125.3370 124.1225 110.7799 123.0973 127.0295 126.0155 126.5968 126.7701 122.2269 113.7919 126.5230 127.0581 127.0205 127.1362 127.2360 127.6068 127.6751 127.1927 127.6305 127.6954 127.7642 127.9049 127.9963 128.0805 128.1992 128.3399 128.4453 128.4732 128.8194 128.7385 126.8991 131.1148 109.7663 111.0555 131.8700 128.7748 129.4604 129.4730 129.5800 129.6569 129.7832 129.8000
125.4500 125.6136 125.5565 121.2419 126.1611 122.8664 122.2758 115.3282 125.3700 125.2077 125.4876 125.4757 125.4542 125.4792 125.5155 125.5733 125.6757 125.6962 127.1330 146.4155 121.3302 127.9126 120.8795 111.8015 115.5317 111.9993 111.4718 116.6484 126.8492 124.8572 127.1408 127.1744 125.9562 126.8310 126.9235 126.9841 127.1889 124.9221 125.5995 127.9387 124.7829 127.1320 127.7574 127.7688 127.8766 127.9737 128.0670 128.1729 128.3019 128.3241 129.1908 120.0340 107.1654 130.7596 130.1630 115.8948 123.0786 129.2167 129.3324 129.3803 129.4998 129.5904 129.6966 129.7600
125.2700 124.9373 124.9144 126.6386 118.6758 119.2431 123.1691 126.2499 125.5342 125.2384 125.1752 125.2238 125.2468 125.2745 125.5642 124.9652 125.6168 126.0023 117.9504 124.8628 124.5105 112.5495 112.4913 122.1239 130.8644 119.0112 124.2228 111.8240 122.5083 114.1615 116.1191 127.2860 125.7783 126.7231 126.7952 127.2893 125.8376 122.7341 121.2145 127.4096 123.5411 125.8833 127.4967 127.6456 127.7203 127.8605 127.8310 128.6785 128.0456 128.2391 128.9319 126.1308 127.6556 111.7968 121.8314 129.3320 130.1174 128.8968 129.2397 129.3083 129.4144 129.5357 129.6042 129.6600
125.0800 126.4484 124.9773 125.5655 111.1193 118.7068 118.5859 126.3394 124.9221 124.9595 125.0138 125.0127 125.0859 124.9629 125.6558 119.9636 125.9013 125.2297 115.9207 131.6230 123.8026 125.8255 128.2114 128.5112 124.8941 123.1701 116.6496 106.1448 121.3154 109.2657 110.9901 125.6320 126.1382 127.3785 128.4336 127.1026 120.6038 115.3396 121.4251 122.5117 123.5481 125.9839 127.2679 127.5098 127.6183 127.5369 127.3480 125.1005 129.1296 129.1707 130.4046 106.9780 104.3909 108.6863 122.9018 127.7948 128.6870 128.8692 129.1240 129.2286 129.3610 129.4135 129.4382 129.6300
124.8800 117.1591 121.9573 124.7350 124.4944 118.0994 113.4068 125.8317 124.7726 124.7571 124.7378 124.7148 124.5550 123.4440 120.8184 126.2317 119.7944 122.7928 125.3358 135.2092 122.7076 125.6592 124.4205 124.5943 125.0813 127.6615 123.9916 119.3959 108.1849 104.1113 110.3664 122.8111 123.3008 112.9544 116.9735 107.6224 112.1948 118.0934 116.6754 131.4810 103.1980 123.5533 127.2260 127.7540 127.0105 125.5184 124.3490 116.3656 119.5438 117.8809 120.4764 105.8511 108.8069 110.3605 130.5905 130.6478 130.0109 128.7922 129.1192 129.1647 129.1313 129.2360 131.4173 130.8400
124.6800 119.2681 122.1394 128.3472 124.6991 116.5232 114.2335 125.2133 124.5594 124.5402 124.5912 123.2485 124.5152 112.0815 111.8481 118.3374 116.2451 117.9997 116.2548 129.1125 109.3524 125.4044 124.8829 125.3936 112.1450 114.9223 116.0511 101.7605 108.5313 114.6993 121.0401 119.4098 122.2332 117.2226 104.6126 107.0957 121.4776 108.9094 108.2734 125.4373 110.2865 130.3713 127.0529 124.8529 117.9565 125.1607 125.5833 126.2137 103.4592 106.6493 104.2612 113.4958 118.1816 107.3261 117.8622 129.0922 116.2591 130.3081 128.7418 129.1489 130.6463 130.0321 131.0809 130.8400
124.4800 127.5015 118.1729 121.3812 123.8906 124.2148 127.9663 124.1352 124.2956 124.3176 124.3125 124.4414 125.8129 124.1482 121.7588 127.7674 123.3481 120.1766 103.1509 136.1968 117.3050 124.5192 125.5753 126.6877 122.4214 107.1860 107.6800 110.9544 103.8837 113.3753 125.1982 121.4853 106.2521 107.8408 102.5892 110.3644 116.0434 114.8652 115.3547 120.5152 115.5995 126.7585 126.8965 127.2160 102.0833 115.6793 119.7837 114.3566 105.6069 106.1480 117.6225 113.2651 104.7618 123.0459 131.8346 130.6378 117.1433 129.4454 132.2755 130.4872 119.0448 129.9158 129.8049 129.3600
111.4200 116.5564 110.3185 122.1436 123.8177 122.7408 121.3555 124.1252 124.0630 124.0518 124.2691 126.6628 119.2386 108.2750 116.8859 116.1872 121.7405 109.1715 110.7098 135.8236 118.2137 129.6818 114.0798 133.3172 129.3715 118.3504 110.5662 110.4871 105.1985 121.3247 125.8483 109.0069 126.6037 102.2217 110.2819 104.2603 113.6373 120.3900 124.9156 125.8590 126.0617 127.1783 120.3507 114.7842 117.7092 108.6153 107.1760 113.1525 105.1471 107.4061 107.1042 119.9347 132.2971 125.7498 107.7313 127.4082 129.7351 126.9638 112.4259 129.2968 125.5773 123.0452 127.5169 129.7600
127.2800 113.5584 108.9118 122.2563 123.4731 124.0472 124.3353 123.8257 123.9787 123.3886 124.5652 116.8141 126.5707 120.2199 111.0985 112.0519 116.4940 111.1966 113.5476 121.9160 124.4101 125.9707 131.2297 121.5676 118.4061 112.5140 131.8198 107.4717 106.9245 126.6728 125.4291 125.1946 125.6341 117.9142 119.6063 103.3078 110.2014 126.0732 126.3720 126.6951 127.7251 119.5567 106.8758 118.3416 122.9717 103.8072 108.3758 113.2380 116.9454 104.3445 106.6645 124.8197 117.1417 106.9032 103.1608 131.2746 131.9312 105.8815 122.7072 127.8521 128.7142 126.5584 128.7748 129.4700
123.6200 113.4307 113.4900 121.7812 123.4199 123.6234 123.4887 123.5855 123.0956 136.6110 118.8062 119.0890 122.3296 113.8701 132.7161 136.4492 123.3694 120.8872 100.6031 125.3959 123.4687 124.7413 122.4886 125.3728 125.0320 124.5725 106.9473 110.8675 126.8748 123.8716 127.9586 124.8514 121.4475 107.7134 109.4537 113.5336 104.9787 122.4189 118.4621 125.7865 123.4771 106.5880 105.4306 119.5484 105.3537 118.1344 114.0330 129.3709 127.5620 115.3645 117.6586 107.8732 101.9265 126.0723 129.1108 112.9764 111.7444 125.1411 130.7643 129.0056 128.6981 129.2699 129.7760 129.4000
123.3900 123.2651 124.2963 123.7330 123.2337 123.3560 123.3279 123.3561 124.1286 131.1449 129.9187 125.5836 124.3665 128.5815 128.8576 128.1818 108.0355 114.9805 113.2406 123.0693 124.0842 123.9335 123.0136 121.5863 122.5596 107.3167 107.1512 106.0245 133.0929 114.0219 112.7637 120.1210 127.1638 120.1432 109.7482 116.1497 124.6088 126.4823 119.9438 131.7920 111.8702 113.8448 110.9024 110.8299 121.7815 126.0687 114.4946 107.3814 121.6493 125.3516 104.7908 116.5833 130.5594 132.3854 107.4841 104.0756 122.5327 128.8828 128.6934 128.3427 128.4406 128.7362 128.9895 129.1400
123.1500 123.0921 123.3361 122.9418 123.0161 123.0783 123.0572 123.1144 122.7024 122.0680 122.3178 123.1397 122.7446 122.8494 122.7801 120.9466 116.7578 114.7916 110.1027 124.0286 123.4214 124.1964 120.7207 115.1447 115.2387 106.2962 108.0899 121.9730 124.7392 124.7186 135.3065 120.3102 125.1960 115.3200 117.9574 105.0618 114.5106 127.2184 126.3926 129.3907 126.6601 127.6474 126.3552 126.3995 127.3231 124.6561 129.3224 107.7226 123.3042 107.7857 102.6889 125.9585 125.6212 104.3114 107.9771 128.4266 128.6406 125.4017 127.0156 127.8512 128.2970 128.6227 128.9659 129.0400
122.9100 122.3351 128.1346 122.5683 122.8244 122.8108 122.7991 122.8338 122.9445 123.0963 123.0785 122.9083 122.7270 122.3309 123.0290 120.2839 112.7466 112.5696 120.7022 123.6243 128.2372 115.3573 120.6163 119.7753 111.4370 115.9633 111.2046 122.3333 124.4819 124.1974 123.9120 122.9262 120.2354 125.9312 129.9879 120.1429 114.5198 122.7579 119.1743 117.4960 125.0192 104.7405 128.0400 125.9834 127.2750 104.5275 125.9320 122.2114 108.8897 127.7382 127.4515 115.6754 104.8282 106.4854 131.5455 128.0766 126.8330 128.1346 128.3405 128.2711 128.9429 128.8012 129.0908 128.9200
122.6600 122.6891 121.9841 122.3700 122.5233 122.5264 122.5191 122.5201 122.5079 122.5188 122.3978 122.4414 125.5745 125.5390 122.0895 123.6181 116.4352 114.5410 127.5656 122.8072 124.8131 121.8938 107.1580 112.7416 114.0983 115.4251 110.8986 112.3245 127.3662 123.4429 124.3823 125.7863 125.0416 119.4413 127.1595 107.8801 118.3729 115.8754 118.7061 122.1026 112.3829 121.3117 126.1662 124.8673 101.7661 112.3852 124.7838 108.8076 106.8202 126.0727 110.5761 106.0264 103.5924 119.2831 122.2630 127.6982 127.8775 128.0272 128.1100 128.8656 128.5214 128.8004 124.6791 128.8900
122.4000 122.3423 122.4080 122.3257 122.2567 122.2422 122.2349 122.2354 122.2881 122.4636 122.6706 117.3309 120.0072 126.3787 119.9773 121.3906 109.3261 123.7335 122.8558 123.3792 122.4758 124.6963 114.0893 104.6224 104.0176 108.8894 127.1505 109.6392 106.9984 126.3732 127.6128 116.4511 125.3858 122.6867 113.6503 120.1265 120.2747 114.9042 117.5295 124.3919 131.4853 126.8931 125.5526 113.6262 108.4750 106.8813 108.4987 127.0431 108.2197 102.0338 102.2980 114.9524 132.6000 120.2217 114.0566 128.9083 128.4240 128.1317 128.4944 128.3773 128.4631 129.5938 117.7517 128.8700
122.1300 122.0701 122.0068 121.9779 121.9619 121.9448 121.9450 122.0267 121.9608 118.6148 121.3718 122.1833 121.5333 122.0022 122.2892 115.9440 119.4439 124.5836 118.4973 122.2789 119.8120 110.0235 109.7029 101.7619 115.5185 104.8046 121.7643 126.0353 111.1536 120.2048 127.9158 118.5126 120.8967 106.4275 113.4019 117.3964 117.1030 121.0606 118.2687 125.1582 120.7887 125.3948 117.2800 109.4743 98.7109 115.0411 125.5236 112.6940 102.6530 105.4042 107.0925 107.5564 113.8611 103.5259 130.6463 127.4700 128.6897 128.0905 128.1357 128.2932 128.4059 130.0114 129.0163 128.7200
121.8600 121.7569 121.7265 121.6849 121.6553 121.6473 121.6520 121.4534 121.3666 111.9295 120.3093 120.6215 121.7849 114.7235 125.7949 109.1049 106.5683 115.0276 114.5567 122.6438 126.3262 106.8371 100.6103 112.9603 114.6840 122.9293 123.4678 123.8176 123.9113 122.1452 113.9201 105.8864 119.0161 109.3397 108.9548 118.0538 116.1498 126.7026 121.6404 121.6824 122.8003 127.0704 104.5255 121.3453 114.1445 119.3946 111.7551 102.7631 104.9192 105.1221 106.7774 106.5123 106.6903 119.2010 127.8783 127.2676 127.7268 127.9260 128.1141 128.2317 128.1480 130.1552 128.3588 128.7000
121.5800 121.5093 121.4113 121.3711 121.3494 121.3315 121.3254 121.2544 121.5576 121.3079 122.1792 119.7164 121.7387 121.7528 109.8771 114.0295 119.7681 105.2293 114.6577 122.2678 115.1789 112.6823 99.3272 122.6148 119.7378 119.3841 109.9223 122.9301 123.3541 120.9549 115.3790 119.4856 114.8486 120.3594 116.1210 112.9876 114.8670 117.6122 117.4407 112.1248 128.1140 112.7654 104.7394 122.7650 114.9114 108.0591 103.6779 104.5632 105.0660 104.0193 106.1770 114.2297 121.5742 127.2525 126.7255 126.8284 127.8888 127.9084 128.0322 128.1532 128.3066 128.7337 128.6792 128.7000
121.2800 120.8500 121.1324 121.0504 121.0201 121.0033 120.9998 120.9517 120.9035 121.0848 120.7859 121.2106 121.0462 124.0645 110.2188 115.6119 123.9303 124.4587 110.3602 122.0668 113.2354 103.0918 111.4102 124.3711 124.7654 127.0194 126.2932 125.2797 124.9566 132.6200 112.2095 126.3330 107.9334 121.2984 113.9898 118.3360 117.8475 128.7960 128.6042 123.2460 120.4904 106.1264 101.3757 127.7791 102.8385 104.2069 104.6892 104.5118 102.5414 113.9042 122.0966 127.2347 126.3963 127.5177 126.9002 126.1889 127.6851 127.8148 127.9587 128.0867 128.2402 128.3210 128.4722 128.5500
120.9800 123.2844 120.4359 120.7509 120.6816 120.6673 120.6566 120.6919 120.7229 120.7349 120.7977 120.5467 126.0982 115.9762 117.0181 122.0452 121.9314 121.7038 115.1791 121.8373 118.1031 102.9784 121.6553 112.3730 114.6762 103.0476 114.3489 104.9529 114.2720 118.6076 112.2521 126.0736 113.8621 108.1797 108.3140 124.1841 128.9807 101.9076 119.3558 112.7309 119.9235 118.1519 107.6470 108.0849 103.0450 103.9650 103.9582 102.7028 124.8776 108.0810 112.7845 123.9047 124.7399 125.0158 127.2737 124.7930 127.7917 127.7571 127.8824 128.0492 128.1810 128.2944 128.4420 128.5300
120.6600 121.4039 120.3392 120.3808 120.3371 120.3144 120.3046 120.3055 120.3314 120.3760 120.4173 120.1876 120.2383 120.3917 116.5428 121.4569 121.1567 120.9719 121.8008 119.1133 105.1090 105.0617 119.1961 123.5899 115.2245 124.0295 110.6169 111.2274 111.8519 122.1533 122.6715 118.6605 107.4315 106.4462 115.5092 129.1918 108.0209 116.9342 111.5130 124.8474 124.9676 125.6500 113.4970 102.1805 108.0820 103.8210 102.2510 118.1564 102.6519 119.3380 121.3371 123.3784 123.7752 125.1437 127.5676 127.0518 127.5301 127.6915 127.8704 127.9471 128.0763 128.3579 128.4965 128.4100
120.3400 120.0243 120.0764 120.0126 119.9682 119.9392 119.9394 119.9506 119.9708 120.0155 120.0661 120.2029 120.2657 120.5434 120.5301 121.0104 113.7954 121.0285 120.7875 121.1861 122.4571 121.0433 121.7932 123.8405 105.5457 122.4873 121.3433 122.3354 121.7347 121.4519 123.8213 116.8314 112.1319 115.8422 115.4179 101.8409 100.6899 115.3216 125.5620 117.9871 115.1869 125.4323 118.4672 103.3716 104.7758 106.2710 124.5353 105.8684 123.9011 122.0086 122.5907 126.9231 126.6998 126.9680 127.1752 127.3621 127.4823 127.5914 127.7016 127.9950 128.3961 124.8694 128.7613 128.3900
119.6400 119.7638 119.6737 119.6211 119.5825 119.5591 119.5497 119.5615 119.5893 119.6361 119.6941 119.7647 119.8761 119.9382 120.0946 120.3766 120.5340 120.0286 121.5552 112.7999 121.8181 121.4050 120.9056 122.0468 122.6450 117.3376 117.2497 122.4434 122.7691 123.0270 119.1497 127.4307 109.7014 108.7828 101.3351 101.6270 124.1530 120.4247 132.3182 103.0772 140.6867 121.9419 106.0254 104.1369 101.6282 118.2722 122.9173 121.4562 122.3791 122.7422 126.7807 126.7208 126.7440 126.7246 127.1912 127.2822 127.4788 127.4306 128.0289 121.3727 121.1925 123.6282 123.7852 128.3700
119.2700 119.3728 119.2974 119.2317 119.1841 119.1576 119.1460 119.1611 119.1883 119.2372 119.3052 119.3912 119.4869 119.6125 119.7569 119.8689 119.9024 120.2250 121.8865 110.2790 119.8564 121.2307 121.1361 120.8720 122.8707 111.2481 119.8807 122.1127 119.9387 122.6840 121.2005 120.1731 107.4745 112.1906 102.3504 109.7785 116.2983 105.4059 102.0515 114.4771 119.8585 118.0564 120.4314 108.5649 118.0336 124.9736 123.4872 121.8353 122.1038 125.8328 127.0367 123.6481 127.8385 122.2414 126.4055 126.9049 127.8027 123.2004 122.3031 121.0587 121.9875 130.1099 125.9594 121.8600
118.8900 118.9778 118.8856 118.8129 118.7600 118.7328 118.7305 118.7338 118.7718 118.8209 118.8956 118.9941 119.0966 119.2274 119.3640 119.5257 119.7025 119.8519 119.9328 121.0704 120.3965 120.6495 120.8794 121.1550 121.2007 122.2414 123.1035 118.1438 115.5454 122.8861 132.0825 124.0436 120.3755 111.4157 103.5694 112.5361 117.0588 121.1393 115.3244 121.9696 121.8008 109.2821 128.6463 122.7688 120.3685 124.7445 126.5651 124.2505 127.0737 117.1212 121.9316 101.7006 121.5099 105.5659 129.9354 126.0656 123.6007 130.8135 128.0906 128.5084 128.2961 128.0627 112.3926 117.9900
118.4800 118.5617 118.4587 118.3810 118.3284 118.2968 118.2824 118.2993 118.3424 118.3944 118.4723 118.5761 118.6892 118.8321 118.9844 119.1505 119.3263 119.5283 119.7222 119.8111 120.0540 120.1306 120.1902 120.7696 120.9680 121.0924 121.8529 115.8246 120.5398 121.6512 118.3060 122.7792 118.0335 111.6296 117.0602 105.2824 112.2841 115.6408 115.4089 123.2773 120.7613 117.6048 122.7539 133.7462 126.4544 127.3224 125.4123 122.7812 125.9033 105.9340 109.0453 107.1785 108.1604 114.9204 118.3745 123.1897 124.8814 126.6185 127.6716 127.0301 126.2452 129.0351 110.7590 125.7800
118.0600 118.1149 118.0064 117.9253 117.8655 117.8140 117.8196 117.8826 117.8630 117.9434 118.0302 118.1405 118.2697 118.4190 118.5890 118.7728 118.9696 119.1646 119.4001 119.6121 119.9352 120.1202 123.8953 122.2126 120.3900 121.1636 121.9685 126.1233 122.7491 126.1563 124.3206 119.6671 122.7517 121.3087 113.2717 108.7237 116.0717 116.6891 118.2823 121.0246 111.9753 111.2550 116.2640 139.2844 122.8641 124.5785 126.0333 121.2688 124.2689 130.7354 129.5613 123.0624 116.2840 121.3992 130.2088 128.0087 126.2992 127.9256 126.0246 123.7875 123.7770 126.7179 128.8943 128.1800
117.6100 117.6583 117.5442 117.4458 117.3768 117.3457 117.2701 116.7013 117.3796 117.4639 117.5568 117.6786 117.8282 117.9989 118.1788 118.3826 118.5897 118.8148 119.0439 119.2720 119.5229 119.6193 115.9623 110.9193 120.9002 120.7385 114.3262 103.6925 110.9516 108.5501 113.8682 108.4754 114.3203 119.1889 113.7773 114.4248 109.7794 115.3385 116.3713 118.4070 120.4484 132.5607 119.3439 134.3144 127.0453 123.6852 125.8732 126.1586 126.4260 133.7326 117.4003 108.8266 125.4841 126.3188 125.7985 125.1607 125.2566 125.4025 124.3906 125.1331 126.2669 113.1740 114.5238 114.3600
117.1200 117.1722 117.0445 116.9369 116.8674 116.7323 116.3149 116.0054 116.8166 116.9864 117.0670 117.2064 117.3686 117.5484 117.7567 117.9782 118.2038 118.4475 118.7045 118.9568 119.2771 119.4954 119.2324 118.7025 120.7987 120.8885 115.4461 119.0643 110.1607 115.6040 112.7744 108.8992 109.5617 112.8199 107.4973 105.5321 113.3886 115.0668 114.5537 123.3119 121.1955 127.2404 121.0216 116.0925 120.9544 122.4677 125.1375 125.6610 123.9248 113.8456 113.7501 104.7297 128.3788 141.2537 121.7144 121.9959 126.7096 126.1554 121.3283 123.8662 128.9874 116.1931 120.3490 108.4500
116.6300 116.6701 116.5204 116.3941 116.3088 116.2793 116.3876 116.2942 116.4934 116.3625 116.5408 116.6951 116.8753 117.0859 117.3118 117.5516 117.8056 118.0700 118.3421 118.6241 118.8988 119.2033 119.5492 119.8233 120.0005 120.2044 120.6168 119.2756 119.2323 131.6772 112.3139 113.1791 109.5769 121.6487 110.5069 112.3071 117.2720 115.2016 115.2948 123.3898 118.0447 120.7858 107.8384 105.4861 118.3179 116.6939 119.6476 127.0436 120.9040 115.9614 120.9084 116.7884 133.1130 119.5136 123.6585 115.7690 126.3352 127.6834 122.1870 112.4827 127.7452 130.0507 130.1018 117.4100
116.0900 116.1298 115.9639 115.8291 115.7241 115.6123 115.6633 114.9034 115.2834 115.7881 115.9918 116.1658 116.3695 116.6043 116.8516 117.1152 117.3990 117.6875 117.9848 118.2890 118.5863 118.8965 119.1596 119.4626 119.8301 120.0775 120.4383 120.6117 121.7487 122.1527 130.1181 123.6399 113.1607 113.4331 116.0562 115.1082 118.1036 117.3008 117.4761 116.6615 129.3730 112.7219 108.8866 124.2501 120.3282 113.8917 117.2651 123.9080 124.7292 124.8888 116.5001 122.8837 124.8398 122.7796 103.0406 117.9039 126.7564 127.0643 127.4420 120.2558 117.4907 114.4181 115.3170 127.9900
115.5200 115.5645 115.3737 115.2146 115.1397 114.9621 115.0201 108.6159 115.8144 115.1233 115.3999 115.5966 115.8306 116.0931 116.3763 116.6649 116.9741 117.2954 117.6193 117.9452 118.2693 118.5927 118.9258 119.2386 119.5539 119.8668 120.1693 120.4607 120.6962 120.3904 126.8868 126.8044 110.8901 121.3129 122.1967 122.0329 114.2229 123.8691 122.6795 122.4452 124.1508 124.6475 111.2058 122.6626 103.1885 116.3708 131.4983 116.7093 121.1439 103.7373 105.2708 104.7358 110.5296 117.8803 125.1295 126.5603 126.9049 127.2122 126.3947 126.9018 113.7612 111.6726 115.6605 119.4300
114.9000 114.9668 114.7378 114.5645 114.3614 113.9865 113.3803 108.1452 114.1024 114.5697 114.7555 115.0098 115.2702 115.5648 115.8759 116.2111 116.5504 116.9013 117.2463 117.5951 117.9559 118.3025 118.6503 118.9853 119.3138 119.6449 119.9682 120.2698 120.6022 121.2685 114.5711 112.1848 119.6923 118.0113 111.6272 114.6505 111.7804 123.3794 125.8593 128.1467 118.4383 115.0139 124.5774 121.4091 109.6868 114.4326 122.7628 124.6496 121.6225 119.2526 102.6647 104.2734 111.9338 127.8174 126.4836 126.5918 126.8647 126.8880 132.7777 138.1165 118.8882 118.7403 114.0994 118.0100
114.2300 114.3230 114.0607 113.8668 114.0677 113.5596 111.3239 102.5045 114.2377 113.6356 114.2398 114.3429 114.6861 115.0007 115.3639 115.7364 116.1104 116.4992 116.8792 117.2857 117.6176 118.0230 118.3477 118.7318 119.0947 119.4454 119.7788 120.0637 120.2161 120.0054 118.6687 110.1600 128.4842 112.9574 124.0863 110.3905 116.8072 123.1806 122.8255 128.7447 108.7154 123.8247 120.2610 122.7517 99.6998 111.4300 126.1366 125.3940 125.2732 130.6931 126.6250 127.0035 126.5452 126.3108 126.7311 126.7560 126.3356 123.5153 112.4289 126.6356 117.3846 131.8008 117.1630 121.0500
113.5100 113.6454 113.3410 113.0747 113.4848 103.3815 100.8487 100.3857 112.4997 113.2000 112.5067 113.9013 114.0309 114.4381 114.8333 115.2420 115.6665 116.0690 116.5892 116.0352 117.5859 117.6955 118.8111 118.6826 118.7962 119.1316 119.4467 120.0606 122.6925 118.2239 106.1772 114.4168 113.3157 122.0909 121.2627 112.7307 119.5279 123.6638 123.7120 127.1859 123.3951 120.5784 107.5381 116.1368 105.2797 124.0614 124.2981 125.0932 125.2322 125.1275 125.1465 125.6135 126.4322 123.0683 126.6855 126.3421 131.4288 116.3563 130.2433 128.0601 128.2754 130.0396 138.6823 126.9200
113.4400 112.9161 112.5405 112.3518 112.1124 111.5680 110.9215 104.4767 112.1306 112.1524 113.3688 111.7867 113.3172 113.8314 114.2875 114.7527 115.2272 115.6219 116.3651 113.0823 117.1640 117.3119 117.1955 117.9432 118.2537 119.3963 119.9547 120.7725 128.4711 123.4754 111.2018 122.8870 119.9658 116.5199 109.5201 117.9238 121.1502 118.4685 119.8835 123.1741 117.0732 123.1808 115.7071 106.1704 128.6935 125.5287 124.9346 125.0831 125.3208 125.5694 125.7943 125.6000 130.0620 114.6730 127.1422 127.2734 122.7123 127.7114 122.6962 127.3248 127.1419 126.6919 106.4683 107.6400
112.7000 112.1773 111.6568 111.2215 110.2370 110.8487 110.5963 116.9871 111.3282 111.5727 111.3023 112.1867 112.9111 113.2070 113.7327 114.2491 114.7639 115.2896 115.8621 116.3717 116.8263 117.2636 114.1555 117.5497 120.0186 114.1945 116.6841 120.7467 107.6676 102.6250 102.5505 112.3151 122.1789 117.1769 115.4236 124.8434 108.1626 107.4540 106.9326 120.3237 118.6262 107.3924 121.0577 106.4160 118.6998 121.8586 124.9486 124.9988 125.1621 125.3687 125.5452 125.7994 126.5478 127.6755 125.8119 125.2723 117.1382 122.3835 120.8368 127.4594 127.4387 129.6134 122.5452 139.5600
111.8000 111.0449 111.1520 111.1227 109.2284 109.8675 109.5920 109.7674 109.8781 110.3661 110.9310 111.4072 111.9583 112.5613 113.1612 113.7513 114.3157 114.8944 115.2548 115.5287 115.8685 116.6650 119.6954 110.5278 110.9489 105.4187 116.8673 119.8967 109.3580 104.5292 110.8543 113.2592 120.8484 121.5039 125.3708 125.0460 117.8420 109.3449 105.9155 115.7682 114.7163 114.4633 116.3079 104.9952 110.8417 118.4731 126.1162 125.0868 125.1744 125.3984 125.5617 125.7976 125.8755 125.8209 125.0097 127.2092 128.0793 127.9182 127.8498 127.1340 127.2786 127.3697 130.9263 122.1700
110.7800 110.5240 104.5723 103.8770 111.6066 108.1090 108.4411 108.5619 108.8564 109.3071 109.9013 110.5410 111.2357 111.9261 112.5950 113.2593 113.9031 114.4254 114.3829 118.4002 117.4074 116.5479 111.4408 112.5571 111.9588 115.3861 120.3001 117.6364 114.7610 114.5677 121.3369 121.7542 121.1364 121.2946 120.9025 123.0807 127.8948 114.2386 111.0749 124.3819 123.6200 121.0915 104.5937 114.3969 123.6708 109.7360 124.5390 124.8821 125.1258 125.2698 125.5347 125.7268 125.9439 126.0931 126.4856 126.2435 126.3424 126.6340 126.8485 127.2179 127.5874 127.3088 130.5883 111.7800
110.6800 109.5156 108.6674 99.8944 108.8198 106.6810 106.7968 106.9959 107.4507 108.0960 108.8444 109.6532 110.4700 111.2695 112.0413 112.7818 113.4571 113.9741 117.1669 101.6178 102.8974 118.0998 105.0693 119.0429 120.2492 119.2911 117.9141 125.6612 117.5582 120.0929 119.4833 120.4419 120.9735 121.2699 121.7767 123.9467 116.9491 116.6351 112.9759 125.4282 123.5534 124.2871 118.0894 110.5536 117.5952 122.8293 131.0815 123.6800 126.3243 125.4003 125.5217 125.6960 125.8880 126.0448 126.2170 126.4852 126.7444 126.6650 126.9345 126.8547 127.0258 128.8682 112.9062 111.7800
108.8800 108.7963 108.9080 105.8583 106.4579 104.9243 104.9381 105.2109 105.8539 106.7293 107.7188 108.7236 109.7075 110.6396 111.5208 112.3563 112.9238 116.1584 97.5472 97.0965 112.6739 116.6535 115.5426 116.8547 105.8905 120.1092 120.1217 111.0181 111.0305 119.9178 120.2605 120.5990 120.9148 121.4560 120.7044 129.6026 120.4654 109.0030 108.5917 112.2529 122.3480 106.3438 113.1781 114.0050 119.0487 115.3733 133.2317 118.9480 118.5850 125.8673 125.4859 125.6692 125.8711 126.0648 126.2579 126.4192 126.3144 127.3929 127.2390 128.3588 127.3934 126.5064 123.6471 111.6900
104.9100 101.9295 106.1775 104.9535 103.6808 102.8667 102.5066 102.9546 103.9792 105.2324 106.5458 107.8049 108.9673 110.0450 111.0532 111.8434 112.2521 111.9388 111.8463 113.1730 115.6902 114.2516 110.2355 101.1302 114.4407 104.5017 118.1985 120.2337 119.6509 120.0826 120.1848 120.5086 120.8433 120.8814 125.5961 121.0709 119.3987 102.2994 109.1088 115.4237 114.7012 100.7134 104.8710 105.1612 123.9503 123.1253 124.4032 124.2529 124.7100 125.2531 125.4676 125.6561 125.8502 126.0423 126.1923 126.1806 130.2483 112.8954 130.2438 110.5655 128.9881 128.0946 110.4366 109.0500
111.3200 106.3475 105.3197 103.3763 101.4623 99.8725 99.1897 100.0867 101.7022 103.6296 105.3656 106.9254 108.3066 109.5276 110.6187 111.5660 112.4817 113.3748 114.4049 112.7628 116.9149 102.2094 111.9512 113.7291 117.1949 117.4801 118.1773 117.6386 109.5171 120.6553 120.1218 120.4098 120.8982 123.5580 106.7945 122.7676 122.5111 122.6298 116.6734 119.0284 104.8411 112.9082 99.5430 113.0767 115.9285 122.1351 124.7363 124.6817 125.0022 125.2438 125.4457 125.6455 125.8323 126.0233 126.1975 126.3368 126.7453 126.8725 127.2221 126.8862 127.0907 127.4872 128.4437 133.2600
106.6000 105.7528 103.9984 101.6390 98.7388 95.0869 93.3624 95.6349 99.2116 102.0219 104.3091 106.1924 107.7628 109.1213 110.2915 111.3275 112.2626 113.1070 114.0036 114.7229 115.4438 116.1243 112.4972 121.2770 116.7370 116.7184 117.4571 118.5831 118.7745 119.7542 120.0593 120.4205 120.7797 120.5075 124.7242 105.3173 123.5326 117.3676 112.4533 112.1661 110.5615 112.2530 113.1296 115.1428 118.2003 117.0251 122.9665 122.2470 124.8988 125.2074 125.4341 125.6304 125.8265 126.0185 126.2001 126.4259 126.4907 126.6195 126.8922 127.0267 127.6959 126.7776 130.9451 117.8200
106.4200 105.3767 103.1590 100.1975 95.8902 89.2253 87.1122 89.9672 96.7262 100.7106 103.5401 105.6766 107.4025 108.8487 110.0931 111.1841 112.1527 113.0096 113.7637 114.4946 115.9204 110.4470 121.7586 108.8342 104.1932 102.7331 102.8124 105.7531 108.3285 120.5014 120.0299 120.4156 120.6894 120.1927 128.7234 108.5247 122.8488 121.9220 109.5470 117.6003 99.6915 101.9363 107.1868 105.0684 108.6548 132.1441 121.2049 119.8580 125.1751 125.0309 125.4295 125.6300 125.8150 126.0115 126.1921 126.3783 126.5687 126.7774 126.8772 126.2789 126.5320 126.5915 141.4383 141.1500
84.3300 102.5568 102.5210 99.6702 94.3537 86.5717 84.0269 87.2671 95.4996 100.2048 103.2421 105.4898 107.2745 108.7551 110.0147 111.1197 112.0994 112.9892 113.7790 114.5469 115.6972 117.2043 100.6478 99.1812 101.3756 107.2166 120.4837 110.0303 118.3811 119.8507 120.0507 120.3972 120.6946 120.8496 121.5270 122.9456 121.6018 122.2998 111.9854 105.7247 107.2693 109.6870 112.6690 111.4635 117.4593 123.1982 125.1687 125.1937 125.2414 125.1830 125.4241 125.6235 125.8169 126.0046 126.1938 126.3807 126.5506 126.7269 127.0565 129.2706 136.6391 122.4668 133.2150 141.1500
84.3400 103.5377 102.8845 100.2055 95.9097 89.7393 87.3446 89.7881 96.6669 100.6784 103.5175 105.6729 107.3949 108.8482 110.0852 111.1780 112.1434 113.0182 113.8087 114.5247 115.0855 116.9925 115.8425 106.3172 103.1130 103.3011 118.4710 114.4157 103.6836 120.0588 119.9421 120.3993 120.7631 121.0854 121.4820 121.4858 122.0082 122.1891 120.0858 109.7073 107.9050 107.3727 109.2109 108.5378 111.5077 121.4007 122.0797 124.6554 124.8931 125.1790 125.4150 125.6275 125.8192 126.0078 126.1975 126.3736 126.5602 126.7340 126.7645 126.0957 110.2997 117.1978 110.1661 113.7000
100.9100 105.1600 103.6400 101.8100 96.3700 91.3200 91.8500 96.7600 96.3600 101.8000 103.6300 106.4500 107.5800 108.5800 110.3000 111.0500 112.3700 112.9700 114.0500 114.5500 115.4600 115.8800 116.2800 117.0400 117.3900 117.2300 118.3700 112.3500 103.0200 119.8000 120.0600 120.3100 120.8000 121.0300 121.4700 121.6900 122.1000 122.3000 125.1300 115.2800 115.0300 106.4400 128.9400 111.9000 122.5800 115.3600 113.4500 124.8600 125.0100 125.1500 125.4300 125.5700 125.8400 125.9700 126.2300 126.3500 126.6000 126.7200 126.9600 127.0700 124.5300 116.6700 110.6400 117.0600
