134.8700 133.3300 130.6500 126.1200 125.8500 125.5800 125.0700 124.8400 124.0900 123.8800 123.7400 123.8600 123.5200 122.2600 114.9500 106.7400 120.9900 121.9100 107.2800 110.4300 106.5700 128.5900 102.6100 102.4100 102.0900 101.9300 118.3800 114.0200 112.8200 113.6000 116.0100 116.1700 101.6900 99.6900 99.4800 111.2200 108.8700 106.8100 104.8900 110.9800 112.3800 98.1500 98.1200 120.3800 117.3900 117.0400 116.2800 115.8700 115.0100 114.5400 114.0400 112.9500 112.3500 111.0200 110.2600 108.5200 107.5000 105.0200 103.4500 101.5500 95.6600 89.8600 89.8600 90.8900
134.8700 136.0761 131.7605 125.9819 126.5793 126.2888 125.7740 125.7680 125.0876 124.5618 125.8575 114.1656 119.9907 124.2544 124.1949 119.1757 122.5238 123.5165 107.0733 110.9437 111.3041 129.5086 105.5313 102.5422 102.3925 102.4702 113.7399 115.4587 105.5395 106.2331 107.8871 108.3329 107.0337 105.3385 110.9011 119.0031 110.0626 106.6885 106.6152 115.1245 117.1979 109.6560 108.3247 117.4303 103.8392 117.4037 111.5787 117.0202 115.1231 114.5377 113.8069 113.0147 112.1408 111.1806 110.0930 108.8494 107.4110 105.6904 103.5631 100.8103 96.4794 90.2422 87.7925 90.8900
117.6500 125.5280 135.1842 125.3813 122.0011 121.0840 121.5718 120.4135 120.4419 119.8022 119.0213 124.1312 114.9265 111.2189 113.4259 115.2099 114.8175 114.5825 105.7379 107.8372 109.2010 104.3517 108.2984 109.0466 106.6819 110.1372 112.7198 120.9767 111.0415 107.4012 112.8032 101.0458 105.2776 113.7126 114.7994 115.9921 102.8499 110.8213 110.4739 102.0353 113.7492 109.2508 119.8515 113.0756 108.9705 106.4557 111.5602 114.8689 114.9708 114.6333 113.9024 113.1273 112.2757 111.3410 110.2955 109.1126 107.7668 106.1940 104.3380 102.0859 99.2060 95.5235 93.4504 97.4700
130.7300 116.1459 124.6344 119.4193 117.1668 115.6527 114.6349 120.2882 112.1459 113.2480 110.2090 119.2265 115.5784 119.7953 109.4538 107.2517 109.1794 106.8698 105.5535 113.5015 106.8169 106.6663 109.2429 102.0854 109.1963 110.1585 100.6456 113.1432 111.3907 109.4429 109.2245 103.4129 104.4487 102.0949 104.9595 101.8042 115.2388 108.9903 114.4004 114.4238 114.1961 117.2553 118.0809 118.3991 119.8461 100.0372 118.4834 115.9110 115.2705 114.7591 114.0572 113.3020 112.4893 111.6060 110.6315 109.5569 108.3304 106.9476 105.3989 103.6469 101.7627 100.1554 99.2739 97.4700
127.9000 125.6727 119.0480 116.6002 123.6310 124.5353 126.3365 123.1395 122.3494 113.0065 125.0177 122.9137 119.5924 136.4009 121.3843 122.4196 119.2981 120.1007 112.9610 115.7325 111.2025 110.6813 104.5277 126.5423 101.9158 107.0947 105.3099 100.5997 111.8074 106.7125 107.9494 110.2621 110.7744 110.1790 108.4056 106.1081 118.4913 104.1107 121.9964 120.9324 120.6989 119.3444 118.9804 119.3310 116.3951 113.7030 117.0826 114.7301 115.5006 114.9334 114.2505 113.5404 112.7700 111.9383 111.0212 110.0102 108.9514 107.8253 106.5699 105.2827 104.0180 102.9960 102.5699 101.3600
128.7200 129.3426 122.2253 116.1799 125.6194 131.3438 129.5017 128.2636 130.1143 116.7191 116.5827 116.9215 111.6366 114.2166 113.9700 125.8908 120.7621 121.1784 106.5756 103.7240 108.3396 107.2350 102.7824 105.8837 101.3517 101.2888 105.6240 104.7914 104.4281 106.9688 111.1912 104.7257 121.1408 121.0891 124.6350 121.2551 119.8248 120.2263 119.9926 119.6064 119.3805 118.9675 116.7404 104.6667 101.8128 113.7646 113.2963 116.5783 115.6860 115.1290 114.4990 113.8218 113.1134 112.3470 111.4721 111.1503 109.8325 108.7313 107.7658 106.7733 105.8785 105.2460 104.9880 105.8200
128.7300 128.5755 130.7642 118.6748 120.3815 119.8864 130.9289 126.7303 125.4331 113.8784 117.1341 112.4628 109.0114 106.4086 122.9359 123.9985 123.6244 123.6615 122.0712 123.1722 118.2844 123.9873 100.1260 101.1465 122.8016 118.6742 103.0689 107.8997 110.8564 102.7392 122.9410 118.2162 122.6135 121.8982 122.8851 121.3948 121.1626 120.7300 120.3495 119.9778 119.5968 119.1252 118.3058 117.5974 117.1756 117.3854 116.8449 116.4873 115.9477 115.3759 114.7774 114.1538 113.4935 112.8184 111.5215 107.9204 110.2908 109.6755 108.8781 108.1205 107.4794 107.0360 106.8620 107.4000
128.7700 128.9170 121.4102 133.4848 119.3191 133.8929 129.4573 126.2618 126.1501 130.2588 124.8888 116.6253 111.7060 122.6315 107.1820 104.9535 103.8189 103.6632 103.9117 103.0378 103.5689 108.7225 112.2374 105.1457 102.6272 102.3069 114.3249 114.6462 123.5394 123.0493 124.1230 111.4210 116.7957 111.7287 124.7677 121.5826 121.0402 120.7330 120.3968 120.0513 119.6860 119.2848 118.8244 118.3957 118.0235 117.6136 117.2278 116.6989 116.1860 115.6473 115.0949 114.5058 113.9049 113.2521 112.6494 111.9795 111.4003 110.5404 109.9020 109.3357 108.8489 108.5233 108.4048 108.7400
128.4900 132.7036 131.0158 125.5777 126.2537 125.3006 124.4762 117.5993 108.3641 108.1333 104.2131 111.5434 109.7512 109.2653 108.8645 127.8344 124.5970 121.9718 123.4593 109.7632 109.5796 109.2468 105.5434 107.6506 107.0727 118.5187 139.2736 123.5001 122.2246 122.9372 123.1452 121.5560 106.3936 108.4719 123.2636 124.6933 121.1040 120.8341 120.4990 120.1574 119.8105 119.4474 119.1007 118.6874 118.4708 117.8101 116.9012 117.0177 116.4109 115.9456 115.4141 114.8706 114.3341 113.7590 113.1297 112.6395 111.9658 111.4054 110.8932 110.4262 110.0475 109.8109 109.7170 109.9100
133.0600 129.8575 119.1404 107.9161 107.3253 113.3298 109.6646 129.0667 117.0578 106.2721 111.5956 112.9644 109.6356 109.3548 125.7779 121.2103 112.0532 110.3120 109.6963 111.3932 122.1233 121.6980 121.9926 118.9372 120.2923 119.0159 109.1007 111.8475 118.7610 122.4571 123.7476 110.9102 110.9687 110.7111 110.6598 122.1540 121.2383 120.9277 120.6225 120.2808 119.9429 119.5869 119.2218 119.1840 116.4717 121.8176 115.4421 116.8886 116.6549 116.2577 115.8481 115.3023 114.7846 114.2599 113.7497 113.2182 112.6764 112.2008 111.7925 111.4178 111.1144 110.9273 110.8610 110.9300
132.3400 133.0209 112.4431 116.3563 111.8976 126.8680 128.1489 127.7144 115.0733 110.3331 111.8354 115.0115 113.2699 112.6005 131.7731 114.1652 132.6871 136.8081 122.2186 118.9283 118.7688 113.4082 112.3294 115.4490 119.1409 119.1080 124.9983 127.9745 119.9133 119.8921 124.0080 114.5352 123.5501 116.6210 123.3117 121.6981 121.3524 121.0599 120.7478 120.4206 120.0876 119.7224 119.5261 116.2381 106.0305 137.0035 119.2856 115.4559 117.0424 116.6925 114.5760 115.6608 115.1829 114.7446 114.2826 113.9057 113.4201 112.9998 112.6247 112.3167 112.0741 111.9184 111.8641 111.8500
128.3100 129.1179 130.8072 117.1469 108.9690 106.4848 110.1536 114.4830 118.5485 112.5723 110.7835 109.6555 113.0626 123.1089 130.8523 114.6278 120.3650 122.4489 120.9510 121.2530 118.2127 111.6578 107.8887 116.0273 134.4399 129.6513 123.5448 124.1516 124.1584 123.6246 123.1479 123.1183 127.1051 123.3007 121.8229 121.7494 121.4772 121.1657 120.8554 120.5526 120.2476 119.8641 120.9909 112.3281 106.2116 132.7048 118.0002 118.4263 117.2154 117.1556 114.0526 116.2164 115.6709 115.3494 114.7340 114.3489 114.2857 113.7177 113.3901 113.1318 112.9381 112.8082 112.7681 112.6800
128.6300 128.0081 127.5667 117.9688 116.4193 119.5430 120.4249 125.9235 135.9755 115.9377 121.3370 117.1022 111.2974 106.9781 118.4243 110.8825 110.3383 108.3203 126.3596 122.3576 113.8196 124.4888 118.7654 119.3195 122.4203 125.2758 123.9993 123.9975 123.5111 123.3775 123.2530 123.6351 124.8185 122.2412 122.2404 121.8812 121.6090 121.3996 121.1255 120.7556 120.3811 120.2763 115.3327 111.7408 115.8693 116.8520 117.0146 117.9076 117.7005 117.2503 117.0655 116.4579 116.0758 115.8198 113.4121 112.5584 114.8088 114.3539 114.1245 113.8906 113.7248 113.6174 113.5877 113.4300
128.6400 128.9078 129.5201 130.1110 128.9969 126.3194 126.5983 126.5371 132.9731 129.1160 115.3519 107.7592 110.6908 106.6464 116.3274 105.3301 110.5436 112.4499 119.9543 121.2155 119.6331 119.3382 115.2775 121.3223 121.9486 121.4976 124.1822 123.9619 123.7595 123.4361 122.9702 121.7842 122.3958 123.1707 122.0947 122.0116 121.7496 120.9464 120.3545 120.8644 120.7933 120.3986 118.0122 112.3427 105.4544 114.5901 118.4187 118.3028 117.9996 117.5909 117.2372 116.9078 116.5549 116.2691 115.0072 113.7221 115.3027 115.0375 114.7793 114.5907 114.4500 114.3626 114.3314 114.1300
128.6500 125.4377 128.6475 127.7799 127.9708 130.5757 112.8993 112.4854 112.8533 107.8335 119.3348 115.2350 121.4780 117.9717 119.3613 122.6324 124.7235 125.0161 125.1905 125.5512 118.0852 115.7695 113.1392 112.5079 125.2074 125.4475 124.3108 124.0563 123.8376 123.8064 124.8165 126.0218 130.5015 125.2396 122.2029 122.0854 122.0427 122.9406 125.8000 120.2642 120.9945 116.4111 126.0547 108.8540 107.1136 120.2487 118.7927 118.5608 118.2781 117.9504 117.6313 117.3070 116.9892 116.8906 116.8229 114.5704 115.3781 115.5817 115.4369 115.2429 115.1233 115.0460 115.0239 114.7700
128.6600 127.5642 128.4930 127.8420 127.7776 112.5837 106.5695 124.2817 122.9902 120.2213 124.8512 126.4998 121.9377 123.6710 120.1963 129.4238 125.9417 115.5049 108.0431 129.4137 118.2586 113.4195 116.3597 159.3861 130.1699 123.6945 124.2666 124.1597 123.8095 123.2832 113.6846 110.4109 128.9421 122.7033 122.5244 122.3059 120.7184 136.8901 116.0279 114.7538 119.9679 117.6881 122.5536 117.9423 121.8397 119.6209 119.1815 118.8946 118.5916 118.2895 117.9878 117.6925 117.3825 117.1480 116.7574 116.6635 116.2648 116.2861 115.8839 115.8370 115.7507 115.6814 115.6615 115.9300
128.6700 128.7010 128.4783 128.2800 126.8453 127.3469 132.1834 124.7064 123.9460 130.3473 125.2857 123.9087 124.6539 123.5228 113.1248 114.5644 106.3422 108.6530 110.6326 129.0104 122.8206 116.5447 114.5152 120.7654 125.7672 125.2022 124.7026 124.2776 123.9773 124.0142 122.0671 116.1754 131.8317 122.6083 122.7288 122.3329 121.9038 119.3151 114.2174 113.0517 129.2966 114.9116 119.2096 120.3215 119.6732 119.8134 119.4741 119.1862 118.9126 118.6316 118.3538 118.0758 117.8218 117.5618 117.3161 117.0075 117.6773 115.8811 117.3853 116.4346 116.3093 116.2650 116.2513 116.4600
128.7800 128.6646 128.4570 128.4914 127.5076 129.9490 123.4634 144.4521 121.8139 121.6061 127.5399 124.1093 121.4793 116.3673 114.0237 115.5499 112.5692 127.3644 131.3506 123.7198 112.2846 111.4874 123.0540 127.4601 108.8914 112.2069 129.4313 124.3712 124.0006 118.4419 116.1661 134.7671 124.6942 122.9122 122.7904 123.0584 116.9609 132.7799 110.9170 122.1042 121.8750 121.3214 131.5779 119.3721 120.4264 120.0663 119.7502 119.4905 119.2279 118.9637 118.7079 118.4505 118.2179 117.9795 117.7574 117.5238 117.3366 107.2584 117.7632 116.7425 116.9053 116.8294 116.8068 116.9600
128.7900 128.6734 128.7334 126.7552 126.3640 128.4991 126.5685 121.0742 153.8125 118.6540 135.2682 113.9482 112.9719 116.3053 119.4925 121.4498 131.6611 110.0758 125.2656 122.7629 124.4457 125.9715 116.7716 112.0077 110.6669 130.6606 138.8690 122.7166 123.8103 124.0843 123.6681 126.8981 123.3970 123.1686 122.9997 116.0638 115.4230 120.9562 122.2855 122.2760 115.6160 113.2317 122.5538 120.2638 120.4214 120.3115 120.0090 119.7908 119.5305 119.2879 119.0491 118.8268 118.5993 118.3885 118.1886 117.9456 118.2075 118.3542 117.5768 119.1125 117.4247 117.3389 117.3298 117.4300
128.8100 128.7154 127.6012 126.0463 126.3066 127.0787 130.5469 125.8744 125.2137 124.1265 117.6281 113.3339 130.5739 126.3694 129.8770 118.3376 122.7024 116.0491 121.3814 113.4744 117.8693 114.1542 113.8862 113.8730 118.2685 112.5218 122.2259 115.7696 117.4019 119.2309 124.0266 123.9512 123.2619 122.8864 115.6425 116.0649 116.1486 122.7437 120.6284 112.0527 107.5721 114.9439 125.1638 120.1975 120.3919 120.4149 120.2367 120.0745 119.8511 119.6142 119.4025 119.1646 118.9767 118.7835 118.5801 118.4622 118.1007 117.2911 112.7723 118.6638 117.5092 117.8562 117.8263 117.8700
128.8200 126.7789 126.1364 126.5190 126.6690 127.3949 129.5565 125.1129 124.0276 124.5529 124.1226 121.0474 123.5005 117.3854 120.5132 116.3715 110.7628 104.5850 112.9271 122.8835 123.5643 123.5552 126.9177 126.6836 126.4457 126.1137 119.0954 123.4514 125.1273 125.4075 123.6873 122.3943 123.7775 118.9580 117.0209 118.4124 124.3639 121.3633 122.8489 121.8737 108.7947 114.9412 112.4941 122.6623 132.5598 121.1037 121.0573 120.3628 120.1448 119.8450 119.9698 119.5277 119.3392 119.1624 118.9857 118.7169 119.8457 118.4727 104.4695 111.1474 119.0386 118.2646 118.2812 118.3000
128.9500 127.4061 126.7206 126.2748 126.2906 127.5750 126.6520 127.9856 125.3772 120.8081 123.8555 120.1932 121.7483 115.9335 115.7151 114.1959 104.2944 115.3189 125.0654 126.5214 125.9411 126.1307 125.3748 125.2340 125.0426 122.3283 125.3749 124.6416 122.6861 123.1985 124.1019 119.6592 123.1600 120.1704 120.2935 123.7330 123.1813 118.8322 121.0989 112.1027 109.0109 113.0476 122.6680 113.1495 121.3396 119.2633 120.6644 121.4131 120.4381 118.5540 120.0925 119.8628 119.6900 119.5236 119.3676 119.1696 120.0643 119.1358 117.1634 119.9738 118.5686 118.7511 118.7320 118.7000
128.9500 128.2301 127.8746 127.8128 127.3079 126.2332 125.9759 132.5373 124.6918 122.2196 124.0185 121.7635 114.3531 111.5172 106.1715 99.0139 111.8117 114.6268 134.0265 135.1276 125.3595 125.9476 125.8255 125.5982 125.3942 125.6625 125.4218 124.7152 125.9159 130.0149 117.1955 131.0676 122.4817 122.5543 123.6666 123.1961 123.4852 118.9788 117.8456 112.0902 116.7615 122.1685 122.1314 109.7432 114.1056 122.0256 121.0235 121.7475 118.8481 119.0714 120.4086 120.2022 120.0322 119.8809 119.7357 119.6470 119.3093 119.2538 119.4327 119.0587 119.2135 119.1713 119.1515 119.0900
128.9700 129.0289 128.7769 129.1771 128.7411 128.3578 128.8226 126.9357 126.2526 127.6517 125.2397 113.3700 110.0678 108.0671 115.8646 128.7597 124.3157 127.7540 136.8985 129.4155 126.0724 125.9729 125.8293 125.6849 125.4861 126.4516 124.5768 127.0151 127.9903 130.8419 128.0232 129.9998 124.6675 124.1202 123.6817 123.4551 123.4062 120.1929 118.3109 122.6645 123.5091 122.4415 123.1953 117.8920 121.8917 121.5149 121.3768 121.1757 120.8534 120.8771 120.7116 120.5176 120.3682 120.2240 120.0924 119.9662 119.9067 119.8198 119.6988 119.6632 119.5884 119.5691 119.5560 119.4600
129.0900 129.6145 127.2737 128.6548 128.5322 128.4192 128.4429 128.7825 125.1017 123.5670 123.9790 111.8443 119.9710 120.4209 123.5921 118.7428 121.2678 129.3821 125.3393 128.7255 126.2941 126.0794 125.9388 125.7827 125.5808 126.4061 126.6428 128.4027 128.3782 124.6238 127.0085 123.2815 124.0498 124.0435 123.8119 123.6268 123.4558 123.1990 122.6316 121.6396 122.6549 122.5282 122.0416 122.2137 122.4183 121.8179 121.6812 121.4666 121.3480 121.1252 120.9675 120.8294 120.6876 120.5590 120.4399 120.3303 120.2232 120.1358 120.0724 120.0164 119.9763 119.9477 119.9448 119.8200
115.7600 129.1276 128.1685 128.8037 128.6200 128.6449 126.9043 127.1000 127.1908 112.3572 127.2247 121.7469 123.7269 127.9602 123.1023 116.4448 120.1657 127.9130 129.9111 126.6272 126.3549 126.1897 126.0297 125.8717 125.7202 125.4125 126.5635 121.7503 126.2480 124.7764 124.3514 124.5715 124.3923 124.1260 124.3970 123.9704 123.6373 123.4163 123.3161 123.3286 122.9367 122.7449 122.6189 122.3453 122.2257 121.9956 121.8840 121.7199 121.5693 121.4165 121.2692 121.1349 121.0043 120.8818 120.7635 120.6633 120.5734 120.4974 120.4273 120.3814 120.3411 120.3148 120.3143 120.1600
129.1300 129.0707 128.9443 128.8067 128.6705 128.5200 129.0172 112.3279 124.4824 124.7849 123.2477 125.1253 123.6545 113.4251 123.0772 119.5644 124.8030 135.2050 126.4621 126.6091 126.4316 126.2887 126.1296 125.9725 125.8220 125.6376 125.3171 123.0588 125.3477 124.9290 124.8471 124.6575 124.4081 124.8278 124.5064 115.7859 124.6194 123.4862 123.4654 123.2909 123.1277 122.9584 122.7904 122.6256 122.4590 122.2923 122.1334 121.9841 121.8402 121.6915 121.5534 121.4265 121.3027 121.1916 121.0889 120.9954 120.9054 120.8346 120.7734 120.7282 120.6938 120.6695 120.6617 120.8000
129.1500 129.0794 129.0008 128.8667 128.7577 128.5537 127.8523 124.1789 123.8983 121.3982 124.5987 123.1362 122.1901 121.8282 117.5630 124.1993 119.9915 136.0523 125.4811 126.9042 126.5276 126.3863 126.2328 126.0767 125.9273 125.6746 126.4384 125.4702 125.3087 125.1404 124.9614 124.8315 124.6984 121.9513 115.8505 124.5113 124.1084 123.7945 123.6468 123.4842 123.3194 123.1619 123.0037 122.8425 122.6872 122.5324 122.3813 122.2347 122.0975 121.9631 121.8363 121.7138 121.5959 121.4934 121.3910 121.3160 121.2307 121.1617 121.1023 121.0654 121.0276 121.0166 121.0144 121.1100
129.2600 129.1695 129.0436 128.9217 128.8037 128.5390 128.8574 124.7273 124.2735 122.2285 122.1567 121.7912 120.8401 122.5532 125.2411 115.1235 125.2005 147.4131 129.9285 126.7755 126.6330 126.4834 126.3386 126.1844 126.0273 125.8908 125.7466 125.5326 125.4194 125.2634 125.1075 124.9963 124.3708 126.3253 122.1602 124.8203 124.2209 123.9557 123.8375 123.6681 123.5162 123.3663 123.2098 123.0550 122.9137 122.7729 122.6267 122.4841 122.3514 122.2241 122.1095 121.9967 121.8853 121.7885 121.6980 121.5821 121.5395 121.4802 121.4228 121.3805 121.3583 121.2903 121.2781 121.4000
129.2800 129.2146 129.1000 128.9813 128.8732 128.8426 126.1507 124.0665 122.8999 126.1414 124.5896 124.9701 117.7449 123.0097 124.2781 114.9520 110.3670 146.6615 129.2857 126.8973 126.7352 126.4585 126.3936 126.3229 126.1405 126.0093 125.8869 125.7005 125.5405 125.3915 125.2424 125.1082 124.8710 125.0553 127.8631 129.6853 123.5163 124.2715 124.0134 123.8703 123.7144 123.5598 123.4210 123.2750 123.1373 122.9997 122.8598 122.7281 122.6063 122.4917 122.3724 122.2670 122.1662 122.0705 121.9555 122.1506 121.8716 121.7836 121.7303 121.6956 121.6479 121.8376 121.8316 121.6900
129.3800 129.2860 129.1575 129.0157 128.9336 128.2296 127.7795 124.4784 123.5413 124.9561 121.4466 124.7991 121.7573 127.7851 120.5947 118.7894 117.0996 123.1835 126.8000 126.9890 126.8346 126.9427 126.9182 126.1399 126.2428 126.1979 125.7794 126.1662 125.6172 125.5400 125.3794 125.2296 124.9886 124.9461 124.0646 124.5328 124.4784 124.3752 124.1879 124.0362 123.8991 123.7653 123.6209 123.4856 123.3557 123.2216 123.0925 122.9680 122.8564 122.7370 122.6324 122.5349 122.4364 122.3095 122.5682 120.2365 122.1285 122.0823 122.0286 121.9781 122.0613 121.5412 121.2559 121.9700
129.4000 129.3317 129.2229 129.0207 128.8170 127.0562 125.2138 124.1127 122.4396 124.1363 121.4777 123.9486 118.7817 127.5229 122.4876 123.6548 129.1526 127.3507 127.3485 127.0518 126.9064 127.7521 128.2356 127.0001 125.7774 125.9552 126.3568 125.4483 126.2533 125.6419 125.5170 125.3792 125.2629 125.4159 125.0843 124.7634 124.6980 124.4834 124.5212 124.2257 124.1173 123.9615 123.8295 123.6946 123.5710 123.4452 123.3193 123.2054 123.0918 122.9849 122.8886 122.7934 122.6966 122.6113 122.3049 123.9269 122.5188 122.3677 122.3284 122.3234 120.5281 138.1752 120.1600 122.2300
129.5300 129.3971 129.2830 129.1561 129.7152 128.2363 127.7655 124.4077 123.0722 124.8999 123.7649 126.5732 121.2664 116.5200 132.1350 128.4405 129.1353 127.9505 127.1068 127.1532 127.0639 126.4605 126.6646 122.1762 126.2374 126.2593 126.0482 117.4980 126.7520 125.8028 125.6612 125.4999 125.3914 121.9935 124.1104 124.8546 127.4309 125.3250 124.5059 122.5775 124.5679 124.1305 124.0304 123.9046 123.7881 123.6661 123.5445 123.4321 123.3271 123.2302 123.1302 123.0413 122.9598 122.8857 122.6453 123.2964 122.7105 122.6390 122.6095 122.5528 121.8618 121.4671 122.5499 122.4900
129.5300 129.4717 129.3408 129.2403 127.4060 124.3641 126.0789 124.0120 122.8132 120.8421 122.6324 124.3544 121.9634 121.0415 124.3159 127.1754 120.7314 127.4941 127.2545 127.3092 127.1232 127.0100 127.7471 121.5581 126.7398 126.1924 126.4319 126.4408 126.0685 125.9225 125.7906 125.6717 125.6375 123.6521 120.3154 125.4637 122.7199 126.8100 125.6614 122.4436 124.2764 124.3219 124.2262 124.1030 123.9887 123.8804 123.7688 123.6600 123.5582 123.4599 123.3739 123.2852 123.2127 123.1619 123.0829 122.9264 122.9594 122.9065 122.8740 122.8396 122.9977 123.0895 122.7910 122.7500
129.5600 129.4732 129.4353 129.7738 126.8953 124.1750 123.6931 125.2773 123.6749 120.4152 119.6920 124.3760 112.3730 120.6846 130.6906 122.2575 123.6821 124.2962 127.7639 127.3464 127.2278 127.1207 126.8072 127.3512 126.5849 126.3797 126.3095 126.2158 126.2207 126.0853 125.9239 125.8254 125.4900 126.1836 125.5770 125.1565 114.9790 124.7165 124.6891 125.0414 124.7605 124.6508 124.3645 124.3136 124.1915 124.0889 123.9783 123.8840 123.7826 123.6942 123.6089 123.5255 123.4570 123.3742 123.3128 123.2698 123.2111 123.1739 123.1322 123.0899 123.0363 123.0135 123.0712 122.9900
129.6800 129.7432 129.7625 126.7750 127.6320 124.7347 123.6183 124.0581 125.0731 122.3608 121.6915 122.0067 118.4992 111.8752 128.3152 124.2801 129.4098 125.8557 127.6848 127.4687 127.3389 127.2173 127.0662 126.9060 126.8997 127.4081 126.7825 126.5062 126.3434 126.1913 126.0704 125.9327 125.8294 125.5545 125.6506 124.9236 126.3069 124.8622 125.0291 124.9419 124.6747 123.7829 124.9714 124.4754 124.3783 124.2949 124.1951 124.1016 124.0092 123.9230 123.8358 123.7570 123.6899 123.6254 123.5709 123.5064 123.4631 123.4213 123.3930 123.3690 123.3576 123.3465 123.3260 123.2300
129.7100 127.9611 143.0847 123.5908 127.1602 125.3650 123.5936 121.7779 123.3094 127.9673 120.1023 120.7872 119.9219 127.5422 127.9766 127.9795 128.1015 128.0260 127.6732 127.5650 127.4390 127.3157 127.2097 127.0196 127.4679 118.3012 116.2126 127.3220 126.2305 126.3291 126.2050 126.0779 125.9619 125.8407 125.7794 125.6524 127.1835 125.2909 125.2360 125.1329 124.2105 121.5752 124.4983 124.6242 124.6696 124.4927 124.4083 124.3088 124.2305 124.1462 124.0632 123.9915 123.9263 123.8611 123.8072 123.7512 123.7096 123.6698 123.6363 123.6154 123.5964 123.5823 123.5799 123.6900
129.8100 129.5965 128.8333 128.7483 127.3831 124.5645 121.8858 121.8610 121.4538 121.2486 121.4570 123.4480 127.6630 125.1793 128.2900 128.1343 127.9971 127.9065 127.7632 127.6657 127.5434 127.4278 127.2957 127.1861 127.3252 122.6958 116.1748 126.9976 126.5155 126.4686 126.3457 126.2276 126.1088 125.9826 125.8633 125.6992 125.6074 125.5263 125.4314 125.5366 125.1405 124.9996 128.8919 125.5352 124.7677 124.6986 124.6065 124.5211 124.4361 124.3597 124.2846 124.2127 124.1504 124.0894 124.0389 123.9852 123.9505 123.9145 123.8807 123.8594 123.8426 123.8334 123.8251 123.9100
129.8400 128.0761 143.3969 126.6267 126.3990 123.1350 124.7682 124.9499 132.5251 121.8752 125.1984 127.7789 134.7929 127.3922 128.7131 128.1841 128.1170 128.0023 127.8825 127.7663 127.6513 127.5330 127.4092 127.3112 127.1883 127.1008 127.0210 126.8259 126.6942 126.5928 126.4825 126.3610 126.2483 126.1355 126.0162 125.9196 125.8369 125.6136 125.5443 125.5000 125.3506 125.2085 124.9840 125.0907 125.0195 124.8874 124.8123 124.7260 124.6542 124.5653 124.4994 124.4299 124.3763 124.3104 124.2678 124.2195 124.1782 124.1477 124.1113 124.0985 124.0755 124.0638 124.0673 124.1300
129.8600 129.3995 127.8805 123.8523 127.3003 124.9217 123.8899 122.4687 119.9684 112.2676 127.9876 113.7596 123.8226 128.7118 128.4050 128.3218 128.2012 128.0943 127.9765 127.8615 127.7569 127.6392 127.5257 127.4020 127.3201 127.1388 127.0305 126.9957 126.8619 126.6968 126.6199 126.5032 126.3883 126.2824 126.1725 126.0897 125.8530 127.8268 125.1066 125.5525 125.5224 125.5050 125.3891 125.2666 125.1696 125.0845 125.0069 124.9229 124.7589 124.7930 124.7252 124.6404 124.5917 124.5298 124.4859 124.4395 124.4035 124.3748 124.3466 124.3276 124.3115 124.3028 124.2999 124.3400
129.9600 129.9341 129.1090 129.5583 111.0365 133.5687 125.1357 116.5519 110.6402 119.1764 122.8366 128.7201 130.9238 128.5324 128.5607 128.4068 128.3007 128.1913 128.0824 127.9665 127.8560 127.7475 127.6306 127.5256 127.4015 127.4524 125.1988 128.1269 126.6031 126.8705 126.7383 126.6413 126.5370 126.4275 126.3190 126.2185 126.1393 125.7650 125.4613 125.8479 125.7334 125.6111 125.5410 125.4474 125.3585 125.2797 125.1976 125.0387 125.7218 124.9675 124.8830 124.8476 124.7991 124.7499 124.6988 124.6670 124.6245 124.5957 124.5643 124.5451 124.5354 124.5260 124.5204 124.5400
130.0900 129.8768 130.1551 129.5507 125.9641 126.0696 117.1483 112.3327 124.3143 122.4049 113.4263 121.6487 131.3516 128.5709 128.6797 128.5068 128.3991 128.2901 128.1779 128.0698 127.9645 127.8563 127.7443 127.6608 127.4004 128.0241 117.2610 124.4960 128.1156 127.0629 126.8838 126.8104 126.6705 126.5522 126.4751 126.3633 126.2980 125.7516 125.2766 126.0414 125.8734 125.7995 125.7099 125.6249 125.5435 125.4575 125.3465 126.4003 119.0358 125.7601 125.1090 125.0523 125.0042 124.9600 124.9152 124.8769 124.8389 124.8168 124.7885 124.7649 124.7549 124.7446 124.7394 124.7400
130.0900 130.0424 129.9831 127.3110 125.8571 123.5497 114.9359 122.1727 125.7709 124.0813 121.5297 119.0715 132.1708 128.4972 128.7550 128.5290 128.5045 128.3823 128.2781 128.1702 128.0679 127.9646 127.8396 127.7198 127.6427 127.3489 126.1500 120.7157 128.5563 126.6026 127.0318 126.9130 126.5818 126.6969 127.2073 126.4703 126.3780 128.3219 125.5980 126.1013 126.0580 125.9680 125.8860 125.8049 125.7236 125.6491 125.5488 125.9991 119.6211 126.4179 125.3281 125.2591 125.2118 125.1610 125.1220 125.0808 125.0545 124.9978 124.9753 124.9784 124.9662 124.9628 124.9581 124.9400
130.2200 130.0516 130.1579 127.9717 126.5116 128.8267 127.7171 127.8388 125.0958 124.8213 124.2285 115.5362 131.3281 128.4748 128.8546 129.0488 128.5632 128.4840 128.3816 128.2763 128.1699 128.0694 128.0966 128.0101 127.7605 127.6910 124.4656 124.0115 127.9135 127.2212 127.2191 127.0804 127.1375 128.0365 123.3229 125.6442 126.6134 126.9764 128.2310 126.3017 126.2171 126.1382 126.0554 125.9737 125.9075 125.8147 125.6917 125.6069 126.2480 125.4762 125.5087 125.4625 125.4084 125.3612 125.3245 125.2938 125.2459 125.3504 125.2808 125.1884 125.1794 125.1711 125.1663 125.1300
130.2200 130.1316 130.5287 126.9728 128.3696 130.0477 125.3616 128.2256 121.9896 115.1787 116.0955 126.5441 128.1223 129.0309 128.9189 129.2378 128.6516 128.5902 128.4835 128.3797 128.2832 128.1492 128.0754 125.8818 127.9500 127.6790 129.1477 127.7320 127.4221 127.8318 127.1621 127.0799 127.0999 122.6162 121.3155 129.2776 132.3790 126.8985 126.4685 126.4513 126.3757 126.3014 126.2232 126.1478 126.0551 126.0296 126.0209 125.9122 125.7383 125.7738 125.6972 125.6506 125.6095 125.5577 125.4996 125.4548 125.6383 123.9263 125.5417 125.3885 125.3832 125.3772 125.3722 125.3200
130.3500 130.1522 130.0550 122.7872 127.4134 122.7038 128.7546 133.8494 119.7603 115.4884 119.8907 131.9959 130.2536 129.0628 128.9289 128.8189 128.7796 128.6794 128.5849 128.4844 128.3855 128.2665 128.3597 126.6999 128.0262 127.9167 127.5351 128.3456 124.3695 124.9073 127.8842 128.7980 126.5082 124.3776 125.3027 119.1651 113.5904 128.9133 126.2792 126.6261 126.5493 126.4779 126.3774 126.3312 126.2950 126.0461 125.0962 126.0404 125.9875 125.9405 125.8870 125.8416 125.7762 125.7751 125.7864 125.6807 125.7390 125.5967 125.6098 125.5985 125.5787 125.5730 125.5688 125.5000
130.3800 129.4017 125.9986 122.7510 127.1624 128.2671 121.9558 122.9041 116.9753 117.9658 115.5168 122.9091 128.8999 129.1895 129.0556 128.9832 128.8867 128.7777 128.6836 128.5829 128.4875 128.4078 128.3020 128.3006 128.0658 127.9860 127.9215 127.7915 126.5030 125.9949 128.2720 135.7934 119.0666 113.7579 112.0097 116.7154 128.2447 128.1397 126.6137 126.7763 126.6922 126.5908 126.5278 126.3772 126.4750 126.6226 127.8263 126.2105 126.1714 126.1210 126.0654 125.9896 126.1087 125.9137 125.5240 125.9428 125.8204 125.8185 125.8073 125.7919 125.7766 125.7713 125.7670 125.6800
130.4700 124.2742 124.5437 124.7061 123.1644 129.5142 125.0658 126.1297 120.3155 119.5845 136.7074 130.8787 129.6080 129.2822 129.1578 129.0673 128.9715 128.8737 128.7833 128.6884 128.5942 128.4946 128.4093 128.2889 128.2160 128.1274 128.0420 127.9292 128.7045 127.9060 127.3471 127.9474 125.7008 126.5547 118.8247 121.7735 128.2281 127.0638 126.9753 126.9338 126.6834 126.7934 127.6585 126.7434 127.0708 128.7630 127.6713 126.1689 126.3496 126.2930 126.2501 126.1811 126.1583 128.9174 128.2720 126.0485 126.0276 126.0120 125.9908 125.9808 125.9734 125.9623 125.9584 126.0300
125.5500 124.3524 124.1838 123.1134 123.5459 126.3912 115.0219 120.7655 117.6697 120.7976 113.9239 113.9192 128.4751 129.3121 129.2730 129.1676 129.0658 128.9802 128.8850 128.7941 128.6956 128.6072 128.5185 128.4276 128.3356 128.2447 128.1478 128.0877 127.9091 127.8465 127.8330 127.6834 128.1614 128.7338 127.2481 127.6725 127.1743 127.2891 127.1581 127.0850 126.9870 127.3650 115.0732 124.1406 126.6575 114.4817 126.4369 126.5326 126.5137 126.4715 126.4231 126.3784 126.3478 126.0673 126.1759 126.2879 126.1999 126.1826 126.1770 126.1662 126.1598 126.1476 126.1439 126.2000
130.6000 124.6646 129.9640 122.7655 125.8719 117.3529 123.7588 124.4046 116.2192 112.5982 126.0669 130.0180 128.8720 129.5051 129.3160 129.3131 129.1737 129.0479 128.9817 128.8821 128.8071 128.6868 128.6383 128.5259 128.4475 128.3549 128.2757 128.1733 128.1257 128.0098 127.9202 127.8784 127.7066 127.6653 127.6211 127.5556 127.4566 127.3520 127.3069 127.2336 127.1549 127.1509 118.2212 124.0018 126.6249 128.1512 127.1774 126.7254 126.6891 126.6437 126.5964 126.5472 126.5574 126.5543 126.4765 126.4230 126.4616 126.4141 126.3594 126.3523 126.3393 126.3351 126.3313 126.3700
130.6300 126.7296 126.6874 124.5903 125.8205 125.5521 123.9462 122.1405 116.0538 113.8328 113.5165 126.6401 129.9736 129.5420 129.5787 129.1879 129.1697 131.6247 128.5211 128.8423 128.8588 128.9971 128.6316 128.6786 128.5682 128.4781 128.3871 128.3239 127.9204 128.1737 128.0448 127.9768 127.8951 127.8214 127.7242 127.6463 127.5634 127.5136 127.4435 127.3878 127.1767 127.2716 124.2417 125.0541 117.8683 127.2021 126.8937 126.9240 126.8603 126.8074 126.7621 126.7239 126.6773 126.6388 126.6276 126.5706 126.2805 126.5674 126.5288 126.5273 126.5226 126.5117 126.5084 126.5300
130.7200 130.8126 131.1329 125.7841 124.2550 126.0692 122.3131 120.1007 115.6053 121.7723 130.8913 130.5846 129.6562 129.6410 128.4448 127.7600 128.9015 128.9995 130.2149 130.1285 128.9483 128.1670 128.9553 128.7704 128.6116 128.5805 128.5052 128.3793 125.4882 128.4447 128.1715 128.1038 128.0310 127.9610 127.9738 128.0043 127.9123 127.6584 127.5860 127.4918 127.5480 127.3448 127.1977 127.6907 127.1707 127.1661 127.1222 127.0575 127.0175 126.9725 126.9283 126.8912 126.8482 126.8184 126.8426 127.7680 129.8136 126.7063 126.7023 126.7024 126.6970 126.6869 126.6836 126.6900
130.8400 129.8327 137.9707 125.4223 124.7500 121.0016 123.7720 122.2825 118.6112 127.4672 122.6771 133.1536 129.4003 129.7539 129.8285 129.4404 129.5311 129.7524 131.0014 116.8368 122.8582 114.6358 129.6068 129.6099 128.7934 128.6617 128.6602 128.6029 126.9890 128.6770 128.3005 128.2220 128.1643 128.0003 127.8399 126.2699 126.7018 127.9975 127.6681 127.7868 127.5746 127.5360 127.4741 127.2699 127.3675 127.3037 127.2686 127.2206 127.1782 127.1348 127.1000 127.0558 127.0573 126.9387 127.5480 127.0917 126.9975 126.9866 126.8747 126.8744 126.8664 126.8621 126.8592 126.8500
130.8500 129.8870 146.7127 124.4206 121.4185 119.5559 133.4314 119.3843 128.6573 122.2357 130.8481 130.1170 129.9267 129.7919 129.6975 129.6202 129.4592 129.5600 127.7600 121.0718 126.3045 119.4795 128.5882 126.6863 120.8280 129.8004 128.7172 128.8175 130.1506 128.0509 128.3684 128.3585 128.2753 129.7418 127.3730 136.0455 126.1046 127.2948 128.6850 127.6551 127.7343 127.6969 127.6389 127.6077 127.5256 127.4700 127.4272 127.3810 127.3351 127.2954 127.2564 127.2889 126.9327 126.1724 123.3566 127.0676 127.1377 127.0613 127.0529 127.0412 127.0341 127.0364 127.0331 127.0100
130.9700 125.4535 131.8017 121.9173 119.5732 123.5719 123.3321 123.7876 134.1480 130.3775 130.0104 129.8796 129.9694 129.8946 129.8517 129.7444 129.6961 130.1506 130.6971 130.4160 129.7062 130.3928 130.3839 131.2246 118.3177 128.8555 128.7328 128.5431 130.4203 128.5863 128.5080 128.4806 128.4053 129.4853 113.5309 132.2235 123.4412 119.8511 130.0890 127.9885 127.8731 127.8316 127.7789 127.7187 127.6721 127.6307 127.5706 127.5236 127.4933 127.4491 127.4145 127.4211 127.2607 123.9210 126.6901 126.9617 127.3087 127.2388 127.2219 127.2178 127.2062 127.2009 127.1980 127.1600
130.9700 123.7472 120.1241 121.2959 126.9957 129.8557 131.6559 121.7472 131.0225 129.8853 130.3596 130.1387 130.2335 129.9104 129.7028 129.8274 129.7692 126.8212 124.7310 130.0306 128.9452 129.3602 128.8934 129.0716 129.9919 130.8277 128.9599 128.9297 128.5903 128.8400 128.6831 128.6014 128.3781 128.6986 115.2635 116.1528 115.0021 124.1170 129.0661 128.0876 128.0299 127.9776 127.9216 127.8645 127.8185 127.7579 127.7914 127.7174 127.6476 127.6065 127.5715 127.5629 127.4263 128.0889 127.4004 127.4628 127.4141 127.4019 127.3741 127.3531 127.3599 127.3613 127.3624 127.3100
121.8200 119.4868 136.5925 110.5798 135.0535 131.1239 130.3807 131.5032 131.4560 130.4214 130.4251 130.1948 129.7882 130.4273 130.2922 129.9215 129.7197 130.2713 124.0790 129.9438 129.3123 130.2159 129.2370 129.1343 129.2040 129.0141 129.1183 129.0238 128.9560 128.8708 128.7920 128.7195 128.9993 127.9696 127.1469 130.3904 128.3517 128.8134 128.2228 128.2569 128.1425 128.1184 128.0821 127.9929 127.8034 128.3334 127.5626 127.8657 127.7958 127.7606 127.7201 127.7040 127.7038 127.5580 127.6122 127.5782 127.5687 127.5553 127.5918 127.5927 127.5086 127.5197 127.5233 127.4600
122.2400 125.4315 134.6800 125.4430 127.2262 131.3020 130.6747 130.5833 130.4972 130.4695 130.2126 131.2066 131.1241 118.8310 128.2342 130.1141 129.8951 130.0757 129.8527 129.7607 129.1358 117.7469 132.6883 131.0880 129.6736 129.2378 129.1454 129.1312 128.9429 128.9780 128.9116 128.8588 128.8983 124.2249 128.3926 128.3171 128.6478 127.9412 128.4288 128.3148 128.3268 128.2511 128.1179 128.2315 128.0414 131.6103 127.8778 128.0057 127.9414 127.9065 127.8779 127.8365 127.8008 127.7917 127.7678 127.7480 127.7382 127.7264 127.0952 127.6154 127.6589 127.6805 127.6761 127.7400
131.2100 130.0217 135.0213 129.3559 130.5690 130.8661 130.7955 130.7106 130.6469 130.5039 130.9290 122.6249 115.8234 131.2568 130.1651 129.9826 130.0712 129.9217 129.8682 129.9917 131.0865 123.2462 120.9675 128.7031 128.7272 129.1469 129.6819 129.3243 129.1280 129.0883 129.0258 129.0019 128.6109 128.9260 128.8828 128.7396 128.5371 130.8512 132.4299 128.5211 128.4279 128.8948 128.8172 127.9357 128.2141 127.8783 128.1345 128.1383 128.0862 128.0536 128.0253 127.9942 127.9680 127.9447 127.9181 127.8963 127.8868 127.8685 127.7368 127.8718 127.8474 127.8266 127.8215 127.8800
131.3000 131.1139 131.1976 132.5755 130.7522 130.9512 130.8669 130.7885 130.7166 130.6378 130.6173 130.4925 130.3095 129.7685 126.8963 130.7408 130.0980 130.0413 129.8945 130.5405 120.0302 116.7431 114.6134 122.8774 130.4810 130.4527 119.5912 125.6698 129.2328 129.2182 129.1441 129.0813 129.0620 128.9391 128.8960 128.8464 129.0960 120.3927 123.0959 128.6269 129.2822 120.7313 129.9804 129.3046 128.4620 128.3703 128.3038 128.2681 128.2317 128.2015 128.1635 128.1388 128.1107 128.0867 128.0707 128.0502 128.0367 128.0084 128.0117 127.9700 127.9660 128.0111 128.0040 128.0200
131.3300 131.1982 131.2322 131.1750 130.9239 131.0343 130.9479 130.8694 130.8025 130.7378 130.6874 131.0623 126.2422 130.7863 130.4127 130.7341 130.0101 130.4086 129.5600 129.8610 113.8670 113.5648 130.7100 129.7732 129.7717 130.6135 127.5599 129.9084 129.5243 129.3459 129.2554 129.2004 129.1306 129.0853 129.0211 128.9553 129.5005 114.4214 133.1607 128.7576 129.4997 124.2272 123.0545 129.6361 128.5244 128.4728 128.4410 128.4086 128.3782 128.3425 128.3111 128.2856 128.2599 128.2330 128.2113 128.1940 128.1774 128.1641 128.1456 128.1718 128.1357 128.0449 128.0777 128.1600
131.4200 131.4062 131.3641 131.2871 131.2453 131.0963 131.0264 130.9507 130.8766 130.8192 130.1114 127.1665 120.0955 131.0302 124.7762 130.0354 126.6318 130.6237 128.1416 130.2111 130.9607 130.5974 130.1567 129.8097 129.6867 130.5886 130.1150 129.3429 129.3591 129.4262 129.3904 129.3172 129.2531 129.1951 129.1457 129.0056 129.5263 120.3295 122.5202 128.8601 128.5384 129.7961 129.2342 128.6017 128.7507 128.6152 128.5856 128.5467 128.5147 128.4845 128.4589 128.4245 128.3961 128.3782 128.3622 128.3423 128.3167 128.3425 128.3725 128.7822 128.3986 128.3282 128.1504 128.2900
131.5100 131.4600 131.3734 131.3064 131.2498 131.1716 131.1065 131.0285 130.9618 131.5504 131.8196 112.1883 124.3664 132.2071 125.2370 117.3639 127.6056 134.5504 137.4306 129.7879 129.9382 129.8709 130.0949 129.8891 129.8544 129.8279 131.1280 134.0578 128.0170 130.3181 129.4363 129.4435 129.3745 129.3190 129.2496 129.1444 129.0868 130.3651 128.9524 129.0330 129.0121 128.7410 128.8747 128.8810 128.7812 128.7566 128.7208 128.6830 128.6507 128.6222 128.5952 128.5632 128.5407 128.5236 128.5014 128.4842 128.4931 128.3396 129.6150 138.8559 123.9202 127.7729 128.0255 128.4300
131.5300 131.5300 131.4100 131.3500 131.2800 131.2300 131.1600 131.0900 131.0300 130.9700 130.9000 130.8500 130.7000 130.6500 130.5700 130.5000 130.4400 116.4900 130.3000 130.2300 130.1700 130.1000 130.0300 130.0300 129.9600 129.8200 129.8300 135.3800 118.3000 129.6200 129.5300 129.5600 129.4600 129.4000 129.3300 129.2600 129.2600 129.1900 129.1200 129.1200 129.0600 129.0600 128.9800 128.9000 128.9200 128.8300 128.8500 128.7500 128.7700 128.6700 128.6900 128.7000 128.6000 128.6100 128.6300 128.6300 128.5200 128.5300 117.4200 142.5700 138.8200 128.5600 128.5600 128.5600
