110.3400 102.5000 102.5100 120.3400 120.3500 114.6700 114.6700 124.5400 124.5400 124.5300 124.5100 124.5000 124.6800 124.6600 124.6400 128.0800 125.1200 124.8900 124.8900 113.0600 103.0000 116.7500 125.2500 125.2300 125.3700 125.4800 125.5900 125.5900 125.6900 125.8000 125.9300 126.0200 126.1600 104.2500 114.1500 104.3500 126.5900 126.5600 115.8200 126.8800 126.9800 118.6200 119.0300 127.2900 127.4000 127.4900 127.5900 127.8000 127.8700 127.9700 128.0600 128.1700 128.2500 128.4300 128.5200 128.6200 128.7000 114.4500 107.0400 109.2700 110.5900 110.5900 132.7900 129.4700
110.3400 106.4627 102.4682 114.2228 117.2190 115.4713 115.2864 127.3212 110.0460 125.6976 124.3861 124.1730 124.2867 124.4038 124.4728 126.0679 127.6768 124.9910 125.8238 105.7370 107.6464 110.5151 126.3299 126.1525 125.6138 125.4395 125.8992 124.9812 124.1332 109.9082 127.5161 119.9434 111.2592 112.3826 103.9817 118.7738 117.1117 117.3534 115.1263 124.4200 114.4024 123.6485 124.9431 127.4035 127.1739 127.3283 125.1227 113.6257 127.7571 127.6798 128.0682 127.8672 127.5405 115.5175 129.1005 129.7814 122.7614 111.7419 106.5405 111.2937 119.3387 111.1672 133.3373 129.4700
110.3900 108.9820 101.7188 114.5292 113.4174 114.3924 114.6345 118.4982 123.2458 124.0326 124.1657 119.1045 123.4490 123.8886 124.4509 124.7869 124.8012 124.4977 126.1754 114.1250 106.0667 103.3573 111.1667 124.1000 118.0874 125.2019 125.6091 111.0127 114.1655 103.0985 123.0963 102.2453 103.3453 113.9393 114.7367 103.4334 116.3334 117.2293 105.4017 127.8039 122.1595 128.5227 128.0286 126.9048 128.5210 128.8617 121.4596 116.6623 128.3256 127.7342 127.9898 128.0270 129.4641 132.5369 126.5666 108.1647 113.5558 102.7219 119.6842 117.3272 121.3531 125.2929 133.8889 133.1400
108.6800 108.2843 104.3427 101.6571 114.7210 113.6362 114.4772 117.8789 124.1143 123.4646 124.3868 119.1911 122.7107 124.6027 124.1997 124.1747 124.2186 124.1602 125.5020 103.5516 105.6093 107.3106 112.8725 107.6433 123.9311 128.4814 125.1504 123.2366 107.7199 103.6760 117.3062 114.0672 101.3365 104.2566 109.4842 108.1405 117.0122 114.9971 123.3776 127.6154 120.3766 125.9931 130.5306 121.8204 120.6811 122.6160 120.7552 121.1347 127.8165 127.5318 127.6151 127.5982 127.2391 127.5785 129.3270 120.0885 106.1823 124.9816 115.1426 112.0403 106.5315 134.7754 131.9865 132.7600
107.4500 107.8262 104.8942 100.7011 115.6159 113.9155 114.6480 118.0919 123.3890 123.4963 123.7070 108.9970 114.2920 124.3179 123.8349 123.9265 123.9775 124.0154 125.8295 106.4690 102.9881 122.6482 99.8342 105.4459 124.0724 123.9953 124.7857 118.2170 117.2713 124.9216 108.5207 111.9620 116.4680 117.7241 115.8840 110.2712 109.5322 126.9894 128.0869 126.4413 125.8191 125.8579 113.8493 117.9738 112.8001 116.9484 126.5007 107.2452 129.5358 127.8477 127.7071 128.8990 130.7961 130.9953 112.9398 106.9996 114.0203 111.1534 104.9551 106.4229 117.1354 132.8638 135.3858 134.9800
112.2100 110.4327 109.8695 100.5168 114.9880 113.6618 114.9521 106.5553 114.1815 123.9752 123.9989 125.0144 123.0314 123.8877 123.6030 123.7009 123.7579 123.8274 124.5936 122.9338 117.6485 125.9921 110.5713 126.2824 126.3422 124.4200 125.3873 123.5762 124.1976 127.6666 114.5396 113.3019 110.3641 106.0361 116.5686 110.4945 124.2293 124.7873 115.6797 126.0022 121.1666 123.2317 116.4502 117.7776 118.1177 124.0327 120.8710 117.5931 127.2094 121.1315 124.0223 117.8017 105.6051 106.4187 108.0840 115.9338 111.8811 106.0078 106.9542 105.8162 132.9712 105.0140 110.3486 107.0800
107.1400 109.5993 107.8535 110.6803 113.6274 114.0117 114.0680 112.3598 122.3406 123.1941 112.7107 117.9841 115.8263 124.2648 123.3030 123.4596 123.5220 123.6136 123.2253 123.9560 124.0388 123.8726 107.0466 126.0762 117.3861 125.3674 124.4211 124.6308 124.8071 124.4513 122.7201 109.5072 106.0198 107.9928 107.7367 110.8754 127.0214 126.2479 122.5587 117.9343 115.0077 117.2014 117.4506 119.6290 124.4054 120.8181 125.2897 123.3420 123.9636 124.4108 126.6306 129.1758 102.0786 115.0991 106.2968 113.4343 105.4729 106.6874 106.3182 115.1523 119.3187 129.9218 111.7474 115.6900
107.1500 102.5373 110.6353 98.7857 112.6525 113.1543 113.2084 105.0440 112.3144 118.6955 122.6868 120.2288 120.4518 123.0919 123.0782 123.2163 123.2731 123.3595 123.5543 123.5300 123.2751 125.7396 120.8005 123.4794 116.9719 124.1108 126.1094 124.2784 123.9722 123.9687 119.4895 118.5419 119.8975 116.9296 117.4729 123.0836 118.5964 124.8544 126.4294 114.8390 116.3564 116.2200 113.0159 124.2137 113.6725 125.2658 125.9743 123.2829 122.8797 126.2312 108.5272 105.4395 111.1256 102.9855 106.8582 105.8527 106.2501 106.8167 121.5765 131.4101 130.1135 131.4703 135.0708 107.0200
110.8200 108.7404 100.3989 100.3472 114.1073 112.7333 113.4188 106.4528 114.3670 114.5620 122.4224 115.3196 113.1809 122.3948 122.9694 122.9719 123.0327 123.1254 123.1920 123.3098 123.5176 119.7440 117.0096 120.0101 123.3689 124.2569 115.4688 123.1993 126.2243 109.5020 107.1747 105.5733 114.5957 112.3080 109.1307 119.2575 112.5336 125.1444 121.9159 111.9199 107.6263 106.1207 121.3833 118.4404 124.9740 122.6885 121.5070 122.8327 124.9584 114.9206 109.4387 118.1333 113.7082 108.9780 129.0548 103.5342 106.7563 105.6573 129.5340 132.1911 131.6707 129.0010 110.3460 106.9100
106.2700 106.1194 100.0133 99.7971 109.9741 112.9210 113.3172 105.4069 117.9785 105.5048 107.7844 119.7686 116.3571 112.9687 123.7842 122.7208 122.7736 122.8752 122.9578 123.0725 123.1499 123.7315 118.9545 119.9281 123.5630 111.8687 124.2759 124.0800 121.0098 129.2270 125.0708 135.0817 124.6585 109.5510 118.1857 126.4881 113.3083 113.0518 105.0170 103.2008 103.3422 112.5543 112.7086 121.6626 120.8686 121.5593 123.3215 123.1230 125.7741 121.4427 124.1760 117.0160 126.2483 103.0696 111.3677 105.7637 106.7483 112.1257 130.3158 131.1506 132.9340 131.3498 115.3122 106.8800
104.4700 103.4179 102.7515 100.3998 100.6529 115.1875 114.2337 100.3373 112.6051 108.2029 98.6760 112.2474 113.1207 110.2452 123.3143 122.4863 122.5186 122.5024 122.6765 122.6317 122.8527 122.3384 120.6657 123.2400 124.1062 121.7746 123.3299 123.4677 119.2442 121.4471 124.3014 124.0678 120.8142 110.9966 111.5942 122.1405 120.0778 111.5557 102.9589 103.7069 100.2273 117.3757 120.4972 119.8811 119.3911 122.3283 127.4181 128.1376 126.3176 114.3534 105.0677 104.0244 116.8020 103.1015 110.3095 107.8625 107.9093 109.0859 129.1796 126.2227 131.6374 117.1035 111.8988 106.7500
99.8600 99.0155 117.4581 99.0624 101.1908 108.6314 108.9631 108.2352 108.9269 115.6628 101.1959 120.5304 107.6085 126.5751 121.3392 122.1858 122.6063 123.1336 120.9121 123.3032 122.5927 123.4076 120.5451 123.7065 123.1966 122.4742 123.3300 124.0679 123.8193 124.2380 123.9370 124.9796 112.9822 103.5250 117.6246 113.8999 118.9339 113.9321 103.5515 103.5878 111.6383 121.3232 117.0678 118.8068 122.9987 127.0599 124.8637 127.7383 126.4035 124.0296 123.6339 103.7463 104.4017 111.3303 105.6171 104.8926 104.4011 124.3184 127.1493 127.0700 128.6597 118.7484 114.7260 116.5600
99.5800 102.9941 105.9788 100.1368 104.4671 106.5474 108.4244 100.7686 112.1420 114.5504 108.3513 106.7078 116.0814 122.4921 121.6759 122.1591 118.1617 120.7446 111.9293 121.0478 122.1912 122.5352 124.9491 118.6942 123.0427 123.2401 123.1440 123.7030 123.1861 123.2834 124.4090 116.8180 96.8216 107.9232 112.0303 119.0522 125.4141 118.7781 101.5637 104.5519 114.9624 116.7708 118.9189 119.4430 123.2151 122.4124 119.6660 126.0513 126.6646 128.0739 128.3801 121.2646 104.7922 110.8619 104.1623 114.5984 103.8856 126.9357 126.2573 126.7122 126.8844 131.8438 117.9074 116.5600
99.2800 99.0679 110.5342 110.4803 110.7895 107.5033 108.9468 106.9798 109.0581 114.2843 109.3298 103.2024 120.0644 120.9875 121.5717 121.8435 117.3759 106.4477 123.1838 122.4757 122.0693 122.3234 121.6419 122.8586 122.9152 122.7725 123.7241 120.7119 125.1287 126.5000 111.7691 106.0384 114.5144 115.0821 116.5312 116.9806 115.5239 117.0079 104.2640 104.1663 117.0682 120.9039 119.8784 120.2305 117.7499 118.4586 121.3807 126.2199 125.6153 125.7341 125.9332 110.3371 109.4309 109.3792 104.9545 118.8514 104.7323 116.5774 125.6431 129.7506 130.5526 139.0817 108.1667 115.4300
99.3100 98.1098 111.1060 104.9146 106.2614 106.2793 106.6476 100.8767 108.6092 98.7734 116.2741 107.7502 119.5749 120.8195 121.2396 121.0942 122.7452 121.3992 119.1600 122.3956 121.8352 122.1859 122.3407 123.4440 119.9744 122.7261 126.8280 109.7805 102.6678 111.3335 114.5649 110.4966 108.7102 111.1349 118.6089 118.5603 119.7366 111.1563 103.2480 108.8987 116.7945 118.2459 117.8031 117.8702 117.5677 124.6064 127.1389 123.7169 124.0539 113.9057 105.9895 119.6291 117.9569 123.4584 124.1462 110.6951 103.1401 118.5977 131.5974 134.5395 136.7286 128.5864 108.6164 106.5500
100.6400 104.9499 122.6989 122.3062 103.1928 109.6423 110.7581 101.1460 106.7704 120.7039 121.1692 113.9480 117.8896 120.6211 120.8948 121.0633 120.8549 121.2398 113.4889 119.3974 121.9047 121.7228 123.6812 124.1105 102.2036 123.9281 119.9273 99.9999 121.9287 120.8212 112.9776 108.4499 109.2406 110.5220 118.3515 111.6956 111.7026 113.1218 115.3771 115.3578 119.7070 120.0988 117.0951 113.5047 124.5950 126.2063 120.6604 122.8413 108.9818 121.5646 108.0814 120.4921 106.3426 122.0289 104.8818 106.0288 121.7185 128.0169 128.3806 133.8902 129.8458 123.4187 114.6716 126.6000
101.2500 120.6195 122.1110 108.5175 102.7103 108.7224 109.6646 105.6908 103.6214 121.8544 120.0512 120.5374 120.3988 120.2481 120.5345 120.5521 120.6151 120.8328 118.0995 118.8757 121.4284 122.0365 120.6942 106.9963 97.7895 102.2719 103.1837 104.8440 114.9698 113.1159 106.8511 108.8016 109.3267 109.8557 109.9432 109.4554 113.1267 114.1034 114.2392 116.8105 112.9619 114.9150 116.0674 122.4815 120.0219 120.6770 120.5039 121.9240 120.9312 123.2560 111.1369 109.9610 119.4254 117.7469 104.4442 103.5537 127.9291 127.5699 125.3717 125.6418 126.5233 126.1266 125.7099 125.1500
120.0000 120.9912 120.6881 104.5744 102.0613 101.9094 101.4821 108.8817 103.0026 121.4018 119.7185 119.7968 119.9738 120.1364 119.8559 120.7680 120.6322 120.6540 120.9433 121.1273 121.4688 116.7250 119.6513 111.7188 99.5682 103.4288 101.4431 100.3543 103.7715 104.2309 108.4891 109.1899 109.0059 109.5879 109.1887 116.2594 113.0711 115.0549 103.5434 107.8307 108.1608 113.5902 115.9237 115.5290 119.8059 119.8576 121.2908 121.5981 121.6460 122.6797 111.8497 104.3433 118.2756 106.6458 125.6952 118.3466 117.0696 123.7272 125.4056 125.2675 124.8581 125.3183 124.8852 137.6900
119.6400 109.4092 123.8145 105.5700 100.1717 101.4400 102.9271 104.7717 114.5850 119.8109 119.3562 119.4275 119.6162 119.7323 120.7578 114.9688 114.2105 113.0186 120.1680 120.6295 120.8292 121.4564 122.3607 100.3172 103.8903 107.3531 102.2019 103.8982 108.6271 105.4641 108.1820 108.2922 108.4793 108.8084 111.9115 112.3704 111.2060 101.6316 107.6133 107.6936 108.5161 110.2003 113.8675 113.7496 120.2878 120.2753 121.1487 121.6906 121.2770 114.9701 117.4726 124.1982 124.9966 107.7279 123.4233 121.2929 124.9552 122.1411 123.0649 122.9861 123.9452 124.8269 130.6207 130.8400
119.2600 97.5458 100.7718 96.0271 99.1556 100.0903 98.2784 114.0631 119.2123 118.9903 119.3895 119.5985 119.2953 119.1296 115.8634 112.5966 107.3027 106.5784 114.7631 120.3053 120.5861 120.8437 114.8589 119.3796 104.2573 113.9531 104.3754 105.6113 104.3469 106.4664 107.9310 108.6796 108.7304 110.9705 111.6781 112.4283 103.5103 107.3333 107.2645 106.9751 111.3432 112.1601 112.9200 113.4141 118.7987 115.0441 117.9991 119.1924 111.8596 121.5407 124.2630 122.0182 110.4884 106.9986 121.1063 120.9650 122.5778 123.0637 122.1629 123.9644 129.9147 130.3353 130.6266 130.5200
101.1300 106.3762 107.1328 100.5227 105.9397 97.4006 98.4422 119.8360 118.2920 119.1863 112.3651 118.7774 118.1450 120.4124 112.8212 117.7554 104.4968 106.7649 111.5691 120.2442 120.0511 120.6559 118.1592 118.2186 97.0088 107.0309 109.1103 110.2344 105.7762 106.5786 106.7370 108.5572 110.4852 109.0687 107.8672 108.3005 101.7815 105.7416 106.3570 105.4896 110.4518 106.6897 108.2037 104.1375 112.3676 103.9502 114.3969 115.1625 109.8363 122.8449 120.8032 118.3100 119.7722 120.9635 118.6051 123.3767 122.7467 128.8376 130.3942 130.6663 130.6134 130.2021 126.2513 129.9700
100.0600 99.7983 102.4939 106.9424 114.2962 97.5778 101.9865 119.5602 118.0529 118.4789 118.1115 116.5006 119.1520 98.2495 100.8221 102.5308 108.9928 112.9928 120.0207 120.2601 119.9642 120.8646 120.7967 125.1646 100.7155 101.8254 101.8487 100.4956 105.3384 102.7929 107.2860 109.6999 109.9818 101.7925 100.0826 102.2382 106.3183 101.1775 102.2700 103.7672 106.2704 113.0261 109.6127 115.6542 109.9642 110.5679 122.1496 121.0255 116.0063 116.8651 118.2494 118.6953 113.0038 110.3542 111.5953 119.3244 106.8252 117.9978 116.6559 118.1094 119.9449 131.1795 123.3787 123.2800
102.1300 100.8102 93.9617 114.6494 118.0531 111.3110 112.6590 118.0787 117.6013 117.5388 117.6717 117.8583 119.5676 104.5443 107.9984 101.6320 113.8386 111.2432 120.4863 118.9454 119.6488 118.4480 110.5693 107.2585 98.4802 103.5718 104.3712 103.7845 99.4600 103.5292 107.9010 108.9281 109.1503 102.0777 101.6740 103.1207 100.5277 106.4205 100.2535 105.1659 110.1355 110.6016 109.2421 116.3540 113.3586 112.3639 118.9003 118.9386 118.7002 118.7414 113.4560 109.4387 102.8191 103.6843 103.6896 102.1853 103.8916 103.0255 108.8846 112.2744 105.8150 131.7110 121.7918 120.1700
99.5100 101.0082 98.2483 115.2022 117.4803 110.8422 109.1808 117.6626 116.9280 117.2020 117.3092 117.4302 118.5542 104.9159 99.9298 97.8410 105.3570 102.8570 116.5170 119.2111 119.9645 120.2444 102.2256 96.7933 116.6652 114.4534 103.6736 100.0009 111.2749 107.5570 108.2444 105.3748 102.0545 100.0223 99.9107 100.1348 101.0876 103.6536 110.7740 108.0963 110.5940 102.4289 113.9002 115.4324 119.0537 117.9597 117.3506 117.3165 119.1674 120.0432 101.2756 114.9130 103.9062 105.1953 104.9851 105.3465 105.3641 104.9748 110.0031 112.3558 110.2384 114.4855 111.6882 119.6200
97.3700 96.4542 101.1236 118.0427 116.5498 116.6671 117.0454 115.6860 116.4020 116.0835 116.6095 109.8223 117.1963 123.0332 101.2164 100.5417 106.8597 104.4824 115.3260 118.7875 119.1512 112.6436 117.4492 103.6358 116.8228 105.9855 97.9684 103.1863 106.1065 105.8534 106.8133 105.2532 102.5455 102.9103 105.2612 107.0815 101.5896 109.2743 113.9847 106.7964 107.5641 114.2123 116.0597 116.2908 117.4656 116.5935 121.1222 120.5843 122.9955 123.7204 103.1424 111.5124 103.8899 104.4584 104.6525 104.6620 104.9253 105.9942 114.2735 114.9568 117.3473 111.4320 112.5834 111.8200
94.6300 94.3227 101.0556 117.0165 116.0854 115.3019 112.9271 108.8898 115.8633 113.8270 120.9155 117.1165 117.0578 114.8109 110.4334 105.4800 115.0495 116.3585 109.1480 118.5886 119.0019 117.2433 117.1933 119.3949 120.9910 118.7237 106.5978 114.0771 107.5300 105.1246 108.1037 110.3143 110.5168 106.2770 100.0122 106.9357 103.7918 102.0996 107.0899 116.0381 101.9989 117.6419 115.3579 119.8488 119.9734 120.2911 121.3911 124.2387 106.6269 114.3413 103.1800 103.3314 104.4593 104.5447 105.4618 106.2254 105.5085 106.2540 120.2706 120.0821 120.8045 114.6809 112.0668 112.1400
94.0900 96.2386 102.4462 116.3833 115.4568 115.2382 114.6596 115.4186 115.3170 115.6367 116.0135 125.4777 115.9393 114.3789 109.1528 118.3149 116.8844 113.7773 117.7109 118.2139 118.2214 118.6833 116.1376 121.3575 116.5680 100.8661 103.5739 104.8422 99.6376 98.0160 112.1811 98.4799 109.3150 101.5226 110.6306 102.8977 101.8215 114.5141 113.6470 115.2549 112.9039 118.2891 107.0262 120.5192 120.8037 121.2080 115.5706 104.1553 102.9592 104.0099 103.9729 104.1306 104.3995 104.3085 106.0126 107.4662 106.6096 107.4471 109.1426 109.5937 110.6470 111.8284 123.3098 124.7100
115.5200 113.0286 100.3277 115.5139 114.7366 114.5378 114.4490 114.5328 114.6520 114.8893 114.0476 115.4056 115.4787 116.0298 112.2493 115.6029 117.0819 116.7799 118.9812 101.2375 117.5574 118.3769 110.7368 95.8631 97.9124 101.5506 105.2417 100.6964 107.5319 107.0370 108.7894 109.2978 101.2479 113.0604 100.7825 117.2453 101.8635 115.4393 113.7154 117.4231 117.6561 118.6634 119.4725 119.9487 120.3016 122.0619 105.7288 117.1232 101.9982 103.6453 104.0206 103.0069 113.8048 104.1506 105.7016 106.6654 106.8881 107.3314 118.4882 124.3945 123.8483 124.9743 124.3890 125.0900
114.8400 115.9090 110.7866 113.9147 113.8680 113.8520 113.8414 113.8544 113.9507 114.2082 114.5791 114.6250 114.8497 115.1349 115.6087 115.9444 116.2350 115.6471 116.2233 93.8024 106.1268 120.8548 98.2935 98.0606 101.8216 102.4953 104.7136 105.3728 106.5397 107.0328 106.8302 109.9104 111.8866 111.5041 113.4776 101.4937 108.6791 105.0763 109.2754 115.2048 116.8886 118.5651 118.8953 119.9320 121.2451 102.3990 102.1726 102.6909 103.5892 103.4278 103.9098 103.3742 104.4325 105.0270 105.2165 124.6136 123.8448 123.1768 108.7540 122.3752 122.7118 124.1107 124.3834 124.2200
114.2100 113.4617 104.6515 112.1205 113.1364 113.0541 113.0137 113.0601 113.1848 113.3518 113.5819 113.9137 114.2453 114.6482 115.0007 115.3614 115.9795 114.2575 109.5294 118.7527 105.1943 117.3602 97.1046 99.6792 117.1506 114.4014 103.9568 106.1355 105.1949 106.3931 109.4967 109.9763 110.6945 111.0709 107.4454 99.4081 102.3297 116.2227 109.3081 108.1902 106.6027 117.9539 111.0199 116.7890 102.3779 117.9016 100.7430 102.8677 102.4168 105.5872 102.8680 104.6543 121.6648 110.3170 121.7116 120.9190 121.2814 120.9237 122.6482 122.6410 123.5511 122.7182 123.3044 124.6600
113.5100 113.6595 113.4188 112.8104 112.1938 112.1865 112.1404 112.1965 112.3423 112.5736 112.8684 113.2244 113.4968 114.4140 115.0577 114.9964 115.0974 116.5476 116.8200 116.5441 116.8259 116.8099 103.7203 107.1904 97.4082 99.8990 103.0585 105.1516 106.1315 111.9038 109.1302 110.2559 110.0927 104.2172 109.3068 99.6572 108.3712 113.9176 106.2038 108.6470 113.0818 112.8476 111.7090 103.6208 101.0775 101.9354 107.4448 107.6638 108.4907 116.8846 107.0574 122.0419 119.9956 117.1703 121.2708 120.8037 120.9749 121.6314 122.0937 123.1361 122.9257 121.9369 119.3849 123.4000
112.7000 112.2708 111.9348 111.6060 111.4443 111.2254 111.1699 111.2363 111.4137 111.6922 112.0489 112.4811 112.9498 115.5055 114.3553 114.3368 114.9392 115.3016 115.8550 116.1763 117.2093 115.6485 103.2158 96.3880 106.5202 102.9139 108.7349 105.1483 105.1217 111.2736 108.6707 109.1754 101.3989 98.4627 100.2466 102.8192 104.4477 104.6735 105.9045 109.1855 116.2408 118.7990 109.2155 117.1010 106.9391 116.5748 119.8572 118.6715 113.5147 113.1172 115.7858 113.8615 112.6593 100.7227 120.7973 121.1341 120.9627 122.6251 122.2597 123.3806 122.5821 114.5155 123.7365 122.4500
111.8000 111.5836 111.0899 110.6703 110.3170 110.1263 110.0672 110.1608 110.3814 110.7323 111.1723 111.6610 112.2143 112.5292 113.3151 113.9526 114.4883 115.1186 115.5635 115.6127 118.6467 119.8574 100.0370 97.4542 106.5745 104.3289 107.7679 107.4307 108.0225 102.2372 109.8534 98.0047 98.6683 98.9410 102.6040 102.7134 104.2428 109.8119 111.5537 115.3166 113.5253 116.2622 117.3912 116.9611 118.8540 117.7206 116.8967 116.7091 107.4635 101.3982 110.3971 102.3133 109.1888 107.6264 122.2148 115.2061 122.6590 121.9669 121.6439 123.0867 122.1286 121.8896 116.8526 124.0600
111.6900 110.7082 110.1206 109.5910 109.1693 108.8946 108.8122 108.9332 109.2279 109.6727 110.2240 110.8263 111.4652 112.1685 112.7864 113.4089 113.9959 114.2697 114.8316 117.2479 105.5021 119.9756 99.7615 100.4725 101.8433 102.7151 104.7961 105.9477 110.0593 108.3251 104.5945 108.7276 98.4711 104.3080 97.9469 98.2739 110.2282 113.8897 114.1964 114.3501 115.0308 115.5135 114.7403 116.8832 116.2395 116.9314 117.0690 110.2948 105.4250 103.9122 103.2719 102.5851 102.2693 117.3271 117.7711 107.3104 122.1864 123.2913 123.6490 123.9796 124.4198 120.4558 124.3422 111.4600
110.7800 109.8401 108.7894 108.3826 107.8254 107.4651 107.3434 107.5082 107.9149 108.4923 109.1872 109.9420 110.7112 111.4767 112.2396 112.9022 116.1679 115.9665 105.6190 118.3850 91.2031 105.1387 99.2791 102.2498 103.2823 104.8877 105.9306 108.3308 111.4044 102.2043 110.9847 112.5177 108.7739 110.0697 107.5995 107.8291 113.1682 112.8234 113.4807 114.1324 115.2803 109.7826 107.3393 119.0527 118.8005 116.7702 119.6904 103.3784 103.0852 103.1538 103.4937 111.3418 106.2258 117.2150 123.6884 102.0346 112.3419 112.6094 113.0013 113.2187 113.5913 113.5873 114.8733 111.4600
109.4500 109.9729 107.7478 107.0360 106.2640 105.7507 105.5801 105.8121 106.3877 107.1762 108.0881 109.0243 109.9438 110.8495 111.6754 112.1755 107.6069 119.6712 93.0895 98.1704 95.0829 97.1707 100.1798 102.4191 106.4592 98.5109 100.3659 107.1232 108.1087 106.7291 109.7978 108.5590 109.5191 110.5939 111.2007 111.8111 112.2521 113.1298 113.9073 114.4248 115.0319 114.8848 107.1715 104.7202 104.8205 104.6451 107.0932 103.2288 103.1297 103.2352 103.0446 108.2916 104.0716 109.3102 108.8676 104.9338 105.8304 106.5448 107.0992 108.0368 111.9003 116.1033 116.7671 119.0100
95.5700 101.3150 107.1723 105.5286 104.4342 103.6302 103.3538 103.7351 104.5909 105.7350 106.9241 108.0985 109.1992 110.2374 111.1510 112.1915 119.2031 111.6016 99.5529 95.6851 95.8695 98.8001 97.6706 97.5088 100.4229 99.5195 100.7789 108.9831 107.5290 108.1798 107.6114 108.8241 109.5921 110.1684 111.5105 112.9396 113.7023 113.9388 114.0949 114.8479 115.9559 116.2804 110.8104 107.3577 112.2717 101.2688 102.1520 102.9009 103.1754 103.3446 104.1286 102.2555 113.0405 101.3417 112.7130 114.5728 114.9807 120.6074 116.2122 116.7825 118.1140 119.1694 108.2630 118.6600
108.0000 106.7962 105.4717 103.8758 102.2191 100.8820 100.3909 101.0528 102.4952 104.1455 105.7462 107.2065 108.5110 109.6844 110.6887 112.2003 109.4632 105.6020 92.2890 97.1417 116.5623 108.0744 118.1037 100.0829 101.4518 100.3366 103.5287 105.2995 105.3498 107.6059 107.6470 108.0232 109.8577 111.7240 101.5655 100.4937 99.8695 105.5229 110.4800 106.7674 104.8526 114.3136 112.4703 108.8139 113.1289 101.4895 102.4873 102.7459 102.7493 103.0184 103.4072 107.2883 114.4812 111.1077 112.3176 115.1094 115.9633 116.6467 117.2018 117.4465 117.1151 117.3073 118.0840 117.9400
106.6800 106.2289 104.2810 102.1399 99.6195 96.9193 95.5737 97.3706 100.0405 102.5294 104.6349 106.4159 107.9321 109.2412 110.3935 111.4767 112.9229 108.3329 89.4916 116.5580 114.5617 114.3536 108.3519 108.0581 98.1664 97.9985 102.6218 105.3321 104.7000 107.9044 105.5896 112.5226 101.3859 99.2318 99.2902 100.5693 102.0123 103.4905 105.3490 107.3629 106.4932 112.8981 106.3447 116.8236 101.9211 111.0167 102.2734 108.4636 111.7341 112.2913 113.0587 113.1175 113.5019 114.0185 115.1553 115.4996 116.0072 116.8695 116.5309 117.7013 117.5491 117.6374 118.3724 118.2700
106.4700 105.5209 103.3750 100.5511 96.7341 90.7867 88.7519 91.8084 97.4804 101.0920 103.7503 105.8195 107.5102 108.9264 110.1555 111.2670 112.7932 113.8368 114.0705 112.2698 104.3132 114.8714 99.1131 99.5264 111.6714 99.4315 101.7289 105.2151 98.8682 106.2119 113.8871 105.6882 116.8295 99.0947 101.2816 99.9943 101.5947 104.0472 107.2349 106.5613 106.4115 107.8658 110.3200 103.1311 102.2258 101.9100 103.0355 111.0543 110.6507 111.0964 111.7812 112.3421 112.5417 113.1732 114.1189 115.7375 114.9358 114.8799 116.9661 117.2807 117.5062 116.5933 116.8365 118.6300
106.3500 105.1931 102.8611 99.6386 94.4427 86.8264 84.5826 87.6909 95.7037 100.2597 103.2997 105.5232 107.3046 108.7845 109.9274 110.7712 128.4577 109.9044 107.6690 98.6801 97.9782 98.7931 100.1891 101.0168 102.1094 102.6600 103.2635 99.1280 107.4769 110.7690 107.1421 112.0675 98.5202 103.5075 103.8320 100.2156 100.1677 103.6004 104.9461 106.7270 107.5829 110.5770 100.1434 101.9060 102.2556 106.4985 102.1968 102.4071 101.7280 102.8379 102.8792 103.1858 103.8313 106.1534 114.5699 115.8011 112.4783 109.5553 117.8611 117.4655 117.6415 113.9795 104.9676 118.6300
106.3300 105.2513 102.9695 99.8451 95.0256 87.6498 85.2633 88.5234 96.0771 100.4380 103.3851 105.5863 107.3463 108.8043 110.0399 111.0980 111.7876 104.4968 112.7154 96.6014 100.4092 98.8694 99.3982 99.5455 101.5539 102.7750 107.5464 103.0913 104.2301 105.7710 105.1222 111.5833 104.3756 103.4915 109.1776 98.8275 98.5900 104.7032 107.4484 102.5641 105.4958 107.0515 101.6025 102.0274 101.8869 110.2713 102.7380 103.5194 106.3272 103.9851 103.4579 106.5811 107.8072 108.8345 115.5560 115.3422 115.9520 117.1593 116.5446 117.4003 116.7468 121.8976 106.1584 105.6500
106.4100 105.6872 103.6366 101.0445 97.6774 92.7048 90.7659 93.5286 98.3977 101.5212 104.0024 105.9883 107.6227 109.0148 110.2242 111.4010 112.6421 114.5600 117.9310 101.4423 113.6231 97.6571 98.1824 97.3550 103.0709 101.3006 113.4704 103.3011 100.0956 104.8337 101.6436 108.2870 108.5714 112.4123 112.8995 104.4872 104.1885 115.1801 110.2664 106.9561 109.2277 102.6494 104.6514 101.5979 102.0280 100.6968 100.4017 101.1932 105.9560 104.3732 105.3481 112.1585 111.6835 111.6005 111.8537 112.4640 112.6075 113.0937 116.9291 115.4342 119.7746 115.3219 113.2112 105.6500
107.9000 106.3962 104.6908 102.6948 100.5301 98.4066 97.4768 98.7096 100.8473 103.0559 104.9794 106.6548 108.1008 109.3769 110.4686 111.6241 110.7895 115.5358 102.0110 114.3879 106.9273 98.1326 97.0406 96.8894 108.5829 102.6976 105.5593 111.8414 115.5149 115.9201 115.8753 108.4130 117.6839 110.4631 101.1792 112.3758 104.9473 106.5659 105.0853 106.0394 108.4368 103.9633 101.6190 101.5980 103.0613 104.1707 110.7209 110.4596 109.9094 110.1752 116.2262 106.5288 106.9529 116.7202 118.0188 117.2908 118.0498 117.7537 118.7669 117.4099 109.8421 118.8363 107.7524 120.2100
107.9000 107.2672 105.8922 104.4050 102.9841 101.8317 101.4211 101.9807 103.2077 104.6623 106.1228 107.4873 108.7300 109.8447 111.1554 111.8985 114.7470 103.0644 92.4026 95.2082 102.5097 101.1676 97.3394 111.5550 98.9850 104.3501 105.7012 110.8111 115.4729 112.7491 114.7869 108.9211 116.0129 110.7646 104.9112 111.0080 100.2712 97.8062 112.5417 99.0435 102.8042 105.9435 107.1392 104.4630 105.4188 104.2812 115.6581 120.3430 119.6353 115.3786 121.0790 103.3171 102.5522 109.0900 107.7528 109.4248 109.9022 110.1409 109.0158 121.5866 120.9123 110.2742 116.1328 120.2100
109.3400 108.2200 107.1223 106.0461 105.0537 104.3553 104.1193 104.4421 105.2019 106.2154 107.3054 108.3950 109.4473 110.4173 111.3460 111.3899 104.9538 98.0606 108.5590 94.7649 97.2298 99.0206 96.1284 106.2223 100.8239 104.8642 104.7070 114.2306 96.8018 107.4829 108.5797 111.0455 110.9768 111.4356 112.3133 105.8995 106.0635 106.3352 102.2949 100.2000 100.4478 101.5659 102.6733 104.1876 118.4893 119.4609 121.7374 107.2807 110.0751 116.7221 119.6605 101.1010 108.8639 109.0146 109.1310 113.1945 103.5298 103.1512 103.9822 111.5829 110.0332 104.6613 108.4327 105.6500
109.4900 109.1744 108.3202 107.4929 106.7941 106.3233 106.1747 106.3831 106.8983 107.6136 108.4539 109.3254 110.1986 111.0311 111.5896 113.8357 92.6429 93.4804 96.5812 104.1997 95.7147 99.0710 110.3609 98.6865 102.5767 105.5098 105.1856 108.7819 105.2087 113.0866 106.5042 101.9426 105.5305 100.6103 114.3886 99.9099 113.3598 112.6995 112.0513 111.8793 113.2872 111.1437 113.4807 114.7256 124.9324 107.2322 124.1440 121.8520 122.5961 106.6048 105.9671 119.0901 122.9399 124.8677 117.9474 115.6422 112.0701 111.6972 112.6165 115.3822 116.5603 113.2161 113.7975 116.3500
110.6800 110.1136 109.4250 108.7887 108.2819 107.9417 107.8324 107.9778 108.3487 108.8789 109.5394 110.2281 111.0225 111.4912 113.2968 113.2187 113.3859 95.5292 93.3456 101.0261 99.0015 101.8056 103.6487 98.2506 98.8600 110.8575 106.1478 106.4486 108.1975 108.4271 118.4002 98.2402 106.3451 101.1493 103.9676 99.3060 109.0897 113.2279 114.5533 114.9268 116.0788 116.4367 116.5754 118.0581 104.0156 117.1256 117.5974 119.3900 119.1912 117.9596 123.7227 124.7664 125.8635 126.3671 126.5480 126.8022 126.6245 127.4128 127.8198 130.9544 106.4485 131.5189 129.2072 130.3400
111.5800 111.0002 110.4429 109.9461 109.5594 109.3065 109.2273 109.3380 109.6100 110.0261 110.5273 111.1026 111.6749 112.7951 104.9501 97.5233 95.5321 95.3616 99.5314 100.1541 100.4448 108.5291 107.8433 103.2892 108.9122 105.9049 107.3823 107.8760 111.7049 110.4074 117.0530 100.0648 101.7948 99.8953 103.3266 106.5289 106.0690 105.7262 106.3390 109.6282 110.1583 114.6921 115.8114 118.9599 102.6173 120.2075 118.4898 119.2596 118.0687 118.4771 102.8676 103.5685 113.0455 118.1199 120.4413 125.3678 126.9539 128.7430 119.4130 114.0705 104.6554 131.6264 129.9205 130.3400
111.7100 111.8550 111.3884 110.9915 110.6790 110.4945 110.4324 110.5152 110.7273 111.0490 111.4572 111.9287 112.4502 112.9243 112.6583 92.7573 93.5192 95.6535 96.8168 96.3469 103.5833 108.5606 110.0244 110.3311 116.8484 114.7928 113.9205 107.9435 95.3399 109.2701 117.7753 108.1865 101.3506 100.3280 102.2810 103.9001 106.3339 105.5960 107.6585 110.8256 102.7030 109.0021 116.2011 108.9374 101.7609 110.5829 120.0617 119.1544 118.6713 112.1743 115.3625 120.8351 121.2822 122.1264 122.4919 123.1633 124.3154 125.5088 114.8752 111.4166 105.3458 103.9857 127.3325 130.3600
113.4300 112.6411 112.2612 111.9294 111.6854 111.5392 111.4871 111.5542 111.7141 111.9797 112.3143 112.7100 113.1439 113.6101 115.5168 104.1389 97.1235 104.1776 102.3677 97.6416 99.7976 106.1333 108.5023 111.5751 110.2407 111.5667 107.4083 109.5319 99.2048 117.8231 104.5274 113.1719 99.8797 102.7659 102.4386 103.4018 105.8346 105.2985 107.2833 103.0707 109.2078 109.5178 112.6159 119.4888 100.4255 107.5970 108.2323 117.8779 119.1372 109.9356 117.4135 120.5966 121.5205 123.1311 123.1852 121.1900 120.5683 120.5139 124.4859 127.5561 106.7352 118.5551 105.4050 105.7900
113.4300 113.3895 113.0629 112.7872 112.5844 112.4668 112.4268 112.4837 112.6197 112.8346 113.1137 113.4460 113.8165 114.2776 114.4741 111.9043 92.3194 94.2866 107.4811 108.5567 116.4560 110.1471 114.2439 98.5292 119.9960 102.7451 103.8979 107.5701 103.2258 113.1507 101.2993 98.2182 100.9018 104.3075 101.5074 105.3141 106.3821 104.9333 105.8871 111.4251 107.2553 106.4309 108.0637 115.4829 103.9883 104.9792 113.8054 112.8004 113.2443 115.1016 116.3056 120.9348 120.3908 115.9862 122.1253 125.9269 125.0542 106.7032 128.1589 124.5544 125.2686 110.3544 120.3552 105.8000
114.1200 114.0825 113.8009 113.5750 113.4104 113.3055 113.2799 113.3171 113.4310 113.6091 113.8502 114.1383 114.4250 114.8280 115.0429 115.2719 91.6137 104.7561 104.3526 108.7093 107.0459 108.7343 101.3267 95.5968 110.3175 95.1942 109.6798 96.0956 107.2430 101.3410 97.4550 98.8576 103.3853 100.0181 102.3196 106.2627 107.1715 106.2189 110.0536 110.2414 100.5616 105.9586 105.7161 111.8174 105.8013 108.7202 112.4449 112.9539 114.0341 114.4791 115.6185 117.6711 115.5212 107.8139 116.6080 121.6986 115.5708 113.9470 116.9520 126.0958 127.1027 114.2160 115.4329 119.5000
114.8500 114.7323 114.5066 114.3206 114.1721 114.0728 114.0477 114.0825 114.1791 114.3290 114.5342 114.7761 115.0696 115.1708 116.5370 116.0940 121.2182 120.0904 106.3778 102.0300 99.5477 103.8183 106.0261 102.5472 98.1168 99.9907 112.5266 99.2129 109.8864 107.5599 101.9271 99.7388 105.8324 107.5398 104.7106 106.3250 111.2521 107.6488 105.2315 113.7978 105.7360 113.1659 114.9038 107.3799 102.6819 106.1954 111.6782 113.0066 113.8085 114.4344 114.8636 115.7500 116.6851 118.1933 115.0584 119.1032 107.7061 114.8018 108.7955 125.3286 126.3364 125.0405 116.7773 105.9400
115.4800 115.3632 115.1132 114.8993 114.8079 114.7858 114.7640 114.7892 114.8763 115.0029 115.1698 115.3846 115.6260 115.8790 116.2958 95.9278 117.1381 117.2973 113.5981 107.8241 95.7990 110.4207 103.0487 108.7391 103.9227 102.6543 102.9539 105.0162 115.4122 102.7886 102.2204 104.2915 110.1463 118.8019 109.0853 110.9485 104.1785 104.8637 103.8022 108.1324 105.6122 109.8539 113.4165 103.0534 104.6583 112.7369 112.9195 112.9424 113.8557 114.0583 115.2098 115.8900 116.2971 116.3945 117.0188 105.3201 120.0705 116.1053 122.9306 126.1745 124.0332 122.7831 120.3525 115.0800
116.0500 115.9258 115.8930 115.9035 115.4722 115.4458 115.4237 115.4389 115.5127 115.6104 115.7925 116.0042 116.0644 116.1296 115.6517 117.1655 106.6206 118.1104 103.5020 102.3883 96.7576 122.8520 104.3548 106.2157 117.9870 114.3232 105.2630 107.0216 107.1007 105.7597 105.4869 105.9993 105.0833 110.7134 115.3277 109.4283 100.2646 101.1336 102.8448 109.5710 105.5715 108.8639 114.3046 103.9710 114.0025 113.4781 113.1915 113.4188 113.8018 114.5478 115.1496 115.7661 116.4606 117.1575 117.9441 116.8296 118.9377 119.2188 119.2449 121.8842 120.2377 114.3449 115.7404 121.7800
116.5900 116.4944 112.7637 113.6598 116.0785 116.0547 116.0059 116.0505 116.1160 116.2524 116.2268 116.2557 117.5127 116.9987 118.5571 105.1265 116.0392 118.2066 96.0110 115.8491 97.5743 106.7042 108.8600 110.6378 109.1764 107.8229 111.9945 103.7153 97.0036 107.9009 108.1869 109.3535 106.5873 108.6435 110.2494 104.6672 110.9719 100.2901 100.2975 114.8294 116.1731 114.1621 110.5443 111.8265 115.0582 116.7704 103.7133 117.0766 114.6812 115.1061 115.4817 115.8288 116.4257 117.1170 117.5951 118.1087 119.3775 120.5787 130.1346 120.8829 124.0945 122.1056 110.0211 112.0900
117.1000 116.9884 116.9112 116.8378 116.5462 116.6306 116.7380 116.6651 116.6855 116.5486 117.5590 117.5218 114.5878 111.1948 111.6649 109.9086 107.5881 115.1363 106.7273 105.5505 95.2741 106.1784 108.7229 104.1612 101.5847 99.5474 104.1478 101.7680 108.3696 108.8094 107.9728 108.1813 110.3223 113.0991 109.4434 109.4986 111.9636 101.7874 104.1493 114.0888 114.8138 104.3884 105.0377 111.7501 111.4913 114.6405 115.8705 116.5923 117.0226 117.4068 118.0501 116.3049 117.3292 116.8809 117.3969 118.1935 118.5184 118.2844 132.5651 114.4586 120.6488 105.5499 106.9615 105.9900
117.5800 117.4050 117.2911 117.2262 117.1998 117.1515 117.1913 117.7465 117.1830 117.2865 116.3092 108.9010 106.4687 101.6042 116.0869 121.1079 112.8793 119.9594 102.8745 98.8666 97.4607 98.2910 105.2042 101.2034 99.6967 99.6205 101.1887 101.0098 100.1085 99.6979 110.0750 116.3183 116.7764 106.5778 112.2103 110.6707 110.3762 111.2989 104.1364 112.8904 108.6082 109.7800 113.3974 102.0427 102.2495 117.6169 116.4585 116.6902 117.2549 117.6188 118.2473 118.8749 119.6143 118.7742 126.9392 118.5541 118.9493 119.7842 120.3651 120.6036 120.9967 114.7982 105.3294 106.1100
118.0200 117.9803 117.8555 117.7512 117.6889 117.6667 117.6027 117.5858 117.7111 117.3205 119.6381 110.5854 96.1140 94.5903 115.4263 118.3863 101.9571 120.5992 113.2939 100.9085 98.3462 103.3039 102.0530 102.2953 99.8059 98.6453 101.3873 99.7273 101.2486 99.3607 110.9890 116.3120 117.0414 113.5414 115.4660 111.4314 113.8497 112.0708 109.1408 111.1246 106.4537 102.9173 102.5308 102.4641 105.7965 112.4060 118.9244 128.6642 129.5386 118.0284 119.6331 118.7790 119.5487 119.8857 120.5310 121.9510 109.9690 120.9084 119.8034 121.1711 120.7619 120.2401 109.3838 108.3900
118.4400 118.3970 118.2958 118.2129 118.1559 118.1149 118.2130 118.1602 118.1674 118.2769 117.9551 120.9586 104.9519 111.5177 100.0634 101.8388 120.5585 102.8772 109.5283 114.3069 108.7667 109.0001 102.6562 99.9274 98.9940 99.0425 100.9120 102.6871 110.3242 117.1313 116.4391 115.6348 117.5306 113.1763 109.0250 100.0844 110.6451 104.2052 106.0598 102.5803 112.5618 113.6731 108.1486 105.0572 104.5392 107.9665 116.7006 126.7328 127.0553 118.1047 129.3148 120.4455 121.6368 119.6729 120.4770 120.7696 122.8055 123.3882 121.3275 125.7824 125.9679 129.6993 114.1712 111.6500
118.8700 118.8264 118.7289 118.6562 118.6087 118.5030 118.2777 117.9826 118.5817 118.6600 118.8505 119.3676 113.5247 116.7500 99.2940 106.8071 104.6521 98.4366 105.3035 118.3782 106.8437 101.0210 102.5681 104.4435 103.6534 101.2930 102.5862 102.0472 106.9018 109.0885 114.6030 119.1307 117.7231 116.8517 103.7604 112.8601 104.5207 101.2944 103.5285 105.8830 107.0957 101.4944 116.9499 109.7793 117.2816 117.3847 118.3555 119.2462 117.5193 126.9548 121.9709 130.9395 131.2869 123.1731 124.3883 123.7141 121.2619 121.9709 122.8644 124.1602 120.8519 117.5972 112.6959 107.4700
119.2500 119.2257 119.1452 119.0827 119.0369 118.9751 118.5526 117.6562 119.0178 119.1183 119.1891 118.7517 118.5195 104.4593 108.6525 100.6250 100.7180 114.4292 98.0475 108.3451 115.3883 105.4098 102.6611 105.7444 108.5039 108.8423 99.4588 105.0804 105.8830 105.8185 110.0397 111.0318 117.9531 120.5607 112.4842 113.2086 120.3737 105.4667 105.8979 114.3902 103.8883 106.4035 113.3788 101.9811 114.3326 115.6207 126.1257 127.6859 121.5721 120.3567 129.5259 129.5078 129.5370 130.5093 132.3923 132.0195 123.9732 124.5225 123.9589 118.8730 105.4611 106.4852 113.1919 107.4700
119.6300 119.6300 119.3800 119.4100 119.4300 119.0900 119.0900 116.3700 119.4300 119.4100 119.3500 119.6300 119.5800 119.8200 119.8200 110.2600 98.2400 107.9500 99.9500 107.2200 109.3900 114.7900 103.1600 105.4700 107.2400 107.8200 103.4700 105.3600 105.0700 106.8200 112.9600 114.5300 119.7300 101.3000 119.9200 120.3800 120.6100 114.9500 102.3700 114.7100 102.6600 102.9400 105.4600 103.2100 106.7800 117.0600 117.6300 128.1400 128.4900 128.5900 129.0300 129.5900 129.7000 130.3400 130.8700 131.4800 131.5900 132.2800 123.0600 108.5000 112.3700 106.1000 112.7500 106.3000
