121.8600 121.8900 121.6500 121.6600 121.6800 121.6900 121.6900 121.6800 121.6800 121.6600 121.8900 121.8900 121.8300 122.0500 122.0100 126.2200 126.2200 122.3800 122.3300 116.1700 120.6200 109.1100 109.3200 109.3200 123.1300 123.2700 123.4400 123.5700 123.7300 123.8600 124.0100 124.1800 124.2900 115.7300 115.7300 103.1500 124.9800 125.1300 125.2300 125.3600 114.8200 115.1000 114.5100 125.9800 126.1000 126.3400 126.4500 126.5600 126.6700 126.9000 127.0100 127.2300 113.2600 127.4300 127.5400 127.7400 127.8400 116.9100 106.1400 106.2500 114.7500 128.5200 128.6200 128.7100
121.5800 122.4422 112.5321 122.0077 121.5837 121.4778 121.4834 121.4834 121.5059 121.5364 121.5753 121.6272 121.6885 121.7617 121.7428 122.2254 121.2494 122.0869 123.5916 111.5078 109.7551 108.5299 124.9956 123.4439 123.5556 123.1338 123.4786 123.5885 124.8883 124.8164 114.3712 125.6300 117.9831 111.4731 113.7388 126.2173 126.8867 113.7288 116.9508 124.1326 114.5055 111.2063 120.9233 125.8596 125.6503 126.1786 122.8139 123.9042 126.6747 126.8990 126.8063 128.3234 121.2232 129.1173 130.3250 116.3283 113.8456 108.6686 106.8200 105.0506 114.6573 116.5012 130.8783 128.7100
122.4000 122.1493 112.6171 121.7735 121.1582 121.1541 121.1558 121.1640 121.1811 121.2159 121.2589 121.3109 121.3799 121.4469 121.5853 121.7067 121.7383 121.7183 123.5235 112.7092 102.1006 104.5415 109.4146 122.9213 120.8335 123.3461 122.3560 123.0746 118.2480 114.1589 105.4669 126.9631 108.5286 105.0591 106.5081 113.6195 114.6692 110.3220 103.8785 114.2446 122.9053 121.3031 127.0482 128.3987 127.6001 126.3164 124.7302 125.4884 126.6710 126.7409 126.9160 124.9546 125.7718 107.8561 122.1142 100.6791 109.6944 110.9104 103.4554 109.7301 116.9835 114.8259 128.8259 117.0900
120.9800 122.3115 126.5604 120.9265 120.9248 120.8471 120.8300 120.8306 120.8552 120.8846 120.9338 120.9872 121.0648 121.1445 121.2240 121.3430 121.2603 121.5000 122.3675 116.7385 113.0006 106.7483 101.7415 122.3787 114.7284 128.7783 123.0604 123.7012 109.3214 111.9209 112.6125 110.6362 100.2939 108.0979 121.2082 120.0001 104.3010 113.8753 118.8700 113.7880 120.2164 114.1834 126.6034 107.4879 128.0933 115.1521 128.7768 123.4227 127.2990 126.5850 126.5873 125.3685 128.1005 131.7027 123.7476 122.2741 109.8386 110.4122 111.2373 116.4285 113.1721 117.4032 118.7048 117.6400
120.6700 120.4655 118.9744 120.1630 120.5228 120.3894 120.4758 120.4824 120.5090 120.5413 120.5971 120.6589 120.7322 120.8164 120.9310 121.0328 121.1546 121.2754 121.9944 110.6848 110.5822 115.1868 121.8961 122.9402 122.2362 123.2163 122.7017 123.0646 123.8409 124.0470 118.2398 94.9891 122.3291 119.2420 124.0515 115.1699 110.3473 119.9930 123.9780 121.3049 116.5868 124.4676 115.8636 111.8557 106.9119 121.1949 105.8576 117.2076 124.7470 126.9840 127.8574 127.7681 126.8443 126.4909 129.2559 105.2791 115.8937 114.5857 114.1039 115.8603 117.7613 118.4268 121.7369 128.4200
120.3400 121.6441 114.5062 121.8601 121.6239 122.9550 120.2239 120.0933 120.1499 120.1881 120.2453 120.3127 120.3995 120.4990 120.5911 120.7081 120.8375 120.8918 121.0740 122.6390 109.3645 118.9172 121.7384 121.4838 122.2712 122.3372 122.3767 122.6054 123.7525 114.7271 115.8597 104.3883 104.3043 125.5588 108.5532 112.6885 108.3573 124.0594 113.6793 128.6199 105.7215 129.1593 125.2832 124.3477 125.1562 117.5801 118.6174 125.7323 127.9689 118.0552 111.8852 125.9275 126.0526 124.8695 104.9952 112.0551 120.5981 108.8367 117.2827 114.6256 113.1398 111.1822 129.4420 128.4000
109.7200 114.5902 101.9780 116.5447 119.0476 119.6718 119.7959 119.7416 119.7699 119.8226 119.8720 119.9518 119.9875 120.0860 120.2616 120.3833 120.5156 120.6986 120.7815 120.7198 121.3192 123.0525 119.5461 122.2697 122.1347 121.9623 122.1655 122.5269 122.5060 122.6078 122.3304 117.9766 116.5038 112.2647 105.6482 104.8850 103.8868 118.8040 124.2961 125.1015 104.5723 117.1554 125.2121 126.4317 116.4604 111.9133 127.5399 115.5028 110.2971 111.3691 124.7408 127.5270 102.4885 110.3629 112.3740 114.3455 120.7970 116.5570 116.1208 126.2462 127.6541 127.7996 128.3739 128.4800
119.6400 104.8622 113.2632 117.3436 118.9316 119.5304 119.3971 119.3519 119.3882 119.4260 119.5071 119.6725 119.9936 120.0411 119.8859 120.0469 120.1984 120.3330 120.5626 120.6689 120.7233 121.7006 119.6028 122.4994 102.4412 121.0859 121.9324 122.2075 122.8084 121.0350 123.7807 122.9160 102.5513 103.6806 109.5841 102.9733 105.2785 126.0184 123.7002 108.6716 125.4327 103.7282 123.0433 125.8303 116.6255 126.3181 109.8921 112.3821 122.0760 126.4260 121.7008 115.1940 108.9394 112.5774 116.9184 116.7390 117.3005 107.1316 115.6662 129.2863 127.7920 128.1390 125.1803 122.4600
106.9200 102.5916 108.3440 116.3466 118.5545 119.0055 118.9167 118.9408 118.9804 118.9652 119.1755 119.7335 112.9876 119.5160 119.4912 119.6936 119.8497 120.0247 120.1769 120.3992 120.6796 120.6567 116.7563 111.1833 123.0771 120.8776 121.8063 121.7896 122.6609 107.1361 121.5836 96.1911 114.3554 108.1213 107.0544 107.1332 125.2260 124.4156 123.9005 124.7321 125.8967 109.0534 123.7661 117.5753 109.7037 110.9492 112.8385 118.8830 121.7529 126.8097 125.8877 110.9226 109.8113 113.9962 113.9987 107.1401 106.9042 115.6321 127.8631 127.3098 128.1321 127.6680 122.1762 106.2400
114.8200 108.4676 107.6330 119.9228 118.4438 118.5406 118.5075 118.5104 118.5615 118.5423 119.2724 123.4980 105.7519 119.7417 119.0182 119.3365 119.5047 119.6935 119.8819 120.1068 120.3315 120.2438 123.0215 122.8414 121.0436 121.3884 121.4696 122.1714 111.4316 115.0969 115.6622 112.2899 117.4601 106.9468 109.6635 125.1033 123.2828 120.3633 117.9713 100.9236 105.4088 105.2318 101.8877 105.4411 111.7625 117.6822 108.3865 116.8499 126.8124 124.7293 127.7363 125.8644 106.2590 105.3841 110.6745 113.2716 113.6451 112.7924 128.5109 127.7367 128.3791 122.5123 122.8696 106.2200
102.6500 93.9404 108.0672 115.6975 118.3932 118.0209 118.0373 118.0553 118.0709 119.1247 108.5044 115.0173 117.7837 118.8134 118.7607 118.9430 119.1458 119.2780 119.5770 119.8549 119.7463 120.1666 117.0036 120.6763 120.8493 121.1012 121.3268 121.8882 118.3874 122.6902 123.2714 122.7113 124.1256 108.6629 106.2169 124.7792 121.0721 110.4728 111.7100 109.2157 103.0716 104.5950 104.3438 105.4254 107.1878 106.5719 119.2954 118.0659 126.8889 121.6918 114.7227 112.4898 109.5669 110.7115 113.8172 103.6727 108.2327 114.7379 128.0165 127.7053 127.8365 124.3666 123.5609 128.2000
118.0600 103.6746 112.8038 103.1191 118.4789 117.4277 117.5524 117.5678 117.5938 119.0353 107.4770 108.7651 118.6534 118.1741 118.3917 118.6145 118.8216 119.2366 119.1500 119.3563 117.7336 120.0131 117.0221 120.4109 120.6827 120.8138 121.7183 122.1134 122.1454 121.3181 122.5517 121.8688 121.9853 108.8617 117.2775 114.9792 117.3446 120.5189 108.0068 102.3634 101.3788 102.1300 103.7070 109.0548 112.6899 114.0662 125.5860 126.1902 125.6585 129.7650 116.3478 110.4790 134.6328 105.2371 105.5244 104.6287 105.8025 118.4231 127.6906 127.6173 127.7200 128.3870 128.9113 112.3400
117.6100 98.6064 100.8657 110.0936 114.1071 117.1294 117.0809 117.0468 117.1012 118.1897 109.9299 112.2672 115.6982 117.5689 117.9743 118.1794 115.6191 118.5450 118.8783 119.0937 119.6403 119.5875 120.1089 120.4251 120.4033 120.8189 115.1595 120.0195 121.2084 121.4484 123.6775 125.2562 125.4591 102.4716 100.4517 114.7906 114.3517 116.2249 117.6156 101.6122 102.2141 102.6203 111.8239 117.1960 120.1945 118.7840 125.2322 125.5155 125.5257 129.6857 130.7544 105.0256 107.2404 107.9274 104.6780 111.2311 106.2665 110.7647 128.7125 127.9684 127.2014 126.7844 113.0141 114.5300
98.6000 108.5879 118.0469 118.4816 114.3431 116.5598 116.5163 116.5109 116.5630 118.2623 103.5707 117.6203 116.5402 117.4225 117.5139 117.9171 117.2733 118.2638 118.5390 118.6882 119.0807 119.2901 119.6076 119.8404 120.1845 120.3857 119.7707 119.3220 115.5091 121.8702 122.6071 100.2406 105.4098 99.4263 100.9162 121.6151 116.9731 113.4206 105.1926 101.4024 110.0611 112.5562 118.4510 118.1039 117.5244 122.8720 124.9727 125.4956 125.7723 114.0411 126.9140 108.1132 104.2603 110.8339 104.0932 107.2915 106.2331 105.7969 126.6264 124.9798 127.3014 126.7132 106.0697 109.5200
97.7300 115.9027 119.1641 118.4593 116.1541 116.0036 115.9465 115.9446 115.9833 118.8616 119.3122 107.0813 114.5559 116.6938 117.1238 117.2862 117.6508 117.5432 117.5802 119.4245 118.6521 119.0609 119.3396 119.6190 119.9432 120.1222 120.9139 121.1888 120.4833 119.3235 113.9996 115.5252 118.7706 99.4073 106.8153 122.0256 113.4836 105.8278 101.8691 104.3298 119.1190 116.4834 121.4912 123.8081 123.9525 125.6438 125.1251 125.3148 126.9607 117.2424 104.1896 127.3104 103.1197 105.9959 106.8052 114.3053 105.5464 116.3076 124.5666 124.1041 125.2692 123.9043 106.2869 106.0100
99.1400 114.9768 115.2343 115.2494 115.3935 115.3373 115.3285 115.3443 115.3744 114.7075 115.9246 118.8793 116.1418 116.1666 116.6288 116.9845 116.9037 121.1266 119.5710 115.2748 118.7334 118.7368 119.0593 119.3797 119.5317 119.7838 119.9618 120.3248 120.5226 120.4399 109.5414 116.2844 110.1288 112.4823 123.7539 113.2055 114.6625 108.3282 105.0330 105.5303 115.6514 122.6406 125.2599 117.6144 124.7241 123.0140 124.9172 126.2449 113.1169 115.8587 102.9345 106.3063 103.5282 102.4314 121.3628 104.9123 105.6129 126.8238 125.0978 124.5954 123.9747 122.4458 106.7660 105.9900
115.5200 115.4163 115.0120 114.9466 114.7520 114.6861 114.6570 114.6810 114.8033 114.8620 115.1113 115.0608 115.5501 115.8277 116.1345 116.3960 116.9714 116.6623 118.4424 117.9394 118.1002 118.4518 118.7666 119.1476 119.3732 120.0087 122.0951 120.7236 121.4861 115.6695 107.7208 109.6453 108.7933 102.9715 122.6510 105.6467 108.5757 110.2007 105.4542 101.3249 123.4963 122.4761 123.6340 117.8932 124.5128 124.6944 125.7308 126.5242 111.4534 103.2653 103.8571 101.9863 123.9496 108.9497 116.7881 112.2748 104.0816 127.0173 124.9832 125.2678 125.2299 125.5545 126.6299 126.9700
114.8700 114.5698 114.4032 114.2084 114.0428 113.8205 113.9378 113.9960 114.0715 114.2037 114.4268 114.7401 114.9585 115.2780 115.6178 115.9753 116.3241 116.7246 117.0578 117.4611 117.7582 118.1621 118.5031 118.6843 121.2001 101.5340 101.7646 102.6529 101.0477 107.0184 108.7268 106.4282 106.9052 108.0669 108.3093 108.0324 113.2347 101.3816 100.6500 110.6330 111.5960 117.3981 113.8198 119.4915 123.2240 124.1408 112.2006 118.8680 119.0724 120.0573 118.0518 112.1849 103.0524 104.1837 104.1780 103.9516 103.3342 126.6335 124.2802 125.0672 125.7954 126.2946 126.8590 126.1100
114.2300 113.9849 113.6843 113.4848 113.4558 114.2908 113.1387 113.0601 113.3129 113.5084 113.7354 114.0187 114.3551 114.7168 115.0987 115.4833 115.8770 116.2952 116.6832 117.0925 117.4811 117.8632 118.2550 118.6148 117.3969 115.6862 109.4763 104.1324 107.5090 106.6676 103.5676 109.6946 111.4546 108.7714 122.9061 122.5893 110.9516 112.2044 100.5364 107.8778 102.4103 114.6042 118.1998 119.2200 117.7448 118.5009 118.7078 118.2294 118.9630 118.4424 121.7447 114.2830 105.2979 102.0711 123.1950 107.0397 126.5110 125.2255 125.4998 125.8092 126.1991 126.3243 126.3912 126.7400
113.5100 113.2688 112.9320 112.7107 112.7497 104.2085 113.0055 112.2106 112.4902 112.7118 112.9928 113.3333 113.7160 114.1238 114.5541 114.9942 115.4421 115.8833 116.3198 116.7484 117.1708 117.5609 118.0550 118.1065 106.9254 99.9168 121.3043 104.0276 101.5398 105.9976 108.5645 106.1482 109.4141 108.7434 109.5128 110.0337 110.2097 107.0538 102.4655 103.1807 113.2076 118.2658 118.3655 118.2331 119.0458 119.0773 120.5997 113.6900 114.1190 111.1261 121.3947 114.3495 108.2383 109.6169 126.2316 125.7335 123.9807 125.4975 125.4322 125.6457 125.7928 126.0377 126.8526 126.9000
112.7000 112.5108 112.1456 111.8217 111.7864 106.9899 111.1633 111.2604 111.5694 111.8487 112.1888 112.5936 113.0442 113.5114 114.0038 114.4955 114.9871 115.4716 115.9503 116.4160 116.8713 117.2843 118.0974 113.7639 120.8849 114.2602 122.7333 104.0405 103.4731 113.6455 118.1958 109.9774 118.9477 110.7641 106.6912 107.5607 102.6310 112.9099 103.8091 106.5522 111.5305 116.4892 118.1529 119.1186 119.7351 118.4534 120.2075 122.5510 124.4424 123.0986 123.4735 118.7523 112.2811 126.3716 124.0649 124.5033 124.5518 125.5747 125.2538 125.3455 125.8793 125.9544 124.1012 126.9000
111.8000 111.7830 111.1820 110.5710 110.5280 110.6679 110.7246 110.3536 110.5670 110.8983 111.3238 111.8107 112.3306 112.8752 113.4386 114.0324 114.5581 115.0919 115.5991 116.0963 116.5777 117.0642 117.5525 117.6246 118.4767 108.1487 113.7287 99.8054 103.2232 104.8282 103.6383 106.5250 107.5064 109.3133 103.7711 98.4872 98.1842 105.6474 103.1052 110.6841 113.6370 112.6042 117.9878 119.4372 121.3309 123.4183 121.5358 120.7554 122.3793 123.1490 122.5198 122.3520 125.0793 119.6175 124.3441 124.7129 125.3433 125.5087 125.0178 124.5619 125.2932 126.3352 118.5944 117.7600
111.7300 110.7342 110.5245 109.8448 109.4014 109.0854 108.9563 109.1446 109.4291 109.8569 110.3867 110.9746 111.5967 112.2448 112.9173 113.3800 114.0670 114.6749 115.2448 115.7960 116.3140 116.8123 117.2059 118.7285 118.6818 107.2042 101.7655 104.5502 104.1132 104.1934 105.7754 108.5340 108.0613 106.4085 112.8841 105.2788 106.4410 104.6542 105.0836 109.7008 106.6262 115.4454 118.2103 120.9821 115.5994 108.8316 122.3340 120.7657 121.9169 122.4725 114.0388 119.7764 118.1432 123.2680 127.0598 126.5583 126.7921 127.9219 127.6841 129.0878 127.1234 126.4374 128.6733 126.8600
110.7900 109.9674 111.1200 109.5857 108.0713 107.7168 107.6093 107.7608 108.1456 108.6978 109.3669 110.0989 110.8522 111.5775 112.1935 113.9037 114.6327 114.2241 114.9431 115.5124 116.0555 116.5903 116.8444 110.8860 104.9325 100.3929 103.4701 103.5653 108.0665 104.0278 105.6719 105.4069 109.3157 101.3790 103.0542 109.1169 103.6279 111.7942 113.2176 109.8971 107.5593 113.4255 115.9448 107.1113 110.8053 113.7771 120.9441 120.4069 120.5993 120.6241 124.6298 118.2122 127.0667 121.4208 112.2387 114.6376 115.9683 112.7772 112.3521 110.0906 127.9786 126.2995 126.9511 126.8600
109.4900 108.9672 108.0438 107.0119 106.6527 106.0486 105.8951 106.1085 106.6617 107.4133 108.2752 109.1817 110.0551 111.0725 111.2768 110.4337 109.8649 113.8580 114.6741 115.2529 115.8361 116.0397 118.2225 91.6947 105.5664 112.5672 98.0965 99.9042 104.2229 103.2202 108.1236 104.6430 106.1187 107.4021 100.0493 99.6535 103.1398 105.9161 111.6492 111.9545 110.8324 111.8533 112.6625 110.0995 118.5251 116.9903 120.6224 120.1112 121.6370 119.7691 106.9458 109.7405 108.9920 103.7294 102.9970 108.9137 101.6968 101.1562 113.0665 123.0962 126.9575 127.9336 129.2256 128.1400
108.3300 108.0850 106.9193 105.8654 104.7330 104.0071 103.7640 104.1085 104.9254 105.9852 107.1265 108.2611 109.3214 110.0837 114.7895 101.5643 113.8605 113.4874 114.3767 115.0142 115.6541 116.4797 110.0048 113.7856 108.1474 99.1866 115.0258 101.8085 101.7571 101.6892 106.8138 107.2865 108.4957 105.6594 103.6461 109.2076 98.4335 110.9238 105.0002 101.4666 113.1162 112.6479 113.1135 113.1012 114.6139 117.9715 119.4802 119.7251 114.5138 108.6530 102.5188 102.0816 102.1049 103.8023 104.3266 104.7665 119.9400 119.1984 116.5687 128.3830 123.2310 122.6190 110.0758 119.8700
108.0400 107.1172 105.6769 104.1424 102.6124 101.3764 100.9585 101.5473 102.8821 104.4270 105.9506 107.3561 108.6133 109.7712 111.4606 110.5149 112.7921 113.4459 114.1409 114.8286 115.4725 116.1304 115.5624 112.7801 94.1303 94.8479 116.3289 96.3211 101.0261 103.1287 103.7098 103.5134 103.7651 109.6450 112.5695 111.8161 110.6980 109.5561 105.7799 114.0244 110.3361 109.3543 115.3148 123.5605 123.8139 124.1159 123.8848 124.3218 119.6905 107.1811 110.6310 113.5907 113.7817 111.3762 110.8460 126.3411 111.1995 108.4609 118.0187 116.9309 118.3140 118.3026 118.2636 118.9900
106.7100 106.2550 104.4846 102.4075 100.0536 97.7310 96.6315 98.0708 100.4722 102.8021 104.8187 106.5392 108.0124 109.3413 110.4501 111.5394 112.3502 113.2082 113.9819 114.6758 115.3341 115.9398 117.3130 109.7753 111.6991 98.6500 95.5554 98.0424 97.8483 111.5248 119.9316 122.2030 120.8125 115.3917 97.2663 114.7769 98.9270 107.7878 115.2618 109.5200 125.4660 110.1574 114.6464 124.3598 124.3016 123.8370 122.1645 114.1021 106.9745 125.1454 111.0146 113.1861 122.0314 124.5770 114.2540 114.7591 115.5349 116.4536 117.3141 117.2998 117.9074 117.9348 119.7047 119.1700
106.4900 105.5847 103.4817 100.7789 97.1925 91.8068 89.7059 92.7605 97.9187 101.3112 103.8832 105.9129 107.5653 108.9732 110.1856 111.2601 112.2122 113.0744 113.8576 114.5781 115.2455 115.8828 116.5364 117.1655 117.5673 119.0014 119.3508 119.9539 120.1274 120.0120 119.8440 120.1658 120.4703 119.7377 121.7743 112.0395 105.5454 100.5565 104.2137 122.2553 122.8325 122.9505 124.0663 123.9932 123.3645 125.1700 105.1685 105.7709 103.0168 102.5649 103.2195 103.3091 103.1657 103.7902 105.5199 109.2511 118.1832 111.6055 112.8889 124.4677 126.7013 111.5767 125.4107 110.7000
106.3600 105.2094 102.8960 99.7103 94.6275 87.1634 84.9804 88.0829 95.9174 100.3483 103.3480 105.5585 107.3286 108.7973 110.0448 111.1480 112.1213 113.0024 113.7930 114.5227 115.1593 115.9310 119.3558 118.4615 117.1794 117.7137 113.9571 119.3499 118.7944 119.9105 120.5306 120.0539 122.1571 95.6009 101.8478 98.8475 104.4947 112.2800 109.0716 106.7560 116.0681 122.0630 123.4222 123.0858 108.8574 111.9072 101.8384 102.3333 102.3127 102.7982 103.9440 105.1353 105.5216 105.2641 120.3257 106.2356 126.4677 110.0301 107.0246 107.9957 115.2289 124.0669 126.6645 126.9400
106.3300 105.2091 102.8991 99.7183 94.6977 87.0922 84.6721 88.0093 95.8968 100.3680 103.3481 105.5577 107.3270 108.7920 110.0465 111.1480 112.1195 113.0004 113.7929 114.5261 115.1713 115.9106 117.5496 116.6002 118.9506 119.8807 115.8042 120.2926 119.8339 121.4544 114.0652 119.9918 123.0350 98.2534 103.9255 100.0775 105.0308 109.7412 109.5621 109.3402 112.3772 121.4633 123.6866 115.2855 102.1005 110.4793 103.6873 106.2817 106.3945 107.9768 107.4521 107.2986 107.3538 107.9436 108.3039 110.2170 109.6428 109.3695 111.6132 112.3735 115.4391 116.8372 111.3268 126.6200
106.4000 105.5847 103.4823 100.7852 97.0954 91.7445 89.8343 92.5407 98.0164 101.3087 103.8802 105.9105 107.5709 108.9711 110.1878 111.2530 112.2088 113.0705 113.8515 114.5740 115.1124 116.0170 116.4637 111.0894 110.1818 109.8687 115.8026 119.0041 115.7870 114.3065 100.1317 122.5564 121.7547 103.1843 101.5596 99.7275 103.4074 124.6730 117.3599 117.1644 126.4208 122.3241 123.2761 122.7777 109.8598 114.7946 107.8520 111.8636 113.6847 120.2313 122.9188 119.7218 116.3333 116.1183 115.8215 119.9934 120.9713 120.1483 118.9726 117.8990 118.5166 125.1492 121.5976 112.4100
107.8700 106.2572 104.4826 102.4120 100.0246 97.6298 96.5422 98.0347 100.4513 102.7984 104.8175 106.5433 108.0186 109.3105 110.4469 111.4659 112.3815 113.2150 113.9681 114.6643 115.7031 115.8036 116.0096 118.8507 94.2175 94.0341 95.3756 119.8233 108.0636 102.1275 113.4980 116.8982 121.0244 98.3201 102.3494 99.8797 100.3032 116.4948 110.2691 118.6240 117.6029 118.3399 118.3833 119.7867 120.9707 103.3651 115.0474 108.4505 104.1306 107.0128 114.0289 112.8386 110.3454 114.7764 116.4531 119.2622 119.5099 118.3402 117.2240 116.6456 118.3879 118.9728 120.2371 127.9500
107.8700 107.1057 105.6780 104.1193 102.6230 101.3420 100.9118 101.5128 102.8599 104.4189 105.9368 107.3495 108.6215 109.7791 110.8154 111.7656 112.6284 113.4147 114.1504 114.7105 115.3613 113.3503 114.9819 116.8332 117.2578 110.5938 110.4327 116.3919 119.7473 110.1758 120.2208 113.5202 107.6268 97.4969 99.0499 101.2705 99.6683 104.8314 108.0925 110.2199 110.0296 111.5944 117.2543 113.1898 119.7875 111.3782 114.4084 121.6988 101.7545 103.0768 101.7499 101.1991 100.7512 101.3495 106.9959 110.2009 120.3572 111.2284 116.9149 121.0979 118.0759 110.3204 113.3767 125.4800
109.3000 108.0676 106.9452 105.7544 104.7596 103.9830 103.7411 104.0843 104.9120 105.9728 107.1154 108.2498 109.3259 110.3318 111.2624 112.1325 112.9298 113.6747 114.3691 115.0063 115.7861 113.4511 116.6572 117.1704 117.8004 119.4471 119.4435 119.1844 119.7417 122.5184 119.7697 110.9205 98.9739 106.0523 105.6440 104.5024 102.7372 103.4087 105.7076 108.5420 115.7220 107.2986 109.5566 113.4091 120.1049 122.1432 112.2740 107.7211 103.0003 103.5537 103.8486 103.3599 114.0161 118.2032 119.1911 99.5458 122.4367 118.6604 126.5672 127.0937 124.3279 121.1006 122.2168 128.1000
109.6000 109.0476 108.0429 107.8718 106.5414 106.0355 105.8694 106.0920 106.6420 107.3986 108.2715 109.1754 110.0758 110.9419 111.7791 112.5750 113.3126 113.9760 114.6251 115.2464 115.8862 116.3506 117.4908 117.6548 117.2855 119.2642 120.8377 120.2930 123.2655 102.6293 122.2461 99.4707 99.1893 101.9720 101.3314 109.2895 105.0746 107.6525 104.4477 116.6757 111.8739 115.1462 102.2261 119.2260 112.9150 112.0990 115.6859 102.9390 103.0401 103.4074 103.4801 103.6574 106.7411 122.6639 125.9932 109.0977 125.1939 126.2907 127.5543 127.6017 127.7751 128.7770 129.7660 128.7000
110.6800 111.1608 108.9328 108.5236 108.0073 107.6922 107.5899 107.7380 108.1250 108.6853 109.3556 110.0948 110.8448 111.5747 112.3169 112.9645 113.5884 114.3362 114.9327 115.4370 116.0574 116.9142 103.7492 117.1185 120.4079 103.7217 99.9072 104.0787 100.2104 98.8801 96.9632 116.3322 98.4231 105.6594 104.7889 107.8886 106.4728 106.4290 110.1910 106.8777 107.9226 109.2002 102.2290 103.6964 102.6822 103.0144 103.8987 103.8090 103.1122 103.0812 103.4222 103.8232 103.9982 102.5428 116.0613 102.2672 118.6184 126.6475 127.7157 127.5620 127.5774 123.5208 124.8047 128.3600
111.7100 106.3187 96.5256 109.8966 109.3897 109.0952 109.0119 109.1269 109.4154 109.8460 110.3754 110.9660 111.6005 112.2488 112.7860 113.8518 114.3530 114.5669 115.2719 115.5998 116.2618 117.2291 116.8267 115.1075 97.6156 96.2179 112.7007 111.9864 101.8472 100.8830 120.3854 120.8406 121.6170 100.8522 109.0302 108.0630 107.2645 105.9487 105.4169 112.8661 115.6656 116.7550 112.7700 114.6033 102.4604 102.5841 102.6925 103.6353 105.1834 106.1349 106.3721 106.3902 107.4997 106.0481 118.2874 105.5445 118.0443 117.9292 118.2469 118.5024 119.3883 105.7729 116.9182 119.8200
111.7100 111.4149 111.7428 110.9383 110.5188 110.3017 110.2440 110.3328 110.5532 110.8883 111.3141 111.8019 112.3223 112.8889 113.4718 113.1115 104.6638 113.3676 115.6690 116.5566 111.3843 115.7561 117.6674 111.9811 120.3460 114.7128 102.7455 98.8469 108.2005 121.1412 120.2079 121.2954 121.0601 114.6133 100.2125 106.8996 104.8062 107.1763 108.9064 111.4122 110.5713 114.2436 114.5170 108.5710 101.9206 102.5936 104.1616 105.0713 105.7872 106.5265 104.4626 120.6371 121.5664 108.1856 115.0706 124.1399 123.1160 123.4904 123.4320 121.4632 107.2083 114.2508 120.2809 120.5200
113.4000 112.4133 111.9767 111.7970 111.5299 111.3755 111.3225 111.3910 111.5592 111.8351 112.1826 112.5894 113.0342 113.5140 113.9242 114.7796 116.0658 116.2919 115.7844 116.4245 117.2169 122.2776 118.8964 116.3182 119.0182 116.1073 120.1567 104.8232 116.4364 118.7506 106.4568 120.3601 106.0432 109.4557 99.8860 99.8940 99.9608 107.0980 107.1058 104.6600 111.9265 115.3473 112.0263 106.6928 101.7149 102.7145 103.0137 102.7556 104.7066 106.2881 107.5298 107.0829 106.9280 108.3420 114.4412 119.3027 119.5337 120.5102 120.7563 123.9171 124.3111 119.8551 124.2086 124.7600
113.4000 113.2838 112.9364 112.6505 112.4426 112.3192 112.2782 112.3379 112.4779 112.7003 112.9888 113.3316 113.7057 114.1242 114.5625 114.7874 115.2922 115.8398 116.3353 116.8063 116.6839 117.2991 112.6696 95.7961 108.5293 115.0945 122.8749 97.7527 118.2190 122.2145 123.3163 117.0082 101.9124 98.2854 100.8952 100.5290 112.6123 103.2105 105.8325 111.4583 115.3608 115.9661 116.6475 109.9709 101.9469 104.1156 103.9608 104.0306 103.9317 103.0963 104.2285 105.1189 105.4357 108.6061 109.0735 110.4094 113.4475 109.4941 109.5812 118.9875 119.6804 121.6885 109.8330 123.4300
114.0900 113.9676 113.6812 113.4507 113.2803 113.1733 113.1444 113.1866 113.3025 113.4880 113.7348 114.0223 114.3501 114.7083 115.0870 115.4968 115.9380 116.2220 116.6533 117.1680 117.7683 111.6064 99.5738 107.7941 102.1313 99.4914 114.5272 98.6964 103.2943 110.3717 118.0386 122.5493 116.2341 107.3386 99.5574 102.5749 119.9307 112.2211 117.1815 123.2487 120.2368 113.5273 104.9266 101.5596 105.1238 102.9014 107.9627 102.6248 104.2344 104.8015 103.9546 105.0419 106.6791 106.1238 106.9856 110.3956 120.2677 113.0385 116.3031 115.1467 116.1652 111.1582 112.6860 105.8100
114.8500 114.6275 114.3898 114.1899 114.0420 113.9504 113.9254 113.9602 114.0606 114.2165 114.4241 114.6730 114.9600 115.2756 115.6149 115.9616 116.2226 117.1443 116.9378 119.7173 122.0884 101.5553 117.8727 113.6258 107.7795 102.2592 101.3552 103.9360 102.4619 104.8073 115.1344 122.0356 121.7460 106.4253 110.9309 102.8834 102.6541 104.8534 106.2848 111.4650 98.7657 115.0602 107.1944 102.9145 102.2383 102.8956 103.3145 104.8761 103.0638 103.7711 103.6604 104.5536 106.6683 114.6218 115.3173 110.4770 107.3933 114.2563 124.6259 122.9235 123.7199 116.1265 111.5022 125.5900
115.4700 115.2494 115.0425 114.8681 114.7480 114.6701 114.6497 114.6769 114.7648 114.8924 115.0726 115.2894 115.5413 115.8149 116.1105 116.4505 116.7569 117.1569 113.0614 111.9322 106.1999 108.9475 117.4002 110.6467 100.6671 99.4846 102.6770 105.5344 108.5590 104.7695 113.1288 112.0117 121.1048 110.8819 115.1868 105.7869 105.7194 104.3147 107.0609 107.5035 107.5972 103.4716 100.0579 103.6405 102.1785 103.6795 101.9052 101.5370 106.0046 111.1998 113.1470 105.5981 105.5281 123.6573 124.6825 119.8351 113.5690 122.2221 122.9556 115.6302 108.0042 116.3198 105.7464 114.9200
116.0500 115.8364 115.6491 115.5053 115.3890 115.3310 115.3158 115.3349 115.4129 115.5220 115.6753 115.8713 116.0895 116.3350 116.6093 116.8889 116.7853 117.5146 123.2157 101.4843 105.0951 123.0686 105.5751 108.1026 98.7139 100.6932 102.9809 100.9993 103.6491 108.5687 107.4774 105.2298 114.9857 112.8189 113.0741 107.7307 102.6905 106.1606 108.0815 109.0269 109.2092 101.1284 102.0041 100.7840 108.0533 112.9681 109.3440 118.6409 113.7568 109.9985 116.0092 103.6512 107.3153 115.7559 109.3896 114.5108 111.4967 113.2923 113.0906 120.2115 113.3141 105.4025 110.0870 105.9600
116.5900 116.3852 116.2298 116.0986 116.0000 115.9462 115.9320 115.9527 116.0108 116.1176 116.2511 116.4192 116.6045 116.8304 117.0798 117.5301 117.1574 119.9443 100.1955 101.0682 95.1820 117.7768 99.5120 102.4358 100.6878 111.4715 106.3254 103.7861 99.4852 105.4896 113.0535 107.3312 109.5259 100.1563 110.1232 118.4992 101.9231 103.3669 104.1069 110.4350 110.0760 109.4239 102.7929 109.7763 112.0428 113.9367 114.6554 118.7787 111.8577 107.2661 110.1539 103.6750 106.2367 109.1978 112.4872 110.9396 112.8924 114.7434 120.1465 113.1281 124.7150 109.9701 120.7843 105.9800
117.1000 116.9093 116.7677 116.6485 116.5712 116.5229 116.5020 116.5276 116.5810 116.6690 116.7885 116.9373 117.1106 117.3200 117.4050 118.1802 119.0335 119.2679 106.0069 101.6451 97.0092 101.9813 101.1637 100.1837 117.9547 112.0201 111.6666 123.4519 107.8911 104.7748 107.2469 107.3556 110.4230 106.2294 102.8199 104.1417 100.4069 103.2582 103.8719 106.5899 108.6961 111.7809 109.5749 111.7398 110.6452 112.9119 113.3877 108.0389 112.7580 117.3548 108.0500 103.4954 103.6150 104.7483 114.5372 108.2661 111.7641 113.1538 113.9898 113.6409 117.8072 124.6513 125.9569 125.2200
117.5600 117.4072 117.2805 117.1740 117.1053 117.0554 117.0470 117.0668 117.1134 117.1921 117.2977 117.4205 117.5971 117.7495 118.3405 113.9808 120.2590 101.7898 110.7911 99.4176 115.7021 94.7601 102.5033 98.1821 117.0513 120.3553 121.1909 120.6885 122.7481 107.6963 107.3737 107.0182 107.9682 105.9410 103.1649 103.3077 104.0143 107.1108 103.3407 105.8487 106.4070 106.7458 109.3551 110.6375 110.6050 111.9567 112.9066 114.0870 114.9293 112.8344 115.8213 114.8247 117.5414 109.2810 104.6640 105.1775 104.9442 111.1052 105.5079 113.4226 113.3543 114.5048 119.2100 120.3900
118.0300 117.8799 117.7612 117.6685 117.6104 117.5712 117.5550 117.5737 117.6189 117.6810 117.7757 117.8892 118.0418 118.1968 117.7758 103.8339 99.1098 113.8311 118.9394 118.2543 120.4776 97.8690 103.3976 106.1976 120.4361 121.0187 121.7371 121.2030 121.5630 111.6301 110.3121 110.3276 101.3645 105.5024 111.3243 108.7428 110.0441 113.3022 113.2176 114.1615 113.4189 108.3512 109.9383 114.4075 110.8691 114.3202 114.3836 114.6553 114.2255 115.3487 117.6963 115.5104 116.4766 116.8406 118.3566 118.0611 121.8141 105.4198 114.0419 107.4568 105.5403 111.3568 114.8197 115.1600
118.4600 118.3310 118.2244 118.1381 118.0813 118.0442 118.0386 118.0475 118.0883 118.1535 118.2423 118.3503 118.4167 119.9610 118.7827 99.9211 96.7899 120.1277 117.7812 119.5248 122.9383 96.7570 107.0760 103.6850 103.3347 119.4286 106.1033 121.3542 120.7381 121.8127 101.5557 105.9374 101.3541 108.1424 110.7675 111.5023 111.7806 115.3310 112.0334 112.9414 102.7444 114.1848 110.8226 111.0273 104.9254 108.8071 117.7586 113.9669 115.1110 114.3839 115.2898 116.5803 116.9866 117.4424 118.1578 118.6230 124.5905 120.3156 112.6558 106.9094 106.7862 107.4552 109.0001 115.3100
118.8700 118.7563 118.6628 118.5817 118.5302 118.5027 118.4936 118.5059 118.5369 118.6034 118.6392 118.7232 118.9298 118.7396 119.2646 100.7157 114.7449 100.3770 114.5916 128.1272 107.3388 114.6104 115.1689 108.6383 108.2493 112.5072 105.2375 103.6038 117.5840 101.9584 113.1838 110.0904 103.4584 105.2362 110.4473 111.9891 112.0726 114.4846 113.7985 115.0908 116.2295 114.4307 114.0273 110.4972 102.4305 104.9015 114.0088 117.7215 112.6892 117.6477 117.0542 116.6215 116.8492 118.5153 118.8603 118.5436 120.9600 124.4341 121.5909 124.2292 112.4259 106.3671 107.0804 106.1600
119.2500 119.1606 119.0793 119.0129 118.9622 118.9344 118.9261 118.9383 118.9679 119.0072 119.2314 119.4469 119.2285 119.3894 120.4745 114.1372 95.2338 119.2341 111.5039 102.6809 102.8847 105.3177 102.8047 110.3764 110.3992 111.2429 109.1717 100.9521 100.5252 106.7078 101.5200 104.3972 100.1973 101.9240 102.9140 111.8534 114.4824 119.7775 113.9465 115.1036 116.2283 112.8035 114.8013 102.6981 107.3667 116.4662 113.9537 112.4780 111.1002 117.2725 121.3130 117.7297 117.3662 117.9076 120.0950 118.7284 105.9575 114.9506 121.2948 124.1360 126.3939 109.5512 105.5051 106.2800
119.6300 119.5547 119.4779 119.4150 119.3691 119.3477 119.3357 119.3512 119.3744 119.3800 119.1846 116.8307 119.9008 119.7896 120.0205 117.1377 99.4238 105.2604 111.5766 119.2560 107.6906 116.1976 104.5607 107.2078 111.5464 112.6825 109.8793 108.8987 103.4296 106.6811 100.7977 101.8263 103.0273 103.0064 105.8981 105.0411 107.8620 108.5578 114.8496 112.7088 110.4319 111.6612 115.1451 102.0652 116.1494 114.3266 117.7996 116.5377 115.3368 111.9538 124.8147 119.3748 121.2714 119.2679 123.7771 121.4910 120.4234 105.1886 112.4409 121.7259 121.5465 118.3286 109.8589 106.3000
119.9800 119.9271 119.8573 119.8033 119.7634 119.7380 119.7330 119.7451 119.7692 119.7159 120.2222 118.8299 120.1148 120.0320 121.3352 121.6283 120.8854 122.3141 102.1505 111.6459 101.8881 109.6746 113.0666 107.0099 102.3740 109.2522 110.6396 113.1713 103.7384 102.3496 100.3105 101.3080 104.0544 104.0748 106.6471 106.1549 107.8386 103.2808 104.4460 102.8492 99.6881 115.3559 120.8060 104.3536 114.0702 117.3301 119.5163 120.6861 119.2386 119.2631 124.2022 118.2582 124.8951 121.7823 112.6866 124.5890 119.0545 117.3277 113.2655 122.4131 122.5622 124.1477 117.4530 115.0500
120.3200 120.2903 120.2270 120.1706 120.1347 120.1195 120.1108 120.1214 120.1377 120.1932 120.1892 120.4224 120.3491 120.3376 120.3599 100.9791 121.2103 121.8011 103.8490 104.7681 104.3509 105.2064 97.5500 102.5788 99.8037 102.0994 103.9504 118.3181 114.0475 101.6308 103.0371 105.4874 104.4346 104.1847 107.4576 107.1804 106.0040 104.3920 109.7120 108.9237 106.7032 103.2298 108.3166 103.3141 103.5951 108.7218 120.2837 121.6048 127.8837 125.5750 121.7419 122.7305 122.8748 122.4975 110.3620 122.4358 123.1599 125.5562 126.4959 124.9111 124.7214 122.8877 110.4373 106.4500
120.6500 120.6426 120.5795 120.5346 120.4941 120.4741 120.4732 120.4789 120.4969 120.5334 120.5843 120.6359 120.7528 120.4752 122.3813 119.9357 121.5753 120.0367 104.7441 100.3452 103.4870 122.5606 99.9827 105.1153 111.5086 110.3496 104.1660 106.4517 102.9604 100.9828 115.3879 107.9387 108.4888 105.8112 108.5766 106.7105 109.0812 104.2732 106.8699 112.2319 112.3444 113.9104 104.1038 103.3753 101.2829 111.7869 120.9125 120.0694 120.3944 124.1701 127.2016 124.2907 121.0619 124.2309 124.8415 121.2303 120.4577 125.6704 127.2377 127.0966 126.4304 125.1772 122.0348 123.0400
120.9700 120.9752 120.9165 120.8751 120.8387 120.8214 120.8142 120.8221 120.8434 120.8748 120.9547 120.9684 121.0371 121.3805 121.8232 121.4840 120.9941 120.9478 107.2790 107.1840 112.0805 125.7487 108.3136 106.8534 111.4063 106.9315 101.9214 104.6096 102.0556 100.5544 110.7817 101.5350 108.2713 117.4052 107.7768 106.6753 108.8004 103.3431 111.5022 109.6991 111.0883 111.4615 102.1067 111.6876 111.0625 108.4514 112.7281 124.2283 126.9414 122.6546 124.0512 128.8187 128.6774 124.7026 123.9391 127.3765 126.0435 127.7678 128.1685 127.9509 128.6671 131.0108 114.1857 106.5900
121.2700 121.2953 121.2444 121.1995 121.1762 121.1600 121.1516 121.1609 121.1797 121.1990 121.2682 121.4558 122.9233 118.6745 115.1729 123.0437 122.6603 120.6942 118.3996 100.9878 109.1642 114.5175 109.1907 103.8426 107.0257 105.2619 117.5354 99.7221 109.3390 105.5429 101.1854 110.2776 118.3094 112.0045 111.5321 108.7256 110.0891 105.4195 104.2190 111.2225 112.0870 112.3989 103.8842 118.7400 119.5338 109.4414 104.0347 127.5799 127.1612 127.7036 126.4915 124.5980 124.7443 130.0395 128.6423 128.4635 124.7434 128.5155 128.0765 124.7525 122.8884 117.1750 105.5988 106.6100
121.5600 121.6046 121.5597 121.5212 121.4963 121.4763 121.4703 121.4791 121.4996 121.5194 121.5569 121.8478 108.4693 125.1508 115.6665 122.0079 122.3045 113.5580 103.0586 100.8243 103.9419 112.2946 113.9596 101.4343 107.5500 100.8040 117.2636 101.7050 109.6541 118.5500 118.1656 117.3940 120.3033 117.6818 113.1349 111.8949 109.2841 110.7110 102.4071 103.6429 112.0517 103.5334 103.6564 108.6405 119.7359 120.3595 127.9711 127.2161 127.5473 128.4208 128.9690 129.4129 124.6921 126.4323 130.0783 130.8373 128.3561 127.8607 127.7738 118.9524 123.1056 105.9634 107.5411 109.4200
121.8500 121.9134 121.8628 121.8300 121.8005 121.7891 121.7802 121.7901 121.8028 121.8372 121.8689 122.7749 114.1245 122.4679 122.1567 123.4320 121.8997 123.4367 108.2709 107.6761 101.1239 102.5445 102.5896 102.0359 110.0731 109.5127 104.3388 100.9959 107.6398 116.7828 117.8577 117.7293 118.6629 111.0416 119.2790 113.3205 112.9973 112.4688 105.4730 106.1521 111.2820 103.2304 103.9686 104.1637 112.8093 121.7890 126.4495 127.9209 128.2943 128.1130 128.8470 129.2306 130.0918 125.8695 126.4052 124.9913 130.3853 127.7688 126.4762 130.4250 128.8269 118.9681 106.7140 111.4300
122.1200 122.2006 122.1561 122.1274 122.1023 122.0841 122.1048 122.0862 122.1061 122.1316 122.1580 122.0909 123.1479 122.2673 123.2009 122.9376 124.2298 121.7864 111.1136 111.8603 113.6782 110.4695 102.5924 101.9060 99.8440 106.5841 107.0410 100.4226 111.9653 120.8749 118.6713 118.4389 119.1412 121.6293 104.0815 120.0453 112.1029 116.6408 109.1572 111.9070 113.5340 118.2527 107.0028 106.7515 105.7006 113.8654 117.1219 126.5969 127.8509 128.6787 129.2963 129.6262 129.8080 130.4873 131.3106 127.5925 127.3981 113.2007 128.5926 130.6070 132.0736 117.8374 113.8976 117.8300
122.3900 122.4795 122.4453 122.4121 122.3898 122.3763 122.2879 122.3783 122.3856 122.4157 122.4522 122.5032 122.4482 122.5948 124.9181 105.6875 103.6167 100.0386 114.6827 119.1461 119.8862 107.2386 109.0843 102.3349 102.2987 104.2432 108.4021 103.6964 112.9427 122.0774 119.7758 119.4737 119.1551 121.5379 120.2535 108.1875 108.3493 124.8436 112.5602 108.0989 115.1932 109.5040 118.2034 117.8924 116.8443 110.0582 115.7874 116.0082 122.0552 127.8245 129.7216 129.7804 130.0286 130.1496 130.4308 132.2440 129.1791 129.6403 126.5460 122.6141 128.4673 123.4325 107.9722 115.8200
122.9000 122.7575 122.7182 122.6885 122.6670 122.6899 123.1122 122.9999 122.7091 122.6769 122.7239 122.7619 122.7879 122.8012 113.7847 104.0515 108.4417 104.4061 100.4589 121.6192 111.7565 104.4705 110.3290 106.6776 102.7891 106.2041 114.3019 112.1163 104.4620 104.5850 123.3039 120.8083 119.7307 120.1437 121.4856 122.9419 101.0904 122.3290 114.7078 115.3875 110.1730 115.2699 113.6775 105.3092 109.0630 115.6600 117.9580 117.4502 116.8744 120.9741 129.5545 129.8213 130.3205 130.5785 131.1259 131.0362 131.6485 130.7547 128.0285 125.7939 108.6576 104.6858 107.9889 115.8200
122.9000 122.9200 122.9400 122.9500 122.7300 122.7500 122.7500 122.7400 122.7300 122.9600 122.9400 122.9200 122.8700 123.0900 123.0600 101.7000 101.7000 101.3600 106.4400 123.4700 117.5200 105.3900 111.5600 118.1800 103.5100 104.7400 106.3700 112.2200 106.8200 105.9500 105.2500 121.6300 115.7100 120.9600 121.4200 121.9000 123.2300 124.4300 115.6400 116.1900 104.0000 114.9000 115.3300 109.2700 116.2700 116.2400 117.3300 118.0200 118.0000 118.4200 129.7500 129.9400 130.0200 130.5900 131.0700 131.3300 132.0100 132.1500 132.4100 132.7900 110.9000 106.7600 106.8500 106.9400
