126.7900 126.7900 122.4600 126.6700 126.6800 126.6900 126.7000 126.7000 126.7000 126.7000 126.6900 126.6900 126.6800 126.6700 126.6500 130.0400 126.7800 126.7600 126.8900 110.3500 119.5500 126.9700 126.9500 127.0600 127.0400 127.1400 127.2500 127.2500 127.3400 127.4400 127.4100 114.3200 110.9900 111.0500 111.0500 112.4000 127.8600 127.9400 128.0500 128.0300 128.2300 129.2200 129.7900 128.3800 128.4700 131.2000 128.6400 131.4500 128.8000 128.9000 128.9600 132.9900 132.9900 135.6200 130.8000 130.8600 108.1200 110.7500 108.8500 131.4700 107.9400 107.9400 131.0200 131.0200
117.2500 106.7579 109.7516 123.6406 127.3944 126.5242 126.5390 126.5469 126.5419 126.5367 126.5977 126.6141 126.5754 126.5605 126.5280 126.5393 126.4817 126.5316 128.7308 112.9550 112.4447 125.1808 126.7085 125.1205 121.5500 128.6204 126.2552 129.2546 116.9139 106.9762 127.3738 121.9588 108.5306 111.8198 109.6354 104.6902 112.8117 128.3910 127.1508 127.8838 116.3206 120.9542 129.2886 128.5451 129.3538 130.0068 124.7757 126.0025 131.4479 131.3634 129.6380 130.5695 130.5682 133.4521 135.6707 110.2547 111.8158 107.6717 110.6593 112.0015 123.5282 133.6180 136.1126 136.2300
112.3300 118.7078 112.5258 121.8117 123.2995 126.5731 126.3836 126.3620 126.3648 126.3882 126.3459 126.1597 126.4087 126.4214 126.4548 126.4726 126.4925 126.7230 119.1439 114.5993 109.7216 126.3244 123.6802 115.0856 98.9536 128.8331 128.2495 115.0590 114.1868 108.6510 121.1986 108.4073 106.2474 113.6098 114.4988 117.9739 105.1569 127.0107 114.6458 127.6091 123.4860 128.5198 128.7163 129.2916 129.9176 129.6831 131.3638 127.3671 132.2101 132.8154 132.3322 134.5353 130.1409 129.1021 117.5857 109.9635 108.7534 121.4073 127.9154 125.5308 134.4271 129.9838 132.7955 136.2300
118.0800 113.5648 109.8653 120.4453 121.3833 126.5188 126.1360 126.1752 126.1931 125.5186 131.9225 125.5013 126.2520 126.2350 126.2344 126.2681 126.2907 126.4010 128.2737 112.2543 113.7169 120.4256 117.1841 122.1000 119.0133 127.6854 123.4435 109.1311 111.1668 105.3190 103.2812 107.1234 104.2254 113.9625 116.7536 109.7553 120.1835 123.3769 121.7324 127.4816 106.8644 127.4912 130.8234 129.5962 129.8588 132.1790 133.1980 133.4606 132.6585 132.3889 131.4827 129.6293 130.0153 123.9006 107.4570 106.0852 107.0184 108.5458 129.9532 129.7076 121.6758 130.7613 132.2578 134.2200
126.1300 132.0851 111.4862 118.9243 120.8643 123.7391 127.3031 125.9887 125.9958 125.4290 125.3184 125.9873 126.0287 126.0479 126.0650 126.0958 126.1077 125.9811 128.1166 111.1849 128.0945 137.6813 108.6807 114.8186 124.3636 126.6562 127.4317 123.8957 122.5401 127.5252 114.2818 116.5251 106.8751 130.2967 125.4775 123.6211 126.8621 126.6936 126.5337 125.9370 126.5755 128.1608 124.7162 128.7123 131.6131 131.6596 131.3379 132.4330 130.1417 130.6512 128.1835 130.8620 129.3455 111.4101 104.1596 108.2871 117.1921 116.0595 123.4892 105.1934 127.6426 131.1293 137.0461 134.1600
125.9600 121.9397 115.2225 102.1241 122.8891 119.5402 135.8613 125.5564 125.8858 120.9636 125.5404 125.5798 125.8544 125.8524 125.8718 125.9019 125.9232 125.9343 126.8218 125.3974 126.0666 112.2847 108.9312 124.0001 127.1401 126.0629 126.4538 126.6446 126.0386 110.2758 116.8417 117.2491 117.1528 122.5695 123.7482 127.7031 127.1645 127.9917 125.6303 127.2687 128.0516 126.6561 129.2988 130.9558 131.7873 132.3490 130.9233 129.7212 130.0013 129.1911 127.1064 111.0772 106.8645 108.9708 128.8818 126.9375 111.9952 106.4533 106.3807 117.3969 133.6179 119.5307 110.4043 107.7600
121.8100 117.7409 112.3492 119.7304 121.1514 123.1228 127.4339 124.7112 125.7465 119.6606 125.0987 125.3789 125.6433 125.6824 125.7019 125.7123 125.7439 125.7530 125.6460 125.9210 127.3268 122.6113 120.5359 127.2981 124.7802 126.3737 126.1144 122.6206 126.8532 124.6261 108.0756 112.2108 107.8622 103.0251 109.4970 126.8235 127.1634 125.7013 111.4452 120.4762 129.9962 128.6609 130.1253 131.1254 128.7025 132.5010 129.1724 129.2455 127.3816 127.2377 103.9249 107.2404 103.1852 121.7415 110.3911 117.4150 106.8093 105.6895 117.7771 135.8361 109.8326 108.5133 113.1612 134.0900
125.6500 109.0404 112.8725 102.2639 118.4756 129.1432 122.5743 125.3829 125.5614 120.9547 125.4595 125.3167 125.7228 125.4617 125.4425 125.4898 125.5559 125.5971 125.6657 125.7727 126.3178 113.7222 123.2523 121.6190 125.0881 125.9764 125.4780 122.4350 120.9256 106.4079 124.8379 122.9487 111.2193 101.9715 122.8478 124.3501 125.7883 123.7863 124.5994 128.6023 128.1416 130.0056 130.5452 131.3353 112.8769 128.7285 128.4127 128.3585 126.8713 122.8539 98.7691 120.3808 129.4413 128.5878 128.6639 124.5942 104.8536 106.2525 126.9618 133.7834 130.5994 127.2128 131.5090 107.5100
111.0200 111.4399 121.0886 102.7953 121.4388 128.0074 122.5995 125.3241 125.0885 116.3703 124.9574 124.7678 121.9996 125.8899 125.1179 125.2753 125.3644 125.3988 125.4285 125.4832 125.4405 127.5237 121.7330 121.6028 125.4999 127.1149 122.5500 125.9191 119.8995 105.9139 123.2214 110.0085 122.2910 120.5447 124.2302 126.4765 127.1810 126.7634 118.9283 129.6213 128.6429 127.2140 130.8907 128.1983 126.0808 129.5433 126.9463 126.2228 126.5294 130.3926 113.7246 132.1983 126.7863 130.6861 120.7294 109.8525 107.2503 128.8504 137.2486 133.4108 134.2304 114.9628 114.0798 107.5000
114.3400 108.3449 106.0478 115.3597 123.1961 122.3423 124.6118 123.9388 123.9372 109.6827 125.6391 127.0275 113.9785 126.9323 124.5538 125.0603 125.2037 125.2020 125.2346 125.3340 124.5126 125.3658 126.3011 125.5800 120.0389 108.5303 122.7328 126.0730 121.0014 124.8691 128.0150 123.1639 116.3142 125.9209 125.7615 126.1739 126.0958 127.7773 119.1566 109.9651 128.0994 123.4604 126.0476 128.2523 126.9950 126.9368 126.3188 126.5431 126.3309 107.3210 113.8602 120.0755 126.6830 123.8578 107.1470 107.3666 109.3899 130.2036 133.1925 133.7020 130.8755 136.2609 137.8377 135.2800
117.3000 107.0355 119.4431 94.4432 128.3103 121.9716 119.7542 127.1960 124.3160 123.3262 112.3673 115.9163 125.4351 134.1022 123.5550 124.7404 124.8720 124.9998 124.9641 124.9329 123.1242 125.2764 125.4285 120.5019 119.1471 113.3238 126.2098 126.6201 118.3191 126.1769 125.3769 126.8327 126.2357 126.4876 124.5610 125.8069 126.3876 125.8839 117.0400 111.3323 121.8935 123.4041 123.3552 124.8757 125.2725 125.6767 125.4732 126.0743 126.9323 129.5190 130.9837 113.4834 129.8084 114.0830 121.4351 109.7460 106.2541 137.2660 133.9374 134.3703 134.0750 130.4528 136.2179 135.2800
117.5100 108.9352 123.2563 103.3612 110.7862 118.3018 115.2232 122.5348 124.6715 121.1448 108.7615 116.5585 129.1244 124.7162 124.6766 125.3582 125.0176 124.8677 124.9313 125.2382 124.6163 125.0227 120.3985 110.7352 112.4672 122.0296 125.7397 125.1862 126.3002 125.6281 125.8482 125.8453 124.6459 124.9716 125.9539 126.1292 125.7208 127.0888 112.4735 121.9819 122.3435 123.4304 124.4979 124.1434 125.3160 125.5326 125.1962 125.4459 125.1870 126.4401 127.1489 116.5316 123.3773 114.6853 116.9602 103.7187 122.1881 137.1038 134.5055 134.6382 134.2637 125.4666 117.9504 107.2300
106.8000 106.0373 108.2933 101.5264 111.3601 121.3819 113.5249 120.9583 124.4239 118.2809 110.7414 114.8589 126.6896 123.8577 125.2873 112.9801 117.5313 123.9923 121.0008 124.0499 124.6311 124.6622 124.3215 123.0805 123.5807 119.9570 125.0795 125.2333 125.2696 125.3682 125.2889 125.7645 124.7639 125.8473 126.0804 125.1159 125.8666 127.1761 126.5511 120.4602 122.7363 124.5956 124.4158 124.1598 125.1398 125.2538 125.2783 125.1906 127.7170 128.7638 127.6966 119.5986 116.8668 100.7276 110.6968 104.5177 120.0345 129.4619 134.2329 134.3458 132.2190 135.8045 116.1409 107.1900
119.0800 110.8200 125.9677 116.6029 116.3947 116.4480 117.4191 119.3422 123.9871 120.5343 112.5759 126.0242 121.9391 123.9916 124.9103 123.2797 124.6903 110.1196 120.8230 125.0738 124.4058 124.5256 120.5669 123.3899 121.7051 120.2636 126.2194 124.6025 125.6112 125.1458 124.8048 125.1942 124.9720 127.3229 126.7295 124.8973 126.6868 115.9811 107.2573 119.3782 123.4425 124.6487 124.1736 124.8042 124.9130 124.5317 124.8253 124.6351 124.6275 110.4278 127.1692 125.2956 118.5227 112.1959 120.5016 108.7796 114.2464 125.2857 135.6680 132.8804 131.8111 134.7542 108.5455 107.0800
106.8400 107.1139 124.8979 124.8200 118.1095 121.5037 111.4070 117.5196 123.7412 122.8955 121.7277 109.3992 122.2576 123.7249 123.6997 124.0118 124.9610 125.5444 124.5418 124.1210 124.6877 124.0429 119.5944 108.1312 114.1153 98.8613 126.3205 122.4317 120.2863 120.6030 105.9263 117.9106 126.7439 127.7852 114.7666 124.9509 125.5113 117.7462 117.9414 119.5009 122.6414 123.7543 123.7817 123.9200 124.1692 124.2768 124.3757 124.8180 126.3210 118.9106 124.3504 126.3087 124.1165 131.4383 118.1756 106.3787 124.5294 124.7537 128.2837 132.2105 133.3926 123.6814 104.3216 126.8700
109.4700 123.9646 125.4804 125.7251 116.2307 111.6620 116.8339 117.3840 123.3093 123.7533 124.2380 124.1332 123.6915 123.7135 123.8185 123.8126 123.6975 125.8813 124.2216 124.9671 118.3269 119.1297 109.6546 104.6318 102.4681 101.3407 124.4445 121.3272 123.8956 127.5778 124.2172 118.4929 122.7151 125.1156 124.6186 123.6429 120.4366 119.6792 118.9004 119.0188 121.4150 122.5330 123.4770 124.4725 123.3738 124.0599 124.2606 124.8456 125.8631 123.0282 117.3012 115.1874 125.8548 121.6689 122.2846 119.6853 126.0939 124.7002 125.0660 130.4737 133.5986 126.6257 118.0973 106.9300
123.5500 123.5042 123.9944 106.8256 114.5087 115.8149 109.4998 124.1755 123.4023 123.3507 123.0844 123.2228 123.4188 123.4564 123.5010 123.5182 123.4646 123.3603 124.2255 123.7034 105.7642 109.5842 112.7905 120.3127 100.0686 107.5350 105.7572 119.0230 126.1531 124.7148 123.8324 113.1671 124.7853 125.0296 125.9534 119.6408 118.7508 118.8271 118.9016 123.4783 123.2626 123.2736 123.3201 123.7028 124.6714 123.9963 124.0007 124.5581 122.3344 124.2187 117.3785 123.4393 126.8556 122.8432 109.0127 118.9000 123.3839 124.5571 124.6264 125.7167 126.6789 126.3569 125.9043 125.3100
123.3200 123.2705 124.0934 123.3443 120.7195 111.8810 117.7625 115.4230 122.9943 123.2263 123.2037 123.1817 123.1804 123.2346 123.0584 123.4388 123.6262 123.5371 123.4377 119.7364 118.8678 105.7333 110.5204 108.6894 104.6947 105.4340 101.0966 101.4953 111.0430 122.5104 125.0511 124.7628 125.3803 123.2975 120.2545 117.8559 118.3525 116.8794 119.2884 123.8333 123.5893 123.5061 123.7620 123.4293 123.0067 123.2274 123.0453 122.0519 122.1578 125.8424 124.0675 125.9930 107.6024 121.6109 121.6568 122.7689 122.3736 124.2290 125.7746 125.3100 124.8498 124.8765 122.4865 121.9300
123.0800 123.5036 123.8716 107.0074 111.3738 106.6601 120.6047 118.4595 122.9179 122.8641 122.8361 122.8692 122.9050 122.8715 123.8954 119.6612 119.3513 122.7527 120.7617 120.7999 117.7638 113.9557 101.2298 106.6655 121.8081 102.5549 102.6276 104.9260 112.2673 114.8107 116.1883 124.8319 122.8567 118.3561 116.6938 117.5150 119.2812 112.0783 113.3424 124.5370 123.6670 123.3070 124.0732 124.3834 124.4766 121.6710 121.5296 122.3185 123.4973 125.5537 121.4228 119.4343 121.8863 117.3288 122.4291 120.4057 123.8859 122.9822 123.5883 123.1123 122.2500 132.8348 130.7655 123.4900
122.8400 118.5143 124.1314 124.9868 102.3011 113.3232 119.6063 123.8693 122.5230 122.5803 122.5898 122.5868 122.8009 122.8864 118.0301 113.0945 121.5716 125.3856 118.4034 114.4619 111.6818 122.9023 115.4656 118.1211 120.0172 102.9101 102.0644 102.8918 115.6225 112.0327 116.5260 118.4674 116.9256 116.5235 117.7049 117.9349 110.5103 121.3542 102.7192 122.3904 124.5939 123.5667 123.0595 120.3330 119.1518 118.5158 121.2117 122.1398 118.8545 117.8957 120.5707 108.4526 115.8730 105.8137 115.0363 116.6374 123.0442 120.1754 122.9578 119.8479 131.4474 127.1284 122.5243 122.7600
122.5800 106.0885 113.7840 122.2561 104.8354 105.3067 123.8417 122.0495 122.2589 122.3007 122.2605 122.0082 122.1266 117.8275 123.7202 115.4215 108.5486 111.7251 113.7671 113.2417 113.3085 122.4147 119.1138 125.4637 122.4464 104.4484 100.3370 100.4936 113.9940 112.8966 117.4976 113.0890 116.4503 116.6933 112.7707 111.1051 103.0011 102.1330 101.8708 108.6804 124.8403 112.3730 119.7670 112.9531 112.6756 111.5346 121.2648 113.3466 110.7796 115.5301 124.0181 106.2636 105.5003 104.6969 104.3800 119.6398 119.2260 107.6040 118.9527 120.3376 120.5545 121.4189 119.2834 117.2600
122.3200 108.6896 120.0906 129.1322 123.7524 106.6324 123.0708 121.7019 121.9894 122.0136 122.0290 120.6357 122.3427 108.5783 110.9798 114.4748 103.4625 107.7578 112.5419 113.1456 108.1290 123.3077 125.8583 113.5268 105.3781 102.8978 101.3199 107.6522 111.4515 115.9649 115.7216 108.2864 114.8679 112.0221 100.0026 102.7488 101.4454 101.2516 103.0225 100.3633 120.7009 118.7366 114.8788 112.4438 111.7367 114.1511 111.5462 113.5098 110.1856 114.2407 110.8174 108.6399 105.2268 105.2250 105.1636 103.7880 103.4244 104.7343 118.2971 120.7319 121.2618 121.9960 117.0539 117.2600
108.8500 105.3965 117.7230 116.5662 120.4451 129.2939 120.9831 121.7925 121.6855 121.7050 121.6498 122.1870 123.1100 108.3251 107.2607 112.8744 117.9030 116.7177 103.4552 116.0967 101.3371 120.5452 115.5448 109.2838 104.4590 100.2404 100.8525 109.3154 102.7218 117.1040 118.1575 114.6018 106.8669 102.6868 102.0184 102.6195 104.1982 115.7481 110.4653 118.3901 113.3060 113.9185 118.4007 109.8389 113.9141 108.0160 102.8855 121.6027 104.5435 103.6072 104.7393 103.5462 105.0949 105.1190 104.6160 111.7612 112.6753 121.9796 120.1464 119.7180 119.9440 120.9234 121.7531 121.6500
99.7700 116.2176 105.4453 121.0202 121.8956 118.0187 121.6019 121.3222 121.3714 121.2075 121.7777 114.0883 122.3473 106.2116 116.5815 112.4179 103.7186 112.8971 103.0528 113.7830 106.9539 112.7811 96.8002 99.7558 103.2551 107.6093 105.1803 109.4980 101.1901 116.8227 113.7994 114.5022 109.7714 105.1631 103.1054 103.0560 100.7522 121.2145 121.6766 117.6485 109.8583 107.8951 114.0046 114.2316 116.7463 116.0667 104.1805 109.6728 112.9008 104.6746 104.6829 113.5110 104.1662 104.7680 103.9683 119.6321 118.5783 117.6194 118.5670 119.2014 119.8939 119.4792 121.1979 121.0500
99.4800 107.6985 114.1604 122.6468 121.0785 121.1190 121.2581 121.0753 121.0450 120.6282 121.4422 117.9228 124.8834 106.1433 110.5224 100.5890 100.7383 104.0341 108.9661 109.5761 113.6266 115.8533 99.6798 110.3236 109.5774 109.9663 112.3834 116.8279 100.9308 112.8255 112.6727 114.7999 101.8034 113.3442 104.4158 102.2831 98.6665 119.9551 111.5338 109.8114 106.9302 115.7831 116.5793 114.4621 118.9463 107.3827 117.2848 105.3022 104.4438 104.5152 104.3252 108.1973 103.3337 106.7360 113.3412 116.1603 117.7717 117.8636 119.4317 119.9960 120.8995 118.9124 119.1009 121.0500
103.1700 114.5640 105.0639 121.6821 120.9864 120.4758 121.4032 120.6358 120.6160 130.0533 112.6584 113.9678 120.6259 117.0444 117.1257 107.1718 118.3953 109.9737 110.1980 106.1793 122.1733 119.1226 110.0138 124.7944 110.0166 108.6130 103.5928 109.7896 114.4397 112.6523 112.6429 115.4028 116.3506 106.7820 102.8647 101.6267 112.0852 110.4111 106.8001 106.3417 109.2833 109.8248 103.0664 102.3294 120.3724 105.8976 115.1377 118.0292 111.8788 104.0881 103.9167 102.6134 115.1829 115.7314 117.0480 117.1701 117.1319 118.1784 119.6834 120.7524 120.8476 114.5508 132.2866 129.6200
120.8700 122.1137 108.5678 121.6223 120.6964 119.2526 129.3462 119.5615 120.6608 125.0841 127.8448 126.1345 120.6757 124.5706 110.8700 118.3914 114.1592 118.1564 105.8110 107.1895 121.4420 123.5557 105.0051 109.6681 108.9243 110.1767 112.3779 110.7059 111.2899 112.0255 114.1297 117.4497 118.4508 117.2977 108.4843 100.5855 104.4284 107.1950 106.1499 110.4530 114.6072 114.0458 117.6210 116.9620 118.1397 117.8594 117.3935 107.7572 104.9636 103.4836 110.6605 113.2384 115.7123 116.1563 117.2994 117.5894 117.1347 118.1399 119.1617 119.1264 130.3797 119.1485 112.5903 112.2800
120.5500 120.6195 120.5727 120.5386 120.1195 120.1383 119.0370 119.4922 119.7582 119.1569 118.5779 119.6738 120.0256 121.0089 111.2308 119.2470 109.7812 111.4665 104.0818 109.9655 117.3659 117.4120 108.7507 108.2499 107.0726 114.0676 108.9257 110.7509 110.8797 112.6243 116.4384 116.8280 116.6465 117.6068 120.3921 101.4283 106.6292 104.6966 112.5965 113.7078 114.8515 116.7301 117.0081 117.7012 117.6443 119.9504 103.5819 104.2292 103.0348 113.7709 114.9746 115.5540 116.3002 116.1916 116.8639 117.2075 117.7766 116.2878 128.7205 120.8549 109.3536 118.4640 114.3381 119.7100
120.2100 119.9694 119.6793 119.7248 119.7507 119.6580 119.8169 119.7463 119.7054 119.8965 119.9892 119.6916 119.8395 120.3609 109.8057 120.7776 117.8649 108.8369 109.4772 104.4674 109.1494 107.4354 109.2248 104.8573 107.8464 111.5562 111.8234 109.5712 112.5991 114.6147 115.4734 116.0971 117.4462 114.1311 102.0780 104.1683 103.5829 111.5988 112.4094 114.5119 116.2725 116.0129 117.0237 117.0561 117.2679 101.4227 103.1834 113.8842 114.3549 115.1492 114.2149 113.1503 110.3973 117.0677 115.9291 116.5385 126.1731 122.9154 109.4819 109.0439 114.1972 118.6134 120.4259 118.6600
119.8600 119.6485 119.5551 119.4611 119.3442 119.2903 119.2142 119.1804 119.1741 119.1717 119.0750 119.6338 120.7171 122.7911 106.4734 119.8722 114.5887 106.4509 100.6924 104.8678 111.8605 109.2656 101.9367 105.6967 109.4130 108.4521 109.1111 109.6551 113.0972 113.9779 114.6721 117.3204 115.4147 104.7843 103.5206 104.9867 111.5194 112.5214 112.8285 115.2409 113.5324 113.8987 115.3296 116.3380 102.5225 104.6119 114.7566 108.6207 113.2928 114.4123 108.6403 113.4744 114.6536 114.6263 103.7767 111.5987 105.5616 108.0450 109.0222 115.9661 119.2805 117.5146 126.0633 129.9400
119.4700 119.2570 119.1332 119.0241 118.9412 118.8799 118.8375 118.8347 118.8002 118.7679 119.4561 115.7197 118.2042 115.9864 114.2606 116.7559 102.7387 99.0527 102.8603 116.6750 109.2165 103.7586 102.1941 107.5677 108.0919 107.5265 109.8314 113.2185 115.0437 114.0761 113.1200 108.6797 99.5051 102.1154 105.0695 110.9796 110.9281 114.5613 114.5620 115.1321 116.2799 116.2701 109.3931 116.2484 116.6678 113.2098 112.7274 116.5078 112.7373 114.3556 111.5572 108.7464 103.5432 103.6042 105.1604 107.4339 108.8730 114.4561 119.5840 118.8069 130.3465 124.9043 106.2100 130.3600
119.1000 118.8649 118.7336 118.6163 118.5227 118.4465 118.3890 118.3382 118.4137 115.2777 118.0200 113.4339 117.9624 113.5580 113.3313 108.0875 106.4866 98.9315 99.8435 109.4030 96.2773 102.5177 103.4530 108.7031 104.1528 97.4504 108.1145 111.6758 110.9494 108.7788 110.4766 100.7824 98.9575 108.7321 109.0021 108.0884 112.2648 108.3516 111.6498 112.1527 114.6066 118.3178 111.7410 112.2264 104.3538 111.9353 112.5160 113.5288 102.2520 111.3535 104.0770 104.0107 104.2675 104.4067 110.0156 114.4068 118.2993 121.2583 124.9718 135.0587 122.1285 116.7612 124.1456 111.3900
118.7100 118.4524 118.3081 118.1798 118.0747 117.9978 117.9497 117.6603 117.6970 103.2962 117.1606 118.6239 117.8334 112.5450 118.7536 97.7850 105.5478 102.0198 101.6499 98.7011 108.8741 109.0118 110.5352 105.1746 104.8967 108.9353 105.3138 111.1081 105.8204 108.2766 105.7529 100.8786 103.9902 109.3302 109.9965 111.0564 111.3156 103.0393 108.0162 108.5437 108.2055 108.7030 109.7166 109.5392 112.1932 113.1237 111.1840 106.0787 103.0820 102.4055 103.6918 104.1661 104.4364 103.4381 109.2753 109.7508 127.9900 119.7554 116.8959 114.4540 111.1411 107.4264 126.4238 126.8300
118.2900 118.0301 117.8653 117.7257 117.6038 117.5142 117.4491 117.3612 117.5282 117.4115 117.6412 117.9021 117.5115 115.1583 105.2997 95.8223 106.8713 117.2665 105.3601 101.2753 107.1251 111.8232 100.8387 100.4353 102.2567 103.7426 105.5953 106.9927 107.6747 108.8522 105.8485 108.3517 108.5337 108.2635 105.2280 104.6346 102.7575 108.0882 108.4140 109.0046 109.7877 114.0659 103.6929 110.7630 112.1370 111.1770 101.6451 102.7903 103.5484 103.8380 103.8502 103.4937 103.5653 106.9015 107.1312 109.6298 111.6353 107.8776 115.4478 122.9132 123.6457 111.0181 123.5684 116.5900
117.8400 117.5863 117.4039 117.2421 117.1132 117.0131 116.9339 116.9087 116.7212 116.7844 116.9198 117.0014 116.4925 99.0706 107.6581 103.7261 122.0537 94.7435 96.6414 118.4203 102.1487 103.0166 98.9100 103.0373 102.5884 103.1180 105.4903 102.5053 108.1163 108.3126 106.4748 108.6466 109.5955 107.0662 101.2847 100.3178 108.4368 108.1946 108.3126 108.3021 109.4350 113.9200 108.2443 119.7090 104.1595 113.3070 101.9059 103.5521 103.2951 103.4989 104.6108 106.8605 106.4077 108.4633 108.3262 106.1639 112.6804 119.4074 113.6083 108.3000 116.2176 126.2701 127.0108 116.5900
117.3700 117.1153 116.9112 116.7411 116.5972 116.4763 116.3931 116.3367 116.3908 116.3814 116.4097 116.4825 112.8170 104.5574 108.7791 110.9410 104.2938 96.2926 101.9739 103.5703 111.2007 103.7539 101.1429 104.1434 103.9841 103.2235 104.2426 100.6687 98.6963 102.3280 105.0742 110.2153 102.2195 99.9956 102.3866 103.7921 106.3780 107.7804 108.1779 108.3387 108.5131 106.7707 117.4255 109.1258 101.0646 106.4842 103.0417 102.9744 103.1335 103.2703 104.2346 106.4975 106.9980 106.0861 113.0646 106.6508 113.7945 123.6617 120.6572 140.9778 117.7464 120.0157 115.9525 120.4500
116.8700 116.6283 116.4059 116.2141 116.0432 115.9059 115.8160 115.7510 115.7245 115.7617 115.8443 115.8162 117.0385 115.2691 112.2547 119.7898 103.4424 118.3919 103.5579 100.9324 110.4158 115.3489 96.4575 100.4728 102.1921 100.1721 100.3680 101.0944 99.7631 102.4541 105.8812 105.9273 98.2507 100.5428 100.3628 103.6835 105.0527 105.8143 107.7817 115.3697 115.8866 116.1621 110.3928 114.9720 106.2060 101.9585 102.6145 104.8441 103.7913 104.8438 105.2551 105.0138 105.1918 112.4075 115.0340 114.1693 125.7106 118.7992 117.4555 109.8238 117.7095 116.5781 119.8212 121.4500
116.3000 116.1168 115.8737 115.6454 115.4583 115.3064 115.1936 115.1247 115.1173 115.0944 115.1843 118.7624 117.5525 116.1547 115.9924 112.7216 96.1463 94.0396 97.5791 109.5654 115.9725 109.1398 96.2569 114.6659 103.7066 105.6658 99.8320 100.5705 101.4014 104.5584 104.3980 105.7874 99.9555 100.0902 100.8271 103.7088 106.1414 100.3547 114.1368 106.5503 107.8052 118.2682 119.7816 113.6206 116.9386 104.5062 102.9608 103.3344 104.7832 104.4323 110.8746 112.1982 120.8719 113.4758 115.9325 115.5317 117.9348 118.3354 120.4742 121.3668 119.6333 120.0195 122.5941 123.8000
115.7600 115.5871 115.3078 115.0471 114.8286 114.6537 114.5250 114.4511 114.4258 114.4413 114.6117 116.0932 114.9323 115.0471 115.1797 116.6648 119.1755 105.9797 112.7117 119.3803 100.3493 102.8649 96.3370 109.0357 105.5730 117.5756 103.8680 99.8899 101.6997 104.6256 105.1566 117.6762 108.1673 100.3011 101.9362 100.2259 100.1724 101.2596 103.7976 106.6182 110.6256 117.9178 112.3584 100.9028 102.2689 102.6048 102.7316 105.9829 112.1685 113.5266 116.7070 114.7887 115.0927 115.9685 117.6194 118.9442 119.5733 119.1858 119.3116 119.9822 119.8647 119.5314 120.2680 121.2500
115.1400 115.0266 114.7065 114.4196 114.1608 113.9515 113.8059 113.7137 113.6886 113.7155 113.9186 113.8542 114.2634 114.4941 114.6755 111.0180 108.5196 116.5924 117.0632 91.6176 94.9202 113.1946 120.5890 105.8884 117.0504 102.1107 100.0650 104.8506 104.0997 120.4378 110.3164 112.6531 113.4523 108.2189 117.0833 98.7195 101.1056 102.3036 109.6957 102.1772 117.2963 112.9738 101.3051 102.5790 103.5822 107.6330 110.1934 109.2769 107.5854 113.8008 114.2594 116.8978 116.8545 117.4045 117.7102 118.9017 118.9280 117.9653 119.0138 119.4444 119.2914 120.1685 110.1526 105.5300
114.4600 114.4484 114.0766 113.7403 113.4458 113.2031 113.0215 112.9098 112.8799 112.9136 113.0168 113.2588 113.4997 113.8251 114.2037 112.9774 101.3966 116.0323 114.2582 95.1623 102.4035 100.9147 112.0785 117.9372 122.2083 102.9371 103.7155 103.2493 103.7952 101.6753 116.2680 103.6314 102.1479 112.0179 103.4598 101.8416 110.2971 109.0227 110.4672 110.4871 111.2997 109.9374 109.2881 104.8866 109.1972 102.3285 107.2619 104.0225 116.0198 115.6604 115.2882 116.4470 116.6376 116.4294 117.5637 117.7438 119.0201 119.3199 119.5972 120.9305 120.8286 121.1670 103.5398 105.5200
114.3900 113.8412 113.4115 113.0212 112.6738 112.3771 112.1604 112.0262 111.9862 112.0505 112.2121 112.4320 112.7465 113.1716 113.2989 114.2667 116.7294 114.5464 115.2293 116.5519 115.3209 109.3600 105.8303 118.2454 110.9524 98.9417 107.7350 110.3327 99.6333 104.0893 101.9763 102.6658 104.1332 111.0037 111.9637 112.6614 106.4602 99.8578 107.9183 105.2887 105.9340 107.7996 101.5320 100.1394 105.1001 102.6466 108.2368 114.6794 114.8610 108.5788 110.6943 111.2739 114.1446 118.8460 119.0544 119.7443 113.2005 118.9261 120.6275 117.4215 119.8978 121.1477 110.3800 105.5100
113.7200 113.2049 112.7151 112.2470 111.8342 111.4816 111.2090 111.0386 110.9995 111.0696 111.2560 111.5511 111.9249 112.3396 112.8450 112.9584 103.2019 115.8699 114.6630 115.4926 112.1020 106.1528 119.6185 106.4311 95.6868 122.9346 112.8916 112.3020 98.9434 103.1630 103.3686 104.7058 102.4923 101.3024 115.2280 107.3479 105.8214 100.5003 112.9256 111.6040 111.6131 104.8273 101.0300 106.2085 111.5073 113.7660 113.9944 113.8277 113.8899 108.2235 105.2247 101.7224 110.2770 110.3497 110.5109 111.1607 100.7560 120.3599 120.8860 109.7880 121.0443 109.6243 121.7997 121.7000
112.8900 112.5552 111.9849 111.4284 110.9186 110.4836 110.1519 109.9404 109.8733 109.9746 110.2187 110.5749 111.0295 111.5803 111.9749 113.6717 93.1111 114.0323 114.1063 114.8611 117.2802 97.7725 104.2873 107.1296 96.9161 106.6044 92.3305 94.0128 100.5258 99.8673 101.8985 102.5615 104.8582 104.4172 109.9519 110.5721 112.1437 105.6558 110.2002 110.5727 110.6973 112.8363 107.6654 111.8069 112.1515 113.6400 114.2660 115.0202 115.5129 119.4640 111.8092 104.3030 102.9827 109.5631 110.7146 110.1932 115.9439 119.2189 118.7544 120.6233 119.5529 112.2152 119.3755 117.8700
112.7900 111.8914 111.2109 110.5567 109.9365 109.3870 108.9471 108.6723 108.5875 108.7152 109.0346 109.4976 110.0761 110.7002 111.4509 112.3136 113.2967 114.2443 113.9748 114.5412 115.7686 109.8007 105.4949 117.1339 91.8867 105.4414 114.4103 102.9532 97.9691 105.2204 104.1932 102.6727 104.8927 106.9056 106.9867 108.3953 109.4626 110.1913 109.5546 109.6685 110.7572 111.5267 112.0510 112.2033 113.0712 113.9550 114.6313 115.2690 114.9313 116.3284 114.8410 101.1806 117.3462 119.6672 118.7958 119.0166 118.3089 118.8308 119.5973 118.5955 119.3093 119.0596 119.1100 105.4600
111.7800 111.2224 110.4362 109.6361 108.8649 108.1582 107.5799 107.1975 107.0778 107.2623 107.6864 108.3046 109.0374 109.8148 110.6249 111.2075 111.8969 112.4208 113.5754 114.2769 114.7797 116.2572 117.6415 100.0903 116.6404 113.2708 120.2057 115.0239 107.9311 115.3094 107.8701 100.7051 100.8738 104.2851 118.8421 108.5550 109.8243 109.7197 110.1782 110.5146 111.2643 111.7103 112.1934 112.8378 113.4756 114.6648 114.4739 115.1679 115.4787 115.7789 112.9583 112.8462 116.8401 117.7390 115.8024 118.6129 117.9792 117.2264 120.6574 116.5902 117.6180 126.3786 126.0100 116.1500
110.9100 110.5632 109.6445 108.6825 107.7091 106.7762 105.9701 105.4240 105.2529 105.5166 106.1347 106.9726 107.9242 108.8982 109.8471 110.7919 111.6372 112.4725 113.1984 113.9111 114.5425 115.0264 116.1111 113.5047 116.7248 108.5306 113.0621 117.5590 110.9702 100.5107 116.3614 102.0659 108.5794 104.2512 106.8221 108.0137 110.2049 109.8806 110.3406 110.4213 111.3156 111.7713 112.5171 112.8166 108.6727 114.1328 113.8172 114.8661 115.8842 114.4731 120.1403 117.3294 116.8069 118.1284 108.5799 112.0489 123.1229 123.4033 124.8218 124.2973 112.3643 118.4049 120.9071 121.8500
110.7100 109.9433 108.8687 107.7141 106.4881 105.2269 104.0739 103.2116 102.9253 103.3617 104.3052 105.5102 106.7566 107.9760 109.1110 110.1680 111.1300 112.0281 112.8259 113.5556 114.3711 114.8292 116.2344 100.7154 113.0270 114.0708 97.4936 117.7973 119.1003 114.4208 117.0905 107.4349 103.5086 102.1147 107.3843 106.8869 109.8464 109.0503 109.7220 110.6503 112.0767 112.8568 113.9078 116.7399 109.3859 113.2659 115.5549 119.5131 112.2566 117.1599 102.3960 103.5826 107.7894 109.8123 117.4001 118.1884 119.3205 120.4141 116.5444 117.8268 113.3967 120.8905 121.8414 121.8800
109.7600 109.3870 108.1600 106.7879 105.2428 103.5557 101.7496 100.3627 99.7942 100.5873 102.1565 103.9235 105.5953 107.1058 108.4433 109.6429 110.7148 111.6054 112.5113 113.7909 112.6386 117.0472 116.7386 99.2885 109.9794 116.9461 98.4774 117.9505 100.3825 104.1887 101.2625 113.6443 102.8921 103.9949 99.9186 103.7853 108.4003 111.8945 110.6846 105.7634 104.4074 111.1709 106.5183 116.9668 100.7305 101.5026 115.0778 114.2619 114.6865 116.0715 103.7472 117.7419 116.9179 117.8057 119.2038 119.6535 120.7146 121.9952 114.9512 114.9882 104.4336 105.0275 105.6512 105.3200
109.6000 108.9331 107.5619 105.9733 104.0735 101.7903 99.0819 95.8936 94.4677 96.6218 99.6963 102.3359 104.5229 106.3401 107.8840 109.1986 110.3730 112.3945 102.7842 114.2778 113.7910 114.4552 115.6752 117.1131 119.1800 117.7449 118.3375 118.3191 113.1814 110.1921 119.4359 107.7099 103.7065 101.5997 103.2509 104.3561 107.1613 105.9299 110.5459 106.1146 110.2628 110.6917 110.8145 117.7628 101.9008 101.3631 115.2425 114.7160 115.1810 114.9133 103.5716 119.2692 113.0536 118.0739 119.9579 120.2796 120.8436 121.6277 123.8684 113.3915 109.3037 106.7916 115.6641 105.3200
109.4900 108.6311 107.1484 105.3869 103.1826 100.2567 96.1148 89.7981 87.8261 90.9125 97.2008 100.9797 103.7058 105.7982 107.5060 108.9283 110.1838 111.4607 112.6704 113.1392 113.0146 114.6347 114.5881 112.7614 105.0341 116.7413 117.0145 117.4705 102.0673 103.8626 106.8193 100.8024 101.9433 104.7798 106.9107 106.7405 119.2296 109.2190 112.2030 116.2954 106.5993 99.9343 105.9403 116.9365 102.4280 105.2710 104.5524 105.9462 107.8844 109.5379 111.1215 115.4063 120.3136 115.7121 125.4877 125.8518 120.2583 111.3665 126.2669 107.3591 120.2166 114.1497 118.2946 119.1600
109.4300 108.5039 106.9761 105.1261 102.7705 99.5094 94.1498 86.4766 84.1968 87.6041 95.7723 100.3219 103.3404 105.5736 107.2879 108.7130 110.0801 111.1575 111.6449 111.2996 110.4860 114.6112 117.8312 93.1156 121.5669 117.7722 118.9066 99.7829 104.5980 115.0999 101.0166 104.9865 102.7580 108.1011 109.4472 109.6062 107.8018 106.3405 108.5956 109.9039 104.8600 100.8990 102.9987 112.3320 99.3468 102.4855 103.4130 104.4500 119.7769 120.8477 121.2857 124.5672 124.8327 117.9514 124.5518 120.6299 111.7579 117.2981 120.3703 130.0140 130.8089 117.7330 114.8580 119.1600
109.4300 108.5615 107.0610 105.2537 102.9815 99.8906 95.1341 88.2162 86.1729 89.3865 96.5435 100.6516 103.5249 105.7018 107.4060 109.3610 110.0519 111.2578 112.0013 116.6166 112.8546 112.4646 111.9771 96.6836 112.5904 112.0989 116.9771 106.8616 107.4796 111.9289 101.1544 102.3806 103.6413 105.3268 104.7679 106.6801 112.4771 109.1899 108.8542 109.8724 107.8807 103.0152 104.7765 105.1301 105.7294 108.3681 108.9171 109.9473 117.2159 119.2926 120.4425 119.4219 122.3139 109.0382 119.9416 120.8782 109.1233 114.0399 119.3250 125.3036 127.6179 131.0389 112.8571 105.3100
109.4800 108.8107 107.4007 105.7357 103.7376 101.2170 98.1345 93.7102 91.8774 94.7643 98.8861 101.8135 104.1907 106.1425 107.9879 103.7743 110.5677 111.2786 112.3123 116.7398 118.1457 96.9611 109.5389 105.8417 106.0224 107.7800 108.1204 110.9075 115.8542 116.0391 101.3955 106.3103 107.5681 108.8630 108.1299 108.4535 105.1407 110.2766 101.4558 104.2002 105.0708 112.2126 118.6265 113.4194 106.2829 114.0673 116.4557 116.1663 116.3538 115.0876 118.6548 117.2152 116.3224 118.6053 119.0311 114.9824 121.4872 104.6854 99.5111 121.0535 121.7552 124.6349 119.0385 105.3100
110.5000 109.2186 107.9389 106.5088 104.8036 102.9179 100.9527 99.0779 98.3009 99.3938 101.3175 103.3866 105.2005 106.8472 108.2911 106.7847 110.4516 111.4057 112.1268 113.0685 120.3616 100.8313 95.3719 97.6299 95.4683 101.8488 101.4973 109.3926 105.7308 113.9448 107.9397 115.8261 115.2685 115.1640 116.2589 115.3448 108.7061 102.0919 98.9542 103.9179 105.8461 112.9386 107.4846 102.1858 101.9194 106.6385 114.8392 119.7568 120.2197 121.5475 123.1919 123.0364 117.2756 117.8136 118.8689 112.5356 120.4201 112.2037 115.2337 122.6981 121.6133 123.1066 124.1091 117.2600
110.6600 109.7393 108.6192 107.3133 105.8980 105.0041 103.3488 102.1495 101.9232 102.4534 103.6204 104.9756 106.3767 107.5757 108.7992 109.9805 111.3774 111.8544 112.9029 122.4150 103.3739 113.6054 106.6048 100.1831 110.9230 110.7091 109.6979 116.2764 105.7765 107.5658 108.1056 106.5459 109.7447 115.3934 115.8277 107.9458 116.4937 104.8274 99.6258 113.6601 118.8743 116.0894 115.3699 107.8558 116.5983 114.1493 116.4790 121.3571 123.8925 124.3188 123.8040 122.6439 123.0853 125.8206 123.8019 124.4299 124.8769 127.1768 127.8040 127.4577 127.1746 121.8376 110.7541 105.4200
110.8600 110.3458 109.3849 108.3377 107.4948 101.4560 105.6420 104.5368 104.4974 104.8106 105.5271 106.4852 107.5264 108.6388 109.8126 110.4003 111.4219 112.3688 112.6456 113.5966 97.3169 118.2227 111.3679 107.3447 103.3247 103.3354 103.4445 116.5107 103.3715 102.2243 101.7147 103.3549 103.7326 107.1073 109.5195 118.1791 102.8607 99.4498 100.7885 120.6799 119.1987 108.0525 103.1925 102.6173 106.2867 106.5545 110.5689 109.7176 124.2666 125.0344 124.5690 125.1008 126.9443 107.3998 127.4039 126.5184 127.5139 128.6612 128.5331 130.1374 129.7549 122.2957 103.7148 114.6400
111.7300 110.9917 110.1791 109.2629 107.5845 96.5679 107.8077 106.4325 106.4713 106.6806 107.1669 107.8605 108.6250 109.9846 100.4570 111.4336 111.8866 112.8054 113.3366 118.8841 107.8470 95.5500 101.7342 119.4142 99.1278 103.6317 99.5852 104.6986 105.0411 106.6686 106.6652 106.6380 103.8496 105.4661 114.4467 101.8357 103.3552 100.3833 101.7478 113.3714 113.1403 109.7290 111.1453 111.0854 119.0684 98.8800 99.9082 120.7694 123.1676 124.7535 124.7994 124.1406 125.9957 125.3215 127.1998 128.1014 126.9030 128.6494 129.8396 117.8482 128.2758 131.0071 107.4621 105.4300
111.8400 111.6591 110.9707 110.2238 110.2242 106.4550 108.7233 108.1032 108.0828 108.2273 108.5796 109.0878 109.7638 110.4454 110.7176 112.1747 112.6349 113.1944 116.1172 94.0853 101.0741 100.7597 103.7426 100.7376 108.1531 100.7700 103.9536 106.7504 105.7470 106.2404 106.8992 108.7487 110.8732 109.1618 118.5199 99.9896 110.6950 110.8288 110.0091 102.7936 105.1736 106.0257 107.3312 104.6600 107.8494 122.3915 121.6672 122.7866 122.6054 124.7972 125.1081 125.1681 126.6800 126.8935 126.2107 128.2322 112.2070 121.0578 125.5190 118.1621 128.8665 130.8233 106.8959 105.4400
112.7800 112.3297 111.7351 110.9215 110.5092 110.3217 109.7284 109.4855 109.4293 109.5468 109.8136 110.2138 110.7000 111.2322 112.1141 109.6837 110.5044 111.9114 113.5087 105.7082 119.4552 106.0290 101.6470 105.2734 106.6345 100.9837 108.6386 107.0416 108.9114 108.2387 108.0632 110.4590 111.2809 115.4489 111.5608 108.7174 99.8543 99.5968 106.9096 99.4798 106.7139 101.9692 102.4396 104.0935 110.0488 116.4269 116.1742 119.0092 122.0348 123.5275 123.5764 123.4047 124.0191 124.7851 126.1633 127.9209 127.7673 128.7334 129.0867 129.2181 129.7072 130.8348 108.8860 112.0800
112.9600 112.9908 112.4591 111.9806 111.5300 111.1659 110.7783 110.7374 110.6130 110.7006 110.9007 111.2186 111.6025 112.0636 112.5882 113.3622 111.4985 92.7677 101.3051 115.7352 113.3135 110.5116 100.0784 107.6661 107.1977 108.2634 109.9046 107.4143 106.6968 109.1860 111.2618 110.0927 110.6101 112.1612 117.7679 109.2595 112.5081 103.9044 105.0773 106.7034 106.6858 108.6989 106.1114 109.0267 106.2990 110.2150 111.8362 118.4025 118.1686 118.7603 119.1247 119.6565 122.9687 124.1433 124.5391 124.9434 125.1932 126.0367 126.3601 128.7674 130.9686 113.6955 113.9597 105.4500
113.6800 113.5712 112.9863 112.7606 112.5107 111.5513 112.8502 111.3253 111.6435 111.7187 111.8788 112.1294 112.4607 112.8480 113.3383 113.6999 113.4897 99.6492 95.9516 109.8082 100.4900 94.4013 109.6651 105.9482 103.7747 106.3647 110.9880 117.5019 114.8993 103.6547 118.0704 111.0241 111.0567 112.7780 115.5492 103.1270 97.9429 109.1949 103.8393 110.9471 104.1730 104.7598 106.6587 109.9734 110.0226 110.6107 112.1037 115.9450 116.9935 117.7374 120.0873 120.6697 121.1422 121.5742 122.2265 122.3038 123.0022 126.0800 126.0958 127.1042 123.6519 111.9033 109.0379 114.0000
114.3700 113.1327 114.1669 113.4958 113.2019 113.1494 120.5883 111.6924 112.5714 112.6372 112.7562 112.9749 113.2351 113.5617 113.9371 115.2987 93.7594 110.4021 91.3994 92.4440 101.4340 112.1001 94.6883 95.4736 99.3808 96.8592 101.8509 109.2728 112.5264 113.1651 111.1127 114.8095 112.0627 113.8587 118.0619 114.9954 103.3363 98.7986 104.0996 107.7179 101.7027 103.0535 101.8966 107.7095 106.2390 109.0862 112.8257 113.0511 112.0497 112.2752 118.4117 118.7475 119.7174 120.1451 122.4815 122.7181 123.4774 123.4883 124.0857 122.8300 115.0077 108.0375 106.4758 105.5900
94.7900 94.7900 114.1500 114.2000 113.7700 113.2600 113.3400 113.4000 113.4200 113.4200 113.3200 113.2300 113.7400 114.1500 114.1500 114.5600 115.0000 115.3700 94.1400 96.6200 101.9100 116.4000 103.8700 96.7300 110.1000 96.6200 118.9000 112.2500 117.4200 112.1600 112.6200 120.6600 111.2700 112.5200 113.3300 114.1100 114.7600 100.3300 100.5200 100.8900 107.3700 108.5700 108.5500 101.9200 102.2900 103.5000 120.1900 121.3900 111.8800 112.8700 113.3600 114.4100 114.9400 116.3200 122.3200 123.0900 123.5200 123.5800 124.4600 124.6300 113.7200 105.2600 114.9400 105.5900
