128.2500 106.2600 116.0000 128.2800 128.2800 128.2900 128.2900 128.1600 128.1600 128.1600 128.2900 128.2900 128.2800 128.2800 128.2600 128.2600 125.7400 128.3600 128.3500 120.9700 120.9700 128.4200 128.5200 128.5000 128.6000 128.5800 128.6700 128.6700 128.7400 128.7400 128.8200 125.3700 130.8000 130.2900 130.2900 114.1600 129.1100 129.1900 129.1900 129.2600 129.3500 129.4200 129.4900 129.4900 129.6400 129.6400 129.7000 129.7900 129.8500 129.9100 130.0000 130.0600 130.1400 130.2000 130.2800 130.3600 130.4200 130.5000 130.5600 130.6300 127.2700 127.0700 130.9000 130.9000
128.2500 107.9074 123.3686 128.2030 128.2312 128.1329 128.1416 128.1377 128.1353 128.1376 128.1433 128.1506 128.1606 128.1712 128.1864 127.5070 127.8048 128.2142 129.0567 120.8822 115.3596 126.0616 126.5137 130.0190 124.0622 129.6784 128.9721 124.0387 114.9879 122.9194 129.0388 119.8275 116.9590 115.0858 107.1972 114.1545 130.4162 129.2276 129.7949 127.9303 126.9694 129.4550 129.3913 129.4476 129.5186 129.5836 129.6533 129.7154 129.7830 129.8613 129.9590 130.0446 130.6348 129.9318 123.0736 124.4194 130.7309 131.5746 129.6377 131.8723 127.7747 129.5240 130.9469 130.8900
131.4600 105.7763 120.7903 127.9906 127.8875 128.0861 127.9866 127.9920 127.9910 127.9944 127.9915 128.0025 128.0087 128.0286 128.0297 128.1217 128.1077 128.2935 124.7305 120.3459 127.3548 128.4118 121.5377 128.1881 116.0644 124.6624 129.0315 119.4460 120.0505 113.0275 123.3652 113.8823 109.3440 122.9048 132.2586 123.9110 129.0528 128.2750 126.8920 128.9174 129.2735 129.1183 129.2849 129.3422 129.4030 129.4710 129.5512 129.6186 129.6861 129.7582 129.7459 129.9077 127.9722 120.2046 120.0585 130.6639 130.8697 129.7996 125.6528 130.3005 132.0190 130.5171 130.7227 130.7900
127.9700 122.0546 122.2198 112.4733 129.0187 126.9519 127.8518 127.8473 127.8360 127.8385 127.8460 127.8494 127.8561 127.8740 127.8752 127.8797 127.9456 127.9961 124.9543 113.0544 120.4068 126.3707 123.6292 128.1023 130.9379 129.2424 127.9601 128.8071 131.9304 120.3013 112.6857 107.1845 112.3410 115.7223 123.4015 127.6736 129.5100 136.1033 132.4716 128.6179 127.4002 129.1527 129.1596 129.2300 129.3027 129.3705 129.4377 129.4957 129.5810 129.6010 129.7653 130.7029 131.0391 114.0732 128.9286 129.2543 131.5794 130.2457 130.6238 130.5578 129.8141 130.7899 130.5240 130.6700
127.6900 128.4504 122.7503 107.7174 128.8748 131.6107 127.1962 127.7119 127.6870 127.6783 127.6783 127.6929 127.7010 127.7119 127.7343 127.7484 127.7816 127.7401 128.5342 122.8076 130.3665 115.8450 117.8282 124.1703 126.1413 128.1025 127.5324 126.5607 128.5315 128.0577 129.1874 116.9268 112.8453 129.8645 130.2731 125.8663 127.7363 130.1022 128.0434 129.1108 128.3833 129.0353 129.0467 129.1162 129.1928 129.2608 129.3304 129.4151 129.4770 129.4528 129.8289 131.7162 119.3705 124.4799 129.7633 114.2171 122.5060 131.5092 130.5979 130.7444 133.3052 122.2281 132.3844 130.5600
132.9800 128.0373 126.6804 111.7278 126.4532 132.7680 127.6058 127.6959 127.5255 127.5225 127.5510 127.5484 127.5625 127.5708 127.5761 127.5946 127.6280 127.6598 127.6597 128.1576 129.1182 114.5543 122.7751 127.8546 128.1293 127.9071 127.8587 129.5349 125.4317 121.0494 131.0006 117.5873 113.6432 127.8851 126.9871 128.6884 128.7316 128.4968 128.6975 128.7007 128.7855 128.8468 128.9309 129.0474 129.0839 129.1529 129.2238 129.2775 129.3251 129.6548 129.3438 115.2184 119.3265 131.0465 128.9633 132.7771 125.4852 120.9145 123.2455 128.8399 133.8833 129.0107 120.9622 130.5300
127.4000 122.1342 118.1064 122.6198 127.2867 125.3383 126.6772 127.4601 127.3618 127.3374 127.2853 127.3325 127.2835 127.3034 127.4117 127.4335 127.4493 127.4756 127.4981 127.5006 127.5333 130.8389 125.5351 128.0087 126.4530 127.7865 128.3889 123.6608 107.7992 110.3533 119.9972 104.5215 127.3428 119.2293 128.5345 128.2128 128.3878 128.4782 128.5174 128.6012 128.6835 128.7399 128.8300 128.7381 129.1533 128.9202 129.1457 129.0308 130.0795 126.9613 132.4646 123.8548 120.9948 132.4746 126.0114 129.3349 119.7680 119.2614 126.7106 130.0876 130.5592 130.3674 129.5381 130.4400
119.7300 118.0736 122.5592 109.6018 125.6775 125.6548 127.2458 127.2740 127.1949 127.3962 127.4687 127.1295 127.9530 127.7953 127.2214 127.2696 127.3046 127.3197 127.3497 127.3717 127.3352 126.1683 133.7476 127.3613 125.3304 127.3896 125.8259 126.0668 114.1456 125.6993 131.1072 120.5243 125.8380 111.9142 122.8946 128.3128 128.2681 128.1246 128.3410 128.5212 128.5238 128.6283 128.7070 128.6716 128.9666 128.9229 128.9704 129.3229 125.6248 130.0102 119.0662 127.8674 129.7702 129.3566 130.0179 121.2374 130.1643 130.4921 131.5051 129.9435 130.2281 129.9085 131.0733 120.1600
123.7000 121.8130 120.9054 115.8584 127.7790 125.5532 126.8412 127.0888 127.0985 124.0626 126.7445 126.9861 120.5661 127.2335 127.0207 127.1055 127.1316 127.1554 127.1838 127.2418 127.6366 127.0157 132.8857 126.7645 127.3877 127.8846 122.9772 128.0247 116.6242 119.1281 126.0466 121.4723 129.5074 124.9975 128.1127 127.7765 128.1304 129.3505 128.9422 128.2043 128.4919 128.5354 128.5805 128.6665 128.7500 128.8099 128.8769 128.9694 129.0216 131.8431 125.2988 129.1257 129.3134 130.2467 126.8795 119.2991 128.0384 125.8399 130.0187 129.8761 130.0353 130.7155 130.8399 130.3000
120.5300 115.0757 114.7364 118.4815 117.8972 125.8281 126.8271 127.0257 127.0010 122.7578 127.3439 127.3179 121.9611 127.4625 126.9003 126.9194 126.9839 127.0022 127.0260 127.0296 127.2979 127.0569 127.5702 127.3742 128.4141 122.1785 128.2129 127.9588 126.8455 128.4712 128.7893 127.5437 125.0767 127.9082 127.7406 127.8977 128.3779 121.7885 123.3715 122.8190 129.9426 128.2009 128.5066 128.5355 128.6259 128.7026 128.7868 128.9658 128.4637 125.1843 129.0594 129.4041 128.8150 129.7310 120.6994 118.3203 126.9090 130.9007 129.8275 129.9485 129.9640 130.1475 130.9291 130.1900
120.9400 114.9227 115.6044 126.2809 109.7656 125.7800 125.8379 124.2724 126.7386 123.5555 115.1660 128.3447 127.1478 126.6855 126.7442 126.9768 126.7858 126.8738 126.8289 126.9704 126.3446 127.1648 127.6090 117.7755 123.4893 118.7164 127.5947 126.3788 127.4145 127.2872 127.2323 127.5308 127.6242 127.6650 127.7491 127.7919 127.9972 119.8077 124.6819 116.2997 128.0785 128.2308 128.3331 128.4227 128.5045 128.5876 128.6944 128.6175 129.1949 128.9685 129.1294 129.1188 129.7051 131.3499 118.4425 123.6801 121.4383 130.3636 129.5125 129.8285 129.8251 129.9029 115.1714 130.1600
126.6300 115.4490 122.3396 115.4775 109.5553 126.1516 125.9821 123.0930 126.5160 122.1073 116.5109 127.3474 126.5530 126.6003 126.4677 124.5923 126.8595 126.6278 126.6771 126.6409 126.6314 126.8253 127.1678 122.8476 126.0236 127.7136 128.1791 126.9902 127.1570 127.2381 127.3984 127.3730 127.4555 127.5090 127.5920 127.6003 128.1903 127.7723 128.3759 130.8357 128.0809 128.1772 128.2297 128.3103 128.3963 128.4778 128.5589 128.6725 128.6595 128.8062 129.0379 129.3725 127.1174 121.9274 129.6135 132.5138 117.1765 129.8682 129.5299 129.7165 129.9013 130.0751 129.4466 114.6500
126.4600 116.8936 121.8759 115.0423 122.3809 119.3258 125.2742 126.1017 126.4231 120.3518 112.6553 122.0122 126.4447 126.2329 127.2191 114.3064 128.4527 126.4950 126.4471 126.6614 125.8487 126.6362 127.0252 126.9563 127.6148 126.9183 126.7908 126.9659 127.0283 127.0538 126.8621 127.1889 127.2694 127.3835 127.4496 127.5305 127.3941 127.7072 127.3557 128.0433 127.6496 128.0195 128.0959 128.1856 128.2757 128.3615 128.4520 128.5381 128.6377 128.7300 128.7597 129.4266 127.7632 118.9459 127.2266 117.8254 123.9408 129.2191 129.5340 129.6267 129.7906 129.5283 130.3381 114.6500
118.1900 114.1559 114.3262 127.0858 124.5308 119.0783 126.2667 120.7132 126.1652 120.3613 117.0448 131.8923 125.7420 125.9798 126.7889 119.5764 127.0603 126.3737 126.6608 126.2866 125.9232 126.5024 125.9454 128.0292 118.5714 127.1473 126.6654 126.9860 126.9311 126.2743 126.9099 128.0142 127.2033 127.2273 127.3064 127.3927 127.5964 126.8027 122.4256 127.7273 127.8318 127.8936 127.9810 128.0666 128.1602 128.2465 128.3367 128.4256 128.5176 128.6234 128.6621 128.7035 129.7727 130.4824 129.6188 119.3139 130.1324 129.2666 129.4499 129.5324 129.5776 130.3852 120.5358 117.1200
111.7700 117.3897 128.8598 126.2971 125.6668 122.1033 126.2676 126.3550 125.9034 128.8233 127.8690 114.6274 125.4832 125.8003 126.5377 126.7210 126.0728 125.8195 127.3750 130.0389 127.3698 125.8410 127.2601 126.8966 113.9004 122.6416 126.5779 126.6861 123.7405 125.3665 115.0064 127.9616 126.9744 127.0978 127.1613 127.2701 127.0936 127.5636 128.7083 127.8954 127.7139 127.7766 127.8548 127.9450 128.0397 128.1271 128.2245 128.3135 128.4112 128.4983 128.6254 128.7149 128.8303 128.5207 128.7836 128.2752 128.4694 129.2660 129.3644 129.4474 129.5321 129.7119 128.6808 129.7800
129.2700 127.3393 125.9502 125.9282 126.3174 122.5957 126.2194 125.5324 125.6439 125.0622 126.1722 126.7309 125.7897 125.8340 125.7552 125.8321 125.5326 129.8308 128.1233 131.2043 129.7279 111.0058 122.9359 113.2171 109.2128 125.1572 126.6075 126.5849 126.2138 126.7474 128.2184 126.7574 126.8526 126.9362 127.0224 127.0978 127.2186 127.1848 127.3915 127.2397 127.5793 127.5784 127.7403 127.8257 127.9212 128.0139 128.1102 128.2049 128.3185 128.2803 128.5303 128.5511 128.6378 128.9694 129.3114 129.6307 129.0740 129.1677 129.2764 129.3676 129.4673 129.5437 129.8567 129.6700
125.7800 125.3868 125.6237 125.6525 125.9790 123.8397 125.8041 125.5042 125.6405 125.6537 125.3839 125.4226 125.6125 125.6243 125.6795 125.6585 125.2585 125.5452 138.6512 128.0040 124.3323 117.2660 126.7870 109.6998 119.5383 119.3951 126.2624 120.5560 126.2691 126.4993 126.3422 126.6267 126.7097 126.7838 126.8745 126.9768 127.0013 127.1670 127.2840 126.9987 127.5628 127.4506 127.5919 127.7145 127.7975 127.8925 127.9970 128.0899 128.2067 128.2401 130.3376 128.2066 128.9559 125.9563 124.7088 129.2979 128.9618 129.0806 129.1826 129.2824 129.3822 129.4781 129.6044 129.6400
125.4100 125.5349 125.3880 125.7699 126.7168 118.2290 124.6880 123.5019 125.2880 125.4211 125.4301 125.4245 125.4114 125.4366 125.4277 125.9419 125.7082 125.9238 138.6623 143.4016 122.5584 112.5556 118.9869 112.6456 113.1694 126.3387 124.3666 124.0526 124.3532 126.2811 126.4381 126.4477 126.5488 126.6411 126.7179 126.8220 126.9184 125.9343 127.4046 131.0778 129.3437 127.2358 127.5813 127.5648 127.6790 127.7809 127.8662 127.9775 128.0998 128.1003 128.3146 128.4656 128.4763 128.9444 128.8067 128.6164 128.9184 128.9915 129.0972 129.1957 129.2933 129.3977 129.4932 129.5300
125.2300 125.1235 125.1502 125.6224 121.8382 115.1933 127.2419 124.9579 125.2183 125.1511 125.1623 125.1859 125.1953 125.1630 125.7442 120.7587 125.7275 120.8994 132.2842 144.5389 128.8507 127.0757 117.2116 112.8188 121.8971 123.9587 118.9224 116.1325 123.2795 124.8628 126.1918 126.3219 126.4349 126.4853 126.5654 127.0712 125.9266 116.3465 127.4929 144.7629 141.3475 126.8767 127.3360 127.4498 127.5644 127.6639 127.7376 128.0010 128.0041 128.0859 128.0980 127.1790 127.7921 126.3111 129.0309 128.5438 128.8299 128.9088 129.0088 129.1096 129.2152 129.3122 129.4199 129.4900
125.0300 125.5992 124.7385 125.9462 107.4850 113.3684 125.8645 125.4197 124.9603 124.9652 124.9646 124.9829 125.0369 124.8283 125.5535 120.9733 123.7406 121.4381 123.5036 130.6538 124.3228 125.3877 127.7390 126.2602 126.3470 120.0386 116.8280 130.4925 121.8388 126.7628 126.0614 126.4634 126.0933 126.2864 127.3128 126.0622 125.1550 122.7885 110.5781 131.1919 120.8187 128.3757 127.1032 127.4313 127.4412 127.4192 127.5766 126.8424 127.2607 128.1076 127.7309 124.1755 128.3463 117.0851 127.8357 128.5558 128.7428 128.8134 128.9170 129.0221 129.1193 129.2432 129.3756 129.3800
124.8400 113.6974 125.5208 125.1396 121.2615 111.0794 126.1282 124.3046 124.7386 124.7433 124.7563 124.7565 124.6765 125.7181 117.3418 125.2576 120.7843 116.3831 114.7968 128.8821 124.0731 125.4387 125.0519 124.9854 125.7607 123.3113 100.9231 133.3120 126.6020 126.0902 126.7844 124.4734 126.3697 124.0970 119.5153 124.3531 112.0536 127.7375 118.9025 124.8648 118.5671 122.6514 127.1275 127.2377 127.0693 126.9926 127.6300 125.7378 125.9728 130.4380 121.1100 120.5506 117.4820 129.9593 128.3670 128.4923 128.6414 128.7401 128.8376 128.9450 129.0500 129.1260 130.2040 129.3500
124.6400 124.5994 125.7577 126.5442 125.6436 113.3768 125.7557 124.0689 124.4882 124.5352 124.5254 124.5012 124.7488 115.6417 118.8063 125.5086 112.9123 105.8574 115.6181 126.4097 114.7966 125.4934 125.1248 124.7295 118.9014 118.7560 107.1614 135.8699 131.4003 124.6721 126.3761 117.1970 126.7476 113.6119 122.1702 114.3598 102.6047 120.4595 112.9549 120.9202 114.6367 128.7131 126.9196 126.7732 128.6245 127.9396 125.3623 126.2211 118.0699 115.0348 104.6263 120.7930 120.0750 128.1827 128.3260 128.4012 128.3590 128.6505 128.6538 128.8324 128.8729 128.8139 130.9264 129.2100
113.2000 112.7846 121.2155 124.6594 123.9974 127.1565 124.6051 124.2185 124.2932 124.2760 124.2983 124.4097 124.2286 113.0079 123.4806 124.6772 122.2484 105.6542 109.0194 116.3615 115.2373 125.0372 124.8356 136.0062 126.6220 110.9555 104.7547 107.2883 122.6258 127.0138 125.4222 127.0104 117.7083 109.8994 108.4101 115.7081 116.7502 114.0221 120.1613 130.0572 122.9367 126.6433 126.0028 126.0446 107.2948 108.4804 125.2959 129.6048 118.4250 124.2783 108.7116 120.1713 129.7829 127.9401 128.3961 128.3261 128.5188 128.9072 128.9391 128.7780 128.9074 129.3510 129.2732 129.2100
113.8500 118.1999 108.5338 122.6703 123.9329 122.5513 123.7998 123.9563 124.0599 124.1823 124.3621 123.4927 123.8235 121.6656 109.5626 124.7534 118.3982 106.1047 106.6644 126.4632 124.5823 127.0105 123.5894 125.2131 128.5869 115.4858 121.2348 111.7001 104.1522 123.4386 125.4878 124.2116 125.2352 120.4323 131.3586 104.0039 127.7764 125.7411 125.2513 127.4550 125.4473 127.2142 127.2677 129.8085 131.5997 125.0269 127.6753 118.4202 125.6535 124.9065 122.1145 125.2940 127.3919 129.8288 127.5939 128.3633 127.6435 127.9098 127.3650 128.9245 129.4987 121.3361 129.8141 129.0700
128.5500 114.5312 115.9262 122.4815 123.7666 124.0291 124.0448 123.9266 123.7726 123.7989 121.8347 124.3022 126.3118 123.8907 122.6902 110.4904 107.5669 129.4687 121.9329 124.1529 124.5877 126.9289 124.5852 124.3492 122.3852 118.6276 110.0513 130.1119 131.2267 125.5602 125.3700 124.1947 127.3194 124.0278 114.2884 103.2871 110.3129 126.2849 125.8893 126.1296 129.4053 123.5215 120.0136 126.7189 117.6576 117.9365 127.2947 123.0060 122.7783 129.3566 105.8333 126.3525 112.6021 115.0997 129.6603 118.5048 126.6537 137.4099 128.8111 128.6792 128.8085 124.9484 129.1248 129.0300
108.0600 123.4880 125.3317 124.0187 123.5876 123.5891 123.5197 123.5617 123.4895 139.4524 118.5464 122.3324 124.3921 116.5066 126.9314 122.9590 102.3556 120.1078 111.9618 123.0154 123.7099 124.1568 124.4439 124.7183 122.8563 122.5763 109.7999 110.3031 124.7696 125.0570 122.6481 126.5305 127.0398 127.6141 113.1596 121.3139 123.2034 125.9800 127.8359 125.8661 128.5032 117.6058 102.4558 120.9859 126.9735 126.0032 126.9316 127.9527 125.1877 128.3380 110.3439 130.0766 129.5903 124.5855 127.5047 119.9451 127.6101 130.0126 128.1385 128.5538 128.6640 128.9658 128.8700 128.9200
123.5600 123.5178 122.8918 123.4027 123.4127 123.3649 123.3474 123.4080 123.8309 128.8027 126.7794 125.9749 123.7291 128.3982 122.8967 124.0772 114.4610 129.8594 103.4640 125.1919 123.7783 123.8122 123.4731 124.0821 113.6669 123.5026 121.8970 126.8510 124.6875 129.5770 113.5817 124.8114 123.9296 124.9472 110.1342 117.7225 124.7217 126.8077 121.0292 122.2003 114.9287 117.6366 122.1754 124.7848 124.6007 127.7517 123.2177 127.4728 123.7372 122.0565 110.7107 112.9219 128.5104 127.9760 126.2571 127.9750 128.4141 129.5476 128.5475 128.4372 128.5616 128.6717 128.7656 128.8900
123.3200 123.3621 125.9174 122.9364 123.0969 123.0940 123.0769 123.0529 122.7439 122.2500 122.3000 122.8509 122.5888 123.4065 119.8910 118.8094 114.8354 123.0453 115.7520 123.0566 123.6539 124.2249 123.9987 121.4798 115.9958 124.8867 119.3984 124.7623 124.2981 124.7125 124.6014 124.6342 125.4321 117.1371 112.2773 132.4814 125.1693 125.0409 119.3651 125.9254 127.8379 119.8814 122.2775 126.7079 126.5417 126.8671 125.1451 121.6937 126.7979 124.3699 126.7925 127.9478 124.0231 122.0373 127.5764 127.9503 127.3181 132.6446 127.6914 128.4978 128.4685 128.6105 128.7214 128.7700
123.0800 122.6700 123.9677 122.8102 122.8554 122.8397 122.8161 122.8100 122.8925 122.9619 122.9531 122.9208 122.9228 122.6193 125.0755 117.2128 115.7353 120.1448 125.4989 122.7554 124.9011 121.7951 120.8855 115.9530 117.0948 123.6690 123.2468 124.6139 124.2405 124.2921 124.7228 122.3400 114.0976 126.1122 124.2583 125.4521 122.1627 118.4733 118.7893 122.1874 123.0359 126.5550 125.9608 126.3735 123.2539 119.7993 128.0806 125.4883 123.5705 127.3702 126.9500 127.8140 122.8547 126.9265 127.8435 127.8926 128.0649 126.2276 128.3731 128.2952 128.4032 128.5488 128.7245 128.7400
122.8300 122.7734 122.5687 122.6498 122.5818 122.5591 122.5379 122.5223 122.5059 122.5386 122.5563 122.4958 123.7550 123.0753 119.5066 121.9677 116.0977 122.9580 122.6432 123.7291 121.8716 109.4812 120.7780 115.8048 125.9815 124.4884 110.1219 123.9922 122.5389 124.3210 123.8040 125.4269 124.9842 124.6947 123.8246 121.0977 121.9175 126.5594 121.6254 117.6910 123.0274 126.1459 125.5813 125.8661 128.7734 112.6411 135.4490 111.3043 117.0520 125.8216 122.2150 123.6253 126.5434 128.0032 122.9388 123.3680 129.6153 111.0220 129.2520 128.0582 128.2835 128.5511 125.7843 128.6000
122.5700 122.4512 122.4084 122.3380 122.3020 122.2796 122.2575 122.2362 122.2310 122.1987 122.1420 122.1468 125.2751 123.0449 116.7923 124.6628 121.9455 123.2223 122.5790 122.4851 121.6266 121.1836 105.5038 113.0506 109.6708 115.9836 124.7359 111.9474 121.9551 123.0250 127.1609 115.5296 126.7408 122.1774 117.3199 121.0820 119.1588 126.2040 128.0872 122.0786 125.3337 125.0505 126.5078 122.6535 113.2251 109.5414 127.9474 115.3240 109.3927 118.9556 112.8722 118.5015 116.9319 121.4384 114.0464 113.0387 130.0155 128.3741 127.9244 128.1782 127.9548 128.8056 120.5950 128.5900
122.3100 122.1802 122.1166 122.0741 122.0238 121.9881 121.9626 121.9440 121.9331 121.4056 122.0805 121.5829 121.4894 115.7106 111.1736 114.3833 112.1650 122.8946 122.4290 122.3087 116.7779 102.2234 109.6799 114.1384 108.8328 129.3795 124.7204 122.0999 131.3250 118.0160 130.5917 125.1710 128.1879 112.9589 107.5214 117.9768 117.5786 120.6852 121.5003 124.9743 125.3612 127.2516 118.3832 112.9553 104.8457 113.1273 122.3750 114.5632 118.9413 101.6599 123.5544 103.4291 106.1109 109.6005 129.9046 128.4989 127.4333 127.5801 127.8330 128.0582 128.1830 128.9702 129.4789 128.5600
122.0500 121.8869 121.8193 121.7698 121.7221 121.6852 121.6742 121.4215 121.1555 111.0344 121.4182 125.0979 121.8419 118.6445 109.2414 113.5673 111.3034 115.5168 118.8506 123.7178 122.8115 123.8702 116.4925 126.5920 121.5881 122.1294 123.3228 123.2756 123.5904 118.0946 126.6320 111.9487 123.7349 118.9777 119.5756 116.4385 117.5017 130.0698 124.9901 127.9483 126.4572 128.1815 101.8688 122.9598 114.5216 108.5673 119.9425 113.4974 100.1701 102.6766 117.8265 104.8475 113.2874 125.7407 126.6803 127.0658 127.4789 127.7730 127.8849 127.9683 128.1025 127.7589 128.2280 128.4200
121.7700 121.6018 121.5225 121.4675 121.4118 121.3770 121.3471 121.3012 121.7876 122.0916 121.1635 121.4411 120.9206 122.0894 108.4921 113.7875 118.9340 108.5941 118.1039 121.8973 110.6403 105.3679 113.2134 121.9762 122.5965 123.0143 122.6604 122.8807 123.3072 123.3968 112.1276 116.6875 111.3530 113.9597 117.6926 113.5974 117.9399 119.6101 124.4486 126.0687 121.7785 117.1320 97.6871 127.6469 126.5179 111.4267 111.9748 108.1810 105.5508 104.7243 98.1416 117.4990 125.5292 128.5509 127.2669 127.4401 127.5278 127.6320 127.7659 127.9051 128.0355 129.1263 128.3112 128.3900
121.4800 121.2645 121.2097 121.1435 121.0917 121.0495 121.0183 121.0068 120.7723 120.8936 121.0919 121.0161 121.5291 114.9133 105.7453 129.9311 123.8628 118.8459 123.6558 121.4524 123.1407 122.1780 124.9012 122.2259 123.0248 120.3480 125.1335 124.3755 124.2644 121.5977 109.5803 121.9498 119.5256 114.6542 115.0226 112.6267 122.0553 126.4378 125.4421 124.7196 126.4946 104.2473 108.8776 128.0774 125.1237 122.1619 103.5205 103.5732 103.5050 102.7194 134.0473 128.5548 127.2081 126.8011 127.1077 127.2535 127.4065 127.5536 127.6945 127.8238 127.9520 128.0502 128.2301 128.3900
121.1800 121.1360 120.9001 120.8122 120.7565 120.7117 120.6856 120.6662 120.7204 120.6802 120.6695 120.4027 123.0998 121.3260 129.0434 130.5021 122.0665 121.5322 112.3124 119.5732 122.1664 121.6687 121.8234 122.4357 119.9299 110.0244 108.1264 107.7573 123.0097 123.5037 118.0833 114.5087 108.9615 106.6152 110.5564 121.9437 118.8850 114.1781 115.1691 124.4461 125.0234 118.6156 117.7492 105.6421 105.4567 107.0182 103.5672 104.2183 123.4267 122.8251 126.7929 126.5132 126.6861 126.9271 127.0554 127.2028 127.3358 127.4777 127.6213 127.7643 127.9064 128.0032 128.1210 128.2400
120.5400 118.0159 120.7229 120.4601 120.4140 120.3619 120.3314 120.3115 120.2924 120.3198 120.3313 120.2063 120.6931 122.8848 117.2914 120.9826 117.2248 122.3618 120.2133 121.8053 120.6292 122.3096 121.4777 122.9069 116.8698 123.0825 112.8671 116.9235 122.3716 122.9138 122.5829 123.4441 112.2954 108.5566 111.2268 114.1463 121.6591 124.1911 122.8250 124.9774 124.6010 125.3197 115.5483 118.1161 111.5498 102.0780 107.4196 122.8118 125.8801 125.9197 126.3525 126.6162 126.6715 126.8103 126.9634 127.1119 127.2519 127.4050 127.5405 127.6706 127.6809 127.9825 128.1888 128.2200
120.2100 120.0997 120.4459 120.1084 120.0507 120.0024 119.9672 119.9450 119.9404 119.9468 119.9684 120.0218 120.0917 120.1828 120.3979 117.5543 103.6669 119.9685 120.3328 120.8218 120.8438 120.8642 121.4373 120.6485 110.4131 121.8142 126.1463 122.2204 122.3944 119.3541 123.8986 119.2891 108.2585 119.1920 116.0664 108.5536 112.1618 117.3314 122.1134 121.4104 125.6470 124.5186 126.7123 103.5287 107.7070 114.8290 122.3137 110.1845 127.6042 126.0307 126.2550 126.4081 126.5672 126.7529 126.8750 127.0386 127.1885 127.3367 127.4824 127.5751 128.5392 122.1704 128.7534 128.0900
119.8600 119.9610 119.7862 119.7402 119.6833 119.6220 119.5842 119.5581 119.5492 119.5656 119.5785 119.6434 119.7023 119.7635 119.6097 120.8841 120.5153 119.7452 115.1589 120.5422 120.6877 120.9190 120.4344 121.9148 121.5205 121.3744 121.7152 121.6804 122.1783 122.4802 120.2695 114.2700 110.4334 122.0736 101.9822 114.5792 123.9966 115.3737 122.4916 102.7486 127.0253 128.3690 102.1355 103.0716 113.8867 126.7077 133.2253 126.1954 125.8256 126.0239 126.1335 126.3653 126.4394 126.5648 126.7955 126.9254 127.1415 127.3239 127.3872 126.9835 122.1301 126.8274 127.1814 128.0700
119.4900 119.5786 119.4774 119.3786 119.2855 119.2301 119.1843 119.1552 119.1461 119.1583 119.2158 119.0823 119.2645 119.4210 119.6029 119.4703 119.5443 120.1115 120.2639 120.0528 120.3647 120.5002 120.8023 120.8184 121.1557 121.3233 121.5096 121.7284 121.8241 122.3687 122.5903 128.6395 128.5310 120.0886 108.6076 115.0231 122.6890 110.2397 103.4919 123.0396 121.6111 103.1062 123.9617 116.6868 125.9065 125.0424 124.6790 125.5785 125.5959 126.0277 126.7618 124.6842 126.6995 128.1735 127.2013 126.9553 125.6875 128.2343 127.4191 127.6303 127.9698 131.5760 121.4677 128.0500
119.1100 119.1964 119.0771 118.9690 118.8808 118.8119 118.7664 118.7308 118.7307 118.7600 118.6426 119.8328 119.0803 119.0054 119.0740 119.2697 119.4000 119.4394 119.6661 119.8700 120.0805 120.2506 120.4361 120.6702 120.8735 121.0525 121.2058 121.4768 121.8942 115.3862 122.0946 121.7505 121.7192 123.2461 107.7991 107.2919 122.3949 114.3684 120.1634 123.2627 125.8512 123.7824 118.0873 105.0101 124.7154 126.9005 127.0107 126.3780 125.8797 129.3720 122.4648 117.5942 124.3248 112.5995 124.7861 127.0860 121.8212 127.3551 127.2885 127.3229 127.6099 128.8293 121.9716 121.1000
118.7100 118.8065 118.6695 118.5507 118.4572 118.3804 118.3238 118.2984 118.2878 118.0145 119.0861 109.8223 118.8394 118.6165 118.7008 118.8292 118.9820 119.1821 119.3383 119.5300 119.7560 119.9422 119.9628 120.3387 120.5157 120.8104 121.0726 122.1822 123.0164 113.9886 121.9936 122.5639 122.6795 120.5092 129.3455 110.1556 114.5148 116.4245 123.4310 119.0243 119.8675 122.0771 124.8752 126.5028 124.7350 125.9763 125.7542 128.1767 124.9289 112.8514 119.9910 117.9618 121.0562 117.4421 122.0053 127.5417 127.7315 126.9555 127.2162 127.3695 127.3196 127.0307 118.3740 127.9000
118.6800 118.3894 118.2455 118.1144 118.0060 117.9270 117.8583 117.8245 117.8192 117.7164 117.7209 117.0021 118.0283 118.2058 118.2651 118.4260 118.5967 118.7763 118.9730 119.1739 119.0674 119.6505 120.9705 121.4086 120.2221 120.5943 121.0660 121.4321 114.2658 124.6472 113.9589 123.6279 124.0249 120.9484 116.8769 108.4551 116.1290 123.8160 124.1643 125.2022 115.8661 121.7092 122.2902 126.7266 133.6380 126.9748 125.0795 125.3138 127.2473 134.5068 136.4904 112.4972 109.2527 124.7622 126.4162 126.4882 124.9919 127.1549 128.0106 127.3855 127.4914 128.5343 130.2106 127.8600
118.2800 117.9665 117.8015 117.6560 117.5316 117.4394 117.3701 117.3399 117.3209 117.2618 117.3814 117.4958 117.5912 117.6847 117.8334 117.9961 118.1880 118.3872 118.5959 118.8217 119.2260 124.6246 118.3084 108.1787 120.2375 120.3019 117.2553 111.4914 105.6173 117.4746 104.8219 113.1464 111.7200 118.6612 111.8746 112.4224 116.4476 118.2726 120.3790 123.7601 124.5801 124.4410 122.1534 128.9971 135.0263 123.2859 125.0774 125.2778 125.2736 131.8599 120.2602 102.2744 112.6817 129.1224 129.6651 125.2363 125.8902 125.3728 128.0045 127.0406 127.6392 121.4251 121.8574 127.8600
117.8400 117.5104 117.3346 117.1722 117.0405 116.9360 116.8569 116.8114 116.7971 116.8440 116.8897 116.9469 117.0614 117.2100 117.3728 117.5574 117.7604 117.9800 118.2055 118.4886 117.9046 122.4055 120.2107 113.6713 121.2051 119.4690 121.9182 111.4554 117.3065 122.7397 107.5680 110.2747 111.3484 113.3967 108.0691 116.0912 116.3991 120.8148 121.3175 123.0356 122.3601 124.4267 121.5985 121.0068 126.7395 125.0612 124.5818 124.9891 126.6594 110.0926 109.6305 126.0626 121.8872 126.1937 132.3563 120.8321 126.5787 126.5543 126.7956 128.7062 128.8547 122.9385 126.1854 127.7200
117.3700 117.0412 116.8454 116.6619 116.5078 116.3919 116.3081 116.2528 116.2392 116.2586 116.3178 116.4199 116.5464 116.6989 116.8835 117.0939 117.3189 117.5575 117.8282 118.0524 118.4033 118.5846 120.3575 103.9806 119.8049 119.3455 120.7514 119.5571 127.2584 127.4465 123.2209 109.4535 118.5480 111.3373 111.4235 115.8403 116.9053 121.5869 116.2379 114.7926 105.7958 110.7141 112.5950 111.9355 115.3659 120.0779 126.0119 124.6524 125.5155 117.7858 116.7068 125.2853 123.7461 126.8357 123.6443 125.2637 129.2740 126.9283 127.8523 111.4708 130.7090 129.6069 128.9654 115.5900
116.8700 116.5567 116.3216 116.1406 115.9969 115.8094 115.7340 115.6601 115.6519 115.6761 115.7464 115.8451 115.9926 116.1679 116.3774 116.6099 116.8606 117.1310 117.4133 117.7109 117.9965 118.2717 118.7440 115.6350 119.1400 119.7322 119.7159 120.0110 121.8198 131.8653 110.8729 118.8207 118.2523 113.5148 113.7470 114.3349 115.2497 122.3877 122.1021 127.7848 120.3676 113.7838 116.6098 115.0946 116.7884 115.9730 118.1087 130.3871 120.3057 122.6867 104.4360 132.8960 127.5667 122.4525 113.0483 126.9078 126.6342 126.8663 127.7246 116.8248 115.9969 114.1310 117.5977 114.5000
116.2700 116.0418 115.7988 115.5370 115.2310 115.3121 115.0334 115.0250 115.0129 115.0384 115.1187 115.2438 115.4075 115.6073 115.8431 116.0990 116.3786 116.6807 116.9765 117.3201 117.2495 118.2512 118.1413 118.5852 119.1603 119.2296 119.5575 119.9276 120.1654 121.3488 121.6601 122.0832 126.3418 111.2836 121.0674 117.6044 115.7759 123.2108 123.0329 123.8906 124.6078 123.8105 113.7615 122.5443 112.1424 119.3740 117.5729 124.3148 133.9371 103.1064 104.1508 105.8552 112.8734 125.6092 125.5478 126.3611 126.5952 126.2797 129.0311 112.7659 113.4911 112.2017 110.7522 127.6600
115.7300 115.5078 115.2427 115.0155 115.2366 113.1477 114.9611 114.3059 114.3166 114.3596 114.4492 114.5858 114.7896 115.0145 115.2802 115.5730 115.8822 116.2365 116.4823 117.2443 114.8321 116.5256 118.0599 118.3145 118.6484 119.0121 119.3275 119.6572 120.0194 120.0072 120.8269 119.1161 117.5450 121.3649 114.3163 122.9978 122.3487 122.4372 122.8439 123.6957 113.0142 122.6775 126.3672 119.1471 113.0114 126.3735 124.6499 124.5802 125.1248 127.0659 115.1585 115.2142 126.9285 125.9448 126.0357 126.3627 126.5418 125.7717 136.3310 133.8924 116.8405 115.0006 123.1054 122.2300
115.1400 114.9436 114.6682 114.3030 112.2385 102.7618 113.1686 113.2678 113.5673 113.6202 113.6935 113.9162 114.0954 114.3797 114.6853 115.0147 115.3794 115.7749 116.0958 116.6448 117.2479 117.3950 117.6197 118.0244 118.3916 118.7494 119.0955 119.4393 119.7305 120.2514 118.0389 109.4787 113.0801 122.2182 121.8757 121.6543 122.1616 122.3086 123.8344 126.8516 123.0277 121.4056 125.2463 121.8509 109.4222 116.4847 124.9966 124.8345 123.9414 131.0450 125.3248 125.5769 125.3929 126.0966 126.1923 126.3276 126.3667 127.1419 127.5283 113.2202 121.7735 117.7784 128.9894 114.9100
114.4600 114.3545 113.9961 113.3809 109.9803 107.2211 112.4706 112.6411 112.7535 112.7660 113.0879 112.8280 113.4690 113.7081 114.0606 114.4410 114.8463 115.1607 115.6136 113.4743 115.9107 116.9116 117.3532 117.7439 118.0093 118.3459 118.8220 119.1665 121.0693 113.9962 110.7642 117.6081 121.9604 121.4601 121.4746 121.8048 121.7175 122.6770 123.7755 123.3410 122.8813 115.8628 123.5595 119.2555 106.8794 112.6173 125.4189 124.6444 124.7552 124.8066 125.2109 125.4885 126.7687 122.7498 126.4977 126.2483 126.3321 133.7287 127.8032 128.2023 127.9866 131.9762 136.1547 127.5300
113.6800 113.7595 113.3006 112.6773 110.8100 107.2330 111.4550 111.7616 111.8432 111.8964 111.9318 110.8391 112.7116 112.9961 113.4061 113.8459 114.3061 114.6983 116.1696 107.5777 115.5000 116.6285 116.8143 117.3490 118.0456 118.8383 118.7519 118.9442 125.6348 110.8542 116.7712 121.3061 116.8353 119.9682 121.3599 121.3370 125.0331 116.7256 117.6650 123.6714 123.2385 125.0860 122.2766 123.3982 122.0073 125.4174 124.4235 124.6342 124.8747 125.1417 125.3042 124.5441 130.5158 115.8864 126.4749 127.0399 122.8261 122.6595 124.5011 126.7501 126.7614 126.3487 107.2262 108.6300
113.6800 113.1079 112.6592 112.1589 112.6314 106.5932 111.8084 110.7352 110.8405 110.9080 111.2369 111.5258 111.7773 112.2351 112.7140 113.2245 113.7546 114.2001 114.8010 112.9288 115.5259 116.1782 117.1288 117.3120 117.3896 111.2809 118.3244 117.8247 124.0489 119.1133 116.2285 117.1894 112.6166 120.0734 120.9387 123.4270 125.7364 111.9065 103.7141 118.3194 122.2080 117.6227 118.5836 105.1892 117.2920 124.7767 124.2125 124.5168 124.7928 124.9953 125.1792 125.2852 126.0349 127.1659 124.6935 124.2359 121.5838 116.6021 124.5928 126.9689 127.0598 129.2449 128.7585 140.3100
112.8900 112.3378 112.3618 111.2984 110.3864 112.9306 110.6534 109.6929 109.6915 109.8000 110.0116 110.4188 110.8974 111.4239 111.9990 112.5887 113.1740 113.7954 114.2663 115.9839 115.9729 116.0126 117.4463 117.1077 117.2458 111.7463 119.1426 120.7629 113.9018 106.0788 118.0933 119.3778 121.9001 120.9305 121.9317 115.0837 119.6915 120.4870 110.1429 115.1924 116.4463 122.5923 120.4034 114.4474 116.6062 124.5164 124.7566 124.3775 124.8070 124.9741 125.1582 125.3931 125.5001 125.5549 120.9057 127.0349 127.3502 128.1834 126.9995 126.8246 126.9586 126.4932 133.5790 133.7500
112.7400 112.9739 106.3326 110.2736 109.9793 108.9180 108.5710 108.5239 108.3746 108.5167 108.8461 109.3275 109.9170 110.5747 111.2506 111.9388 112.6382 113.3091 114.4603 109.4239 114.5352 115.5194 115.7981 116.5382 117.9864 118.7555 119.4836 125.4616 106.4579 120.3245 120.1799 120.2427 120.1415 120.7138 121.0695 116.9727 108.7290 114.0965 108.1424 123.5848 121.5436 124.3948 111.6217 119.5246 125.7973 121.9730 119.7928 124.3832 124.6044 124.9240 125.1350 125.3366 125.5955 125.6821 126.2928 125.8347 126.0277 126.1559 126.5966 126.8254 127.2106 127.3258 123.2732 115.8500
111.7300 110.4949 98.2443 107.2093 108.6165 108.0807 107.3880 106.9367 106.8248 107.0203 107.4723 108.1103 108.8745 109.6773 110.4961 111.2932 112.0390 112.7320 113.5603 110.6330 114.8385 115.1521 120.2232 116.2856 117.9038 117.9936 117.3728 127.3572 115.7972 119.6153 119.4485 119.8593 120.3372 120.6899 121.7445 129.1702 114.1565 106.8395 111.5737 124.6359 123.2543 120.7289 113.9158 111.9671 117.4389 115.8285 120.0971 126.6654 124.3419 124.9244 125.1093 125.3131 125.5183 125.6424 125.8168 126.1309 126.4898 126.5563 126.6020 126.7883 126.5123 127.7910 112.3028 128.0400
110.8500 110.1441 107.2495 105.2918 104.5437 106.7854 105.7087 105.1330 104.9427 105.2241 105.8782 106.7588 107.7545 108.7541 109.7303 110.7016 111.3843 114.2977 112.8936 113.8231 114.5940 115.0025 116.5936 117.7338 105.8055 118.6571 117.7904 119.4255 119.1808 119.0082 119.5127 119.8863 120.2237 120.7004 121.5192 124.8113 119.9606 115.6141 108.5135 112.4039 121.4736 106.3369 116.4168 114.7804 113.3465 115.9492 119.6644 125.1677 124.6692 124.8609 125.0788 125.2874 125.4838 125.6983 125.8933 126.1084 125.3627 126.1442 126.8075 127.1614 128.1849 125.3177 123.6416 112.5300
110.0400 109.8147 109.1596 106.5740 105.7883 105.0219 103.7674 102.8178 102.5185 102.9860 104.0169 105.2714 106.5849 107.8392 109.0059 110.0886 111.0320 112.2484 112.8131 113.5845 114.2691 115.4752 111.7678 103.9715 116.4195 117.3334 117.6141 118.0094 118.5493 119.0190 119.4165 119.7961 120.1568 120.5571 121.3085 127.9188 122.2719 104.0019 107.0249 114.6592 122.8427 101.5058 108.2444 108.0249 124.6614 123.2010 123.9180 124.3318 124.6330 124.8428 125.0552 125.2643 125.4587 125.6757 125.8223 125.1111 136.2811 119.7215 127.2067 127.0873 126.7141 127.0554 111.9750 110.6200
109.7200 109.3442 108.0600 106.7178 105.0391 103.2918 101.3886 99.8391 99.2037 100.1344 101.7885 103.6843 105.4240 106.9704 108.3467 109.5620 110.6413 111.5388 112.5666 111.4051 113.8763 111.0226 111.6653 101.6174 117.8501 117.0443 117.5678 118.0657 118.5081 118.9390 119.3543 119.7083 120.0589 123.5919 120.9014 120.8709 121.5405 122.1713 117.0795 121.1413 104.9792 112.8870 102.1285 119.2066 114.5687 123.3269 124.0924 124.4076 124.6192 124.8292 125.0368 125.2498 125.4516 125.6520 125.8253 125.7991 126.5704 126.5421 126.5482 126.7467 126.8874 127.0076 126.6501 126.6700
109.5700 108.8841 107.4921 105.8720 103.9307 101.5444 98.6411 94.9847 93.3888 95.7628 99.3012 102.1008 104.3731 106.2449 107.8080 109.1571 110.3331 111.3464 112.4074 113.3006 113.6228 113.7824 113.3136 127.6783 114.7037 116.6929 117.4648 117.9965 118.5136 118.8679 119.3078 119.7028 120.0989 119.1364 127.1042 121.3191 121.0585 119.1628 116.1401 112.4674 119.9983 111.7456 115.6373 115.4905 114.7812 116.7976 122.8862 124.4299 124.6024 124.8120 125.0307 125.2337 125.4368 125.6393 125.8276 126.0296 126.2128 126.3109 126.5735 126.7405 126.9122 127.0122 128.9842 131.5000
109.4700 108.5943 107.1155 105.3195 103.0888 100.0928 95.6972 89.1164 87.1403 90.1720 96.8971 100.8185 103.6136 105.7351 107.4504 108.8901 110.1294 111.2082 112.1479 112.9740 114.2766 110.0331 120.5181 100.6125 103.0469 115.0208 117.5050 113.7829 118.7839 118.7207 119.2720 119.6774 120.0675 120.7472 118.5953 131.2888 121.1152 122.5983 115.1534 117.6229 104.8383 103.5553 109.8785 116.8234 109.2254 117.0847 120.8005 124.6475 124.6010 124.8020 125.0187 125.2308 125.4335 125.6273 125.8223 125.9970 126.1848 126.3935 126.5555 126.7550 126.1330 126.8985 134.6245 139.0800
109.4200 108.5599 106.9625 105.1237 102.7704 99.5042 94.0952 86.2749 83.9503 87.4734 95.7171 100.2976 103.3217 105.5503 107.3271 108.7967 110.0527 111.1528 112.1418 113.0648 113.4039 120.4904 116.1429 101.1307 105.8444 114.8404 117.2965 115.2212 119.0270 118.7796 119.2769 119.6639 120.0507 120.4392 120.6248 123.9085 121.3095 121.8787 115.0118 116.9210 106.7347 110.3431 127.6194 114.7518 116.7811 122.4901 124.5950 124.3830 124.5847 124.7995 125.0194 125.2210 125.4244 125.6286 125.8228 126.0156 126.2029 126.3911 126.5389 126.5370 130.2883 130.2328 127.8753 139.0800
109.4300 108.4134 107.0992 105.3205 103.0826 100.0535 95.6051 88.9551 86.8080 89.9300 96.8460 100.7814 103.6000 105.7308 107.4503 108.8883 110.1275 111.2073 112.1785 113.0469 113.4700 118.0239 115.2385 104.7458 115.4097 113.6973 117.1037 118.2802 114.9761 118.3869 119.2433 119.6747 120.0558 120.4206 120.7532 120.8887 121.4164 121.5524 118.8803 110.1330 108.0477 111.6843 120.0144 115.7232 115.5824 127.4682 123.7648 124.3223 124.5937 124.8054 125.0226 125.2253 125.4286 125.6320 125.8255 126.0120 126.2027 126.3882 126.5222 126.4403 131.1294 137.1023 110.1006 115.7600
104.8400 108.5900 107.5900 105.1600 103.6400 101.8100 96.3700 91.3300 91.8500 96.7700 99.4900 101.8000 103.6300 106.4500 107.5800 108.5800 110.3000 111.0500 112.3800 112.9700 114.0500 114.5400 115.4600 115.8800 116.2800 116.5400 117.3900 118.0600 111.8400 118.9700 119.2600 119.8000 120.0600 120.3100 120.8000 121.0300 121.4700 121.6900 128.4000 117.8400 111.6900 117.6000 122.9900 114.9800 112.2100 135.4600 124.0900 124.4000 124.5600 124.8600 125.0100 125.2900 125.4300 125.5700 125.8400 125.9700 126.2300 126.3500 126.6000 126.7200 129.6300 117.8800 118.1700 118.1700
