116.0800 104.5000 104.5100 126.5800 126.2500 126.5400 126.5400 126.5400 126.5400 126.5300 126.5300 118.0100 126.5100 126.5000 126.6400 136.4800 126.6000 126.7200 126.7200 107.9600 107.9600 108.8300 126.9200 113.6500 127.0000 126.9800 127.0800 127.1800 127.2700 127.2700 127.3600 105.4500 105.4500 106.4200 108.2800 107.9600 126.3300 128.6900 129.0300 128.9600 131.0500 130.9700 129.6000 129.6000 129.9700 129.9700 129.7300 125.4400 134.7000 133.5000 133.5000 135.9300 136.7000 138.0400 138.6800 139.1800 131.8300 107.5700 109.1100 130.7900 110.4700 132.1800 139.0900 138.0100
116.0800 113.2603 102.3058 119.2358 118.0357 124.3675 125.9690 125.9954 126.2964 127.3250 117.7543 127.9960 127.0852 126.4423 126.0884 126.6240 124.7753 126.3814 128.6086 114.8515 112.2938 115.9312 123.1123 121.5384 127.4242 124.8309 128.2501 118.5764 105.5151 112.4872 124.8742 119.1323 105.5184 105.2272 105.6256 104.9029 108.2261 129.7458 127.9702 129.0373 115.8600 127.5366 130.8100 128.9232 129.0909 129.8007 118.4393 128.6614 136.0235 134.5593 134.3310 138.3224 140.5027 138.4966 140.7198 135.1075 113.6572 106.3648 105.6362 110.6261 119.2294 131.9257 137.9803 138.0200
107.8500 110.4420 103.1264 118.7647 118.4618 119.8306 122.8171 118.0018 126.6719 127.4744 116.7898 122.3348 123.2231 126.1974 126.3436 125.8629 126.2343 126.6943 120.0282 105.5652 113.9187 109.9476 111.9794 108.8335 105.0741 122.1526 121.5744 107.8894 109.2028 114.4583 128.1384 104.1981 108.3927 109.7560 109.2601 112.5369 102.4556 121.8871 118.4299 130.2824 128.9051 124.7827 127.9938 127.8820 129.0233 127.8216 126.4642 130.1908 136.5915 135.7531 136.1016 125.8403 134.2513 137.6614 116.1889 113.2608 105.4672 107.7333 110.3363 121.4557 127.4470 132.7546 133.2316 132.1700
115.7900 109.8297 104.4598 103.2525 120.3166 119.1550 119.4200 124.9274 125.8310 127.2271 117.9269 126.0195 126.0741 125.9316 126.0434 126.1461 126.1553 126.2375 125.2510 108.2806 108.2730 119.7065 114.6246 112.5096 112.6695 124.1609 126.6045 126.4348 123.5351 109.7462 113.6567 104.3482 104.2200 108.3584 107.9725 106.5196 117.9582 108.0971 112.8154 127.4219 111.5964 127.5496 127.8866 130.8894 128.9199 128.3578 132.3709 132.8294 136.6425 136.0468 138.4890 139.2222 135.9467 120.9195 108.9574 107.4574 108.1142 107.2942 109.0013 111.5255 133.4124 131.0426 131.9684 132.2000
116.6300 116.9143 102.8669 104.0609 109.8973 120.8544 118.5783 116.2077 126.0615 126.4914 117.8129 126.7091 125.7555 125.8797 125.9160 125.9423 125.9729 125.8474 126.7241 118.6620 129.4510 126.2737 104.1541 115.5651 121.8814 127.2445 126.4327 125.7818 117.2062 125.3903 108.5988 111.5195 103.9730 127.7413 106.1463 111.2375 128.7890 119.1295 126.3523 126.1512 127.1817 127.4520 122.5733 114.8289 130.0121 128.9365 129.1186 128.3957 137.9868 130.1321 131.6340 132.7259 132.7588 104.9740 106.5909 106.0973 106.3164 107.3478 106.8537 104.3700 122.5136 132.5366 134.8671 132.2200
118.8900 113.6620 108.5200 104.5360 119.7194 111.8379 119.2424 118.5388 126.4685 120.3825 124.7691 125.6703 125.7115 125.7857 125.7475 125.7461 125.7935 125.8635 125.9126 126.5864 126.6684 110.2064 108.4849 124.8724 125.8689 126.2966 126.1782 128.4756 125.8140 106.5359 106.4245 112.2544 118.4531 119.8756 121.3102 116.7628 125.6051 125.3730 132.0567 105.1236 119.9243 126.1368 126.8054 128.9111 128.8810 128.9259 129.3145 126.9511 126.6023 128.8616 131.9801 120.7269 107.5940 105.6309 105.4712 120.6378 120.1262 106.6705 103.5623 129.2809 107.0999 109.1701 106.5600 107.7200
111.5800 104.1504 114.6609 113.7140 119.8120 114.7703 116.5913 118.5752 122.2390 119.3905 129.9408 123.7340 125.5430 125.2163 125.4266 125.5649 125.5820 125.6323 125.6829 125.6845 125.5493 112.1902 108.0199 121.1461 125.5385 125.9681 126.2098 128.1054 106.2963 123.8430 106.6761 108.1597 105.9832 103.2259 107.4546 124.9593 125.5508 126.1787 107.6282 112.8187 129.6551 126.7636 128.1234 128.5336 127.5112 128.4451 126.1058 126.2178 127.3955 124.9324 112.7792 105.8720 106.4524 107.2948 125.2589 112.5551 112.0146 117.8937 106.9088 132.6668 130.7023 135.8246 112.0451 131.9000
113.3400 103.9387 117.6451 99.7976 119.8799 118.6167 119.6631 123.2559 123.5169 111.1741 120.5500 123.7352 124.4469 126.0208 125.5254 125.3735 125.3943 125.4468 125.4886 125.5527 125.5921 121.3272 130.3492 122.1827 123.7364 126.6973 123.4156 123.9160 105.0590 114.3514 120.2083 120.4419 108.0402 103.4996 118.1713 127.4750 130.3764 125.5685 122.2519 128.8722 127.0324 128.9454 128.1725 124.5407 115.9390 128.6308 125.5055 125.0699 131.4751 110.3667 106.3820 107.8946 132.7161 129.2884 114.6606 105.6590 106.4575 113.1106 132.6719 132.1574 131.4290 130.0419 130.8007 132.0200
113.6700 115.1439 135.0736 100.0439 120.8112 114.5214 117.4139 129.1198 123.6567 120.4218 116.1093 121.7346 115.7057 115.1022 126.2300 125.1952 125.1999 125.2254 125.2914 125.3236 125.3506 127.5925 116.2998 125.1432 125.2372 127.1197 118.3694 129.2829 108.7985 102.3901 114.5704 104.3429 111.6776 113.3046 111.2925 121.6894 130.6005 124.7206 121.4990 119.3388 127.4052 126.3588 126.3849 128.9506 124.9594 125.3702 124.5208 125.8295 128.1505 123.8171 104.4046 103.5383 126.9564 128.1209 123.0929 104.5856 108.4061 123.2526 130.5474 130.6909 133.4190 117.7729 108.7515 107.5500
122.0100 103.2310 104.7790 101.3873 111.6009 114.6583 118.5739 121.5310 132.7036 109.1441 113.1093 129.3866 120.1212 113.4739 125.5701 124.9276 124.9973 125.1175 125.1020 125.2018 125.1757 125.8383 125.0033 125.4142 127.1799 109.7144 126.9116 126.2864 109.8108 114.9607 118.1200 118.9321 110.1990 122.6725 128.6717 130.1432 125.6897 124.7667 106.4914 116.0658 129.0636 125.1471 125.1481 126.1232 123.8401 124.5505 123.5023 127.1623 121.7579 107.4294 117.5645 128.6776 128.8054 117.1406 104.9500 109.5155 130.0615 129.3624 130.4231 130.7437 131.2455 131.4211 136.9950 132.7600
109.5100 103.6576 109.3544 104.7542 104.8961 115.2056 110.5442 114.5953 124.6371 122.8757 107.3803 116.6019 120.9331 125.8610 124.8773 124.5307 124.8580 124.5827 124.8674 124.8328 124.9565 124.8875 125.6094 124.1223 106.7203 104.0678 128.1722 127.4078 113.1954 120.4861 119.8394 119.6306 121.4051 124.2692 122.0029 126.2341 124.5511 123.3150 104.6446 105.4689 124.3320 125.0525 123.6793 123.1746 123.5942 123.0798 126.1124 126.7001 134.1993 132.0720 109.1881 121.2729 132.0290 107.1702 111.7380 116.9156 104.7920 123.4010 130.1804 130.8918 131.7108 131.4327 122.0482 132.7300
104.6000 106.4307 106.4303 105.7700 105.1518 117.3405 109.5986 112.8985 124.6326 119.3266 105.3962 119.0571 113.7396 124.8422 119.3297 124.9731 123.1576 124.7619 124.5702 125.1614 124.8608 124.6537 126.6049 114.6222 116.3400 124.1690 126.5878 118.6122 117.3872 117.5764 118.7066 120.6426 122.9158 122.2779 121.2426 124.6362 124.9778 113.1623 104.9627 122.2626 126.4168 124.8787 122.1840 122.4073 122.8259 122.8754 128.0314 127.2529 127.1569 126.9772 128.7929 119.3236 118.4491 111.0230 110.8349 109.1088 121.7796 132.7366 129.7907 131.4246 132.2015 132.0579 106.4817 107.2700
103.0600 103.9503 110.2958 102.4966 111.7463 120.4127 110.2623 119.0839 113.1654 118.0090 109.6696 110.3693 123.3491 123.9312 124.8018 117.0745 113.9386 125.5479 118.1794 123.8430 124.5554 125.1155 121.1709 122.2767 125.8957 125.2521 124.7565 121.9927 121.2997 124.1056 120.1894 120.1187 120.5255 120.7378 123.7175 123.8448 124.5791 126.2270 122.0362 118.6344 122.6967 122.7287 122.6222 121.7413 121.5205 124.0699 126.3619 126.7984 126.8459 126.8697 128.1642 121.9963 126.7550 109.9355 109.4836 109.1045 109.6774 113.6455 132.3151 132.2589 132.0391 133.2546 120.3042 107.2700
113.3800 101.7203 123.5945 109.9453 114.7453 119.5607 118.1530 112.0647 116.3336 118.2183 108.3479 120.7355 121.5094 123.5035 124.0963 123.8103 126.1963 112.7070 124.5083 124.7788 124.1493 124.4153 120.4995 123.0097 124.4993 128.4154 118.8341 123.4162 124.7629 123.8458 117.6710 121.7968 120.0163 120.2844 119.6401 123.5127 124.1554 122.8745 117.0142 109.9251 121.9132 121.6232 121.4465 121.4016 121.5928 124.4623 125.9917 126.3968 127.6206 111.3067 111.0965 127.5339 123.3672 117.4958 121.3096 120.1932 126.8543 117.5767 132.4286 132.0395 131.9503 134.4161 112.1664 107.1300
104.6000 110.7740 123.1572 120.9507 111.4980 117.0187 111.6556 110.8575 124.2661 120.7466 118.3094 114.0847 121.4170 124.1038 123.9578 123.5704 124.8512 121.0940 124.6368 123.5693 124.8618 125.3204 125.0509 106.8691 103.7409 99.8527 122.2479 117.5045 114.4973 110.5464 106.1254 119.1288 120.0080 118.6157 121.1402 123.6841 123.5249 121.7305 118.6363 121.1651 120.9150 120.8520 120.6712 121.1165 123.7428 125.6232 125.8651 126.1585 126.4585 123.0875 119.1004 128.2763 125.1990 126.7961 122.7513 120.3892 122.7057 125.1102 132.0910 131.9447 132.1243 127.2056 120.5636 107.1300
115.0300 125.0289 123.9617 123.8743 108.2963 108.3438 108.9129 115.7226 125.1676 124.0786 123.7455 122.7865 124.2601 117.7527 122.8349 123.5633 122.8159 133.0246 122.5088 120.0591 116.7345 118.8683 108.9346 118.1151 105.8414 101.1102 124.0197 116.6011 116.8454 120.8646 118.4303 118.2492 120.0903 120.6362 122.6478 123.3805 122.0529 120.7309 119.3353 119.1318 120.0180 120.4539 119.6880 122.8963 125.0247 124.5514 125.5242 125.9214 124.9517 127.2172 107.5307 126.9437 124.5136 126.5174 124.8964 122.2206 128.3368 125.6139 131.1758 131.5818 131.9643 132.2004 123.4647 106.9900
107.7500 121.8400 124.6065 109.2348 112.3863 110.7842 114.2208 113.9051 115.0153 124.5483 122.9013 123.0817 122.8429 117.7803 122.5185 123.3785 122.6818 124.3971 124.2102 113.8429 108.9367 119.6847 116.6820 123.3739 101.5642 101.7941 109.0799 110.3277 119.0088 117.9147 117.4037 112.4661 115.5818 121.2924 122.2319 119.7751 120.8839 117.2899 118.7717 118.3991 118.3353 119.3726 122.5267 122.1323 124.6921 124.8044 125.3771 125.5522 124.6473 125.2173 120.1371 123.2062 125.2166 117.6503 104.4705 105.3013 120.5424 131.0023 130.7049 131.1576 131.6954 128.0633 126.0025 125.6900
123.1200 123.7205 124.1951 110.4971 108.6067 105.3928 123.1537 104.3791 102.3766 124.2907 122.9136 122.6821 123.9298 117.0216 123.7027 123.3231 124.0900 122.8833 122.6863 125.8663 123.7066 124.9869 124.5072 110.2852 100.4357 102.0965 100.0685 105.0222 111.0020 117.4698 117.7102 119.4110 114.5299 117.2061 121.1603 119.0764 118.0087 118.4258 117.6425 117.6519 117.8769 119.0383 121.2256 122.2779 124.0333 124.3268 124.1308 124.9686 124.6128 124.4556 123.8914 121.9037 120.8893 121.5803 118.3829 125.0024 124.2012 129.0224 130.3671 126.1578 124.9930 125.2909 126.1499 126.9300
105.8000 123.1149 117.2512 113.5484 101.4026 113.1235 110.4553 123.2331 118.1835 122.8533 122.6216 122.5913 122.4862 120.4372 119.8484 114.3205 119.4323 123.9704 124.0327 118.2075 123.0705 123.1913 108.2938 99.3300 101.3165 102.2061 106.9189 104.9093 111.9387 110.2723 114.5725 114.4771 113.6829 118.3977 118.0013 119.0911 117.7525 103.1323 113.8287 116.9050 116.9194 119.6126 120.3263 121.4937 123.4560 123.1667 124.5687 123.7547 123.7732 123.6561 122.5493 120.6862 120.5858 117.5742 125.7549 119.6798 128.6016 118.6232 124.0935 123.5580 124.3816 124.7384 125.6108 125.9000
107.4800 113.7959 112.4512 104.4663 100.6657 107.8187 106.8975 126.2195 122.6573 122.3311 122.2907 122.2491 122.3846 121.2251 111.1527 110.3653 111.1682 114.8752 121.7533 118.4861 119.3074 123.7349 120.1751 109.6665 104.9956 110.2230 105.6601 104.8219 100.7038 109.3107 113.5312 113.7884 115.9508 119.0316 117.2859 114.8544 116.3363 115.6927 106.8749 117.0973 119.6012 119.7098 121.0867 121.7800 121.4354 119.0421 123.2791 121.7963 122.3693 119.9622 121.3304 117.6964 108.9862 108.0855 115.7900 110.3927 120.9016 107.9691 124.1704 123.3843 124.3250 125.1989 125.3054 125.6000
108.1200 106.2268 112.2205 106.6977 111.5867 99.9640 121.8541 121.5508 121.9698 122.0282 122.0623 120.7919 108.8460 109.1951 112.1474 116.1414 118.7831 115.4234 109.7453 109.9734 123.1852 121.5181 109.2126 113.5566 112.4156 104.9670 100.7472 100.6476 104.2716 105.3538 112.7217 116.9991 107.0879 113.2877 112.4508 102.9751 105.5945 113.7356 102.9613 100.5823 117.4970 110.9353 122.6506 121.0820 117.7948 113.2266 117.6721 114.1531 112.6403 115.7468 120.6633 114.8911 105.8575 112.3283 105.3317 107.5120 121.7319 110.2065 123.9736 123.6029 123.8898 124.9664 123.7238 124.7400
121.8200 102.9877 106.2860 118.4419 115.7008 116.9291 121.2375 121.7063 121.7030 121.6984 121.7908 122.2037 122.8458 107.6345 110.0132 111.4942 98.8975 113.6355 108.2701 105.0535 119.0603 123.0708 110.6532 106.6575 105.3170 104.7767 101.1821 109.5251 117.0190 112.4483 111.9415 115.6935 104.6151 102.2576 100.6435 102.8817 102.3782 100.8107 102.5615 102.3452 111.4955 110.8040 118.5028 114.5966 110.7481 118.4111 115.6567 119.2900 102.9604 103.1790 111.1622 103.2345 104.4755 104.3757 105.6039 105.6331 104.5666 105.9205 115.9044 123.8771 124.1771 123.1476 120.9978 120.9600
106.1900 106.5785 102.3982 121.5697 121.3627 121.1168 120.9663 121.4428 121.3696 121.4067 121.3736 121.9912 106.0591 104.7696 107.5110 106.8257 115.8218 102.1293 107.2733 104.2285 115.7361 110.3244 105.0470 100.9851 104.7870 98.0693 99.2392 110.5310 104.2993 113.0431 116.9329 116.5307 107.8522 101.9625 102.7085 102.8351 102.9641 103.0466 110.1508 112.6983 109.4394 122.8742 113.2856 109.3394 111.8241 107.4371 108.5309 119.7711 105.6092 112.9851 104.3250 105.3675 105.1298 105.2504 105.2570 105.5269 104.7393 112.4970 114.1497 121.5351 121.3666 120.9305 121.5824 121.6000
105.2200 104.8633 110.1152 118.1269 121.2066 117.5982 121.3897 121.0166 121.4014 121.1791 121.3267 122.5079 124.8769 101.4036 117.5704 105.8202 110.1108 101.6329 104.6850 109.0665 117.9882 109.7250 96.1100 100.2498 104.4786 110.8128 105.4245 101.3248 110.9357 108.0357 113.7537 114.4889 117.5759 106.9665 102.9470 102.1852 101.4571 106.4678 120.6101 119.1582 109.6885 106.7284 108.6722 114.6858 117.6430 110.9973 105.5134 118.4260 116.1358 108.4176 104.6208 105.0425 104.9349 105.3106 106.3034 107.3173 112.7162 117.8922 119.6552 118.7936 119.8574 120.7161 120.9084 121.2700
117.9500 104.3275 105.9399 121.2897 120.7506 121.0319 118.7851 121.6023 117.3587 120.2024 118.0158 123.8146 122.0090 103.7363 124.0688 97.4285 100.5262 106.1734 102.2609 125.3236 114.6696 109.2378 103.6176 111.6091 109.3648 110.0609 110.5821 108.6552 105.1612 113.3416 116.2676 113.2646 113.2566 115.7084 101.9308 101.6903 112.1492 119.4617 120.0716 106.7910 108.1075 108.6289 115.7198 107.3461 121.1306 107.4772 115.6751 113.7702 106.6916 119.7092 102.3647 104.5789 105.1925 104.5138 102.9889 113.5592 117.6302 117.9474 119.3329 119.9323 120.3644 120.6528 120.5782 121.2700
98.6000 100.4374 107.5347 121.3371 120.4213 121.6340 108.6549 121.6523 103.5808 125.2277 109.9781 111.0053 121.1396 104.2037 122.3430 100.2470 99.1678 106.5455 109.6390 121.0432 104.3035 107.5252 110.0799 112.4204 110.2509 109.7597 108.2381 110.7204 114.8611 114.4048 113.2904 112.7337 113.0123 109.5869 102.3923 102.4770 102.4031 108.0401 112.7764 107.3437 106.5803 113.1576 103.1658 115.4734 120.9847 108.8160 113.5770 119.4271 102.5619 106.3254 121.2802 102.3297 103.7899 113.7251 117.5169 117.5207 117.2579 118.5512 119.0867 120.0292 120.3483 119.0421 120.5146 120.8600
120.2800 103.4756 110.6548 120.4485 120.1582 119.8479 121.9945 121.5620 115.7026 123.8079 123.1873 120.5374 121.0666 125.6875 121.6148 99.4256 110.8185 102.1322 104.9108 116.8566 104.4046 106.3290 109.5633 109.2372 110.2576 107.7863 108.6835 115.2443 110.6725 112.6328 108.0474 106.6240 114.5405 116.3012 105.7927 100.1510 113.3349 109.1297 106.7902 107.5700 116.1020 105.0669 118.8136 114.3436 120.0288 117.8501 115.6653 103.8571 104.1539 103.8373 106.7565 103.4039 115.1855 116.2493 117.0998 117.4682 117.2986 117.8772 119.0387 119.5241 119.5900 119.6362 119.7714 120.5100
119.9300 120.7759 120.3628 119.7931 119.7104 119.6504 119.2799 119.8588 119.9212 119.0684 119.1941 119.7784 119.1459 119.5139 120.6889 120.7202 118.0272 108.2695 102.2903 107.6102 106.2464 107.3828 110.1255 112.8397 109.9432 110.4744 108.2776 104.6896 111.3845 110.3441 112.3819 112.2604 115.7218 115.6316 118.7882 105.3371 105.1910 105.4099 111.5980 114.6087 119.3009 111.2883 114.9909 123.2567 116.8618 118.7697 105.7597 104.0674 104.2496 103.4388 114.8048 115.2645 115.4806 116.1383 116.7594 116.8387 117.6298 117.8272 118.9394 119.3709 119.4571 120.0985 123.5048 127.4300
119.5800 119.8222 116.9255 119.4097 119.2978 119.2738 119.3195 119.2347 119.3218 119.4438 119.4201 119.4146 119.1037 119.9020 120.1086 119.5186 122.0178 111.9436 110.3515 107.6703 110.7037 111.7618 108.3955 105.7908 104.2972 110.5742 114.5533 110.2117 110.1879 110.2709 112.6685 115.1334 115.3977 116.2219 115.1974 102.7845 104.6013 111.5114 113.3410 113.1184 122.2508 113.5070 112.8478 116.9523 117.7653 101.8448 103.3163 103.1788 114.2702 114.6941 114.4481 113.1974 109.6521 116.2608 116.7243 117.0243 118.3735 118.4552 117.0895 116.7170 109.1962 111.2030 112.4308 111.8900
119.2000 119.0862 119.3749 118.9304 118.8926 118.7757 118.6563 118.4759 118.4740 118.6871 119.0260 118.6330 120.9766 113.7429 110.5960 121.0471 119.2709 116.6861 107.9022 107.5825 114.2052 113.7705 110.1446 104.0128 111.9168 112.5869 109.1692 109.7597 109.3908 114.7784 113.8778 114.7752 114.5983 110.5687 101.4315 105.0753 113.2335 112.5032 110.1180 111.9887 112.1977 114.5354 116.4998 113.0769 109.9539 102.9872 105.8260 104.9591 113.4437 113.9791 108.7132 112.9093 116.2165 115.4079 114.4905 115.1552 115.4178 113.9857 107.8767 110.3184 111.6851 115.5656 116.6729 119.1000
118.8100 118.7412 118.5822 118.5395 118.4863 118.2363 118.6525 119.5201 119.0340 118.4094 118.2729 104.8945 117.8564 103.9967 107.3735 118.3808 104.6190 106.3646 101.5403 103.7309 107.1402 109.2318 96.2273 109.1227 112.1828 107.6204 108.4060 108.3025 112.1114 109.9263 114.9650 111.2959 105.0891 99.3711 102.7200 111.8129 113.8566 111.0181 111.7942 113.4592 114.8309 114.4707 114.6284 107.0716 102.6313 108.2484 113.5933 118.8561 113.5013 114.0087 114.0908 107.8346 112.3116 109.6169 110.6923 104.7789 105.5455 109.6765 111.6810 118.7304 117.7316 118.1148 108.4422 118.1100
118.3900 118.3116 118.1910 118.0791 118.0411 117.6696 116.1313 99.0836 117.8962 113.7899 118.3151 114.1490 116.0672 102.4983 107.0500 106.2913 104.8494 95.1279 102.5745 105.7897 104.7506 102.5796 98.7645 104.6281 109.5579 102.9030 106.9813 110.3654 112.0018 102.7929 113.3714 99.0193 101.4382 103.4457 104.8940 104.8596 110.4136 112.9249 113.8564 113.9691 111.7784 113.2094 110.2804 111.5234 106.6691 111.8151 112.0124 112.1939 102.1008 110.0436 111.3331 103.3413 103.4693 103.4412 108.5093 109.4119 110.9240 117.0737 116.0899 115.8780 120.5971 117.2263 124.7119 113.5600
117.9600 117.8834 117.7341 117.6183 117.5224 117.4740 117.5760 117.3385 117.2862 105.0476 109.7125 118.7801 118.3534 119.0139 120.7749 114.5783 95.8201 100.6717 100.3611 104.7549 105.6304 101.4282 106.9397 103.8310 100.4031 103.2529 110.6579 111.4094 113.1215 110.8699 110.4524 104.7176 106.4762 108.2121 108.5194 106.2474 105.2732 98.8364 110.9591 110.6028 109.2940 108.7802 109.8017 108.5319 111.2918 112.4241 110.0120 111.6787 102.6546 102.6205 103.4312 104.4051 103.9921 104.1455 116.1017 116.3330 115.5373 120.2442 121.1536 122.0113 118.3498 114.6441 118.6132 125.5000
117.5000 117.3798 117.2652 117.1237 117.0202 116.9368 116.8782 116.6990 117.0402 116.1444 112.4216 117.8701 116.5612 111.5030 106.0099 113.9553 100.0325 120.6653 106.5024 104.3052 113.6677 108.2235 107.4184 100.3887 104.7867 107.2242 110.4815 110.9109 111.7254 113.0472 104.3695 106.5977 106.2943 107.1420 102.4730 104.5972 103.2115 106.3273 106.3273 108.0823 109.6012 113.1516 103.9440 109.4160 110.8165 112.2848 101.2081 107.3841 103.3496 104.0402 104.1665 103.8034 108.1009 111.3409 112.4502 111.7483 121.7405 119.1313 116.6272 116.5611 118.4456 109.3986 114.7465 118.3300
117.0100 117.2531 116.7627 116.6047 116.4846 116.4041 116.3514 116.3498 116.2337 116.4423 117.1500 116.3896 118.8911 106.0005 104.4624 94.6884 96.0329 98.3913 102.5859 102.9470 104.3959 107.5001 102.9669 99.6000 108.6894 109.5243 112.0743 110.9254 111.5045 105.4501 100.7494 103.9852 106.0419 109.9080 102.3566 103.6592 103.7209 106.8353 107.1607 107.5404 107.9310 115.5128 110.5786 112.2861 110.0194 113.8562 102.1791 103.2341 103.5464 103.5553 102.9835 110.8991 109.4069 119.8682 118.7175 108.5785 114.0634 116.5262 108.4755 114.3705 120.3818 115.5349 118.0553 118.3300
116.4700 114.1010 117.0394 116.0025 115.9145 115.8217 115.7608 115.7584 115.8298 115.8553 115.8703 117.4729 100.2312 100.5717 96.2780 111.0089 119.6820 95.0444 100.6930 103.7677 103.4531 100.0373 102.0092 105.2074 110.5000 103.3979 99.6854 105.8174 104.3165 99.4946 101.3809 107.4904 108.9620 101.5675 101.6545 104.6242 103.6094 106.7006 107.3946 107.4389 107.4994 108.1347 112.1997 102.3150 102.2423 106.6270 103.0330 103.1343 103.0517 104.7932 105.1433 109.1403 106.7533 110.6772 109.3990 106.6153 112.8949 115.6661 114.7866 116.4749 118.3917 121.8976 121.6257 122.9700
115.9400 110.1731 115.7832 115.4239 115.3146 115.2000 115.1349 115.1020 115.1287 115.2111 115.3456 116.5233 113.6193 115.5739 113.8133 117.6760 103.7104 100.6847 101.4604 102.6638 113.1543 104.6026 102.5832 107.0175 108.4978 97.9619 98.1178 99.9233 97.5033 105.8409 107.8427 105.7728 108.0383 101.6292 100.6977 102.5340 104.2826 104.9653 106.6577 106.8633 108.5357 118.4645 113.8562 117.1676 105.9822 102.0877 102.6968 105.2869 103.9431 105.7644 105.0684 105.3725 105.8883 105.4608 112.2512 114.0281 115.0781 115.8045 121.4301 120.8217 122.0573 122.2978 123.0162 123.3600
115.3500 115.9259 115.1803 114.7913 114.6661 114.5388 114.4581 114.4383 114.4770 114.5512 114.6906 114.7549 114.9872 115.3624 115.5689 113.2336 98.3376 102.5116 95.6766 99.0186 107.7984 101.8901 102.1345 104.7847 102.9791 97.3998 111.1657 103.6259 105.5062 101.9953 101.6373 111.4544 99.7935 100.2677 99.9139 102.4093 103.4566 104.6240 104.0509 107.8166 106.9664 119.1693 109.5453 115.5581 117.8116 103.3708 103.0996 103.2105 104.0630 104.3756 105.0895 108.2301 113.2398 113.0109 114.2225 114.5376 120.9034 121.0909 121.9474 122.4697 120.1651 120.7567 123.3416 122.1500
114.7100 114.7074 114.4077 114.1906 113.9686 113.8155 113.7207 113.6947 113.7357 113.8401 114.0135 114.2460 114.4868 114.8004 114.5731 119.6301 94.1348 100.8232 101.0909 97.9897 99.2422 99.8574 104.2034 114.1814 105.8071 108.6948 106.1744 98.5958 102.2621 113.2088 113.3241 113.3284 107.8090 99.4849 100.6090 101.1546 100.1806 100.4337 102.7479 105.8475 106.8433 106.8626 115.1648 102.4908 101.9772 102.3647 102.8935 102.6023 110.5060 111.4888 112.1138 112.6846 112.4379 118.9752 120.0073 120.4463 118.6477 119.1287 119.5623 119.9848 120.1683 120.3108 120.2666 121.5700
114.0100 114.0928 113.7629 113.4507 113.2124 113.0359 112.9185 112.8935 112.9387 113.0666 113.2555 113.5040 113.8404 114.1218 114.5380 115.9388 120.3850 113.3499 94.7718 98.7388 100.3327 100.0186 101.9158 104.6223 104.6150 110.3700 97.5495 98.6260 108.5673 109.8666 111.9582 111.7368 112.9393 98.9210 115.2567 98.1804 102.6137 101.8134 110.4211 102.6692 119.3748 103.4533 102.1452 102.3469 103.8948 102.1677 110.3059 109.4784 109.1849 109.2822 113.4413 118.4689 116.6691 116.8675 117.5791 118.5411 118.7813 118.5963 119.5762 120.3577 120.8164 122.0056 107.9683 121.8500
113.9300 113.4301 113.0364 112.6898 112.3939 112.1733 112.0401 112.0048 112.0642 112.2097 112.4405 112.7555 112.8130 113.5326 114.3523 116.6079 101.6112 102.6861 92.1088 101.3545 100.5994 100.4040 101.2116 106.7993 108.1226 114.2885 102.2818 111.4556 105.7251 109.3735 110.4321 110.7498 111.6929 116.1203 104.3660 105.5477 114.3301 114.5783 114.4984 111.8363 110.7615 108.0872 106.6981 107.6391 108.1390 105.7056 108.5584 101.2765 105.5740 105.2668 110.4374 116.7795 117.3643 117.0475 117.7536 118.8099 119.3898 120.0806 120.3487 120.4809 121.2974 121.3052 112.8890 105.7200
113.2300 112.7309 112.2663 111.8469 111.4938 111.2256 111.0602 111.0097 111.0813 111.2723 111.5550 111.8923 112.6972 112.9539 112.6060 119.3341 90.0209 114.2913 92.9295 95.4205 97.8435 104.3438 108.7538 101.6149 103.3218 106.0260 106.0389 104.2969 109.7569 109.8024 110.2423 109.8534 109.4587 110.2919 111.3803 108.1287 107.4819 109.9410 111.0776 99.4789 104.8561 103.7856 101.2792 101.7698 101.3271 100.6540 106.0524 106.8062 116.2091 118.5483 110.3855 112.1825 112.7257 119.0358 119.2043 119.9262 119.1908 112.5760 120.9165 120.7264 113.2710 120.8116 109.8476 105.6000
112.3800 112.0012 111.4470 110.9456 110.5071 110.1693 109.9587 109.8968 109.9866 110.2239 110.5851 111.0043 111.5206 106.6654 112.8563 93.2893 108.9929 106.5609 91.8336 94.5738 99.5217 101.1312 103.3937 101.7300 101.7790 104.4023 106.4114 114.2178 108.6369 107.0593 106.6255 108.8298 108.5885 109.4776 105.7821 101.8608 99.0448 106.6860 109.7983 105.3989 110.3549 104.4640 104.9074 100.6863 107.5517 107.1900 115.8480 115.1095 114.5623 115.5980 108.9296 102.4212 102.8010 109.7468 111.2868 109.6817 114.2806 111.5796 111.1120 118.3194 108.7940 114.6853 114.7447 121.6600
112.2200 111.2441 110.5820 109.9657 109.4120 108.9668 108.6995 108.6077 108.7388 109.0478 109.5105 110.0905 110.6253 112.1113 111.7455 112.1098 104.5966 87.4951 94.6483 97.6252 99.3564 100.6910 97.7263 107.1489 101.7693 102.3570 102.9675 101.8340 104.2535 105.0438 108.3207 104.5092 105.4271 108.0205 102.6442 112.6786 102.4862 101.7009 109.3187 110.4495 110.6717 112.0750 107.9883 107.3227 113.4715 113.6124 113.1365 115.2207 112.7092 116.8906 114.5093 102.8791 102.5322 102.3356 110.2621 110.5980 118.4668 119.2472 110.2390 120.4668 121.6132 111.7719 122.2188 119.4200
111.3700 110.4524 109.6621 108.8943 108.1868 107.6000 107.2229 107.1030 107.2713 107.7056 108.3109 109.0340 109.8094 110.6288 111.2678 111.9470 101.4103 122.5364 109.3905 91.6865 91.7055 94.6546 109.0159 117.0814 96.9189 104.3845 97.1332 100.9774 101.6421 100.4331 102.2561 99.7410 101.3039 102.4464 107.5948 107.2404 106.0842 106.5177 109.3489 109.7002 109.9090 110.2975 111.0753 111.2898 111.6633 112.8824 113.8309 114.5808 113.4559 120.0231 107.4647 112.2018 111.8487 114.8219 119.2035 119.2339 117.8451 119.0062 120.0968 119.2908 119.4299 119.5660 119.3282 105.5600
110.1700 109.6640 108.7104 107.7401 106.8114 106.0040 105.4575 105.2790 105.5376 106.1443 106.9878 107.9210 108.9123 109.8484 110.7204 111.2880 107.6578 113.9169 113.9907 103.3237 106.1627 111.0648 108.6538 120.2483 97.8976 107.5121 108.3890 97.9492 107.3960 111.5469 100.7075 98.7861 100.8590 104.2027 114.3170 109.2833 108.7619 108.9366 108.6819 109.5280 110.0846 110.6496 111.4028 111.8099 112.3709 113.4739 113.7238 114.3802 114.9052 117.3480 112.7157 116.2451 117.0678 116.9768 119.2567 117.5282 118.6010 118.8545 118.7019 121.8396 119.2540 119.9359 119.8804 120.2200
109.1200 108.8970 107.7447 106.5229 105.2775 104.1182 103.2493 102.9620 103.3750 104.3318 105.5120 106.7650 107.9734 109.1079 110.1578 111.2811 112.6842 112.4763 115.1623 114.6723 117.3435 102.7945 105.2296 105.5251 115.3800 105.5883 114.7139 111.9128 115.2710 101.3972 115.5160 98.6589 101.4160 103.0196 105.8460 107.6615 109.1673 109.1999 109.6236 110.1518 110.3804 110.8923 111.6373 114.1354 112.7066 113.2749 113.7029 114.5996 115.0637 115.0571 119.6244 117.5051 117.1597 117.5273 117.0665 117.5622 118.5497 118.9194 119.0341 120.4968 118.6638 119.9672 120.4725 121.6200
108.8900 108.1882 106.8175 105.2866 103.5846 101.8443 100.3583 99.8413 100.6101 102.1630 103.9272 105.5878 107.0918 108.4341 109.6300 110.6933 111.2793 113.4615 89.1946 110.9091 110.9424 92.5453 112.0508 109.1143 113.1621 98.5630 102.0200 105.6381 107.0660 114.5991 118.4575 103.5740 102.3997 103.2715 106.1405 109.2520 107.3585 108.1256 108.9208 109.8014 110.7966 111.7555 111.6346 120.4930 103.8803 115.1599 113.9488 114.7144 114.0731 120.6883 102.0511 103.3730 111.6648 115.8065 118.0732 121.7269 122.0248 123.7267 118.5603 111.5018 123.9809 114.3817 123.6208 125.0200
108.7100 107.5980 106.0063 104.1239 101.8512 99.1536 96.0881 94.5410 96.6655 99.6892 102.3202 104.5090 106.3315 107.8742 109.1829 110.3835 112.6554 94.4366 95.8526 116.2619 109.5487 101.6573 110.8573 98.1481 98.0081 99.4688 103.1827 103.1154 105.9781 105.8663 98.8676 116.2043 99.8378 102.9808 105.4167 107.5657 108.3032 111.2324 108.7662 111.0362 101.0192 108.8088 114.0833 113.8132 101.7355 104.0580 117.1271 117.5994 114.4473 115.5495 108.8990 115.7180 110.8113 119.0813 121.3174 121.8714 123.3638 117.0877 115.7307 110.6828 105.0577 104.5804 104.8885 105.5400
108.5800 107.1798 105.4200 103.2232 100.3265 96.2468 89.9711 88.1308 90.8804 97.1583 100.9478 103.6818 105.7757 107.4813 108.8975 110.0976 111.7632 112.0062 108.7477 112.3943 112.8658 90.7612 94.8830 101.9196 121.1849 97.8925 101.3580 108.8906 102.4827 112.8996 107.5617 107.1562 99.2687 101.1764 103.6881 105.5655 106.6267 111.9744 106.7786 111.1349 113.6558 112.1149 114.3054 113.7647 102.2606 105.4246 117.1933 117.1497 117.9245 114.8315 120.1274 103.4590 120.0072 120.3203 120.9698 122.0353 122.4784 124.9867 113.6719 120.1885 105.0857 113.9471 107.2237 105.5400
108.5200 107.0023 105.1549 102.8120 99.5672 94.2528 86.5774 84.0492 87.3955 95.6728 100.2765 103.3001 105.5322 107.3242 108.9206 108.6279 111.2869 104.3137 96.2196 88.1353 100.1754 104.5079 107.3452 99.0588 106.5566 108.2076 109.0901 110.5207 109.3409 95.4285 97.7812 98.6740 100.5845 113.3497 103.8388 107.0636 114.9171 116.0701 100.5968 114.2565 99.9860 103.8532 114.7473 113.2659 103.3979 104.3897 103.0401 104.8573 104.2059 112.3536 106.9888 117.8306 109.6715 117.5588 120.5076 120.2852 118.3956 115.3755 105.7173 107.6479 107.5235 112.3563 110.5406 105.5300
108.5100 107.0858 105.2739 103.0132 99.9204 94.7318 88.3010 86.3029 89.1939 96.4387 100.5881 103.4777 105.6487 107.4036 108.8263 108.5248 106.1807 104.4580 98.0019 96.2559 104.2430 99.8452 103.4837 98.1037 107.5327 106.0392 109.1663 107.1794 111.4168 98.1682 107.4634 103.7878 101.8537 109.3154 111.4185 106.9951 115.2214 118.1357 110.5701 114.7041 101.1819 100.4517 108.5101 110.8071 101.5534 102.9880 104.3383 106.5694 109.2313 111.2768 116.7030 118.9842 115.8015 112.6993 127.8072 116.4799 111.7296 112.7737 123.1167 122.5623 123.8506 116.9345 117.4011 105.5300
108.5800 107.4213 105.7518 103.7501 101.3128 97.6562 93.6135 91.7752 94.4756 98.8684 101.7562 104.1588 106.0852 107.6859 109.0097 111.0591 92.7616 109.7654 92.6119 118.1510 109.7896 100.8305 97.8320 98.9450 102.8842 104.5601 107.0783 104.7607 111.5937 102.3116 101.6618 107.2923 102.2467 104.4646 104.5551 106.5498 114.4910 109.9883 113.2660 106.8429 100.9799 105.3354 105.5187 100.2505 107.1927 105.5332 108.9262 109.8678 120.3888 124.3659 124.7067 124.8327 122.0089 109.0934 127.5539 115.5875 105.7170 119.3002 119.0748 126.1724 123.8252 123.8233 104.0665 105.5300
108.7000 107.9547 106.4961 104.8355 102.9315 100.9128 99.0233 98.2364 99.4057 101.2447 103.3202 105.1904 106.8223 108.1955 109.5411 112.4125 113.6847 113.3831 90.5880 122.3098 93.4891 103.7012 101.2474 101.8157 102.9149 102.1663 106.4526 106.0672 116.4457 105.8711 97.3406 97.6087 105.2928 105.8002 105.9053 110.8715 102.5495 102.2851 98.5769 103.5452 102.9450 117.0147 119.6944 117.5071 110.7436 110.7369 116.4652 117.0276 117.3279 122.6777 122.8511 123.7277 124.4052 127.0252 116.4742 128.4608 109.1066 105.1028 100.7542 128.6287 128.7614 128.2358 109.1435 118.7700
109.9300 108.6291 107.3961 106.0774 104.6819 103.3444 102.1740 101.8692 102.3818 103.5358 104.9374 106.2618 107.5227 108.6403 109.9355 111.4021 112.6895 113.5711 113.0732 112.4248 111.8852 97.0679 97.5604 101.4311 104.1935 106.3145 107.3920 108.8545 102.1746 114.1314 105.0634 106.1731 113.1065 113.2569 111.5348 118.7738 105.8521 99.9246 98.7858 110.3151 102.0524 112.0095 106.7014 102.9949 101.7820 112.8803 113.7607 114.7415 115.4348 119.0593 119.4222 120.4361 120.3938 120.1308 119.6120 118.5177 122.5639 114.4652 115.2068 118.2603 125.2401 129.6142 124.5639 115.8600
110.1600 109.3765 108.3524 107.2612 106.0176 105.2470 105.0928 104.4993 104.7833 105.4874 106.4533 107.5314 108.7121 110.3666 110.3886 111.8892 112.0958 115.7631 99.8978 120.0470 109.2670 99.6454 105.2070 109.7589 101.6271 108.5274 110.3813 117.7202 100.1725 110.1696 112.8453 113.8036 113.3101 112.7946 114.0211 104.0581 105.2492 100.5161 108.4250 116.9934 114.9483 110.0921 108.1215 113.6215 112.8977 114.1983 118.4477 114.6332 115.1013 115.5005 115.9466 116.4582 118.4904 119.6654 119.1572 120.3672 119.9265 121.3528 122.6140 122.6720 122.8481 117.0818 112.0056 105.5400
111.1100 110.1641 109.3226 108.3415 107.6186 107.3764 103.9137 106.2001 106.6229 107.1334 107.8183 108.4371 96.3813 114.6440 111.1751 105.1612 109.6186 113.4719 87.7246 122.2767 92.9089 94.5813 108.7092 116.4689 102.1647 99.7481 100.5566 104.2189 104.1861 101.1526 100.8914 104.4029 104.1896 114.1180 114.7290 119.5348 103.8963 100.8253 98.9002 118.3375 119.8947 110.6728 110.1273 103.3970 110.0843 122.4755 122.4415 116.5064 120.1296 121.1220 121.1019 121.0669 124.4811 108.5831 120.5398 119.2891 119.7481 125.1234 122.3450 126.6359 124.0999 109.9215 108.9252 110.3900
111.3600 110.9490 110.2589 109.5178 109.3005 105.2749 129.3377 107.9139 108.1708 108.5557 108.9658 109.9979 110.5766 98.2353 110.4408 111.5594 109.3239 99.2903 92.2963 101.3949 98.6663 99.6452 106.7347 109.4351 103.0362 101.6848 99.2047 115.2238 103.3354 105.4807 99.3312 99.9248 104.3488 107.8241 107.7839 105.4863 115.3693 98.0144 99.0813 120.1978 120.4971 104.5732 111.4187 104.0132 112.7180 103.0856 101.9797 118.3045 122.7376 124.0511 124.2193 124.6270 125.5295 121.6010 124.0952 128.6348 126.4789 126.9422 127.7209 128.1493 118.1097 121.9341 103.1195 105.5500
112.2700 111.7243 111.0987 110.6201 110.2813 109.7831 116.7755 106.7280 109.5500 109.8579 110.4860 108.2977 107.3469 95.0198 102.4497 113.0358 114.9707 93.3079 96.8284 99.1710 99.6211 99.5645 101.5948 105.1170 103.9889 99.9395 103.5421 105.6338 103.2281 104.9332 104.4894 110.9612 113.3240 108.0106 115.3628 110.0667 108.5994 107.7384 115.1751 100.2633 103.1581 104.5890 102.9074 102.3662 108.4051 107.0240 122.9932 122.1935 123.0347 123.9542 124.3918 124.9187 125.4542 126.0393 126.4371 127.2398 119.4605 108.4789 131.9682 105.7808 128.2392 127.0728 121.2055 105.5600
113.1400 112.4773 112.0281 111.5615 111.0906 111.2250 111.1855 110.7057 110.6957 110.8130 112.0629 84.6027 96.1127 110.3432 93.0511 110.7596 115.8708 111.6381 116.2594 97.8017 100.2451 100.1921 102.7827 102.8629 106.6378 107.3915 106.4068 106.0940 107.8338 106.5856 109.8375 111.1657 112.3371 108.9946 110.7490 100.5556 100.8115 99.4343 109.5138 107.0933 104.8852 104.1317 101.6366 102.3018 106.7878 108.8566 123.0487 122.5449 123.3995 123.8889 124.4468 125.0830 125.5168 125.9805 126.3131 126.7217 127.7392 128.0176 127.8341 128.8991 128.7834 128.4380 119.4597 113.4800
113.1400 113.1795 112.7451 112.4404 113.0396 92.0134 112.3109 111.2568 111.6648 112.1932 111.3096 112.3387 112.3125 114.0760 113.6917 90.0847 105.9103 113.8292 101.8607 99.5336 103.1638 102.2054 108.6418 104.2450 105.5219 107.5747 108.8963 110.5050 108.8577 106.0779 110.2545 110.9736 112.2978 113.1129 110.4249 109.1067 113.9637 104.2829 105.5046 104.2588 105.4553 108.3275 102.5806 103.8316 108.5640 108.3053 114.8143 116.8447 122.9124 123.0002 123.5714 124.1725 125.8577 126.3452 126.6808 127.0582 127.0436 127.3730 127.8623 128.3224 128.7106 124.7187 113.0464 105.6800
114.6300 113.8442 113.5053 113.0795 110.8622 98.1586 118.0695 111.8826 112.6059 112.7559 112.9981 113.4350 93.0654 112.4432 116.1906 95.5961 105.6342 101.0679 100.1799 105.7568 108.7444 108.3739 109.2950 105.8069 105.8738 108.3294 109.0398 110.9286 110.0206 109.5496 111.1732 111.2521 112.1682 113.6406 114.3865 108.3327 106.9290 109.7347 106.7102 112.6116 103.2037 106.6869 107.7793 109.4250 109.4775 108.6158 114.6298 114.1982 116.9578 117.3365 118.0887 118.5481 124.5807 124.6721 124.9016 125.3780 127.6585 128.1058 128.3345 130.1870 124.1787 119.3869 106.8805 112.0500
114.6300 114.4905 114.1851 113.7350 111.5845 101.4142 117.5933 113.0496 113.4344 113.5630 113.6988 114.5134 114.1318 118.2808 102.1817 143.0042 96.9983 108.8084 107.2600 97.5472 101.1755 113.3384 96.3368 99.1404 97.4314 108.2174 108.0601 110.0898 112.4605 111.3662 111.7131 111.5156 112.4804 113.1713 117.5683 118.1978 100.9621 99.4341 100.6034 114.9501 105.3321 102.1021 104.8704 106.0224 107.2007 109.5241 109.6229 112.4218 114.5607 116.2348 117.0399 117.6554 119.1616 119.5438 120.2187 120.8105 126.2712 126.2647 126.8674 123.3792 105.8249 107.6413 107.0411 105.7000
114.6300 114.7900 114.4000 114.5100 114.0100 114.0700 102.6400 114.1300 114.1100 114.0700 113.9200 114.5000 114.8100 115.2600 115.1800 115.5600 96.1000 105.7400 100.3600 99.1000 115.8900 113.1800 98.2300 100.7000 105.8200 110.1800 108.6500 110.1500 117.3000 111.6300 111.9200 112.0400 112.3500 113.9500 114.2400 114.8500 115.5600 100.7500 100.9300 101.2800 106.2400 107.6300 108.3200 102.1100 102.4200 109.1900 118.6400 123.6900 111.0900 112.0000 112.4600 113.5300 120.0300 120.0900 121.0300 121.1000 121.9800 122.5500 123.0500 105.1600 107.9400 105.5000 113.1100 105.7100
