117.2200 116.8200 116.9300 116.6100 116.2400 116.3100 115.8200 115.9000 115.9300 115.9300 115.9200 115.8900 116.2800 116.2800 116.2100 116.5700 117.5000 118.8000 117.1700 115.5200 121.1100 97.1700 118.6500 118.6500 118.8500 119.4100 119.6200 119.8600 120.1000 120.5800 120.7800 121.0000 121.2100 121.6200 121.8200 122.0200 122.4200 122.5800 122.7600 123.1200 123.2900 123.4600 123.7900 123.9500 124.1000 124.4100 124.5600 124.8600 125.0000 125.1400 125.4100 125.3300 128.8600 113.2600 121.0800 116.9600 104.4400 113.5700 117.3500 104.9200 118.0400 108.2900 117.1500 129.8100
116.7000 116.6467 116.3895 116.1608 115.9465 115.7726 115.6325 115.5313 115.4662 115.4543 115.4859 115.5470 115.6634 115.8251 115.9969 116.5853 114.6055 116.2514 116.5208 115.8254 100.7182 97.3840 107.9974 119.0724 118.4096 119.0094 119.2531 119.5581 120.6317 120.1992 120.7563 118.0513 120.9389 121.1692 122.8855 123.8234 126.1447 124.7643 124.0292 122.9965 118.3636 123.9762 123.1261 123.9566 123.8782 119.8572 127.2416 126.3823 120.0690 125.9635 125.3369 126.7616 133.4466 122.1311 108.1617 111.3902 114.4918 107.6273 116.1824 111.2570 115.2556 107.3251 122.9739 129.8100
116.6500 116.1567 115.8732 115.6068 115.3669 115.1718 115.0098 114.8862 114.8162 114.8021 114.8300 114.9211 115.0501 115.2181 115.4415 115.7882 115.1638 116.2927 115.6201 105.6458 102.7347 101.9530 99.5797 120.9565 119.7447 119.2792 118.7307 123.9708 110.6716 121.3388 120.0951 118.6910 111.3352 111.4291 119.3116 118.3830 107.9539 112.8306 115.5686 122.9180 119.0535 124.8133 124.8855 124.8421 125.3730 120.0099 113.9840 108.3630 111.1592 124.2462 126.0851 119.0364 122.6052 119.6633 103.7560 107.0015 110.8807 104.4709 109.0160 108.7388 110.7904 118.0858 128.8290 122.8500
116.1400 115.6505 115.3220 115.0365 114.7623 114.5216 114.3358 114.1933 114.1186 114.0936 114.1369 114.2273 114.3861 114.5812 114.8368 115.0825 115.5283 115.7655 116.1437 115.9700 101.8665 95.7609 95.2709 108.3453 106.2661 109.8278 119.6370 104.9549 110.4387 120.5717 103.8231 113.4237 98.9763 115.5984 122.3683 120.5519 120.8299 108.2761 121.8114 123.5717 113.2046 127.7770 113.1100 122.9998 113.9767 107.9085 100.3205 99.3507 115.2198 122.0743 117.9607 109.3087 111.0473 114.3551 108.8048 102.9664 108.5971 104.5695 104.1707 104.2831 107.4615 119.8215 116.5957 116.8600
115.5400 115.1229 114.7776 114.3249 114.0628 113.8488 113.6105 113.4470 113.3520 113.3249 113.3742 113.4878 113.6698 113.9042 114.1843 114.5068 114.8456 115.1382 116.3791 111.8973 105.8366 101.5035 94.2964 113.6398 116.2008 117.5734 118.8574 116.6082 117.3383 116.2879 115.8373 120.5300 117.5025 121.5702 121.1850 128.8797 112.5359 121.5096 123.3181 122.9020 120.9288 126.5587 114.8162 114.2568 112.4695 99.8587 104.9516 117.4635 109.8255 109.4620 109.6583 109.8998 115.3446 111.8938 111.2259 112.1827 118.6322 107.5383 104.9735 105.0996 104.3786 116.9387 126.2798 127.4600
114.8400 114.5697 114.0234 114.7880 113.4115 113.0914 112.8269 112.6232 112.5125 112.4781 112.5324 112.6769 112.8944 113.1694 113.5057 113.8720 114.2616 114.7809 114.6313 116.7225 110.2924 111.2593 101.4054 119.1010 117.9826 118.0183 118.3688 119.0688 119.2433 119.9599 115.9496 125.5901 111.2921 122.0887 122.6825 111.7393 117.3832 121.5229 122.3296 122.5162 115.0997 104.6839 106.3464 111.4273 109.8531 104.3724 107.2958 111.3020 109.7417 104.4879 113.8471 110.3540 118.1899 110.7809 110.8360 115.2522 121.6053 112.4963 104.6355 103.7058 117.3199 124.9588 117.6582 114.9400
114.1600 114.0286 113.4860 113.7037 112.5060 112.2800 111.9679 111.7255 111.5883 111.5508 111.6149 111.7854 112.0485 112.3787 112.7725 113.2063 113.6737 114.1304 114.6667 115.2178 112.0143 104.8078 117.0209 116.9206 117.3925 117.8131 118.2097 118.5778 118.9923 119.3811 119.2341 120.7530 120.5707 120.7375 100.6745 105.1535 122.5622 122.0274 122.0007 124.5324 116.2890 106.5694 101.4403 101.8446 104.4279 104.8176 105.8853 108.5072 108.4376 108.1493 108.7732 109.7955 109.8447 119.2299 103.9983 118.8285 122.4464 102.6428 104.4169 108.1293 105.5235 125.4835 124.7617 125.5600
114.1600 113.4396 112.8862 112.3703 111.8778 111.4192 111.0254 110.7283 110.5511 110.4991 110.5822 110.7997 111.1207 111.5392 111.9985 112.5104 113.0468 113.5828 114.1737 114.4564 115.8519 115.8181 115.5147 116.7813 117.1154 117.5624 117.9952 118.4157 118.8590 119.2039 119.6449 120.3996 119.0356 129.9001 102.6744 120.5802 102.0200 118.9729 119.5400 112.3279 119.4622 117.3482 103.1605 102.2247 101.6474 112.8971 106.3339 102.5704 104.4805 118.1766 120.0667 120.6517 115.3240 102.7622 103.6770 104.1150 103.8482 108.1424 107.8320 106.7886 117.9181 123.5045 118.3906 112.1200
113.3400 112.8582 112.2336 111.6197 111.0177 110.4667 109.9867 109.6095 109.3756 109.3053 109.4203 109.6934 110.1060 110.6166 111.1850 111.7897 112.4061 113.0298 113.6212 114.4178 114.7840 115.4988 113.7496 116.0444 116.8537 117.3464 117.8005 118.2200 118.2840 118.9629 118.8076 119.2108 121.9851 97.9111 104.5026 99.3495 107.6221 108.1856 112.5335 118.5424 102.4253 106.1650 107.0005 105.6192 108.5900 116.4078 101.2553 117.7833 112.3092 115.2768 115.0860 116.8832 102.2297 103.9833 104.6798 117.0102 109.1626 109.5112 108.2410 107.5280 105.6191 104.5128 111.3973 110.9600
112.6000 112.2716 111.5609 110.8350 110.1269 109.4418 108.8224 108.3311 108.0205 107.9258 108.0816 108.4379 108.9846 109.6182 110.3188 111.0331 111.7575 112.4706 113.1151 114.3974 114.6327 115.0821 114.8632 116.3816 116.6477 117.1431 117.6207 118.3066 115.0329 119.3658 108.1397 119.1876 113.1422 111.2283 99.1020 101.3895 105.4058 106.8559 102.4122 107.2349 105.8652 103.7029 103.9931 111.9203 110.5452 108.8275 115.3128 115.7188 117.6365 122.1011 115.2502 109.8678 104.2002 105.4154 109.2837 113.7259 108.4886 108.7265 113.5185 112.9281 112.9536 123.5888 116.1350 105.2400
112.4000 111.7045 110.8926 110.0464 109.1806 108.3223 107.5201 106.8534 106.4168 106.2880 106.5086 107.0212 107.7369 108.5591 109.4149 110.2846 111.1201 111.9218 112.6946 113.3182 113.9987 114.7110 113.3530 114.6925 116.3626 116.9463 117.4621 117.8984 118.6049 118.5601 119.5080 120.0985 106.2158 120.8487 109.0287 98.5910 100.3340 110.8872 120.0267 101.9931 105.1681 110.4160 107.1440 112.0175 113.5809 115.0991 108.3175 111.1566 116.6598 114.5832 116.1379 104.4046 106.3710 107.8879 103.8180 106.1876 105.4047 108.6745 126.8480 126.8462 127.4177 113.3306 115.9171 105.2300
111.4200 111.1126 110.2567 109.2555 108.2022 107.1299 106.0609 105.1180 104.4557 104.2636 104.6102 105.3574 106.3498 107.4240 108.4988 109.5312 110.5070 111.4126 112.2550 113.0573 113.7927 114.8235 110.7622 116.6645 116.1654 116.8165 117.3029 117.6984 118.0700 118.4460 120.4813 124.6498 112.6383 110.8104 118.1020 99.4058 103.2913 102.8948 112.3081 101.9143 103.1671 100.8080 105.6680 107.1542 107.8394 108.9615 108.6522 114.8310 110.3901 112.6878 102.3180 102.2166 101.3544 110.9508 102.4524 103.9327 104.2423 118.4561 125.3819 125.1799 126.1581 122.7628 118.0283 113.2500
111.3800 111.1013 109.6180 108.5017 107.2437 105.8776 104.4268 103.0335 101.9579 101.6127 102.1778 103.4029 104.8248 106.2572 107.6029 108.8303 109.9388 110.9551 111.8736 112.7237 113.5165 114.2476 115.4277 117.1085 115.9553 116.6555 117.1997 117.7898 118.5212 118.6543 111.8983 110.1264 105.5888 112.2746 99.6119 103.4360 104.3960 110.1816 111.6463 100.5705 100.6499 105.3612 103.0942 106.1794 107.9491 109.3891 114.5445 120.7642 112.9873 110.7270 111.2349 108.5709 107.6270 110.2087 104.5386 110.7870 101.9512 118.9302 120.2103 127.0568 126.4161 126.3207 112.5030 116.4400
111.1500 108.0922 109.1793 107.8445 106.3419 104.6418 102.6785 100.5262 98.5407 97.8086 99.1567 101.0832 103.2576 105.1344 106.7725 108.2043 109.4595 110.5708 111.5682 112.4741 113.2977 114.0002 114.5475 115.4308 116.0109 116.5763 117.0045 116.5454 116.7902 119.3201 95.9434 101.4147 108.0473 113.4194 104.8606 105.1132 104.4803 117.6479 112.0092 107.4215 100.7291 100.6221 104.3662 106.2880 107.2677 111.7850 111.6214 112.1480 111.1988 113.7114 108.9687 113.1696 104.0620 102.4211 108.2151 119.3644 101.4605 112.9771 118.0199 127.6639 127.3803 122.1118 115.9081 113.3400
111.1500 108.5183 108.8346 107.3118 105.6117 103.5605 100.9408 97.6606 92.9052 91.2183 94.0680 98.7498 101.7383 104.1651 106.1105 107.7216 109.0952 110.2923 111.3389 112.2865 113.1349 113.9251 114.6548 115.2810 115.8885 116.4634 117.0162 115.6865 115.0186 115.1188 95.0676 96.3542 98.1113 100.9408 99.9497 119.5097 103.2269 120.8974 107.0088 102.2502 100.3218 101.6654 103.7127 104.8742 106.6788 106.0965 106.5035 106.2550 108.3776 101.9183 101.8526 109.1964 102.9655 110.3268 105.8671 117.2236 102.8534 114.2501 117.5495 127.6387 126.5993 119.9924 107.2519 105.2100
110.2700 109.9867 108.5293 107.0001 105.1593 102.8595 99.6799 94.6524 87.8455 85.9160 89.0717 96.5314 100.6535 103.5374 105.7009 107.4343 108.8808 110.1250 111.2085 112.1796 113.0498 113.8332 114.5617 115.2449 115.9132 116.5350 117.0722 117.9487 116.9874 116.1853 107.6402 118.0493 98.4952 100.2537 97.9582 103.8545 105.7042 108.7451 105.6062 105.9506 102.6237 105.3210 105.5452 107.4565 108.9467 117.0500 115.8947 116.5852 117.7015 115.2396 100.3200 121.8197 112.7703 121.1698 102.4518 105.5871 109.2975 110.1447 125.9296 124.9787 125.9382 113.7491 110.8876 105.2000
110.2600 109.7625 108.4621 106.9373 105.0821 102.7215 99.4344 93.9148 86.5118 84.3706 87.9371 96.0246 100.4550 103.4266 105.6274 107.3817 108.8420 110.0999 111.1881 112.1612 113.0346 113.8307 114.5518 115.2404 115.7796 116.2634 116.6994 117.3557 117.8816 117.6926 110.5630 121.1842 99.2749 101.1754 98.1379 101.3530 120.0644 107.3301 104.1886 103.9051 102.8463 107.9782 105.3238 104.7012 115.9995 112.5762 117.6856 118.7633 108.1611 114.2714 101.7066 103.7748 104.3830 104.2336 103.2018 104.0500 112.2113 109.9513 111.1594 125.8540 125.6224 113.1368 107.8719 105.2000
110.2900 109.8863 108.6193 107.1441 105.3834 103.1993 100.3466 96.3353 90.5467 88.6672 91.6841 97.7643 101.1950 103.8485 105.9016 107.5730 108.9860 110.2060 111.2757 112.2310 113.0846 113.8759 114.5926 115.2658 115.8819 115.8646 116.5769 116.8471 118.2723 118.9919 111.9036 114.5445 97.7195 98.4484 98.7418 100.2998 99.3582 104.8959 101.2772 102.6532 112.1295 108.9539 108.5631 109.7153 108.4637 109.4309 110.3177 110.7725 116.8516 101.4818 102.5564 103.1969 103.5489 103.5575 118.0879 104.8188 106.8543 106.5834 106.8351 118.9223 124.5597 123.9986 110.0373 113.9100
111.1100 110.1408 108.9533 107.5880 106.0151 104.1577 101.9409 99.3828 96.5319 95.1456 97.2602 100.0542 102.5856 104.6897 106.4653 107.9816 109.2901 110.4344 111.4584 112.3843 113.2194 113.9811 114.6869 115.3161 115.5469 104.3740 95.6502 96.4825 113.1568 115.9717 119.8527 120.0904 118.5871 121.8449 122.3131 122.3430 119.5647 128.5018 102.3966 99.8667 100.5195 110.3843 111.2104 111.2776 110.5251 111.3683 113.8391 113.5545 106.3095 104.9960 101.4629 109.9590 104.4022 105.9342 106.2039 107.1371 109.6928 106.7402 117.0346 108.0005 108.2722 109.7800 111.4015 126.9600
111.2100 110.5077 109.4164 108.2066 106.8520 105.3552 103.6822 102.0437 100.6382 100.2011 100.9497 102.4568 104.1630 105.7733 107.2332 108.5476 109.7265 110.7813 111.7394 112.6071 113.4079 114.1432 114.8666 115.4026 115.5819 114.8594 116.5944 95.5044 96.3434 94.7989 112.4585 119.2163 106.2514 119.8280 115.3687 115.9334 97.6381 105.3147 97.4873 100.4094 102.6552 105.9899 107.3808 115.0739 123.1577 120.6726 125.3966 122.5922 124.3742 126.2704 114.4305 106.7127 106.1811 104.5929 106.1189 104.9096 121.0987 107.7548 110.9871 110.5896 112.8483 114.6224 114.2002 111.7400
111.3400 110.9638 109.9873 108.9341 107.7958 106.6079 105.3894 104.2673 103.4608 103.2043 103.6382 104.5655 105.7155 106.9315 108.1122 109.2262 110.2591 111.2142 112.0935 112.8976 113.6585 114.3529 114.9053 115.5303 116.4152 116.7314 110.4655 101.3211 102.9449 100.6124 102.9662 121.6615 123.8926 112.4240 113.9974 108.1923 105.2183 111.2736 98.6893 99.8581 108.4378 105.3515 111.6421 111.7471 115.1959 102.1770 122.4781 113.9144 110.3467 106.9868 124.6845 109.6352 106.4356 104.0143 112.1628 109.2863 110.0600 110.7115 112.5620 109.9442 114.3632 128.8589 126.8796 119.9700
111.5100 111.4755 110.6187 109.7115 108.7672 107.8194 106.9271 106.1355 105.6207 105.4670 105.7291 106.3359 107.1575 108.0799 109.0245 109.9665 110.8558 111.6980 112.4990 113.2501 113.9476 114.6198 115.3660 116.4894 115.8389 116.6086 120.7863 115.0313 100.4119 99.8134 112.0958 101.5146 111.6228 112.9640 113.9957 112.0331 108.8866 98.8390 99.8667 99.7702 104.0759 109.3700 115.2431 106.9345 111.3952 111.6241 118.9966 115.7051 110.8578 114.5967 122.6367 138.5456 111.9600 101.2319 104.5159 104.9829 106.2374 102.3310 112.1780 112.8828 118.9732 126.2601 117.4096 121.1300
112.3400 112.0299 111.2803 110.5110 109.7280 108.9788 108.2829 107.7207 107.3608 107.2527 107.4351 107.8578 108.4597 109.1785 109.9363 110.7252 111.4898 112.2411 112.9614 113.6230 114.2711 114.9069 115.3535 108.5302 118.8629 111.4538 124.6789 103.9736 104.1183 102.9723 98.7745 101.5277 100.5581 106.3211 107.5396 95.8424 96.8527 98.0948 99.6665 101.6328 105.8890 109.5186 116.7949 109.2431 110.5668 114.2524 115.6944 123.1060 114.4325 110.5298 112.9305 119.1383 125.8242 113.4773 119.3830 119.3697 121.0501 114.7761 123.1755 127.4815 127.0180 126.7550 126.2977 111.2500
113.2500 112.6090 111.9549 111.2963 110.6540 110.0189 109.5194 109.1153 108.8181 108.7351 108.8621 109.1778 109.6399 110.1938 110.8283 111.4709 112.0865 112.7684 113.4055 114.0426 114.6533 115.1170 116.0255 119.4289 114.9150 118.7257 105.2683 103.1706 95.9312 100.8189 103.0791 106.5222 107.6333 109.0901 113.4916 107.1251 104.8181 106.4902 105.6471 109.1692 102.3256 108.1847 116.8881 113.3647 110.4925 108.9818 110.8651 115.5294 112.7827 110.4243 111.1031 106.8387 116.7733 126.5242 114.9575 124.7037 124.7466 127.0488 127.4738 125.3120 125.8160 126.0964 126.5989 126.9700
113.2500 113.1949 112.6210 112.0556 111.5058 111.0107 110.5252 110.0287 109.9921 110.0108 110.0958 110.3405 110.7000 111.1429 111.6870 112.1478 112.9619 113.5468 114.0354 114.4830 114.9263 115.5381 115.5523 117.8185 120.7963 119.6080 97.6632 103.3437 107.8239 105.1458 105.7675 104.2511 107.4692 110.5485 109.9314 100.6465 106.7867 110.1559 111.2671 112.9897 109.3717 111.4081 110.0014 110.2267 114.9463 114.5990 115.3768 116.5241 121.4158 111.4283 111.1856 119.1796 108.7353 126.1397 121.1825 126.0487 126.5289 118.4222 114.7907 121.3595 125.8807 126.4038 126.7045 126.4900
114.1100 113.7710 113.2750 112.8254 112.1770 112.3392 112.7552 111.6514 111.5277 111.0263 111.1922 111.3675 111.6626 112.0253 112.4238 113.2960 110.5208 112.9973 114.3822 114.9175 115.7203 110.9141 114.7526 116.1701 101.3649 99.8815 97.6262 97.4843 104.2037 106.1312 104.6514 107.4247 108.2062 105.0483 100.9341 107.5278 99.8662 110.0085 111.5184 109.9585 106.7090 110.4840 104.9198 115.7001 117.7565 118.1941 124.5627 122.9565 122.3078 107.3726 109.8285 122.3089 102.5378 107.5097 108.1692 105.6384 105.3104 120.3127 123.3026 124.1000 126.7051 124.1222 128.0324 128.7000
114.7800 114.3363 113.9168 113.4974 113.3798 109.9457 112.7306 110.4515 110.4992 112.6848 112.1190 112.3233 112.5338 112.8410 113.1897 113.6216 113.4105 115.1491 114.4627 115.4192 115.8343 116.4614 114.8187 118.0105 110.8180 93.7470 95.6312 98.5926 105.6914 97.2232 104.7657 106.7552 107.7193 105.8615 101.1344 107.2530 113.2772 110.3842 108.8326 106.7643 102.6593 111.2517 105.1815 101.5624 114.7317 114.4975 115.5994 119.1885 104.1234 107.7755 103.0196 104.5470 103.4306 102.6216 111.0897 121.2334 115.2523 111.8502 127.4089 127.3331 127.6608 112.7410 125.2631 127.3700
115.4500 114.8950 114.4745 113.9766 114.4368 110.2156 114.0220 109.0489 113.3975 114.3588 113.1546 113.1508 113.3394 113.5996 113.9035 114.2383 114.5946 114.9648 115.4085 115.8243 116.0549 118.5942 96.7325 116.7001 104.3403 119.2718 119.8465 96.1950 102.6574 100.5343 106.1701 110.3502 106.6940 108.7789 113.1612 99.4928 104.6506 109.6824 112.8496 111.1183 111.5276 112.1609 112.6593 114.1610 114.8634 115.9301 111.9871 110.8955 110.2098 107.0738 103.2097 102.8983 103.7274 103.1411 103.9683 122.2927 103.1556 104.4171 126.3169 124.3484 124.9530 119.6593 118.2581 118.0200
115.4500 115.4216 115.1066 114.7799 110.2093 110.8898 113.8774 113.6571 115.8777 113.2082 113.7543 113.9260 114.0468 114.2747 114.4715 114.8543 115.1773 115.5223 115.8815 116.2552 116.5083 118.1877 115.9189 117.0197 103.7537 95.7603 99.7931 99.2278 99.5090 106.0981 107.0722 103.9367 104.3185 108.6474 109.0610 107.7993 95.7881 109.8653 108.8343 111.9533 112.1266 111.4205 114.0655 114.6954 114.8610 114.7158 114.5580 110.9827 101.5353 103.0559 103.5309 102.0166 120.3545 113.4508 106.1676 105.8967 105.6048 104.6795 115.9208 122.8809 125.2677 125.6490 127.1150 125.7300
116.0600 115.9473 115.6573 115.3335 115.5075 114.9213 114.6194 114.5562 114.2612 114.5419 114.5606 114.6233 114.8324 114.9628 115.6968 115.3998 115.7598 116.0263 116.3379 116.7302 117.2872 117.1368 109.4914 103.5240 98.7202 96.9984 98.1808 100.1907 110.2731 112.4410 109.9575 108.0349 108.4051 108.5916 110.3827 105.6759 101.5691 115.4184 110.0110 110.8486 113.0084 113.3087 113.9793 113.6148 113.5164 108.1798 101.5099 103.4501 105.6176 103.5802 109.2153 103.3614 102.9346 101.4637 117.6644 115.8743 120.0454 117.4457 112.7789 102.3363 114.5276 121.6714 121.6162 125.7500
117.1400 116.4824 116.2188 115.8680 115.5668 115.5469 115.4670 115.2542 115.2494 115.1763 115.1893 115.2989 115.0991 115.0706 114.6063 116.4714 116.2350 116.5177 116.8333 117.1367 119.1314 95.9677 114.0884 103.8345 100.7235 100.2248 98.1441 99.4774 113.9860 117.2938 111.1494 106.6436 107.2394 108.6023 108.6693 112.3567 104.1803 110.8734 113.1831 112.5632 111.6944 112.8741 114.8517 114.1477 109.5887 106.1886 102.2319 102.0379 102.0342 102.9865 102.9590 103.9080 104.3427 104.3194 103.3036 102.5791 102.3574 100.8019 119.8936 104.2012 105.7608 111.0148 102.4464 125.2300
117.1400 116.9106 116.5827 116.5040 116.3864 115.5691 115.6361 115.8910 115.7129 115.7626 115.8505 115.8782 116.9186 115.1401 129.0033 116.0938 116.7671 116.8668 117.2138 118.0134 117.6172 119.5419 119.2622 92.7834 101.9616 102.9005 103.1056 105.3779 107.5369 109.5808 100.0345 104.8791 113.4136 113.6938 103.6227 97.2209 109.0502 111.6403 112.7040 113.2784 113.1235 114.3112 109.3195 112.2101 102.7366 113.1890 105.8523 103.4818 103.9532 103.4238 103.5788 104.4143 105.6451 104.5045 105.2038 105.8104 103.8849 113.1674 108.9970 105.4239 107.3916 122.6791 109.2716 105.5400
117.6400 118.0793 117.9784 116.8621 116.8491 117.4145 117.9944 115.9936 116.6061 116.5667 116.4201 116.1174 116.3831 99.5182 112.1729 116.9952 117.0987 118.1545 117.6235 115.2640 117.8414 118.5518 119.3030 116.5955 100.5887 100.4635 104.8404 105.8200 111.4423 106.3289 108.6273 104.8349 94.8456 109.9503 100.3764 103.3695 109.0374 108.8778 114.1210 112.5011 112.2301 114.3078 103.8590 108.3500 101.7813 109.9039 117.3880 101.8282 118.2600 102.4571 103.4504 103.4289 104.7579 105.0998 105.7431 106.5412 105.7709 115.2487 115.1072 116.2461 117.4547 105.2659 105.8556 109.1200
118.1000 117.6994 104.4153 118.1414 116.2095 101.9861 116.8933 115.7158 113.0068 117.1734 116.9355 116.9054 117.7252 115.6576 118.5997 117.4576 118.0012 112.0710 121.1266 119.8342 110.2697 116.5493 118.8114 108.1009 98.2974 101.6976 104.6233 105.2707 106.7261 104.1054 107.0779 109.8177 99.6988 99.6707 100.5655 101.7138 107.1284 110.5398 113.2521 112.7437 114.1541 113.6689 114.3544 100.4350 100.3141 105.6468 108.9704 101.3421 109.7410 102.6692 103.6770 103.8505 102.9461 102.9727 104.3830 104.5584 115.1827 106.2514 107.0790 117.4144 116.7863 111.8438 118.0222 125.3300
118.5200 119.7006 113.9045 119.1002 119.7156 100.6915 118.4088 116.9980 122.4465 116.8798 117.4896 117.5129 117.5228 117.7974 117.5142 117.9745 118.3026 119.4291 113.7658 118.8215 102.9073 118.5087 114.7168 119.7274 116.2614 114.5688 102.9570 103.4826 105.5713 105.3647 101.0711 108.4431 106.6208 108.0998 105.1556 105.2599 105.4690 112.9405 111.8893 112.7119 113.1989 115.1924 116.8558 110.7948 112.3218 106.2098 100.9548 103.4438 102.2890 103.2827 103.5750 104.3911 103.1591 111.7454 104.3783 105.9258 115.8257 118.0830 114.4824 108.3425 108.9952 109.5072 116.1262 111.8600
118.9100 118.5471 118.6222 111.3035 112.8787 109.1369 118.7148 117.5722 117.5103 117.9756 117.9527 117.9935 118.0699 118.1480 118.3236 118.4408 118.4101 118.5513 118.6838 119.7846 119.3934 119.2069 109.5119 119.4954 120.5194 120.1850 121.5451 99.4439 105.3057 107.8906 109.0973 110.4832 108.9319 110.8586 109.6656 107.6705 106.4943 110.9937 113.1451 112.4054 113.2117 110.0350 112.6290 117.7390 118.0068 113.7337 113.5156 102.3659 103.7181 105.0472 103.6087 103.6397 108.1379 122.2258 118.2839 102.8518 121.4579 122.7805 123.8171 107.5529 113.4022 123.2849 108.9722 112.0800
118.9600 118.7195 116.7946 125.0572 119.8450 118.5816 118.0818 118.5909 118.5077 118.3867 118.4084 118.4477 118.5048 118.5842 118.6767 118.8019 118.9318 119.0772 119.3638 119.3134 119.3797 120.3912 119.9189 120.5280 120.0054 118.6784 107.0817 110.9328 109.1242 107.0833 101.7558 111.6698 104.2601 108.0290 110.1803 111.0228 111.6991 107.5743 111.1385 115.7259 118.3938 114.4237 101.7049 103.7414 109.3994 114.3618 114.1899 103.5585 104.0169 105.8820 105.9959 106.8539 105.6352 107.2322 118.9546 102.7985 124.9186 121.9215 123.7871 123.1857 122.5310 125.3882 123.8754 125.5800
112.0400 113.9555 107.6511 109.5206 111.2761 113.4266 118.9533 118.9018 118.8156 118.8383 118.8465 118.8877 118.9400 119.0115 119.1018 119.2107 119.3296 119.4755 119.6317 119.6916 120.0044 119.6936 120.4054 120.5591 120.9134 121.3782 120.5568 107.0631 103.0274 107.6219 106.7741 109.8171 108.6855 102.9676 110.7599 111.7136 112.0734 112.6390 113.9222 112.0685 112.9364 123.5300 106.4693 102.0127 102.7389 103.1860 103.3607 103.3038 103.4964 103.7908 106.6464 106.0529 107.3059 106.7965 120.4873 106.6282 125.0173 121.6210 124.6900 126.4911 127.0864 128.4760 129.1718 128.2300
119.7300 120.0311 108.4976 102.2878 107.9776 118.4701 119.3001 119.3272 119.3069 119.2529 119.2619 119.2978 119.3430 119.4111 119.4929 119.5922 119.7068 119.8297 120.0148 120.2882 110.7234 122.7146 120.3188 116.5251 105.5846 121.1576 102.8012 121.3898 124.4758 122.4843 116.3996 108.2657 111.9543 111.4429 101.3188 106.2994 112.6292 112.7662 113.1886 114.3762 112.9899 113.4146 113.9202 115.2624 104.4358 103.1601 103.2905 103.4531 103.6482 102.6880 116.9301 106.7655 108.6321 107.6101 108.5057 107.9090 120.7964 122.2927 123.7753 126.1133 109.3841 129.5385 126.7290 125.4000
120.0900 120.4960 102.0043 96.6710 116.9356 120.2292 119.7052 119.5118 119.5580 119.6513 119.6611 119.6931 119.7314 119.7925 119.8738 119.9631 120.0687 120.1801 120.3738 120.6466 116.6183 121.7973 120.6809 121.7938 121.8967 103.6597 121.2896 106.9865 118.9763 122.4348 109.6972 111.5580 107.8832 99.9924 103.1796 103.5428 112.6517 113.6434 108.4457 107.1262 115.4833 116.2428 112.3029 103.7697 103.0543 103.1909 103.3384 103.6390 103.7196 101.6904 122.2975 107.1555 123.9952 109.5131 111.2588 110.9297 109.9392 109.2184 121.8278 122.8022 125.5216 127.8314 123.2551 127.0800
120.4300 120.9436 110.3406 117.7364 121.0262 119.9045 120.2471 120.4857 119.9787 120.0504 120.0408 120.0670 120.1093 120.1605 120.2407 120.3144 120.4143 120.5213 120.6987 120.5399 122.2048 120.1349 125.3761 121.1934 123.0055 121.2769 123.4025 121.7220 123.3650 122.5694 124.6103 106.6075 115.5325 103.6093 104.3302 106.8811 114.7432 113.5891 114.8533 111.0395 117.4072 112.7673 112.8212 108.8405 102.8359 103.0686 103.2287 104.0796 104.2644 108.5492 104.1627 102.9647 101.9554 111.3896 120.8591 125.0933 108.2189 110.0555 110.5794 112.2643 122.1233 120.0269 104.2719 128.6800
120.7600 120.7530 121.3805 120.7349 120.6202 117.9501 118.6053 112.4195 120.5030 120.4416 120.4036 120.4270 120.4649 120.5153 120.5795 120.6586 120.7538 120.8492 120.9824 120.9662 121.6137 109.3110 116.2302 122.1007 122.3613 120.5598 121.5499 122.4749 121.4090 123.3964 115.4767 114.8980 113.4656 111.9080 109.2537 106.3055 115.6714 115.6504 116.3318 116.4549 110.9603 103.5105 102.2398 108.7379 102.7275 111.3287 103.8880 104.8834 104.2569 108.7001 105.6788 106.1183 105.9644 103.1225 111.5596 121.1165 118.3895 115.7374 116.4072 122.0310 111.0026 112.4198 113.0485 126.8500
121.0800 121.1515 120.9369 120.9781 121.0297 120.8986 121.0090 120.9155 120.6996 120.7610 120.7561 120.7777 120.8091 120.8625 120.9243 120.9839 121.0529 121.1674 121.3447 121.3952 120.1740 105.5840 118.7189 116.8823 121.8774 120.0148 123.2649 104.0750 122.0472 122.4483 121.5769 118.5854 112.0964 119.8880 115.0049 103.6923 111.5973 114.0492 110.5173 113.0784 113.8647 110.3855 103.0236 102.9119 103.0831 100.1890 102.4724 103.6268 107.7420 105.5411 104.6376 105.3112 109.5221 115.4840 125.6941 102.5219 115.7506 126.2357 126.8048 126.8762 112.8801 119.5237 114.1286 114.2800
121.3800 121.4596 121.3062 121.2832 121.2142 120.9996 120.9848 121.0362 121.0941 121.0842 121.0869 121.1087 121.1426 121.1907 121.2372 121.3504 121.4618 121.4159 121.5934 122.0850 114.0634 102.4903 108.4839 116.5394 121.2615 125.0547 122.8235 110.4940 123.1709 123.1547 122.0170 99.6848 112.3116 117.6065 103.8818 101.6714 106.3199 110.7244 111.7515 106.1118 105.1981 105.1443 102.9216 103.5302 102.6914 104.5814 102.9731 112.6519 104.1085 106.6175 106.6444 105.7410 108.6338 116.7786 124.4542 114.6357 114.9624 125.6756 116.8624 116.5180 113.6415 116.2238 114.3182 114.2800
121.6800 121.6166 121.9670 121.6037 121.5524 121.5461 121.5025 121.4365 121.4107 121.4009 121.4133 121.4346 121.4676 121.5038 121.5434 121.5109 121.2403 122.2043 122.1605 121.2956 114.4427 101.5342 99.2287 117.6756 101.6052 117.5669 119.2556 99.1632 122.9901 124.7950 118.0588 122.0893 118.5876 103.2283 112.1648 100.6598 101.6491 104.8832 111.4532 103.2922 103.2670 102.9718 103.3446 103.6494 104.4401 116.0537 115.8072 120.8640 119.1390 102.9258 105.4932 108.5451 106.7724 106.8626 109.3030 128.0187 127.1573 126.7300 104.3825 119.2340 110.6926 102.9633 117.4004 114.5500
121.9700 119.4514 121.9238 121.8978 121.8420 121.7884 121.7553 121.7368 121.7254 121.7327 121.7476 121.7436 121.7535 121.8134 121.8520 121.7988 124.2856 118.0162 122.0319 123.5703 125.7838 118.3524 104.4308 117.6406 98.3935 108.9303 114.0441 99.7203 108.4340 113.4454 120.8032 110.9117 102.4513 116.3023 118.8115 106.5109 102.6047 105.7359 109.7787 104.1706 102.0756 103.2239 103.5001 103.7077 104.0689 105.8721 121.9797 121.3902 115.1835 106.6136 104.2913 106.9126 109.2531 108.6447 109.0590 111.4897 113.7306 126.9989 124.8021 107.2852 126.0256 110.5985 106.3330 106.3900
122.2400 121.2366 122.0988 122.1986 122.1347 122.1037 122.0601 122.0448 122.0232 121.9753 121.8406 122.0153 122.1299 122.1292 122.1817 122.5838 122.8708 109.2813 104.2493 118.8816 122.5021 124.1191 103.5555 105.4813 118.5852 108.7405 122.9033 114.6732 106.6711 102.8436 108.5034 104.3172 102.6906 106.4080 116.1464 108.3965 105.2264 106.2768 104.5551 106.2717 112.9892 104.7775 103.3370 104.1999 103.6555 103.9423 107.4262 106.6048 103.9480 105.4281 104.7515 104.8043 107.6829 108.9649 115.4127 113.5376 107.7354 123.3334 127.4446 120.1414 124.8880 127.7244 121.9084 111.7800
100.5100 122.3369 122.5631 122.4637 122.4279 122.3798 122.3543 122.3260 122.3048 122.3095 123.1674 122.7008 122.2544 122.0734 122.7152 118.2909 122.5623 117.4458 102.3281 110.3339 123.8679 123.1731 103.8286 109.5528 126.2957 111.4273 123.3856 125.4877 117.7589 120.4522 112.0612 114.5678 104.0651 102.7859 104.2527 104.0069 102.8795 104.4253 106.3476 108.4193 108.2787 111.6319 112.0529 102.8312 104.8685 113.5297 106.5573 104.7914 104.6337 104.5275 105.0412 104.2269 115.1006 122.3442 107.3493 111.4178 110.8316 124.9645 116.4147 127.4470 126.7298 127.3898 128.5108 127.8400
123.0200 122.8361 122.8298 122.7413 122.7016 122.6679 122.6287 122.6623 122.6445 122.3926 121.6600 118.7280 122.4989 123.1130 120.5501 118.4373 124.3966 108.4678 108.3873 105.9698 125.4975 123.5870 103.5641 108.7837 116.4687 117.7408 127.7964 122.9821 123.7123 117.1600 102.8066 116.0826 111.6066 103.1225 104.8698 105.1265 106.7875 113.5511 105.9278 106.9209 114.2481 125.6638 113.3485 113.5389 103.9304 104.6405 120.2721 105.9034 107.7195 112.5715 104.2384 105.1070 104.8728 111.1857 123.9498 124.1609 121.6745 112.0932 112.3098 110.0811 120.9437 127.7000 127.2044 127.4800
123.2600 123.1296 123.0507 123.0081 122.9729 122.9174 122.9233 122.6622 122.7585 122.7655 123.9331 113.7982 123.3207 116.4425 105.2858 116.8867 101.1310 112.8301 109.3466 102.7485 109.3762 123.3196 117.8897 106.6500 114.5935 110.4237 118.3454 123.4878 119.6873 126.9340 102.5175 114.5225 115.2468 104.4382 103.2405 105.0742 105.5458 103.8111 109.7191 107.3202 113.1851 114.8452 108.5871 115.6835 105.1390 106.8305 112.7432 123.0107 112.5215 114.4818 106.2967 109.2669 113.0339 108.7349 125.6028 123.8965 123.6063 125.3707 106.4852 116.3889 125.5837 126.0734 126.3261 127.5400
123.5000 123.3680 123.3172 123.2703 123.2206 123.2273 123.1207 124.0641 123.0646 123.1363 122.9649 124.2952 123.4982 124.5406 108.3265 118.1653 123.2951 107.4689 113.5981 106.3782 124.5911 124.4749 123.3381 110.7228 108.7589 111.0196 125.3542 124.0618 124.4325 112.3571 108.2773 102.0764 101.3116 105.5432 119.2066 111.4839 111.5465 108.8648 112.2102 109.6098 107.5970 120.8373 111.1415 104.1611 103.8260 114.8196 121.4652 122.1225 118.7831 111.1367 111.1719 125.5246 124.7522 125.7167 125.8290 124.6217 124.1604 129.1101 127.9024 112.8345 116.2735 113.9955 113.1341 128.5400
123.7300 123.6151 123.5594 123.5336 123.5544 122.8739 121.7138 111.4809 123.5601 123.4126 123.5674 123.3897 123.4857 124.2539 116.2434 112.8470 110.1748 120.8238 118.1636 109.0285 109.3173 122.0319 118.9640 104.8693 111.4225 108.4784 112.3120 125.2218 105.7786 110.9395 117.6314 101.6148 112.5228 126.7050 128.0323 103.8586 117.4545 120.7093 107.4960 106.4383 111.4920 111.0409 103.0192 103.3578 106.6757 116.3994 114.5844 119.6885 122.0493 124.0219 130.6178 126.2554 124.6959 125.9080 132.2882 123.5244 119.6415 123.5364 125.6148 131.6266 134.4582 111.4339 113.3627 116.2200
123.9500 123.8374 123.8376 123.7296 123.7556 123.4474 123.3144 123.5989 123.5434 123.6071 123.6198 121.8071 123.7879 124.2187 119.2372 121.4327 113.3739 122.2110 113.5640 114.2770 118.3740 114.7928 116.8249 118.0338 113.5014 105.7753 101.6759 117.3864 103.7235 107.7628 105.2358 107.2839 105.5724 108.8867 116.8484 121.3272 124.1328 121.1490 117.6164 106.4327 117.4853 111.4062 108.0735 103.8436 114.4918 117.9059 117.6442 116.4189 121.5904 122.3739 126.8280 130.5268 125.1222 122.8280 132.2537 112.7423 107.1682 110.8228 121.3039 132.1505 129.7646 130.1848 116.8165 116.2200
124.1700 124.0717 123.5200 124.1248 124.0257 123.7730 123.7910 123.8371 123.8962 123.8826 123.8985 123.7841 124.0201 124.5733 114.8355 113.8124 125.5849 121.7327 121.3731 114.4208 110.3909 115.8464 101.0194 103.3493 109.4653 114.4390 113.9326 108.9195 104.6777 110.7581 108.2703 107.8054 105.7266 103.7143 111.3419 124.8518 109.0849 109.8744 118.3385 106.3944 106.6068 109.6586 105.2831 107.0663 103.8747 118.4404 126.5237 121.4323 123.5017 124.8000 125.3087 132.3134 125.8262 129.7384 129.0434 135.6905 124.3002 108.3625 101.3708 130.9870 127.1906 130.9286 131.6242 107.0000
124.3900 124.2248 121.2400 124.4107 124.1160 124.2421 124.2061 124.1508 124.1284 124.1245 124.1219 124.1190 124.2068 125.0195 117.4124 112.2784 125.7672 124.1670 120.2449 117.6725 122.2573 110.8402 100.3787 103.1293 100.6948 110.1655 111.5690 105.4819 102.2065 102.7510 108.1426 109.8171 106.7143 115.6271 113.2227 108.7445 102.4868 105.4692 108.6626 104.7175 104.6513 110.6567 112.3915 118.9919 110.7621 120.2448 127.0395 129.3821 130.1671 126.9497 125.9563 126.7047 125.1436 128.4239 130.0953 128.4047 131.6561 126.9527 122.1377 133.5799 126.8651 115.4011 112.9552 107.0000
124.5900 124.6258 124.7240 124.4130 124.3359 124.3961 124.3615 124.3569 124.3575 124.3540 124.3641 124.3712 124.2750 124.8336 114.2191 118.6897 123.7245 125.4404 118.5252 103.2985 115.6805 119.7410 109.3640 101.6537 116.7734 103.5605 114.6835 111.0948 103.5550 104.4119 103.3436 110.0715 111.9796 106.5687 117.3892 106.6453 103.9339 105.0495 105.3683 120.9852 105.1549 104.4771 108.0094 113.0911 117.9308 114.6990 119.5204 127.4509 127.5654 125.7103 124.8830 125.1371 125.0913 125.3692 129.2217 131.6988 132.5473 133.8640 133.7592 132.6513 131.6216 124.3805 105.2823 107.1400
124.8000 124.7070 120.7387 122.6922 124.5315 124.6546 124.6027 124.5871 124.5763 124.5707 124.5726 124.2739 124.9138 125.4296 125.0419 117.0667 126.2158 123.9410 114.6602 109.5864 121.8175 118.7648 102.2584 105.4425 122.9701 111.8464 104.1710 102.4966 103.6903 106.2904 103.7056 106.0658 120.7511 110.7575 111.7009 108.7609 106.7398 102.0827 115.1390 128.8023 111.9708 109.3768 109.0398 108.7459 120.2461 117.9672 115.2828 132.3044 129.5615 129.9345 125.8666 124.8433 125.4023 125.8729 124.8623 127.2868 132.1091 131.0751 132.2078 133.8426 135.9199 135.8610 103.0616 107.1700
125.0000 124.9643 125.2702 124.9891 124.8598 124.8336 124.8170 124.8041 124.7955 124.7840 124.8098 125.6049 127.1717 115.0556 120.3626 120.8038 118.5305 114.8250 120.0781 113.6574 119.8168 106.2260 117.9270 103.7850 115.0517 107.0181 113.7953 103.6274 103.5152 105.6771 108.2865 105.1115 114.5246 112.8598 115.2486 113.4726 117.2268 106.6654 113.9404 127.2909 120.2007 105.7233 111.9907 114.8459 117.5199 116.7931 114.1065 117.0155 127.0691 128.4611 128.2704 128.3250 127.6458 125.4336 131.5050 130.7906 129.8921 131.1958 134.6181 110.1154 108.8449 130.9723 115.7738 107.2900
125.1900 125.1171 125.0436 125.0909 125.0654 125.0483 125.0366 125.0266 125.0142 124.9977 124.9822 126.3001 109.6747 116.7919 103.9158 126.3701 120.2044 122.2823 116.1505 115.0716 120.3829 114.6071 116.1744 109.4751 109.8298 102.7655 107.0252 103.6161 104.4593 108.4364 111.0576 109.3265 124.8397 120.6199 112.5751 114.4464 120.9109 120.0139 106.0513 106.4368 114.8742 107.1700 104.8509 109.9680 114.8859 113.2098 125.1568 116.4337 128.1009 127.9465 128.5666 131.4113 130.3234 130.4351 129.8072 134.1124 127.2929 129.7262 119.2259 127.4596 108.9673 106.8047 106.4289 111.5900
125.3800 125.3788 125.3518 125.3007 125.2727 125.2627 125.2080 125.2023 125.2149 125.2098 125.2836 125.4232 120.7169 123.2273 124.7533 125.0531 124.4325 125.8855 112.1965 114.9810 113.6748 107.5497 102.1238 102.4945 106.6252 104.3592 101.8706 105.1213 106.3394 107.3774 116.9029 109.5978 120.1111 111.5135 113.6540 113.4737 118.6493 122.7213 105.4152 103.7866 114.2748 113.5192 106.0494 106.6770 120.7694 112.0094 121.7180 122.5205 120.5303 122.4400 128.2082 127.7258 132.0153 126.4676 132.2043 125.3990 120.3193 132.6634 134.0236 135.5502 135.2459 116.7492 107.5805 107.4300
125.5600 125.5583 125.5263 125.5025 125.4779 125.4377 125.5721 125.5252 125.4182 125.4187 125.4133 125.5607 125.4739 117.4512 120.6025 124.1944 124.4987 125.6582 112.7921 115.6477 118.8143 103.4609 104.6309 107.3382 108.0269 120.6550 106.0882 105.8023 118.1404 118.0053 122.9316 126.7048 117.0570 115.2280 112.5252 113.9859 119.9613 110.9991 111.7980 111.1665 106.1462 106.6092 106.1324 108.9257 107.3310 112.8496 113.8462 121.1581 121.9718 131.6057 130.0975 128.5270 131.2980 132.5657 132.7225 134.0837 134.0024 133.4256 133.6268 134.2887 134.2988 128.9107 109.2376 111.7300
125.7400 125.7530 125.7229 125.6998 125.6615 125.7179 125.0737 125.2507 125.6169 125.6212 125.6256 125.5915 125.7763 125.8019 121.1805 120.4174 107.2753 117.3096 106.4926 125.8053 124.5249 116.1507 103.5165 103.6020 109.9202 104.6832 101.9975 106.0111 119.8680 114.2667 115.4254 119.2955 117.5357 107.8527 111.9156 110.5105 115.5114 111.4243 103.8653 110.7167 114.0093 105.6685 104.7369 105.5412 105.6539 107.7990 115.2900 121.1014 123.0462 126.2824 130.3386 131.5929 130.7634 130.1671 132.1937 134.0326 132.8845 134.3372 135.0349 134.8662 126.9875 114.0545 107.3874 107.5700
125.9200 125.9455 125.9082 125.8894 126.0074 124.8194 134.5833 124.7553 125.8239 125.8053 125.8128 125.7508 126.0860 115.4750 100.1343 107.9290 113.2297 103.5581 101.7002 128.6996 119.2652 117.6327 102.4532 103.7455 110.7873 110.2051 110.2888 103.6863 109.0492 123.4441 113.4253 123.6022 118.0613 108.7488 102.9071 126.0394 120.2037 115.3459 109.2651 116.7312 116.3295 109.5101 107.6103 106.6541 109.1846 129.3912 125.6123 119.9425 117.3056 124.0449 124.9756 127.6695 131.2827 132.4660 127.2899 131.8644 134.0968 134.6463 133.1219 121.9728 105.0351 106.2431 107.5765 107.7100
126.1000 126.1100 125.9700 125.9800 125.9900 126.0100 126.0200 125.8600 125.8600 125.8600 125.8600 125.8600 126.0200 126.0100 105.2700 110.7800 103.9700 104.1100 104.0900 116.9100 116.9100 104.3000 104.3000 104.2700 109.7800 112.9000 109.8600 106.3400 120.6300 120.6300 111.1100 122.0200 115.2300 113.5500 113.5500 125.2400 125.1700 116.7200 116.1700 107.8100 117.1900 119.4700 128.9000 105.8700 105.9600 124.2400 122.0900 117.4700 124.2600 124.4400 119.2500 128.6700 129.6700 130.7400 106.9000 132.7900 133.8900 134.6400 135.1800 107.5200 109.6500 107.5500 107.6400 107.7100
