110.7600 110.0100 109.2100 107.3700 106.4600 106.4600 105.4100 103.8400 103.8900 103.8000 105.3200 106.3300 107.5600 108.3400 109.2200 110.0300 111.4700 112.1400 112.6900 105.9000 119.1700 97.4300 96.0500 95.7400 116.8100 117.1700 117.8500 118.1700 118.4800 119.0700 119.3500 119.8800 120.1400 120.6300 115.8600 121.3200 121.5400 121.7500 122.1000 122.3600 122.7400 110.4500 127.7300 105.0800 123.8000 123.9700 128.5000 107.9700 124.6000 124.9000 125.0400 127.6100 129.5400 114.3500 116.1400 112.6700 115.4400 118.3200 118.8700 105.6800 120.4300 105.1100 115.8900 115.8900
110.7600 109.7530 108.6362 107.4156 106.0888 104.7215 103.4194 102.4098 102.0784 102.6111 103.7252 105.0676 106.4303 107.7307 108.9258 109.7535 110.8909 111.9666 113.0778 108.2542 114.3678 98.2886 106.6027 112.0073 116.3877 117.1502 117.6807 118.1471 118.5886 119.0065 119.4013 120.1886 115.3109 120.6748 118.6950 121.0021 121.5132 121.8205 122.1565 122.4193 121.4522 117.5245 125.7155 115.8007 123.9910 123.2240 126.7839 124.9345 115.2812 113.8949 126.3971 124.4592 126.5451 121.7304 112.5352 115.6852 114.1347 117.0796 117.2635 111.1110 114.5003 110.5362 113.7770 113.2300
109.6400 109.2230 107.9506 106.5035 104.8523 102.9943 100.9684 99.2603 98.5774 99.6685 101.4742 103.4747 105.2854 106.8805 108.2728 109.5892 110.6510 111.6376 112.5836 109.7985 105.7248 97.2215 104.6163 118.8194 117.1232 117.1022 117.5790 118.0662 118.5129 118.9452 119.2762 119.9482 116.9246 120.5955 121.0544 121.0895 121.4724 121.7754 121.9441 122.3875 120.8171 122.8608 123.6906 124.2611 123.2830 128.7491 117.9819 126.3364 114.3199 112.2052 116.4116 123.4922 116.5875 114.1961 111.5860 107.1184 111.9427 109.7895 111.2743 114.0226 108.1299 116.6522 120.7227 121.5900
109.5200 108.8065 107.4005 105.7376 103.7454 101.2548 98.2294 94.0271 92.3276 94.9817 99.0552 101.9350 104.2808 106.1826 107.7723 109.1192 110.3050 111.3738 112.2807 113.2649 103.7082 95.4846 96.2095 100.1623 117.7734 116.9606 117.5496 118.0109 118.4629 118.8923 119.3049 120.0635 120.5940 120.4232 121.1511 121.3914 121.4008 121.7697 122.5622 122.4433 125.3820 122.8168 123.4169 123.3067 124.6945 113.7715 106.5010 110.1685 111.8058 125.5094 109.6925 110.5896 102.0273 108.4389 103.3125 102.0238 106.6752 103.5801 105.3839 106.0013 106.9593 106.5918 108.6931 105.3200
109.4500 108.5552 107.0516 105.2400 102.9705 99.8724 95.1672 88.5117 86.4353 89.6506 96.7492 100.7414 103.5842 105.7278 107.4504 108.8934 110.1276 111.2162 112.1555 113.4327 110.8386 99.2424 96.5570 110.2227 116.0392 116.8333 117.5212 117.9714 118.4338 118.8880 119.2835 118.5588 119.9701 120.6452 115.9957 121.6127 122.1768 120.0623 116.0593 121.6669 127.3767 122.6783 122.3672 123.6225 122.1595 107.3461 107.4102 109.9881 110.0404 115.9331 112.0364 111.8395 111.9325 112.1944 113.9439 111.8313 102.2104 115.7826 103.9758 104.5140 103.6059 116.8088 116.7891 120.6700
109.4300 108.4776 106.9481 105.0964 102.7255 99.4368 93.9304 86.2023 84.1818 87.7735 95.8640 100.3635 103.3736 105.5897 107.3559 108.8209 110.0809 111.1728 112.1136 112.7957 113.0691 99.0422 95.0986 114.7475 116.2127 117.6979 117.3541 117.9750 118.4319 118.8912 119.3320 117.6785 119.7812 120.0533 120.2090 120.5277 127.4294 120.8779 121.5428 122.8033 123.2318 123.0668 122.5339 124.6616 124.5814 111.4939 108.3974 111.3997 110.3386 110.1924 112.5025 115.8719 115.7428 115.9874 118.7132 106.5541 113.1841 116.3277 103.8360 104.9583 103.2665 119.2859 120.5172 120.7000
109.4600 108.5943 107.1098 105.3298 103.1135 100.1538 95.9132 89.6340 87.9050 90.7541 97.2398 100.9780 103.7129 105.8128 107.5080 108.9329 110.1615 111.2347 112.2094 113.0882 113.6458 111.6972 91.2567 115.3499 117.4504 101.2997 119.3852 117.7882 118.4204 118.8838 119.2953 119.5222 120.3047 121.3831 120.9954 123.1826 122.6265 121.7828 121.8182 120.4015 104.7715 122.8376 106.8986 114.3370 111.8022 100.2675 115.2367 115.7002 120.0463 108.7717 116.7354 112.9540 102.9479 116.3991 103.5417 106.6213 118.8823 117.7050 103.2924 104.5205 103.7982 125.1561 127.2086 128.5500
109.5500 108.8967 107.5282 105.9145 104.0019 101.6888 98.6824 95.0328 94.0600 96.4371 99.6405 102.3034 104.5079 106.3401 107.8845 109.2081 110.3756 111.4130 112.3411 113.2121 114.0694 115.0481 100.7641 116.8829 115.7428 117.6515 118.0633 117.9720 118.4585 118.9208 119.3545 119.1209 119.4758 109.9389 100.8347 109.6540 117.7627 121.2658 122.6947 122.0320 125.3485 104.9227 107.7123 116.3847 108.9412 110.6054 111.4183 113.6502 114.9625 119.2744 118.6649 115.9445 119.0538 119.7616 125.0854 109.3407 120.7259 102.5924 103.1217 120.1026 127.0795 127.7633 128.8077 128.8200
109.6900 109.3485 108.1153 106.7241 105.1573 103.4564 101.6312 100.1681 99.5712 100.4414 102.0573 103.8802 105.5650 107.0874 108.4346 109.6332 110.7012 111.6798 112.5922 113.6900 113.2300 109.2189 92.0207 117.4596 115.9993 116.9312 117.5219 118.0888 118.6236 118.9477 119.3454 119.7977 120.5821 118.9884 118.9897 109.2351 105.6171 108.8261 121.4423 105.9686 129.4858 108.3812 108.2131 119.6899 115.2185 110.8728 110.5274 113.2863 112.8721 112.5833 114.0895 116.5206 114.9634 111.4017 110.0782 101.9496 102.9742 103.7572 106.1562 125.8458 122.8068 124.7376 124.1218 126.2400
110.6300 109.9019 108.8200 107.6557 106.4125 105.1321 103.9441 103.0444 102.7695 103.2361 104.2028 105.4432 106.7190 107.9517 109.0922 110.1527 111.1255 112.0061 113.2119 112.2225 109.6999 107.2541 99.6561 104.4447 117.2334 117.2857 117.7387 118.2661 117.5974 119.0939 119.4870 120.0439 119.0399 107.8399 115.1565 111.9399 123.9342 114.0588 109.5342 115.3603 101.1714 99.0531 100.4166 99.6021 104.9549 101.6392 102.9748 103.7141 106.9686 101.3423 115.4206 109.5290 101.8300 103.2910 104.7206 113.7687 105.0946 104.2829 119.2351 123.9491 123.9291 125.3384 118.3548 105.4300
110.8200 110.5212 109.5909 108.6233 107.6393 106.6943 105.8672 105.3080 105.1339 105.4246 105.9913 106.8406 107.9213 108.8634 109.8224 110.7476 111.6041 112.3953 113.4855 109.5118 115.3434 116.3709 118.4018 114.9773 116.7893 117.4072 117.8163 118.3148 116.7374 119.1707 119.4259 119.3131 118.8173 123.1643 120.8992 117.4871 117.6876 116.6105 119.3324 107.1619 101.7392 102.3673 101.6612 102.0695 102.8367 103.4699 103.8303 105.7241 115.1612 103.8409 116.1832 105.9695 103.5766 106.1079 106.3070 112.0294 107.5207 107.2596 106.9791 107.7550 117.0308 119.1255 118.4270 105.4300
111.6800 111.1830 110.3904 109.5870 108.8014 108.0805 107.4791 107.0952 106.9808 107.1006 108.2373 107.9741 108.9947 109.7800 110.5849 111.3697 112.1242 112.8881 113.8852 112.4849 115.9667 115.7390 112.6540 112.9013 117.1800 117.5438 117.9773 118.4330 119.1352 119.3959 119.6313 123.1513 127.7974 131.6590 109.5161 114.8163 113.5771 102.3594 111.6506 98.1966 100.5882 98.7898 99.8253 102.0261 104.1230 104.2796 113.6848 110.7653 109.6088 108.5430 110.6306 105.1877 103.0750 104.4542 111.7637 108.3698 107.7354 106.5241 105.6700 105.7401 103.4482 104.5873 110.3319 105.4400
112.6900 111.8542 111.1757 110.5090 109.8756 109.3173 108.8705 108.5936 108.5085 108.5062 109.9111 109.3881 110.0312 110.6641 111.3403 112.0160 112.7120 113.1689 114.7316 109.4931 116.1120 116.0572 105.3769 108.6098 117.4172 117.5747 118.0093 118.3279 118.9151 119.8514 119.1440 117.3437 120.2922 120.8884 108.5789 109.3991 105.6323 110.0614 106.0093 110.8190 97.9412 111.7179 110.3374 101.2224 99.7771 98.4486 106.5723 126.5228 103.4393 109.5771 108.8273 103.0472 102.6596 112.5712 103.1842 108.3522 107.3983 110.6045 109.9662 107.0391 112.7073 114.5828 112.0581 105.4500
112.7900 112.5194 111.9405 111.3848 110.8662 110.4219 110.0801 109.8711 109.8024 109.9150 110.0498 110.5186 110.9907 111.5185 112.0816 112.6632 113.2570 113.8478 112.3391 111.8700 115.6896 116.2654 111.7723 117.0340 117.2044 117.8724 118.3639 119.1088 118.5331 117.6197 124.4821 123.6982 115.1800 106.3499 112.2745 110.7120 106.7579 112.4139 114.2367 115.2913 109.8106 117.1586 118.8680 109.3530 110.8306 123.1521 116.8182 125.6614 103.5873 114.2783 101.6637 102.7466 102.7932 107.9367 111.0789 116.4515 105.1160 105.2302 116.3510 110.9177 112.8790 116.8975 109.9248 113.1400
113.6300 113.1685 112.6727 112.2040 111.7804 111.4227 111.1490 110.9811 110.9381 111.0100 111.2200 111.4980 111.8819 112.3161 112.7937 113.2947 113.8073 114.3522 114.1656 115.5287 115.7191 116.3424 116.9904 117.1512 117.8635 118.0635 118.3970 114.9721 119.5567 129.0000 127.7070 114.5564 113.2192 115.1300 101.5095 103.8118 106.5745 116.6308 103.7281 104.4935 102.8999 104.3843 119.1298 124.4880 114.9389 112.8482 119.1292 119.4071 114.8011 114.2116 115.4796 120.1477 105.2846 109.4194 102.6941 105.3380 104.7400 105.1763 128.9399 128.3496 128.8116 122.9025 110.3475 116.1900
114.2900 113.8058 113.3811 112.9827 112.6163 112.3289 112.1107 111.9716 111.9313 111.9963 112.1479 112.3909 112.7006 113.0715 113.4789 113.9107 114.3840 114.7976 115.3117 115.8491 116.1619 116.5825 117.0811 117.4681 117.9181 118.3154 118.6901 120.1350 117.9267 109.0423 111.4694 102.9483 105.2764 105.6425 104.5206 111.4842 112.1722 116.8501 99.1160 98.4857 111.6633 97.9188 101.1835 108.0813 118.8768 120.6360 121.0894 116.6871 118.0810 119.2472 114.7725 121.3756 117.5176 117.9556 118.9894 117.1156 108.3480 103.5756 105.7485 124.8756 128.2812 124.9099 110.3589 105.4800
114.3700 114.3497 113.9924 113.6827 113.4344 113.1534 112.9710 112.8600 112.8273 112.8745 113.0062 113.2069 113.4734 113.7754 114.1355 114.5114 114.9007 114.9263 115.7557 116.1335 116.5693 116.9757 117.3756 117.7689 118.1139 118.5345 118.8982 119.2067 119.1128 117.5607 114.1087 105.6883 106.4234 110.2646 103.9056 105.0762 116.3455 116.5398 99.4352 100.2919 114.0625 110.3486 123.4766 116.6644 115.5218 114.1553 119.5087 121.4974 117.5047 103.6368 103.8830 103.8031 106.9451 107.5188 104.5628 105.4178 104.4006 121.3251 121.4378 124.6204 133.9538 121.7487 112.0461 114.9200
115.0500 114.8891 114.8331 114.4489 113.9533 113.9255 113.7619 113.6697 113.6563 113.7005 113.7882 113.9617 114.1741 114.4639 114.7393 114.9931 115.4075 115.7992 116.1721 116.5527 116.9326 117.3174 117.6879 118.0325 118.3753 118.7882 119.2117 120.0209 119.7003 124.5420 124.5594 116.9520 102.5720 104.7990 118.1038 112.0806 109.3711 112.4957 99.0599 111.9741 100.1532 101.5669 114.0684 112.4224 114.0418 123.2021 123.0182 119.3591 115.9189 112.4884 103.1359 104.1006 125.5397 104.2373 117.5397 103.4496 104.9765 115.3990 115.8507 117.0576 120.4731 123.6630 125.2975 105.6100
116.2200 116.0930 114.3717 114.6273 114.7801 114.6248 114.4824 114.4042 114.3385 114.3278 114.5144 114.6494 114.8455 115.0461 115.2942 115.8261 115.8027 116.5426 116.6147 116.9611 117.2152 117.6605 118.0178 118.2686 119.7504 116.5700 118.0259 117.3592 120.0161 100.5838 117.1049 107.8362 102.8985 98.3366 106.3361 109.1086 113.2203 104.9644 101.0126 100.8170 101.0123 113.4277 102.9106 105.5810 115.2562 120.9411 112.6733 122.4790 124.9367 117.1552 104.1396 103.3700 102.6968 103.4079 104.2165 104.7720 107.5315 115.8815 122.7120 116.3174 118.9617 118.9894 121.2827 123.2400
116.2200 112.2731 114.4034 114.5799 115.4400 115.2716 115.1524 115.0957 115.1206 115.5485 115.1601 115.3137 115.4585 115.6364 115.9655 115.6585 116.9672 117.4964 117.1016 118.8064 117.7269 118.0065 118.3610 118.3833 117.2796 108.4828 100.6813 104.1368 100.1573 100.5162 99.5916 101.1715 103.7470 103.2089 105.6933 99.6484 108.4955 111.2498 100.5194 101.1670 107.9612 104.6526 107.2787 112.0088 113.2971 114.9992 117.6012 117.1693 103.2086 100.8668 118.8936 101.1981 104.6779 105.1273 104.7283 105.0130 128.0120 130.9616 127.8236 129.1451 125.8668 125.0176 118.0505 117.3700
116.8100 107.2993 110.0493 116.3888 115.9654 115.8815 115.7761 115.7386 115.7333 111.3159 115.6768 115.8200 116.0660 116.2291 117.1080 115.2822 114.1973 111.8678 113.4500 111.7680 118.1058 118.3477 118.6711 118.9264 123.3707 107.5735 96.3310 100.3487 101.0045 103.4287 101.8339 110.8845 110.3131 99.6074 101.8462 107.7132 110.2830 105.8078 101.0308 103.8135 109.8077 111.0942 115.7549 108.7066 106.9574 109.0130 113.2658 114.5090 120.0186 104.5141 113.7416 108.6407 106.6016 112.3200 104.0172 105.6081 112.7478 111.0839 114.7268 126.6539 127.9513 126.7748 134.4418 124.9400
95.3100 105.2660 113.4224 116.9299 116.5707 116.4452 116.3523 116.3258 116.2699 116.5307 116.0730 116.0148 116.5840 116.7883 116.7423 120.5590 107.6942 103.1386 115.6554 118.1425 118.5184 118.6896 118.9353 118.8941 120.1442 115.2941 106.8911 102.1246 102.5102 106.7912 105.9086 115.8643 115.1374 111.4989 112.8830 104.2761 106.1283 109.5636 102.2480 109.4560 110.8870 116.5445 114.8366 116.1116 110.5910 111.1646 110.6500 105.4880 113.9965 106.7215 107.1880 117.8312 112.1619 103.3934 104.5922 106.5421 118.1060 112.5831 128.7650 116.6921 119.6699 120.5957 128.7860 123.9800
95.7900 104.2328 117.3495 117.2875 117.0925 116.9694 116.9029 116.9551 116.8484 110.0204 111.3993 109.6293 117.3770 117.2818 117.4571 117.4106 111.9155 102.1992 118.1803 118.8018 118.7266 119.0338 119.2736 119.8487 118.3300 112.9944 111.6107 102.1920 99.7952 102.0878 102.0533 101.4637 111.5126 103.3231 109.0551 101.2793 99.5241 103.8331 105.6832 109.6599 109.6484 114.5257 105.6025 117.7608 119.6869 119.5048 118.9946 115.5254 109.3654 106.0300 104.5076 106.4708 114.8371 103.5613 104.5036 103.5440 101.7852 100.2876 106.4495 119.6709 123.0571 127.5747 125.6190 123.9800
111.7300 118.4283 117.7388 117.7309 117.6465 117.5304 117.4168 117.4686 117.5225 109.2947 98.0118 119.5141 117.7737 117.7169 117.9015 118.1521 120.0607 96.3968 119.9047 118.5810 119.1569 119.2135 120.1973 112.4312 111.9368 106.5750 101.2486 101.4928 99.6818 106.9701 120.3461 118.9604 117.8685 109.8938 104.6454 103.7948 101.0221 101.4026 109.6897 108.3932 107.7592 113.7334 111.2293 115.3494 111.2167 119.9028 120.9544 119.9705 119.7996 116.0004 119.9051 113.3746 112.0504 108.2164 107.8226 112.6415 103.2488 123.8845 115.5456 117.4318 105.8367 107.7800 121.6767 116.1000
116.5300 118.5881 117.8008 118.2225 117.7812 117.7558 117.8125 117.9951 118.0053 108.4625 95.6174 118.2236 117.9946 118.2322 118.3340 118.5461 117.3226 117.7607 120.3225 119.1961 119.3915 119.6699 118.5048 104.6581 108.5903 104.2048 98.8974 103.0072 101.3878 103.5094 102.9229 112.3926 108.0140 111.2449 103.3659 102.7178 100.8388 100.0096 109.1256 110.7292 109.1430 108.8965 119.1722 118.5424 113.0586 107.2091 108.8546 119.4727 122.2932 121.0467 123.0351 122.2491 121.7315 111.5418 108.3398 111.0246 112.1926 117.7279 126.3876 126.9893 126.0547 116.7209 115.1651 108.2200
97.0500 115.9453 118.5906 118.0823 119.7649 119.1007 118.8898 118.2041 118.5930 118.0679 105.5384 98.8469 117.7020 118.4155 118.6794 118.9183 118.5357 116.9774 113.8206 119.7499 119.9751 119.8341 119.8996 119.1249 109.0565 105.4126 98.6419 99.0585 99.6069 101.8977 102.9227 105.1179 108.0119 103.5372 100.5847 100.3821 105.8441 107.9784 107.9523 109.4991 112.3661 117.2221 110.3536 110.6211 119.7867 116.6605 115.7062 109.0970 115.5709 121.6512 119.7338 121.5736 121.2508 128.9732 127.9942 118.4674 105.8313 110.8075 115.8955 122.4815 128.2731 128.9716 133.3089 134.1600
119.4600 119.5208 118.9582 108.9106 112.4260 114.6300 117.7269 117.9800 116.6607 108.3612 100.5905 111.3093 118.3779 118.8454 119.5788 117.3349 120.2912 120.0239 120.1530 119.7434 120.1992 118.3993 120.4113 120.6861 95.4061 101.0472 103.9757 105.4237 105.3452 101.1931 103.5426 105.4401 106.2039 102.6419 100.9902 100.6825 101.8091 111.2500 108.5681 110.1711 112.3648 102.5606 103.9837 114.6488 114.8240 117.6603 118.5900 118.3536 114.4586 115.8047 114.6859 128.8365 125.9958 121.9870 124.3519 125.4332 128.4083 128.7356 112.6139 115.5003 115.5518 119.8585 127.8208 126.5500
119.8300 119.4678 119.9123 120.9638 119.7447 112.9535 121.5552 104.2984 108.2210 105.7468 105.7379 109.5015 119.3115 119.2256 120.1101 113.8608 119.9862 119.7952 119.9849 120.3085 120.1839 120.7990 120.2418 121.3332 113.6734 99.7381 105.9681 106.8088 102.8868 101.8440 109.7593 105.3588 106.8819 107.8400 111.1463 99.7246 108.8130 111.3055 111.1454 111.7053 112.0881 112.0940 113.1525 117.5849 119.0226 120.1296 114.2885 119.7163 121.3193 109.6893 102.8350 103.7017 116.5383 128.2673 124.2935 123.9145 124.1950 127.5977 129.1418 126.1215 117.2364 121.9566 122.1863 122.7600
120.1800 120.0109 119.7366 119.5093 118.3057 102.4748 116.0187 111.8313 106.1407 126.9132 112.9673 117.1002 119.7858 119.8644 119.8798 120.6082 120.1221 120.2768 120.3836 120.5086 120.6315 121.5156 108.1098 118.2935 103.4077 98.0772 101.7444 105.8185 107.9493 110.0426 103.5613 101.6771 107.9961 107.4060 104.2385 101.9644 103.8195 111.7642 111.0310 124.0792 111.3536 113.2426 112.4773 124.7051 115.1009 121.6092 103.6480 112.0986 118.8334 103.9169 105.3118 119.5309 109.8292 104.3866 118.8747 128.1715 124.4845 124.3658 124.9057 127.9395 130.4938 128.4022 119.8832 121.6000
120.5200 120.3194 120.2589 120.3223 119.3972 114.5459 123.1523 110.9614 109.5183 120.2884 120.9682 120.5481 119.7313 120.2628 120.2598 120.2726 120.4705 120.5998 120.7125 120.8524 121.2770 109.9621 105.4700 100.7600 114.5043 113.7228 101.0897 108.3979 109.2913 110.4455 105.2791 104.4726 111.8435 113.2946 110.3090 105.0378 101.8912 103.6486 113.8107 111.2051 123.0360 115.6342 125.6672 118.2987 111.5425 115.7024 108.5411 103.9633 101.6996 106.2498 119.6179 118.6987 111.4126 122.9592 110.4958 111.5316 118.9701 127.6335 126.0308 126.9210 125.6282 116.3246 131.8319 132.6900
120.8400 120.6705 120.6354 120.1158 122.0309 104.9354 119.7852 111.1952 121.5836 121.1925 120.0641 119.7335 123.8405 119.6934 120.7064 120.7096 120.7937 120.9064 121.0332 121.1663 123.7618 100.0239 98.4490 102.7865 122.7058 117.0023 99.4872 100.0848 107.8901 109.4225 108.3857 103.8694 101.2363 112.4004 109.2915 100.0179 106.8311 113.0707 104.2298 114.2252 112.9328 120.8228 114.5171 115.2089 115.0267 103.7150 102.2470 104.0177 104.1710 103.8292 103.8355 117.5133 119.9713 105.0240 116.0698 126.2713 112.1524 116.7256 116.1033 131.3936 128.6985 136.2290 125.5794 127.5400
121.1500 120.9994 120.9181 121.0483 114.8287 110.3266 118.6815 118.9639 120.2637 120.4589 120.8221 118.9811 133.4610 119.1710 121.7445 120.8828 121.1584 121.2175 121.3258 121.4556 120.6094 118.2843 102.5043 101.4148 102.9273 98.8808 121.5339 107.0790 113.0899 109.5104 112.6601 111.8993 106.5211 110.7568 102.4633 101.5312 111.4265 112.3003 112.7134 121.3159 119.1629 126.9758 114.9479 107.0034 107.6458 107.4847 111.6054 103.8011 104.1945 104.3171 103.8217 101.9495 102.3936 111.9343 120.7839 121.3224 124.8686 125.9858 115.3420 116.3213 118.4628 121.3843 126.6833 127.7900
121.4600 121.2347 121.3214 120.7294 124.1293 105.0942 123.7190 121.2783 121.3354 120.9764 121.3827 112.7462 118.1557 101.4875 117.4597 121.2873 121.4595 121.6061 121.6898 121.7917 121.4660 121.6202 97.5324 100.0017 106.2433 104.2730 96.4336 110.8101 115.7055 104.9635 112.2932 111.4917 113.7352 107.9427 105.7673 104.7650 106.8036 99.8115 112.5274 116.7644 119.9225 113.0090 114.1424 109.7756 102.7577 106.9198 105.7755 103.8513 104.4233 104.4294 105.5004 104.8692 105.5956 104.3344 108.0230 111.0778 123.8367 124.9172 124.7430 117.6199 115.6003 101.3078 116.7188 134.7800
121.7500 122.1573 120.7975 123.4202 109.7672 101.0080 108.2912 114.8156 120.7771 117.7475 122.0319 110.2390 123.5804 116.4209 121.9912 121.6128 121.7589 120.8429 122.0146 121.0161 121.7595 108.8386 103.2131 104.5695 99.1057 106.0565 119.5537 117.0283 109.9642 117.0522 107.3050 106.5839 104.6280 100.1528 100.8999 103.7451 105.1113 121.8666 111.1189 112.9105 118.1716 108.1871 104.3399 103.9587 105.6190 107.2222 103.5472 104.0952 104.3622 104.4909 105.3690 105.9100 103.8588 118.5545 113.5418 103.7328 107.0373 122.3195 127.2523 127.2059 128.6858 117.2671 125.6088 111.4000
122.0300 122.2248 113.2364 122.2022 113.9673 103.8019 102.3987 124.1533 122.1858 120.0795 121.6435 106.8681 122.5087 122.3563 121.6620 121.7768 122.1579 120.6208 122.6999 122.2434 121.2115 107.7920 122.2849 121.8770 112.2585 108.5833 107.8182 125.1875 120.9502 109.8011 108.4867 103.5134 113.2524 114.0318 102.7300 103.2553 102.6024 112.1483 120.3328 119.2687 124.1054 117.5599 101.2947 102.9125 103.8364 106.0224 104.3050 104.2384 104.4192 104.4292 105.2736 106.1122 106.5332 112.9071 111.3776 103.0048 119.3448 106.9720 113.3933 121.8071 126.8443 126.4631 127.2725 127.2800
122.3000 123.8229 110.7703 119.3515 103.9944 99.4588 106.6995 123.3382 121.9827 122.3832 122.1483 122.8889 122.3913 122.0991 122.2145 122.3007 122.3635 118.3155 110.0639 122.5663 122.9304 123.9360 115.7513 117.9648 111.0334 102.1924 108.1679 113.8192 122.5901 108.0251 110.2646 107.4494 116.3325 115.6037 111.3842 116.4638 102.7533 102.2262 113.2129 110.1360 114.0204 112.5779 116.2279 120.9517 103.6472 104.4180 108.4817 104.3195 104.6524 105.3645 104.8979 105.4240 106.1063 106.2779 106.9862 110.2339 129.5881 122.7165 103.2708 107.0712 118.6574 129.6496 128.0465 127.9700
113.2700 121.2440 102.9011 116.7366 109.9541 100.6454 103.3934 123.8963 122.2931 122.2271 122.2319 121.9725 122.2606 122.3838 122.4240 122.4756 122.1432 123.3386 123.2382 118.1803 123.1752 122.5830 123.1058 125.1974 108.0266 111.2500 112.5138 111.3051 122.3042 110.2603 112.9441 113.6463 106.5626 116.5643 115.7003 115.5525 117.7646 107.1364 112.1600 105.8063 120.5447 113.8582 106.5672 104.9391 103.2165 106.6100 105.4745 104.0662 104.6357 105.6406 105.9880 105.3581 106.3612 107.1719 107.9993 109.2814 112.0828 125.4746 128.0000 108.2705 124.4951 109.8906 120.8102 128.4000
118.9300 120.4615 108.6472 109.3939 103.4465 103.3301 105.8329 123.2822 122.5689 122.4987 122.5748 122.6616 122.6515 122.6637 122.7166 122.7714 122.8662 122.7381 123.3641 122.2672 123.6453 123.2405 123.1698 124.4325 112.9506 108.3950 101.1945 103.7848 113.7288 112.7670 110.0267 114.3481 115.8060 116.8761 116.5277 114.5210 118.7558 115.1185 103.7950 110.6344 107.3520 120.4194 114.6736 102.3140 105.6137 103.9686 104.4812 105.3701 105.6962 104.9109 105.9921 106.4506 106.2647 107.1270 107.5134 108.3766 108.8093 110.2018 111.9033 129.4761 130.7710 108.5753 122.6002 129.5900
123.0700 109.4208 104.1022 102.6292 101.2009 105.9423 116.5944 123.4500 122.8738 122.8133 122.8428 122.8548 122.8902 122.9341 122.9787 123.0295 123.0833 123.1870 123.1874 123.1206 124.3055 123.5936 123.6062 119.2647 123.3086 106.7221 101.4199 109.0493 111.4582 121.1964 127.1539 116.1193 117.9943 106.0107 116.6330 116.7026 118.7454 116.0636 118.2427 105.3099 108.1559 111.5804 118.3106 107.3018 104.4360 104.4590 104.5472 105.8606 106.5473 106.6448 105.9238 106.1263 107.2294 108.2528 109.7292 108.8183 109.1317 110.0172 110.0985 111.0403 112.4101 128.8089 130.3392 130.2000
123.3100 106.8727 101.0354 101.6628 102.2064 107.3573 116.8992 124.1903 122.9767 123.0806 123.1099 123.1341 123.1577 123.1899 123.2388 123.2852 123.3420 123.3919 123.6413 123.7489 114.3021 121.3338 120.9840 121.1133 125.5021 114.0755 111.2970 110.6870 121.4144 116.7481 120.8462 99.2655 104.3461 105.9729 110.6817 119.5583 118.0003 117.7534 110.9486 112.9054 108.7726 113.5035 105.3753 105.7758 104.4059 104.6649 104.7435 104.8006 105.7277 106.7397 107.0693 106.9004 107.0989 108.0369 108.7568 111.3455 109.5518 110.0296 110.8951 112.0634 113.5684 108.6279 126.9721 122.6000
123.5400 122.4543 100.5497 104.4286 110.5930 107.0206 106.2476 125.3242 123.3863 123.3599 123.3652 123.3833 123.4156 123.4472 123.4889 123.5309 123.5923 123.6483 123.6664 121.6973 123.1543 122.6666 125.7376 124.4324 124.1358 126.0628 112.6676 113.3024 119.0287 127.7367 123.1557 109.3720 104.4179 108.8258 102.9350 117.6080 118.9067 120.8682 110.4503 116.2049 114.8382 105.2573 112.8391 104.1817 104.2918 104.7473 104.9149 105.0500 105.0840 109.7214 108.2274 108.5434 108.3539 107.9964 109.0687 109.5340 110.2930 110.9077 111.1947 111.0008 111.5619 110.8100 104.7800 113.9200
123.7700 125.3985 100.5658 104.7277 112.1817 102.5194 121.4215 113.9010 123.4860 123.6459 123.6168 123.6328 123.6645 123.6915 123.7294 123.7742 123.8187 123.8700 124.0829 123.9058 126.6603 107.2477 121.7804 124.4829 124.7494 124.4723 119.2988 106.1148 114.4221 109.2291 105.3137 123.3930 119.0069 102.1998 106.8402 105.0701 117.2424 120.5090 119.7135 122.2445 115.3495 106.8965 104.7731 104.0178 105.1957 106.4205 104.6668 105.1381 105.3376 102.4614 107.0113 108.8619 109.1837 109.1061 108.7458 109.6294 110.5549 111.0839 111.1698 118.6650 116.7783 114.5033 109.5746 113.9200
123.9900 124.9792 102.0222 108.9859 109.7579 106.9697 122.1708 123.9851 123.7323 123.8906 123.8565 123.8739 123.9031 123.9282 123.9569 124.0088 124.0842 124.1070 124.0799 123.9378 109.9416 103.6434 129.0362 122.6292 125.1683 107.8353 126.2883 116.5264 115.0702 103.3451 110.4096 116.0457 125.0071 108.9295 115.9067 118.5145 113.1032 121.5073 117.7771 119.5190 110.9756 112.5799 103.7400 108.8559 107.5434 106.3977 105.9497 105.1112 105.9983 106.0728 105.3894 107.5512 108.5802 109.7721 110.4473 109.7762 110.6561 110.7209 119.0090 118.6558 112.5056 110.5049 110.8022 114.2300
124.2100 124.0634 117.2722 109.1184 110.2233 119.2888 122.6050 112.5801 123.9944 124.2032 124.0957 124.1116 124.1397 124.1659 124.1916 124.2053 124.2180 124.4415 125.2620 124.3967 115.6930 104.9040 119.6849 125.1845 125.7278 124.7186 128.3277 117.4809 115.3441 117.1790 117.2433 103.5636 115.3195 116.5941 103.4111 106.4988 106.4858 111.3914 124.3660 121.8885 104.9341 109.4760 114.3258 108.7318 103.7445 110.7697 112.0707 102.9938 106.8751 106.0458 106.8856 106.2471 105.5829 111.0986 111.1548 110.8263 111.4424 111.3458 117.7348 110.1801 109.9474 110.5248 106.5737 107.1100
124.4200 124.6910 107.6512 111.1671 109.9396 121.3737 123.6217 124.4151 124.3038 124.3315 124.3293 124.3420 124.3703 124.3912 124.4104 124.3918 126.6171 124.1814 117.3787 125.1235 123.7963 107.8544 114.8320 123.4384 109.5219 127.0686 115.8392 124.7977 115.9811 118.1929 106.8858 106.3890 112.2810 127.4887 105.0186 107.5946 104.8658 109.3278 106.8497 113.3569 104.2771 103.4908 103.0874 104.9605 104.5943 112.6845 118.5428 114.8386 114.6541 105.5153 107.3335 108.0603 105.4698 104.9890 111.5345 111.4391 112.0366 112.1538 111.1267 111.1290 105.2124 109.0544 116.6687 107.2300
117.0900 119.7917 119.5389 113.7673 114.7377 124.9877 124.5207 124.4498 124.5426 124.5476 124.5983 124.5739 124.5844 124.6129 124.6368 124.6197 125.7289 127.6928 123.7888 125.1645 126.1671 114.3753 109.6374 104.3401 105.3486 116.3216 108.7397 113.2541 103.9715 119.4763 108.2363 103.9691 106.5893 103.7671 105.2666 104.4268 106.2680 108.7678 105.8093 108.9277 103.1547 116.4105 108.3236 104.0922 124.2222 108.3580 111.4255 109.6935 103.5835 111.4083 107.2480 108.5199 108.9756 127.4836 107.1934 112.1298 112.5580 112.7664 113.8777 108.4878 112.5613 110.7198 106.8928 107.2500
102.8300 101.8212 113.4777 112.3216 121.3017 124.8793 124.8584 124.7633 124.7517 124.7588 124.4441 124.7100 124.8238 124.9034 124.8281 125.0198 124.8980 116.7305 113.1000 104.4314 127.3404 109.8564 113.7614 107.5540 126.3942 126.8638 120.7745 114.3246 102.3066 117.2040 103.8126 106.6273 108.3253 104.1436 107.5467 104.0487 105.3118 105.3015 106.1768 104.2458 104.4983 108.3369 118.5790 103.8373 109.0187 104.2873 109.0277 106.8139 107.2060 107.5397 105.6715 108.5346 107.4916 121.0534 111.5380 112.6629 113.4907 113.8810 113.7909 112.1031 113.9183 114.7109 114.2355 107.3700
103.0300 108.5027 109.7681 113.5050 126.2135 124.6812 124.9519 125.1732 125.0729 124.9668 126.0482 126.2313 125.0788 124.8158 125.0828 123.3665 125.1573 123.8662 109.1519 108.3505 128.2697 109.4741 115.5557 104.7217 127.6039 109.9082 125.3784 128.4197 120.6958 112.9431 125.4045 109.7171 103.3366 105.1734 104.4563 104.3170 105.4888 111.1300 109.6586 110.7378 112.1989 108.0210 104.2591 105.5126 105.4349 104.7694 107.9407 110.5293 106.9240 105.8542 106.1053 108.4949 112.1821 126.5027 108.0906 130.1995 106.5055 111.6099 114.1393 114.9376 106.7294 115.3016 115.6698 115.9000
125.4100 123.1176 109.3765 114.1213 127.0588 125.3214 125.1992 123.3132 125.0328 125.1091 123.6438 127.4184 124.7976 127.0182 128.0427 121.3868 128.0657 115.1168 112.5474 127.6774 125.9780 119.0610 115.9281 113.4267 128.1605 122.8564 127.6449 125.9929 127.4070 113.2219 109.4497 107.1230 108.2794 105.8607 104.7946 104.7788 104.0832 109.8662 110.8453 121.4389 115.0518 125.1279 107.3275 105.7804 105.3116 105.8092 128.4103 121.0609 107.7023 106.9108 106.1716 106.2035 104.5345 112.1908 123.4068 122.8016 130.7332 133.2726 114.3259 115.2839 115.1053 115.9930 115.8037 116.1600
125.5900 113.7375 117.0550 115.8783 116.9389 126.4643 124.7661 121.1925 125.5901 125.1938 126.5877 114.5570 125.5366 122.7930 121.2903 116.1563 110.4518 101.9288 121.9932 125.3192 116.5531 124.8714 123.5770 115.3121 119.4819 117.9931 126.8407 126.2853 125.1836 118.4781 114.4426 111.4698 104.1629 108.8153 106.4934 105.6993 106.6885 109.0905 113.6350 111.5673 109.3055 114.1812 112.1198 113.8373 102.5714 104.9742 121.6156 130.1834 129.7266 113.3437 106.3992 108.6032 104.2614 124.0699 123.3676 125.2296 131.9399 134.4194 120.2812 117.1066 115.7129 115.4530 116.1274 116.6700
125.7700 127.6995 126.8805 118.3680 115.5444 126.3071 125.3156 126.0035 125.4328 125.4687 125.3302 127.1181 125.7209 121.1759 113.2008 105.1889 120.4670 108.0452 114.3438 125.5938 117.3801 126.3135 121.8547 115.7427 117.5278 124.0644 127.5252 126.8470 120.2186 122.2240 110.6063 104.2752 103.3493 105.1492 112.7817 106.4592 109.7123 118.8584 106.9278 115.1696 125.1898 123.2855 108.0207 105.2006 104.5986 117.2873 126.8333 123.9535 125.6314 113.7985 116.8690 114.7516 121.3118 116.1528 124.7903 131.2998 130.0658 126.8506 131.9771 133.4006 140.5620 124.4541 118.0243 116.9800
125.9500 125.4643 126.6214 117.8026 126.4874 124.9873 127.7464 112.5561 125.8942 125.7265 126.2085 125.9868 125.5919 123.0357 111.9542 108.3415 106.2113 123.1200 112.0929 112.4028 117.5338 123.6787 114.4757 117.4083 119.2216 117.8841 125.1849 127.9766 113.0645 125.4548 125.3851 103.8880 121.0825 119.6742 115.6810 108.3722 109.0174 119.3260 119.5143 112.5872 112.4162 113.5364 108.8114 105.6889 110.9073 109.4862 127.2444 128.0790 129.4151 128.1590 129.6457 121.3976 113.3996 124.4167 132.7732 121.1600 123.1490 124.2556 130.7833 131.3614 124.9354 123.9569 115.6147 117.6600
126.1200 126.2119 126.1679 126.1442 125.7402 128.2876 103.5970 127.7270 125.9372 125.7815 125.8303 121.9578 126.3588 126.8903 114.9830 108.1710 111.7185 113.8646 109.8686 118.4121 108.1585 114.7272 108.6365 117.3576 118.0903 105.4754 115.9221 102.0959 118.3058 111.5019 115.7796 105.8394 105.9792 110.0494 116.0599 109.0131 107.1968 109.7913 106.8455 107.6775 111.1001 113.6305 106.1425 104.2491 115.9601 124.6619 128.4995 122.7694 128.1865 125.9617 129.1395 127.6154 114.9504 117.5878 126.5750 105.8394 123.1019 134.1455 127.5660 132.1887 139.8117 120.9510 119.4754 117.6600
126.2900 126.0617 127.4019 126.4357 126.1489 126.3373 125.0318 126.0524 126.1787 126.2069 126.2381 125.7557 126.3136 127.1666 115.0870 124.8787 125.8210 127.5674 112.9464 114.1919 104.1678 111.1494 102.2042 113.5078 122.7628 116.1629 126.8710 107.3331 108.1844 119.0584 109.2330 111.5205 109.1920 123.4594 117.4255 110.8455 108.1211 113.0786 104.5541 111.7452 110.3214 112.7146 109.3305 106.1993 108.3974 126.3793 125.7131 128.7170 128.6852 125.3822 128.0803 129.5277 121.9515 122.8614 115.1984 122.5473 111.5638 114.3382 130.5093 132.3993 131.9679 128.5942 122.0598 107.9300
126.4600 127.6359 116.9300 127.1281 126.3375 126.3420 126.3865 126.3894 126.3453 126.3395 126.3578 126.3459 126.4735 127.4620 115.2921 117.5190 122.0129 125.0803 112.5417 114.4663 104.8149 115.9418 104.1816 102.0112 108.7277 112.2558 105.5122 105.7708 104.3330 112.9277 111.2075 115.2644 111.0681 123.5923 119.6982 116.5132 110.0198 109.0274 107.1572 111.6405 104.9106 108.3257 108.7414 111.2276 105.0379 116.4716 129.8792 128.3265 128.4608 128.3887 129.4325 130.5384 132.0333 130.6064 119.8844 118.9494 123.2214 125.9048 121.0109 132.9564 133.0863 123.3334 123.0498 108.0300
126.6200 126.2929 124.7371 125.0273 126.6283 126.5753 126.5454 126.5226 126.5308 126.5317 126.5339 126.5241 126.4192 127.3687 115.6615 113.2152 112.3013 127.6845 120.8387 112.6462 106.4419 115.3050 102.3656 110.7203 119.0693 117.7899 116.1483 110.8774 105.0466 110.7144 116.6930 112.2869 114.3610 112.2541 126.1109 105.0450 105.8634 105.3362 110.4598 111.0381 111.3489 110.7692 104.3642 119.4534 115.0209 124.0779 118.9146 130.3887 127.8222 129.2922 127.1102 129.5673 126.7524 133.1088 125.7456 118.9322 128.8170 132.3836 126.3519 131.2468 131.8935 122.4863 108.6465 108.0600
126.7800 126.8655 124.9585 126.7346 126.5875 126.7200 126.7039 126.7062 126.7066 126.7065 126.7094 126.6801 127.2940 129.0535 116.1618 115.2191 119.3178 126.9123 117.4508 107.8773 116.4765 118.0483 108.8376 114.5211 112.0391 126.6330 122.5575 105.3123 105.7887 108.1504 119.1317 112.7065 113.6567 114.9092 107.8552 109.3768 108.2585 109.0142 111.2875 116.8484 110.0912 105.7046 110.3941 121.3402 121.8081 127.5858 117.7426 122.1044 127.4632 126.4652 128.0728 130.4487 131.4402 112.5230 127.7158 130.4245 130.1446 130.1630 133.0615 132.8663 134.8723 132.4285 127.9031 108.1700
126.9400 126.6058 127.0192 126.8851 126.9220 126.8974 126.8837 126.8726 126.8809 126.8744 126.8860 126.9056 126.6289 115.1684 115.2855 116.5027 120.2311 115.6959 118.8514 119.0816 117.4076 116.1468 106.9217 104.5125 107.8930 117.0120 114.9194 105.4546 105.2522 104.1429 115.9671 118.2856 113.8753 116.0693 106.9632 115.3980 114.6804 108.2442 115.4941 120.3387 109.3601 107.3279 110.6923 118.1207 120.1841 129.9552 128.4451 118.5622 127.3604 127.3319 130.3713 130.7570 131.1231 131.6859 129.8596 129.6119 131.6165 130.2727 131.9053 106.0154 109.5444 121.8689 140.0716 108.1900
106.1600 126.6522 126.7813 127.1245 127.0674 127.0570 127.0590 127.0515 127.0466 127.0492 127.0433 127.1573 126.7664 118.9331 123.7949 128.4122 123.5850 113.2586 119.3441 120.4563 111.9251 114.5909 104.5796 105.1809 105.8668 107.6819 106.2527 108.7420 105.8710 105.5968 107.6280 118.3488 114.3645 118.3008 115.1292 113.3362 126.0077 116.6093 115.4852 113.6188 114.3920 106.7290 106.0313 113.0310 118.6600 117.4142 128.3131 130.3567 131.0095 127.8174 128.4080 130.8247 131.2448 131.3835 130.1161 133.3834 131.3535 133.2743 115.7719 129.4655 134.1005 106.4227 109.7830 112.7500
127.2500 127.2053 127.2967 127.2493 127.2352 127.2234 127.2023 127.1905 127.2059 127.2108 127.2295 127.3811 126.7625 124.7945 114.0126 125.3440 121.9005 127.6639 113.8301 121.1157 119.6552 113.4004 105.6030 105.5952 105.5088 105.5579 105.5886 106.0884 105.0695 105.6096 103.1802 119.1521 115.2790 115.3327 119.9965 117.2532 123.7428 124.6234 106.2821 123.3689 108.0655 106.2706 106.9215 106.2782 113.4676 123.3776 129.0925 129.7843 129.0621 130.0006 131.4239 130.0492 130.8639 128.7725 130.3869 130.6255 132.1627 132.3282 131.6761 137.7777 130.0153 139.3948 109.6370 108.4100
127.4000 127.4731 127.4275 127.4105 127.3959 127.3768 127.4963 127.4744 127.3728 127.3784 127.3850 127.4434 126.7689 120.2245 112.5035 125.2904 120.2731 122.2181 111.8102 122.4040 121.3233 105.0976 106.0130 105.6583 105.7452 105.7460 105.8376 106.4964 108.6934 123.6762 121.9927 127.1124 120.8040 118.6799 122.1298 116.8229 121.7573 107.8125 101.1441 120.8880 118.2258 106.5079 106.9532 108.3725 109.9008 116.8328 122.4910 130.8756 130.6336 130.5674 130.6909 131.3436 130.2670 130.8307 132.6721 117.7617 126.8032 133.1742 133.0477 132.4904 134.8661 123.4059 106.9674 112.8100
127.6900 127.5969 127.5837 127.5668 127.5633 127.6129 126.8270 127.1877 127.5238 127.5414 127.5464 127.4700 128.1479 124.0535 113.4490 124.1837 108.5673 116.7111 108.0544 123.7997 123.2967 115.2236 104.7855 105.8752 106.2586 106.3721 105.9524 106.0992 105.5547 106.1237 122.3376 128.7933 128.3497 116.3361 119.0169 119.3239 119.2468 124.2692 108.8505 113.9095 116.2569 114.3765 106.1599 108.7335 109.6477 114.7842 120.1814 118.1648 105.5071 130.0272 131.4417 131.2145 130.9181 131.3482 132.9857 135.2524 133.9672 133.5947 133.7447 134.6736 126.2804 108.2668 108.7891 108.5400
127.8300 127.7620 127.7376 127.7342 127.7759 127.0022 134.8937 126.1446 127.6943 127.6995 127.6969 127.3532 128.7241 108.2550 103.5933 113.5336 111.5302 105.3321 104.4515 125.5826 124.2393 123.7975 104.4821 106.1984 106.5514 106.6058 106.0691 106.4042 106.3712 115.1252 114.7343 123.0104 120.7588 126.3559 112.2944 121.5717 117.5941 108.4134 103.6845 120.3496 111.9669 116.2218 111.0063 116.0056 106.2686 114.2078 120.1262 125.4370 119.1212 129.3685 130.5089 131.5000 131.7126 132.2193 129.5223 130.4812 133.3143 133.5551 135.7888 120.3786 103.5015 112.0966 110.1937 108.6800
127.8300 127.8400 127.8500 127.8600 127.8600 127.7400 139.8100 127.7500 127.7500 127.7500 127.7400 127.7400 127.8700 127.8600 105.8500 119.7100 105.8300 105.9500 105.9300 115.3100 115.3100 122.8400 106.1000 106.0800 107.7700 107.7700 106.2400 106.2400 106.3300 121.9200 108.4900 109.2100 121.3400 121.3400 122.2700 122.3100 110.6500 110.6300 128.2300 129.0700 117.3200 126.2400 107.1600 107.2500 108.4100 110.0800 116.7200 120.8000 120.7700 130.5600 130.4900 132.0500 132.0500 132.2100 112.1100 133.7200 133.6600 133.8700 133.9200 108.3900 108.4700 108.5400 113.1300 108.6800
