127.2300 127.2500 121.5800 127.2700 127.1400 127.1500 127.1600 127.1600 127.1600 127.1600 127.1600 127.1600 127.1500 127.1500 127.1300 132.5000 127.2600 127.2400 127.2300 114.3400 119.5100 127.4400 127.4400 118.9500 127.5300 127.5100 127.6100 127.5900 127.6800 127.7800 127.7600 127.8700 116.1400 113.4900 113.4900 114.6400 128.2000 128.1900 128.2800 128.3600 128.4600 128.5400 128.6100 128.7100 128.7700 128.8700 128.8500 129.0300 129.0100 129.1900 129.1700 129.3400 129.3400 129.4100 129.5800 129.6400 116.3400 122.6300 129.8700 129.9500 108.0400 126.1000 130.2400 130.2400
127.2300 114.7443 120.4470 127.6685 126.9410 127.0410 127.0560 127.0491 127.0476 127.0442 127.0491 127.0479 127.0479 127.0201 126.9578 126.9327 127.0202 127.1998 127.8051 116.4519 110.4280 129.5893 126.4372 128.5413 125.1282 123.0246 127.1099 128.8978 117.4006 115.6826 121.0373 112.2836 119.0514 119.5905 105.1702 110.9837 128.6371 128.2031 128.4823 127.8842 117.7067 127.7677 128.4050 128.6452 128.6291 128.8908 116.6197 128.6445 128.9920 129.0829 129.1493 129.2993 129.3213 128.6645 131.7143 117.2012 117.5856 115.7466 126.6687 125.9404 121.6569 129.9684 130.5144 130.2400
117.5200 124.4746 113.4153 125.4500 126.9264 127.0081 126.9093 126.8849 126.8867 126.8837 126.8881 126.8872 126.8993 126.9259 126.9693 126.9760 126.9801 127.2489 117.7437 119.6902 122.8944 126.4369 116.3420 122.2501 115.4385 122.2249 127.2357 120.4091 116.2881 119.3688 105.1143 106.4496 105.7572 111.5878 114.9045 117.4411 122.1692 127.2710 126.9631 127.3032 123.1921 128.7808 128.4501 128.4656 128.4917 129.2755 128.8130 129.9086 128.8841 128.9626 129.1059 129.1541 128.8557 128.7902 119.8831 117.9681 116.3204 125.2347 127.4404 130.0557 131.3132 130.6118 130.0484 130.1000
126.7700 115.5702 123.9801 117.7261 125.7356 126.5808 126.6719 126.7095 126.7114 126.7085 126.7133 126.7121 126.7252 126.7293 126.7300 126.7534 126.7830 126.9778 129.1485 110.6654 118.7979 123.0462 116.7330 115.9275 134.1617 125.8726 127.2379 128.3379 130.4457 121.4660 104.8495 113.8552 110.5903 116.3142 115.5509 108.4237 126.5946 137.4033 129.5800 127.7273 128.4317 128.2922 128.2300 128.3595 128.4536 128.4241 128.4984 128.5606 128.7549 128.8566 128.8033 128.8259 129.9426 126.8835 117.1367 128.5959 112.8021 129.5428 130.3590 130.0841 129.8145 129.5931 129.9518 130.1000
126.6100 117.0055 118.2383 125.3873 134.0854 126.6216 126.7396 126.5318 126.5355 126.5304 126.5383 126.5358 126.5556 126.5687 126.5836 126.6007 126.6133 126.4942 128.0573 117.3950 124.4779 117.9424 112.6588 126.3831 127.0899 126.7965 126.4652 123.5948 126.4027 131.9061 112.6708 111.1669 111.9201 128.5585 128.9998 123.8982 127.2586 129.1082 127.3952 127.9871 128.4049 128.0515 128.1486 128.2392 128.3261 128.4033 128.5227 128.5785 128.7611 128.7541 128.3605 132.3379 110.4992 113.9042 127.3193 121.1111 121.9270 131.8686 125.0527 126.8005 130.8500 129.9922 130.1572 129.9600
117.9100 125.7325 119.9952 125.9934 138.9687 123.6008 121.2900 126.8601 126.3822 126.3261 126.3333 126.3607 126.3670 126.3698 126.3859 126.4138 126.4286 126.4400 127.0075 126.9174 127.7261 113.2301 115.8373 127.5378 126.9759 126.7163 127.0999 126.9005 126.7559 108.4498 118.7218 119.9734 115.7743 124.3521 124.5640 128.4816 127.5794 127.7998 124.0067 128.0739 127.8560 127.9347 128.0296 128.1146 128.2001 128.2844 128.3794 128.4447 128.5780 128.0683 129.0612 122.3255 111.4773 120.2842 129.7633 127.7441 114.5913 111.7709 118.0557 129.5992 117.8410 125.9993 126.1288 129.8600
126.2800 122.9688 119.5397 122.2184 134.2516 126.0166 126.2749 126.3724 126.0725 125.7573 126.3745 126.1601 126.1825 126.2386 126.2681 126.2550 126.2592 126.2914 126.2442 126.3358 126.5825 121.6172 121.2829 127.2414 126.6211 126.9938 126.6343 127.5191 121.1960 124.9567 106.8435 109.8170 123.2135 120.2624 106.3230 126.8871 127.3689 127.6699 126.0480 128.1336 127.6599 127.8233 127.9034 127.9944 128.0850 128.1734 128.2605 128.3599 128.4256 128.4555 125.7771 107.7263 116.1822 131.8638 117.7374 111.2388 123.8720 113.7567 117.9104 130.4702 128.9927 130.3329 129.5484 129.8200
117.8700 119.0669 125.4239 123.3387 127.5073 125.8220 125.7826 125.7145 125.4345 121.9600 125.5279 125.9881 126.1074 126.0441 125.9313 126.0760 126.0753 126.1145 126.1437 126.1838 126.7584 128.0505 124.5698 119.9921 126.7643 126.4070 126.5884 127.5967 109.4389 110.5977 126.4281 122.3746 121.1442 123.8232 128.1764 128.0639 127.2853 127.2432 127.3699 127.3126 127.6643 127.6802 127.7825 127.8661 127.9602 128.0462 128.1491 128.1863 128.5925 126.2232 115.7777 120.9718 129.9649 128.2435 129.5868 115.2009 143.2144 128.0254 129.8617 129.5093 129.3777 129.4715 128.2209 129.7100
121.0500 112.7425 121.5680 111.6152 125.0804 125.7896 125.9414 126.3483 126.8928 119.0170 125.6653 125.5564 124.3854 124.7520 126.0376 125.8882 125.8856 125.9279 125.9662 125.9960 126.2167 124.1208 133.0463 125.4637 126.5031 127.0251 125.7425 126.5697 118.8819 123.6816 125.3190 122.6456 124.0530 128.1309 127.9772 127.1785 127.0946 127.6035 127.3862 127.8522 127.4260 127.5753 127.6446 127.7489 127.8429 127.9357 128.0284 128.1416 128.2367 128.4257 130.4772 129.4581 128.8652 130.4149 121.2852 113.7621 122.0233 132.7671 129.2930 129.3315 129.3392 129.6011 118.5702 129.5900
116.0300 115.1141 112.4177 124.5042 120.5569 126.1695 124.7068 125.6166 117.7833 123.1737 126.3623 126.8714 113.7756 116.8478 126.3408 125.7189 125.7155 125.7566 125.7117 125.9232 125.5967 126.3394 123.8934 126.7945 123.1020 117.9708 127.5945 126.4972 125.7305 126.8402 126.4450 127.9952 124.2274 126.5323 126.7804 126.8744 126.8731 124.4843 124.3840 122.4844 127.8460 127.4244 127.5400 127.6234 127.7186 127.8125 127.9154 128.0022 128.0141 125.2154 128.3101 124.2496 128.2065 118.5322 112.0758 110.2912 123.3053 129.6792 128.3122 129.2252 129.3150 129.5437 129.2207 129.5700
116.2300 110.2222 118.1892 125.7190 118.4054 123.8707 122.9893 123.0571 118.1543 116.6228 117.1200 128.1319 127.6084 127.2362 125.3906 125.3989 125.4393 125.4681 125.5809 125.3960 123.7533 124.9848 117.1677 122.6152 126.4094 106.5484 125.9341 126.1189 123.7779 126.4078 126.3355 126.2645 126.7309 126.6163 126.6063 126.7121 127.2195 126.3814 112.6438 107.2678 127.7885 127.0888 127.4107 127.5008 127.5952 127.7009 127.7934 127.8934 128.0455 128.2476 129.5076 122.0205 130.3654 126.6849 121.9425 116.4824 117.7431 130.7438 128.9695 129.1108 129.0948 129.8088 124.5696 115.4400
118.7300 119.7964 123.2929 112.8698 120.1478 117.5143 120.3721 125.3721 126.0075 119.5798 111.3582 117.7738 125.4509 126.8150 125.1482 125.4203 125.7058 126.0620 125.3330 125.5675 125.5387 126.2300 119.7325 110.8015 127.3491 125.3515 126.0812 125.6815 126.2196 126.0662 126.1500 126.3342 126.2974 126.3633 126.8074 126.5853 126.4091 127.4409 124.5173 124.8776 129.1696 127.1300 127.3319 127.3671 127.4743 127.5737 127.6763 127.7867 127.8401 128.0033 127.7174 129.5484 119.2427 128.3023 109.9719 120.7666 115.9702 129.0616 128.8361 129.0264 129.0433 131.7666 125.8366 115.4400
108.1900 119.5613 114.5473 116.9470 120.1470 123.2285 122.7010 122.8346 124.5833 118.7010 117.3872 113.5270 125.0697 124.6586 125.8332 113.7180 126.9453 120.1612 125.5031 125.2802 125.3632 125.2500 123.0953 121.1100 125.8580 125.3311 125.7079 125.7071 125.8310 125.9064 125.9884 126.0405 126.0031 123.9147 125.0344 126.3588 126.6825 126.9009 128.6250 126.8226 126.9575 126.9871 127.1366 127.2475 127.3485 127.4570 127.5601 127.6640 127.7772 127.8988 127.9754 128.7143 122.8062 122.1026 118.5094 122.8247 116.0073 129.4634 128.6980 128.9635 128.9442 128.6508 117.2892 114.6600
108.2900 108.6671 116.9784 128.0777 120.6376 122.0847 120.8491 120.2592 124.3514 112.4471 113.3457 132.3095 124.8508 124.4592 126.2394 112.7623 125.6905 117.6993 125.8826 124.5000 125.2455 121.0273 126.1055 122.8013 121.3603 126.6061 125.2472 125.5737 125.6348 125.7468 125.7708 125.9078 126.2404 119.0241 125.2096 126.2835 126.4191 123.6457 111.6077 112.0562 127.2415 126.7510 127.0222 127.1175 127.2256 127.3365 127.4393 127.5485 127.6593 127.7839 127.8524 127.6672 128.8016 126.3638 129.8931 128.5990 123.6466 128.4896 128.6845 128.8426 128.9575 130.2079 130.2291 114.6600
110.5300 117.9277 126.6374 124.6644 121.9605 121.7435 124.9629 123.7270 123.6221 116.5594 125.1570 113.9533 122.9014 124.3234 125.4894 125.3396 124.7925 127.2865 124.0147 123.2271 118.8573 118.6857 119.9081 109.9024 111.2194 121.1861 125.0666 125.4471 125.4613 125.7379 125.8593 125.3631 126.6804 119.8476 125.3484 126.1638 126.6143 117.2485 108.8888 126.2699 127.3112 126.7437 126.8995 126.9901 127.0986 127.2060 127.3184 127.4319 127.5211 127.6136 127.8045 128.0137 128.0230 127.9730 127.4631 129.2919 128.5768 128.5288 128.6488 128.8082 128.4373 130.8534 116.9460 129.1400
110.6600 124.5764 124.3450 124.9275 120.9999 121.8239 121.8352 118.8834 124.3327 124.8056 124.4787 124.1607 124.3717 124.2956 124.1960 124.3041 124.5236 126.0527 109.4952 119.9355 119.2979 116.1931 119.7765 119.3315 125.5536 120.8866 124.6589 124.9408 125.3068 125.1398 125.7639 119.1694 121.4421 120.9862 126.2706 126.0238 125.9153 126.9764 121.1568 124.0809 126.5298 126.5896 126.7555 126.8787 126.9698 127.0941 127.2012 127.3146 127.2662 128.3384 120.0614 128.3962 127.5972 129.2095 128.3867 128.0927 128.2073 128.4629 128.5653 128.6697 128.7339 129.4778 127.2285 129.0200
124.4000 124.3669 124.4132 117.7718 123.5773 121.3585 123.8519 124.3231 124.0031 125.2615 123.9458 123.9718 124.1110 124.1579 124.2304 124.1882 124.2198 124.7121 110.6269 120.0366 115.9336 129.5060 116.9533 114.9909 104.6601 119.1655 117.9807 121.6720 125.2516 125.0641 124.2084 119.3700 121.8897 121.6944 125.3881 122.1704 126.0084 122.3862 123.5450 124.7386 126.2534 126.6407 126.5836 126.6181 126.8737 126.9564 127.0867 127.1862 127.2977 127.5051 126.4971 128.0338 127.6485 128.0591 107.8617 129.1295 128.5823 128.3372 128.4361 128.5761 128.7658 128.8411 128.9768 128.9900
123.9700 124.0307 125.3789 117.5230 120.4002 120.7301 121.8745 117.8634 123.7474 123.7210 123.9078 123.9011 123.8855 123.9110 123.8120 124.3263 123.6278 124.7954 118.0153 119.3879 110.8574 122.2748 125.4891 107.0297 110.8015 116.7940 121.0788 107.8604 127.4651 125.1111 120.4227 120.2307 116.2094 118.6818 120.6969 121.0557 124.6878 122.7992 126.6803 125.0671 123.3975 125.8549 125.8457 126.7207 126.6956 126.8473 126.9363 127.0474 127.2654 127.1299 127.1556 114.4357 128.9069 127.5534 131.5929 121.4187 128.4108 126.7533 128.5806 128.3940 128.5512 129.1676 128.7231 128.9600
123.7500 123.7670 123.8403 119.1276 120.6292 111.8365 123.4098 117.7829 123.6625 123.7570 123.5917 123.6148 123.6323 123.5430 124.7604 120.9377 123.3694 121.1853 110.3542 120.5132 120.7312 122.9628 108.5111 117.5895 126.1411 113.1974 121.8223 113.3814 115.3918 121.1332 119.6964 118.8688 115.4453 118.8243 120.5586 120.5708 125.3797 105.3576 115.1321 124.9392 124.8255 126.8773 120.6541 126.6434 126.6432 126.4960 126.8489 127.4982 127.4112 127.2741 127.5405 127.3472 128.6571 124.6740 137.2662 126.0956 128.3164 126.2745 126.3375 127.6388 127.8476 136.2290 128.1464 128.8400
123.5200 123.9164 123.8653 120.4901 107.6124 112.9858 123.8726 124.9714 123.2117 123.3530 123.3674 123.3636 123.4160 123.9166 118.6892 116.9996 122.7908 123.2308 100.1225 117.2150 121.0345 124.1452 114.4817 130.3464 124.7865 112.2456 111.2314 99.4290 111.9405 118.8612 120.9521 115.1620 120.2899 121.2754 122.0943 117.8938 119.9164 104.5025 102.7032 124.9178 124.7054 123.4097 126.0017 125.8283 126.1109 124.2693 125.1330 124.4327 122.7452 127.8599 127.1017 125.1923 122.6729 118.2889 121.3993 127.2398 125.4785 126.0431 126.2222 128.5147 128.3186 128.4142 128.5866 128.8100
123.2800 115.8251 123.2083 123.1425 123.0565 117.0398 123.8776 122.6770 123.0413 123.0998 123.0727 123.0264 123.0632 120.8864 115.1692 123.6962 110.2742 117.0527 118.7417 118.4848 120.3111 124.0897 123.8315 123.7943 125.6144 113.3219 115.5845 107.1022 112.8178 118.8897 116.0394 116.2374 106.0375 117.0923 111.0960 112.9544 103.2765 103.5100 102.2207 110.8667 117.3462 117.0460 124.1516 123.6428 124.6354 125.6669 121.0653 118.4198 120.1193 123.6950 126.2780 122.9796 115.0280 104.4524 103.6812 111.2359 125.3832 125.9573 126.1510 128.5222 128.4305 128.5897 129.4999 128.6900
123.0400 122.9290 124.1907 129.5467 122.8147 117.3519 122.5284 122.6682 122.8835 122.8448 122.8485 122.1324 122.6689 113.5745 108.2753 123.5177 119.4853 100.8618 129.0634 117.7027 115.1882 123.5898 123.2294 122.3251 110.2987 110.6567 103.7885 112.8168 117.8326 115.0881 112.6671 112.4135 122.6005 107.4364 99.9603 103.1114 102.1119 101.1250 102.9905 113.8486 106.7497 122.7406 124.3347 124.8460 124.1680 117.2995 117.1838 125.7202 114.5482 108.2663 118.2792 113.1688 104.8572 104.3423 117.8695 129.7134 125.5968 125.8772 125.7395 127.8509 128.2932 128.1588 129.9038 129.3500
109.7600 109.2887 114.7751 122.7976 121.7481 126.0649 123.7151 122.4784 122.5106 122.5148 122.5550 122.4790 123.9461 118.6887 122.2978 122.0268 118.1147 101.1444 112.6817 99.6901 114.8848 124.2370 123.9535 118.5796 127.9054 109.2949 99.2618 99.8928 109.6476 113.6209 117.6986 116.9733 115.5242 102.5693 103.1305 102.9509 104.1341 117.3395 131.1845 106.8932 100.2044 122.5475 123.9578 125.1363 120.2148 117.9189 117.9362 122.6284 112.3700 112.3860 105.4126 104.4904 104.3565 110.5329 125.3194 124.7229 125.5470 126.4778 127.0671 127.8971 128.2371 129.1098 128.9949 128.5100
110.2200 110.4674 105.6666 121.4676 122.6734 120.5262 121.8657 122.2903 122.3369 122.4727 122.1450 122.4090 121.0413 111.2441 108.2747 122.9893 115.8191 99.5672 116.8535 122.8258 126.6710 125.6681 105.7126 105.6358 129.7444 109.0922 112.9376 103.8368 103.2949 110.8228 113.7677 100.9529 113.3347 104.2883 102.2872 102.6644 96.4675 129.9887 132.8445 115.7622 109.9154 124.4210 125.1993 113.3803 117.6755 119.6518 119.7257 123.8081 125.5793 107.8438 104.6906 103.2022 121.1374 122.5052 124.3832 124.9133 127.1460 125.1565 127.5367 128.0556 128.2558 125.6376 126.8970 127.8500
122.1200 104.5416 125.6023 123.8881 122.1828 122.1874 122.1677 122.1978 121.9640 121.2650 123.0548 116.1032 126.5645 114.9265 116.1383 100.2437 100.2719 106.6335 112.1348 122.7078 122.1328 121.7447 122.4341 123.1121 116.5344 103.8146 101.5524 113.7371 111.9739 117.4563 121.2714 113.2255 102.8059 105.7475 101.5733 102.3428 103.6741 119.5088 120.4414 108.7410 121.2668 123.9397 121.0140 111.1718 116.6449 107.3082 123.1119 125.2428 107.3663 105.5173 103.1736 119.7708 122.4951 126.6406 127.3375 123.3216 126.3362 126.3493 127.8835 128.0785 127.2375 128.3191 128.4328 127.4400
113.7800 118.5252 118.8698 122.3157 122.0321 121.7193 121.6688 121.7241 122.1008 137.4790 114.1005 114.7651 121.3520 118.6246 122.3148 118.6221 115.6810 115.0765 102.8909 122.3001 122.2551 122.6595 122.5194 123.1731 120.3167 118.0356 105.6986 112.2233 118.3276 123.0979 122.0907 123.0848 123.9118 102.4472 102.5019 112.9531 102.3722 116.5084 114.3062 120.0818 118.5360 117.7215 118.4436 113.6890 114.1769 110.7996 109.0434 126.4803 107.8076 103.0763 104.3535 127.3112 125.8287 125.6210 126.6145 124.3016 125.0321 122.7887 127.6351 126.4622 128.8047 113.3659 126.7390 127.4600
121.7100 121.6652 122.0609 121.5681 121.5838 121.4278 121.4911 120.4155 129.9541 126.9779 128.4182 122.9011 121.6657 125.0394 121.7382 115.3170 101.9674 113.4364 98.3863 121.0766 122.1835 121.9925 121.1550 123.2305 113.6036 117.6815 109.4256 114.0774 119.5283 108.7816 103.5505 115.3630 118.4338 112.1361 102.1721 110.4596 115.5739 116.8111 117.2816 116.4823 114.0337 113.3382 112.8713 125.0224 125.6726 124.9635 107.6615 105.8183 103.9845 112.5610 124.3953 105.1682 129.5931 123.8155 126.9883 125.6052 127.6201 117.5186 127.0296 125.7976 126.4427 124.8739 127.1555 127.0600
121.4200 121.4100 121.8080 121.1703 121.1547 121.1187 121.0770 121.1165 120.2757 120.0634 120.1736 120.9289 121.0424 120.7222 121.7364 109.9131 107.5981 110.6297 116.1989 122.3835 116.0683 122.7313 120.6039 109.1025 118.2768 117.1830 109.9105 111.4972 110.4326 115.6490 121.5175 118.6928 113.8411 112.2836 112.3888 102.6275 104.4007 116.6526 115.9263 121.5660 125.2304 117.4734 128.2785 125.3724 120.6612 118.5662 102.1298 111.7038 121.1745 121.0518 121.4570 120.8235 122.2648 123.2916 125.0505 127.9150 104.2330 111.2132 125.4095 125.9345 126.0364 126.4627 128.2987 127.2900
121.1100 120.9657 121.5945 120.8852 120.8526 120.7942 120.7450 120.6975 120.8494 120.9534 120.9055 120.7401 120.7447 120.8341 119.9713 121.5762 114.0930 109.4478 109.4600 112.5615 116.2539 119.1754 125.3213 112.7964 110.0197 109.3720 111.0323 111.2262 112.0187 121.3191 120.0398 114.2977 122.2623 122.5844 108.9437 103.7458 110.6949 117.4670 117.5832 124.9240 122.5486 120.0806 124.7129 124.4509 111.6942 109.7325 120.0473 118.4881 119.5122 124.3862 116.1640 107.2173 113.3782 123.1737 110.5367 102.6148 124.4552 106.6568 127.3375 124.4366 125.1387 126.4846 127.0894 126.4000
120.8000 120.7705 120.5977 120.5912 120.5096 120.4494 120.4040 120.4187 120.3667 120.3161 120.3512 120.1001 123.3218 116.7867 112.1756 118.6817 114.6879 107.9646 117.2969 119.2959 117.4259 118.4622 113.2934 107.3141 107.1770 109.7864 111.1221 102.2150 122.6309 122.4416 117.2117 114.3082 109.4966 101.4819 110.8413 120.2206 117.6366 126.1077 118.9254 128.2606 111.4818 121.5312 113.4850 115.0550 107.2882 118.5905 117.7394 108.1105 119.5173 117.7833 104.3267 118.7059 103.5503 103.7777 104.1916 112.6680 131.7471 105.9184 122.6012 113.5915 117.3281 126.0008 120.3033 125.9500
120.4700 120.4441 120.3467 120.2330 120.1584 120.0922 120.0230 119.8076 119.6986 119.8309 119.8063 119.7799 120.2856 108.7287 112.1464 126.1571 118.8783 120.4382 120.3761 122.0787 113.6092 119.0693 105.4908 105.8917 107.7839 108.0245 110.8430 106.0461 108.5258 113.7336 125.0755 104.8172 113.9338 105.6695 117.1876 113.0736 123.5995 125.2746 115.5397 124.9016 122.9927 110.4934 116.9191 106.1351 115.3243 122.0926 117.2561 121.8083 108.5063 122.3494 118.1566 102.6773 104.2376 104.2400 110.2716 117.4137 118.9654 115.2525 116.8285 125.6182 124.7600 123.7292 109.6521 123.0000
120.1300 120.1003 119.9818 119.8841 119.7933 119.7143 119.6384 120.1778 120.9251 120.4494 120.1426 119.0209 119.8963 117.3712 112.7548 106.6489 103.0947 120.2704 120.2258 109.9755 120.8110 120.5806 109.3211 106.4581 105.8172 110.4753 117.3790 113.2530 107.0952 111.5509 121.3413 103.5405 109.8494 113.2663 93.7729 98.6147 111.4227 114.2324 120.0962 126.9113 123.8448 124.5698 119.5588 118.8775 107.9006 121.4140 121.4466 121.9150 101.7521 97.2450 103.2128 104.4200 103.9591 103.1535 120.2403 116.6611 116.6594 124.0496 116.7094 116.6438 120.2879 121.8285 123.1322 124.0100
119.7700 119.7422 119.6179 119.5058 119.4132 119.3275 119.2070 119.8044 110.0621 110.0578 117.9953 123.1991 118.7064 115.8541 101.5729 104.4528 102.2419 102.3710 116.5771 117.5633 106.1903 100.4915 102.0916 104.2461 109.9923 105.6714 105.2812 123.8850 118.2286 123.0844 115.0129 104.4452 124.8643 118.8580 114.7669 121.7589 115.4790 115.0787 118.4373 124.0539 120.7174 115.1334 110.3305 120.6781 121.9152 116.5115 111.1367 108.9702 104.1566 105.3376 103.4067 104.7306 107.7104 105.8007 108.7945 116.6095 119.6647 115.3403 109.1201 114.9227 122.9149 123.7470 125.1912 125.7000
119.3600 119.3709 119.2440 119.1157 119.0145 118.9134 118.8586 118.8566 116.7938 116.3378 119.1270 119.4597 118.6180 114.2436 105.2140 109.6021 106.4744 102.6457 110.6549 119.7589 112.0485 113.7424 103.5272 106.6280 120.0172 120.2047 115.1002 120.1272 122.0838 125.7443 106.9377 112.9786 108.5310 100.4679 111.1333 104.8225 116.0487 112.3839 115.1811 116.0104 124.6640 120.8475 101.8490 122.5258 124.7654 109.7182 101.9594 102.8388 103.1558 103.3317 108.4733 109.5049 107.4073 103.9138 102.5150 102.4166 111.6433 120.5154 122.3618 121.6758 124.9747 124.7139 129.7387 124.7300
118.9900 119.0420 118.8284 118.7169 118.5930 118.5043 118.4183 118.3829 118.5160 118.5572 118.2321 118.3875 119.4633 110.9619 102.6952 108.5448 114.7092 118.9997 112.0601 122.5109 107.7904 104.5246 98.0028 106.0468 119.5802 111.2941 122.1214 125.3937 122.1464 109.2489 102.2330 113.4859 108.4105 106.1544 104.6940 104.6579 118.2388 113.5010 112.7778 114.7422 125.2382 112.5921 99.4305 120.7531 103.3459 102.8781 102.9520 102.1595 105.5952 104.5307 106.5250 106.5314 102.9424 104.3884 112.6880 116.9511 119.6592 124.1340 124.0673 124.1203 123.7560 124.1172 127.1185 124.7600
118.6000 118.3212 118.5604 118.2776 118.1605 118.0551 117.9690 117.9114 117.8714 117.8724 117.8817 117.8913 118.8613 116.0040 102.0245 120.4795 112.6871 115.3421 97.9804 117.1717 113.2684 114.1631 106.8804 104.0176 101.2601 103.0505 104.5369 101.2861 107.9308 109.4310 113.1242 119.9049 99.8265 103.8067 106.6625 119.4866 116.6870 109.7367 121.3891 116.6427 120.6003 118.6464 106.9759 110.3629 102.3303 102.7462 105.0388 109.3097 104.4495 103.2845 103.1839 105.1372 109.0064 119.8652 122.2599 125.1848 123.4450 122.7112 123.0069 123.1662 123.6022 123.8149 123.9139 124.7600
118.1600 116.8484 118.0094 117.8397 117.7058 117.5821 117.4950 117.4236 117.3801 117.3714 117.3957 117.3837 117.7644 119.0140 118.8640 117.4002 104.7764 119.0730 122.4523 119.3902 113.8612 118.9017 121.8196 113.8653 99.3866 113.2004 116.7037 98.7016 112.3075 119.5067 116.5001 123.1426 119.1137 106.2775 104.8504 113.3958 117.4825 122.3865 119.7582 121.0192 114.2518 125.6509 111.1341 109.0484 108.3740 102.3151 103.3050 103.4257 102.8833 104.0740 110.5567 121.4791 121.3499 124.0367 122.3363 122.2240 122.1448 122.2406 122.7062 123.1151 123.4475 123.7642 124.3028 124.9800
117.7000 117.7955 117.5961 117.3682 117.2267 117.0898 116.9897 116.9098 116.8650 116.8576 116.8757 116.9118 117.0097 117.2041 116.0178 116.8795 106.6424 118.4762 117.9646 118.6756 115.3566 103.5566 114.1362 114.9604 112.0477 119.5502 116.4033 104.1688 121.5480 122.0148 120.4968 121.9749 107.8587 106.4895 107.1175 101.6461 110.4471 111.9694 123.1906 106.1641 114.5782 114.7621 111.8995 112.5036 102.0335 103.0912 102.8485 103.8154 110.2109 122.6592 122.5760 122.6914 122.6826 121.3272 121.5366 121.7219 121.8602 122.2716 122.5127 122.8541 124.2292 124.3808 125.0375 125.3400
117.2200 117.3121 117.0762 116.8961 116.7172 116.5714 116.4499 116.3612 116.3132 116.3013 116.3254 116.3820 116.4990 116.6703 116.8627 107.3212 122.0450 117.7811 101.7527 116.5536 118.5627 118.9999 118.9564 117.6566 122.3323 116.5535 97.8825 115.0595 121.4003 120.6260 121.7880 117.8147 109.5373 104.6216 113.4272 108.1679 104.4039 100.5896 110.9505 114.3831 114.4915 108.9719 101.6208 103.0838 100.6054 113.3262 99.9254 116.3242 117.5362 121.8306 121.6709 121.0928 121.1454 121.5776 121.2084 121.6552 121.8499 123.0847 123.4481 124.1063 124.5109 124.9498 125.0108 125.3100
117.1500 116.8467 116.6031 116.3827 116.1826 116.0163 115.8802 115.7836 115.7297 115.7066 115.7548 115.7507 115.9370 116.1244 116.0598 117.4380 116.7314 117.0125 116.9819 97.4342 118.6279 117.7963 118.4179 118.4230 119.8308 111.3702 118.3926 119.0405 119.7606 120.4620 120.1395 120.4837 113.2534 123.7831 109.0144 106.4135 110.9840 116.1682 103.2364 106.3013 120.6860 105.2496 102.8174 112.0579 107.4354 118.5905 105.9832 118.2780 125.2057 122.3638 121.9860 121.1157 122.5685 122.1402 121.6876 122.0833 123.5051 124.5091 124.6567 123.8243 125.9133 124.0328 112.1391 105.5800
116.6700 116.3656 116.0912 115.8420 115.6179 115.4335 115.2770 115.1624 115.0859 115.0823 114.9996 115.6956 115.2729 115.5171 115.5887 115.6760 116.2689 116.3430 118.2895 116.4970 118.5887 117.8578 109.8150 118.5971 118.5426 119.4555 120.4168 113.9416 117.3023 120.2476 119.7897 119.5544 120.7393 117.1950 107.2628 118.2694 111.1288 108.8588 111.7354 121.1876 118.7126 111.0858 110.3065 112.6020 116.0884 113.4096 115.4075 117.9963 123.7366 124.8031 123.9882 124.2828 119.5904 120.3136 124.4770 124.6056 121.5080 118.3607 118.6873 123.8753 106.9288 106.7438 112.0307 105.4600
116.1400 115.8656 115.5616 115.2795 115.0214 114.8028 114.6245 114.4906 114.4278 114.2955 115.2355 110.1060 114.8399 114.8630 115.0832 115.3695 115.5896 116.0283 116.0848 116.4564 116.7780 118.1653 119.1153 117.9633 118.3674 118.5475 118.5026 116.0255 119.4015 119.1223 120.0711 121.1590 115.9055 112.1523 111.8038 106.1138 99.0645 110.7376 110.1097 107.7300 108.0967 112.8298 111.2432 116.0496 115.4337 103.9923 114.4575 116.5673 121.4833 111.6652 113.5302 119.4232 100.7375 111.3198 116.6617 116.7643 102.5804 109.1599 108.9559 126.5453 120.2024 128.7089 110.1192 105.4400
115.5400 115.3451 114.9997 114.6775 114.3805 114.1281 113.9190 113.7672 113.6800 113.5588 113.0278 109.0621 114.4842 114.2008 114.4433 114.7496 115.0861 115.4274 115.8296 116.2284 116.4931 116.8464 121.8847 118.5155 118.3809 118.8048 120.5040 116.3859 120.3684 121.4600 122.5139 114.7340 121.0150 118.5415 104.9102 102.6973 107.4383 109.8153 117.7213 107.5536 105.2822 108.0677 104.1968 115.9958 117.1406 117.8680 115.6441 116.8888 115.6569 107.7396 102.1573 102.4028 103.3309 101.0181 104.4299 110.9888 112.5710 126.6433 127.5831 126.3203 123.6922 126.4756 128.9328 127.4200
115.4400 114.8052 114.4139 114.0408 113.7060 113.4055 113.1634 112.9845 112.8735 112.7846 113.4228 113.3005 113.1803 113.5189 113.7755 114.1338 114.5061 114.9137 115.2986 115.7271 116.0886 116.4862 103.9024 118.7040 115.1386 104.2957 116.9335 109.3315 106.4223 106.3019 109.1716 103.8280 110.1458 117.5128 101.6978 114.7264 113.1114 111.5018 118.6788 117.4926 117.2126 118.4762 123.1813 116.5770 115.5536 116.8292 121.3053 124.7701 111.9780 111.2450 106.0323 104.5016 113.9864 114.5536 124.3072 127.7597 125.7158 123.9562 121.5381 124.5367 124.5425 123.5958 127.0072 105.4000
114.8600 114.2471 113.8013 113.3817 112.9812 112.6304 112.3392 112.1163 111.9860 111.9180 111.9060 112.1257 112.4129 112.7068 113.0732 113.4813 113.9126 114.3681 114.8272 115.3212 115.5250 116.1058 110.7579 123.8766 117.1658 112.5188 123.6649 116.4470 108.2572 111.2370 111.0679 99.9818 103.0703 108.6133 102.7726 105.9132 112.4674 113.8784 114.7156 123.9086 118.7150 119.6324 107.9839 109.7589 115.7216 120.2101 120.0503 120.2901 111.9094 113.3405 110.5831 100.7019 122.1894 126.9287 123.8569 119.0533 121.8956 123.4044 125.0700 122.3856 123.2406 124.9454 125.9886 124.1200
114.0300 113.6783 113.1735 112.6739 112.2097 111.7879 111.4292 111.1558 110.9987 110.9551 111.0365 111.2229 111.5103 111.8859 112.3215 112.7983 113.2994 113.8062 114.3294 114.8418 115.3009 116.1214 116.9798 104.9020 116.1759 115.9467 121.4869 121.5370 118.3353 115.1855 123.1727 102.9364 99.3283 112.2456 96.4569 99.1286 117.3196 107.7388 112.2313 108.4037 123.8114 113.0061 111.1788 117.5970 108.5655 106.2385 115.9009 116.3984 104.9799 103.9413 116.7124 120.4765 130.8558 125.3288 114.5690 119.1478 124.1925 126.0928 122.9342 118.9479 122.8353 127.2243 127.7970 124.1200
113.3500 113.1025 112.5200 111.9426 111.3884 110.8801 110.4376 110.0955 109.8853 109.8207 109.9210 110.1647 110.5333 110.9917 111.5268 112.0746 112.6760 113.2309 113.8831 114.3788 114.9984 115.5586 116.0478 113.2233 116.9224 116.8858 122.6801 117.3721 118.6541 117.0479 111.6444 102.9992 105.1907 107.4730 116.0620 101.2879 102.1115 105.7343 113.9794 107.9265 122.0982 115.7217 120.0263 103.3869 107.1828 100.6058 130.0310 121.3020 118.5421 113.7799 117.9600 124.6702 134.4053 124.6062 124.3055 123.2199 127.2929 126.7701 126.2964 127.4940 121.5317 123.4332 125.9140 125.5200
112.6200 112.5174 111.8486 111.1765 110.5090 109.8833 109.3281 108.8815 108.6100 108.5277 108.6575 108.9868 109.4611 110.0286 110.6802 111.3353 112.0845 112.7579 112.9425 114.1619 113.6756 114.4746 115.7723 116.4475 116.6135 117.1472 118.2266 118.1568 118.6921 114.5820 120.1743 114.0720 102.0262 99.1917 99.8012 101.5878 109.4447 114.2689 122.7955 110.0723 117.0675 123.8302 112.5309 116.6399 115.9170 115.2453 114.0833 125.0386 123.3277 116.8952 103.2754 100.6604 127.8756 108.2760 120.5073 118.8525 118.2304 126.7930 117.6902 113.4811 123.8103 125.7966 125.5626 127.2400
112.4200 111.9487 111.1836 110.3836 109.5847 108.8027 108.0862 107.4994 107.1144 107.0089 107.1925 107.6286 108.2570 109.0002 109.7899 110.6131 111.0341 115.6471 113.9389 113.4138 118.6027 117.0249 115.5707 115.9317 116.5140 117.0078 117.4841 117.9638 118.4311 118.8800 118.6760 119.1269 103.5226 101.7944 112.4412 112.1503 110.0799 122.6241 122.1058 124.0401 113.4942 122.7210 112.0651 125.6235 106.9894 110.3272 125.2535 123.6741 123.9902 112.7424 115.5377 123.8572 120.4061 119.3868 126.1469 126.1084 126.3620 126.4277 137.6342 114.9918 112.5923 111.3165 112.9739 118.1500
112.2400 111.3973 110.5193 109.5905 108.6234 107.6418 106.7001 105.8771 105.3295 105.1646 105.4429 106.0795 106.9201 107.8838 108.8706 109.8175 110.7852 111.3792 112.5741 113.3223 113.8450 114.4056 115.1338 115.7319 116.3078 116.8348 117.3315 117.8300 118.4357 116.5976 129.4611 101.3272 110.9547 102.8431 106.9038 123.2191 121.7989 121.4625 121.5094 124.9155 121.6046 116.2590 122.8544 112.2410 109.0861 115.1672 123.8543 120.3744 113.3720 109.5363 119.7573 125.5493 125.6463 126.0325 125.7551 125.8091 126.0663 125.6501 126.4309 127.3405 117.5917 131.8991 116.7580 112.3700
111.4400 110.8903 109.9012 108.8275 107.6548 106.4144 105.1445 103.9639 103.0811 102.8053 103.2409 104.2149 105.4900 106.7301 107.9498 109.0912 110.1736 111.0920 111.9484 112.7171 112.4082 114.6350 115.3133 115.8329 116.1789 116.7303 117.2528 117.8664 118.2585 106.6623 121.2744 99.5218 117.8970 119.5517 118.4221 121.4559 119.3732 121.7773 121.2881 124.6106 102.6639 112.1000 116.6330 108.8701 99.7555 107.8084 114.1658 121.8978 126.4497 126.0048 125.1172 125.0183 125.3607 122.2738 125.9809 125.6402 133.7704 113.3950 128.2118 126.1833 125.7439 125.2382 119.7204 109.7900
111.2800 110.4428 109.3375 108.1160 106.7262 105.1630 103.4455 101.6257 100.1520 99.6219 100.4093 102.7085 103.8534 105.5656 107.0814 108.4343 109.6283 110.7199 111.5581 113.1871 110.5820 112.6309 110.7073 113.3869 115.9150 116.6198 116.8778 117.6257 116.8913 107.1762 115.0528 110.3422 112.3727 102.7408 104.0882 107.9431 117.5719 119.8951 121.7801 122.6619 103.3833 107.6345 103.3105 104.8628 107.3070 114.2691 113.1847 117.2282 124.1220 124.3345 124.7404 124.8020 128.6828 114.3672 126.1756 126.3272 127.2226 125.7777 126.7891 126.3878 126.9001 124.0474 110.3542 105.2100
111.1600 110.1296 108.9493 107.5150 105.9045 103.9974 101.6631 98.9058 95.6142 94.1979 96.4631 99.5913 102.3548 104.5022 106.3418 107.8830 109.2202 110.3817 111.1487 115.9495 108.0158 114.1652 105.2176 106.2124 116.0200 116.5895 118.0548 116.3035 119.5099 110.6989 107.7379 107.1624 108.6383 110.9374 120.3499 113.9985 118.3944 111.8157 119.0260 109.5576 109.5512 108.1847 116.3328 107.8879 122.5438 121.5899 120.6909 122.3424 124.7818 124.6931 124.8033 125.0330 126.5360 126.9391 124.4131 124.5290 115.8172 112.8963 125.9485 126.4999 126.7537 127.9922 136.4423 136.2000
110.2700 109.7343 108.3289 107.2028 105.4239 103.1186 100.1519 95.9367 89.6232 87.7766 90.7784 97.1756 100.9666 103.7162 105.8081 107.5058 108.9363 110.1623 111.0984 111.0300 113.6349 114.0924 114.0760 112.7026 115.5510 115.5103 109.4805 118.5459 115.9311 111.6106 119.6598 120.5765 121.1929 121.5773 119.3016 123.5450 109.4195 113.6059 106.0865 107.8516 111.6722 109.7235 111.2625 111.6868 109.6905 114.0110 125.2247 124.3869 124.3020 124.5837 124.7942 124.8236 126.5107 125.2585 117.5226 125.8336 118.0945 119.2184 126.2661 126.5017 126.8288 126.2833 127.9199 138.4200
110.2500 109.6366 109.8744 106.6630 104.6361 102.7530 99.4244 93.8694 86.3755 84.3090 87.7324 95.8657 100.3637 103.3696 105.5935 107.3541 108.8245 110.0628 111.4083 110.2282 113.0201 113.5499 114.9262 115.5235 116.1238 109.1390 98.6316 119.3233 104.3850 110.4159 121.2172 120.9674 119.6336 119.7252 120.5744 124.7341 128.4337 112.9366 109.7960 122.7716 119.5856 131.6874 113.3937 109.9548 106.5003 112.0462 124.4291 124.2454 124.3598 124.5878 124.7909 125.0632 124.9169 125.0826 126.4889 126.0248 127.6379 127.1763 126.4463 126.5022 126.4315 126.7933 128.5766 139.3400
110.2800 110.9003 96.1926 110.2915 107.0708 103.0400 99.8789 95.1752 88.5672 86.5542 89.5715 96.7019 100.7390 103.5711 105.7185 107.4300 108.8938 110.1286 110.4515 113.1203 112.9674 113.9015 114.5184 114.7152 115.0220 115.4368 112.4933 121.0690 112.1022 108.7495 108.2034 103.9096 116.3777 120.0398 113.0532 113.0265 115.7551 104.9610 103.2643 113.5966 113.1621 114.0483 111.6168 119.1455 117.6208 119.1395 123.5751 122.7399 124.4421 124.6065 124.7966 125.0195 126.2272 127.3666 125.4108 125.7907 125.8065 126.0721 126.4283 126.6709 126.7527 135.8721 115.1781 110.8000
111.0900 110.2896 105.9351 96.5737 108.7237 103.7009 101.1824 98.0273 94.1863 92.1559 95.0626 99.0176 101.9244 104.2659 106.1830 107.7873 109.1567 110.2939 111.3145 112.2277 113.1767 113.9601 113.2142 116.2333 118.0825 118.8613 117.5743 122.0637 104.8280 113.6219 114.6257 114.7465 115.8442 120.3441 118.8573 121.4804 104.2647 99.4541 105.4414 120.1558 107.9486 113.0472 100.2163 100.8743 103.0475 104.4006 103.0565 112.2147 124.7012 124.6844 124.7713 124.8557 126.6181 108.9382 127.1541 125.8038 125.9469 126.1433 126.2314 126.3436 126.1683 113.3318 113.6845 121.5100
111.1900 110.5063 110.0885 104.0600 106.5617 104.8792 102.9767 100.9520 99.1689 98.5124 99.5287 101.4645 103.4817 105.2791 106.8724 108.1684 109.4120 110.6485 111.6676 112.5694 113.4164 113.7391 106.3854 112.8213 98.3449 95.9287 100.5618 110.6248 102.9362 102.6186 118.6015 119.6228 120.4078 119.6164 123.9030 105.7688 109.0619 103.5471 111.9295 123.6879 117.0532 106.9917 112.4584 119.3150 121.1579 118.1040 121.8268 121.6333 124.6885 124.6664 124.8678 125.0854 125.2216 123.5152 125.9565 125.7125 126.0883 126.0932 126.5085 125.8413 128.2071 128.7111 114.2883 110.7400
111.3200 110.7546 109.6918 108.7961 107.3469 106.1564 104.7234 103.4065 102.3888 102.0526 102.5899 103.7101 105.0466 106.4691 107.4557 109.2827 110.4948 111.0805 111.8072 112.7540 113.3729 114.1253 117.5541 98.4163 117.7794 116.1410 117.4035 109.1588 106.4872 119.3519 118.8048 119.2626 119.8646 120.5399 122.2845 104.6513 103.1613 102.2304 106.9526 107.9397 104.8049 100.3834 100.0784 116.7507 115.2399 124.9086 124.0059 124.2123 124.4451 124.6738 124.7784 125.0395 125.2646 125.5001 125.9029 126.2477 116.6640 125.8764 116.8880 125.5652 105.7738 114.6766 104.3424 105.2000
111.4900 110.4131 110.5257 109.3502 108.3933 107.3315 106.3239 105.4125 104.7921 104.5974 104.9104 105.6136 106.5654 107.5895 108.8639 106.2335 103.1990 111.2881 115.0874 113.4452 113.4754 109.4163 98.0396 102.0071 110.8592 116.4549 117.7934 111.6022 108.6363 119.4563 119.0521 119.3360 119.7792 124.6118 108.6044 107.1743 122.5596 118.9214 108.1702 118.5581 109.7769 111.5869 103.0607 121.2804 115.4128 119.8364 123.1402 123.4375 124.2744 124.0223 124.1463 124.2353 125.3271 125.5100 125.6877 125.8495 126.6871 126.7787 126.8994 126.7790 127.0325 128.0317 127.6506 134.4100
112.2800 101.6178 111.9084 109.9729 109.3497 108.5070 107.7516 107.1024 106.6819 106.5510 106.7603 107.2417 107.9229 108.7371 109.4615 110.8595 112.5615 101.1842 86.2265 86.8448 101.5556 113.4696 111.6731 110.2176 115.1930 117.3003 117.5382 117.1323 120.4888 118.7982 119.3029 119.4538 119.3569 137.3054 125.7919 102.5622 120.5102 118.6142 111.5203 101.0614 108.9747 109.5550 107.2699 120.7753 117.7710 111.6531 112.7351 114.2197 123.6470 113.1226 113.7258 115.4398 124.7213 125.3182 125.7213 125.9011 125.9232 126.0802 126.1764 126.3923 125.8687 126.4856 126.3429 129.0300
112.4700 112.1921 112.1160 110.9271 110.2875 109.6164 109.0180 108.5456 108.2396 108.1507 108.2919 108.6429 109.1601 109.7684 110.4876 111.0788 112.2000 102.5257 92.9995 96.4714 106.2198 110.7044 113.0967 98.2542 98.5216 113.6213 118.5519 104.5219 119.1034 118.9135 119.2832 119.6884 120.0585 118.7907 115.5972 112.4877 119.7441 119.5004 109.1066 113.9245 104.7840 104.8582 118.3210 112.5376 112.4227 115.3917 118.5323 125.6269 122.2890 117.3786 117.9739 122.5046 125.8543 125.5008 125.7387 125.9248 126.1466 126.3589 126.5091 126.7219 128.9585 129.1511 127.0392 133.6900
113.2500 112.8512 112.3985 111.7634 111.1624 110.6278 110.1583 109.7854 109.5551 109.4913 109.6008 109.8656 110.2670 110.7573 111.3175 111.9243 107.6922 113.6411 104.3122 117.1387 100.8680 115.0897 116.7239 102.6008 102.4385 99.5395 119.4445 115.4253 119.1560 119.2701 119.4258 119.8158 120.1390 120.9200 121.4423 122.2427 119.3496 110.3322 104.4891 106.3610 110.6243 109.2919 114.9095 104.6537 112.3532 122.0303 124.1633 123.8825 118.9603 124.9169 125.9570 125.5101 125.0528 125.5550 125.7658 125.9547 126.1338 126.2947 126.4587 125.1057 128.3645 129.1293 113.0353 112.1200
113.4100 113.4100 112.9400 112.3800 111.1500 111.3700 110.5600 110.7200 109.8700 109.9100 110.7900 110.7900 110.6600 111.2900 111.8300 112.4500 112.9000 113.3900 113.8800 114.3400 115.2000 115.6600 96.9100 100.8000 105.7600 101.9700 118.0600 105.0300 118.6600 119.2200 119.4900 119.7500 120.2600 120.4900 120.9600 121.1800 121.6100 121.8200 122.4300 101.3600 110.4300 121.0300 113.7200 115.8200 112.0400 112.0800 124.1600 124.3200 124.6300 124.7800 124.9200 125.2100 125.3500 125.6200 125.7600 126.0200 126.1500 126.4000 126.5200 126.6400 123.5000 111.5200 111.8200 105.3400
