121.7100 121.7500 121.5400 121.5700 121.6000 121.3500 121.3700 121.4000 121.4000 121.4100 121.4000 121.3900 121.3600 121.3500 121.5900 122.2000 121.7800 121.7400 121.9400 106.2900 106.7500 106.7500 108.5800 122.4000 122.5500 122.7500 122.7100 122.8800 123.0200 123.2000 123.3300 123.6800 123.6800 108.6100 108.6100 106.6200 124.3800 124.5400 118.6700 119.7000 120.0100 120.0100 120.5500 125.4300 125.5600 125.7000 125.9300 126.0500 126.1700 126.4100 126.5200 126.6300 126.7500 126.9700 122.4200 123.3000 105.4100 105.5100 105.6100 105.8200 114.9800 106.0200 126.9600 126.9600
121.7100 121.5251 121.4631 121.4014 121.3038 121.2490 121.2087 121.1844 121.1691 121.1637 121.1660 121.1960 121.2269 121.2730 121.3079 120.3941 120.3543 121.5616 123.4859 103.3695 103.8573 106.2219 122.3988 121.5511 122.4113 122.4137 122.6478 123.0669 126.3473 109.9294 117.9785 114.9891 104.0732 109.5976 108.3990 107.4784 111.5714 121.8840 118.6340 118.6477 116.2937 117.0353 120.0865 125.0266 125.3203 124.9869 111.4139 119.0967 126.8666 126.1031 126.2971 127.5336 123.4316 116.8286 124.8135 114.3701 107.4910 115.8695 104.9613 104.9198 112.8179 121.5132 128.0770 128.1800
121.4200 121.1665 121.0030 120.9062 120.9984 120.9171 120.8852 120.8480 120.8326 120.8237 120.8376 120.8587 120.8917 120.9516 120.9799 121.1833 121.1878 121.1260 123.2382 106.1832 102.4058 99.1423 115.6500 124.2986 121.7437 122.5475 122.3249 123.1282 122.0926 105.0248 104.0417 105.6321 101.9613 106.7104 108.1947 102.9377 101.1435 121.8431 106.7225 122.5283 115.0672 121.4890 127.2477 126.9298 125.8586 125.5400 117.8087 123.3087 127.1788 126.6677 126.2474 126.2603 116.7364 110.8494 118.8379 108.7092 113.8196 110.1756 106.4179 107.4340 111.4178 116.5236 114.8659 108.6400
121.1200 121.7263 121.3091 121.4567 120.5584 120.5962 120.5295 120.5112 120.4827 120.4853 120.4899 120.5154 120.5534 120.6038 120.6718 120.7224 120.7932 120.8100 123.4530 98.7912 103.1594 104.8841 103.3722 117.7450 116.1814 121.8361 122.0929 122.2361 117.4263 112.8682 110.8509 108.0300 105.9140 105.4057 118.1376 100.7336 119.1476 123.8319 111.6908 118.4269 111.9799 123.3680 122.7659 117.6067 123.3158 128.0837 116.3636 116.9665 124.7686 120.3415 122.4243 122.0432 118.4898 118.6922 127.5472 103.3398 108.4305 104.6803 107.9948 109.5170 107.4395 105.5766 117.2296 108.6400
120.8000 120.6754 119.3810 109.2698 121.8457 120.2122 120.1690 120.1506 120.1335 120.1258 120.1301 120.1557 120.2007 120.2469 120.3177 120.4049 120.4741 120.4686 121.3780 109.1054 104.7012 122.1090 121.9395 120.7998 118.2168 121.8742 122.4126 118.5060 115.5193 124.0402 115.2080 101.2108 122.6062 122.2966 112.5776 111.8688 121.6762 109.2400 119.8742 116.0975 122.0800 128.3757 110.5337 105.0113 104.8620 111.3222 116.0205 115.6500 125.1076 118.5543 119.9860 116.9392 128.6107 129.6995 125.6059 103.4288 111.4344 111.0918 108.2810 108.9384 121.7758 120.6287 129.9237 129.8300
120.4700 120.0015 120.7123 119.7535 121.1135 120.9508 119.8298 119.7635 119.7197 119.7086 119.7416 119.7831 119.8267 119.8853 119.9591 120.0499 120.1462 120.1479 120.2278 121.7156 112.8683 122.0743 104.3824 120.7294 125.4195 121.5467 121.6701 122.3047 123.0964 118.7337 117.9865 100.3247 104.3573 108.2589 109.1833 112.7925 122.2701 124.4126 115.7871 125.6471 115.6441 105.0186 115.9774 118.8744 114.3473 116.3139 126.2483 119.7476 118.8817 106.6534 120.8073 125.5444 117.8654 105.8892 105.7202 106.4381 106.8916 108.6109 114.3954 117.4217 108.5750 117.3544 129.5154 127.9800
120.1300 120.7849 115.9849 118.0860 119.3759 119.2704 119.4297 119.3623 119.5061 119.6682 119.3883 119.3956 119.4396 119.5067 119.5868 119.6795 119.7884 119.9496 120.0361 120.4076 120.4413 117.7216 107.6882 122.6350 100.8626 119.3325 121.6403 121.6524 121.7176 121.9559 121.6800 120.8713 113.1716 110.4734 110.1043 113.5177 111.6202 116.3733 123.8241 126.2462 118.0575 124.0925 119.0732 115.6277 125.6339 123.5264 124.8593 102.4353 116.7315 111.0840 122.9585 128.0984 105.6736 104.8453 104.2374 113.6806 115.6974 115.4616 108.6964 116.0890 125.5858 128.0004 128.1383 127.8600
119.7700 119.4111 108.7772 119.1116 119.3126 119.1321 119.0250 118.9429 118.4353 116.4927 119.0092 119.0141 119.0321 119.1067 119.1970 119.3012 119.4323 119.5575 119.6995 119.7885 119.6080 123.0117 119.7389 119.0187 102.0772 114.6152 121.3237 121.4032 121.6513 121.8556 122.8887 107.7498 100.6412 106.7795 106.9539 104.9405 117.6821 123.6532 122.9917 120.6206 124.6125 101.7538 118.0169 125.2669 113.0770 124.7541 113.3179 118.4779 120.7010 118.1682 115.9756 113.7237 103.2850 105.2861 115.5885 120.3740 107.5064 105.6599 106.6138 129.2864 127.0928 126.5638 136.1567 128.6700
119.4000 119.1832 119.9268 119.0186 118.6638 118.6608 118.6070 118.3779 118.7347 118.1401 118.4218 118.3519 118.6092 118.6841 118.7933 118.9048 119.0352 119.1811 119.3483 119.5143 119.8779 116.9256 113.0368 113.1991 120.5772 122.0965 120.6644 121.2571 119.5006 125.9707 101.2647 106.3288 107.8451 107.4251 99.7429 125.4090 123.9299 122.9554 123.8453 121.4985 114.8820 105.3818 117.9441 110.7529 107.6980 116.8418 107.8769 121.7755 117.4217 116.8905 115.4567 108.9189 115.1650 117.7074 105.0101 111.2355 106.3253 113.2703 129.1291 126.9250 128.5893 113.5590 112.7430 105.8100
97.5800 117.0859 118.2460 118.3935 118.3992 118.2397 118.1669 117.8950 117.8543 113.2969 119.4334 118.7251 118.0598 118.2515 118.3634 118.4899 118.6372 118.8089 118.9731 119.1597 119.3703 119.9271 120.4708 120.3302 120.3395 120.3913 120.5163 121.1926 115.2139 107.7413 113.4472 119.0468 117.2109 103.2858 106.8824 123.0883 123.7038 120.0942 119.6256 104.3283 118.3809 99.8218 102.5222 102.2210 114.7281 111.9593 107.2682 106.4130 121.0790 127.7753 124.0079 123.9965 101.7383 103.9540 111.6174 113.7011 105.7166 108.5033 125.9685 124.7255 125.7536 120.4331 111.7301 105.7900
100.2100 104.0853 117.7535 118.0451 117.8494 117.7747 117.7131 117.3492 117.0778 105.0471 103.2180 120.4503 117.7252 117.7993 117.9108 118.0527 118.2158 118.3590 118.5888 118.7953 118.9893 118.7574 117.9697 119.6449 119.7467 120.1797 120.4626 120.7556 120.4717 120.8136 122.8813 120.9465 121.5730 111.3188 125.0526 121.0958 116.1669 112.7197 105.3321 109.3865 101.1049 102.2179 102.7954 106.2002 105.6469 105.6251 112.4937 112.3271 124.7937 120.3583 114.4165 103.6546 111.2590 107.1992 104.8082 103.4202 108.3734 103.1931 124.4767 121.6159 122.1454 115.9288 112.3735 112.2200
101.3000 114.4920 119.3339 117.4227 117.6194 117.2520 117.2278 116.7863 116.4310 104.7525 93.8516 111.1308 117.5720 117.3614 117.4577 117.6652 117.7496 118.2455 118.1400 118.4129 118.6596 119.0269 116.5791 119.5285 119.6068 119.9263 120.1685 120.2888 120.7911 120.9853 117.0930 119.3045 121.2640 102.3193 114.0335 103.6435 112.4217 119.4144 108.4758 108.5655 101.0666 102.1224 103.9015 106.2814 111.4480 110.8447 118.5914 117.0478 118.7215 114.8629 116.4816 107.4457 123.1102 106.8866 104.7011 102.2751 109.0300 120.2717 125.1779 125.4672 124.5507 113.8776 113.8976 116.1300
98.6400 101.3162 114.3156 113.3874 115.3739 117.0062 116.6900 116.1823 116.5164 110.1505 101.3438 106.6583 117.4907 116.8323 116.9738 117.1823 113.9948 117.4792 117.7330 118.0362 118.2482 118.6446 118.7994 119.2176 119.3559 119.6262 119.9035 120.2202 120.1439 120.6779 121.2729 123.2529 117.7669 99.5711 99.2148 107.6672 125.7030 114.5833 113.9827 113.6726 100.6340 100.1519 110.7131 110.4409 116.7922 116.8976 118.0091 122.5729 126.2783 123.4130 127.1649 102.2574 106.1156 104.9471 106.5167 113.9051 102.5895 112.9567 125.2150 124.0161 123.2434 127.9591 114.7148 114.0500
96.2400 104.2354 117.7916 116.6853 114.7620 116.3545 116.1552 115.4879 115.2339 95.4884 97.1190 113.7703 113.9044 116.2040 116.4681 116.7333 116.8030 117.5188 117.3160 117.6120 117.9072 118.1447 118.4664 118.7418 119.0621 119.3571 119.6858 119.9725 121.3366 121.2832 122.0436 109.2238 98.8819 99.7583 101.1127 109.9749 110.9634 118.6683 100.7702 96.5432 109.6489 109.0923 115.0816 115.0173 114.9612 115.6953 124.9634 122.4890 121.9113 106.1484 106.4631 114.4136 103.3505 110.1783 106.5771 108.5593 103.2595 102.5283 123.7521 124.7613 125.5679 126.2803 112.1813 109.9100
99.8900 113.7357 116.1365 115.9929 115.8973 115.6706 115.5033 115.1773 115.0415 102.6269 105.6710 112.8121 115.5409 115.3672 115.9367 116.1102 116.8657 115.6095 116.6899 117.2054 117.5027 117.8247 118.1404 118.4527 118.7409 119.1165 119.3828 120.0120 106.2057 118.5027 118.0638 101.5545 97.9224 100.9767 108.0171 107.4674 108.6179 114.1025 99.3623 108.8448 108.3423 112.7581 113.9462 114.4396 122.8836 116.5851 120.1615 119.1124 118.7741 114.7425 106.5557 121.8779 103.7541 107.0419 102.8807 112.6060 106.7325 121.5183 124.0478 124.6340 125.5144 128.1349 109.4656 105.4600
98.7500 114.5066 115.4976 115.4949 115.2483 115.0530 114.8859 114.7661 114.6690 115.4891 114.9019 115.2879 114.8343 115.1323 115.3075 115.5648 115.5918 119.7692 118.4437 116.6123 117.1510 117.4465 117.7948 118.1531 118.5711 118.6631 118.8842 119.5557 115.8215 127.3029 118.1391 118.6709 112.7208 107.0722 105.7036 107.0835 109.3375 108.9279 106.5021 100.8066 117.3494 122.6446 122.9720 109.7719 118.8600 116.4478 117.1156 117.9420 115.5224 117.0312 102.2412 106.3320 102.8211 101.2086 117.9456 103.9884 102.5587 124.4923 120.0098 125.8564 126.3548 111.2913 109.5490 105.4500
115.5400 116.4493 114.9592 114.9192 114.6352 114.3943 114.1983 114.0468 113.9781 113.7574 113.9477 114.0587 114.2667 114.4490 114.7030 114.9969 115.3178 115.5345 115.6308 116.3373 116.7185 117.0810 117.4551 117.7849 116.9384 119.2209 119.9854 118.8501 119.9465 120.4594 103.2367 109.4834 108.4627 108.1342 109.8387 109.8020 109.7101 113.6599 102.8158 106.3906 101.1193 117.9505 115.7763 115.4698 115.5487 116.3737 117.1484 117.3033 115.6776 101.8803 102.9782 102.4009 114.3908 105.6553 121.1823 103.3827 112.1007 120.6806 118.7218 121.5739 123.4910 119.1725 124.1711 117.4200
115.5400 114.9698 114.6334 114.3096 113.9627 113.6870 113.4552 113.2960 113.1935 113.2085 113.2200 113.3340 113.5193 113.7667 114.0566 114.3729 114.7987 115.1030 115.5905 115.9148 116.3199 116.6521 117.2354 117.4393 114.6932 92.7406 100.3426 101.9153 101.3938 105.0264 105.9867 107.4563 107.4766 108.5625 109.1051 109.4320 105.9310 103.4508 100.4454 105.8417 117.0361 116.1975 115.2811 115.5986 115.4706 116.3986 116.7929 117.8020 118.4455 118.6503 103.7455 115.0970 102.6260 103.7461 103.5824 104.4588 104.1135 116.8457 123.7119 124.2617 123.9477 124.3268 124.9094 126.2600
114.8400 114.4336 114.0586 113.6075 113.3541 112.9235 112.7293 112.4530 112.3434 112.2925 112.3610 112.5110 112.7357 113.0187 113.3635 113.7474 114.1417 114.5950 115.0109 115.4595 115.9109 116.3749 114.7344 118.6015 98.3473 118.2494 105.1866 103.6582 104.3408 101.9650 106.3516 103.3985 106.5277 107.9332 102.2924 113.9016 113.9977 109.0106 101.8949 117.6620 106.7064 115.3345 115.9104 115.3633 115.8330 116.1059 117.4532 118.7147 117.3239 115.8294 107.2026 103.8328 105.0673 103.8756 110.9718 108.3086 125.1430 123.0022 123.0180 123.8113 123.9427 124.7480 125.1690 125.6800
114.1600 113.9301 113.6501 112.9340 111.8157 113.5940 111.0552 111.6698 111.3956 111.3521 111.4210 111.6017 111.8715 112.2171 112.6250 113.0708 113.5508 114.0332 114.5245 115.0220 115.4531 116.4902 112.2176 111.1296 95.8517 113.4625 123.9173 105.4618 102.9381 103.0488 104.2750 106.1384 103.8666 106.1351 107.1296 109.2362 113.8778 102.6867 98.2782 113.1699 114.5980 114.6788 114.1626 111.0930 115.2161 113.9975 116.5200 116.6062 114.3479 104.4059 120.9109 116.3711 115.0108 102.5754 104.3972 123.3527 121.3971 123.1438 123.5090 123.6622 123.7425 124.5586 125.1724 125.2400
113.3400 110.2365 112.6064 112.1553 111.5833 117.7751 111.0880 110.5877 110.3324 110.2778 110.3678 110.5988 110.9285 111.3520 111.8487 112.3704 112.9205 113.4760 114.0348 114.5741 115.1232 115.5724 116.1810 117.6784 119.9312 116.1404 116.1062 103.5925 103.6733 104.1147 102.4884 111.4514 103.5175 108.5314 109.0972 109.1267 105.8396 114.9053 99.7420 111.0901 110.4506 111.0777 113.2306 110.6910 114.9816 115.5235 115.4053 119.2651 120.7352 121.1912 119.2599 116.9240 118.3729 109.6810 109.6090 123.4128 122.0498 123.4795 123.2285 123.2240 123.9096 124.6926 125.1089 124.8800
113.3400 102.3238 112.6234 111.5628 110.8673 109.7113 109.4136 109.4315 109.1335 109.0518 109.1725 109.4663 109.8951 110.4196 111.0161 111.6428 112.2778 112.9111 113.5352 114.1443 114.7228 115.2943 116.0404 114.9511 118.7401 97.7123 104.2461 97.6287 102.2181 103.7844 102.2386 103.0582 106.1069 105.5524 105.4179 100.4544 96.5357 102.4509 99.9543 104.7244 113.8735 113.3895 111.0659 117.3697 117.4032 119.4152 118.6503 117.2573 118.7652 113.7157 120.6311 121.3919 122.7420 124.3054 123.3465 122.2725 122.7438 123.0620 123.1093 122.9072 123.6182 122.0870 122.1343 117.5100
112.4100 114.1241 109.9813 110.6718 109.9296 109.5186 108.3020 108.0652 107.7190 107.6315 107.7953 108.1859 108.7487 109.4127 110.1395 110.8812 111.6332 112.3595 113.0526 113.7207 114.3590 114.7645 115.3945 110.2360 119.0278 102.5891 105.3562 99.0065 101.2949 102.2370 102.4846 107.5989 110.2827 107.1666 110.4796 108.3604 108.6306 107.9998 107.1153 111.9851 115.9713 115.5058 113.8303 115.6937 115.4806 107.0186 117.8073 117.6896 116.5581 118.3685 120.4221 119.6751 120.7398 120.9157 124.6087 123.1962 125.0502 126.4059 126.8592 125.4063 126.5987 122.1660 123.4171 123.8300
112.4100 102.9365 110.7333 110.6645 109.0185 106.1540 107.5217 106.5364 106.0683 105.9299 106.1661 106.7150 107.4670 108.3292 109.2457 110.1593 110.9870 111.8205 112.5987 113.3239 114.0561 114.8179 115.6050 115.4746 102.9211 95.1465 97.4319 101.3169 102.3683 104.3735 106.8096 108.1046 105.4274 107.6301 100.6927 115.0884 104.5852 116.3820 114.4574 114.7946 108.5239 116.1424 114.9912 112.7138 112.9115 109.3929 118.4649 117.6713 116.9765 117.8740 120.1066 120.7756 122.9897 124.1803 110.1236 125.7587 110.5517 111.9283 110.7999 123.5337 125.7624 127.7923 126.3733 126.0700
111.4300 104.7667 110.4852 106.8048 106.7311 103.0647 105.6652 104.7009 104.0220 103.8100 104.1772 104.9982 106.0476 107.2781 107.8984 109.3227 110.5007 111.3035 112.1766 112.9943 113.5147 113.9767 108.5898 96.2353 100.0291 108.7525 100.0694 100.2083 100.8364 105.6582 108.4768 106.1934 101.8474 108.1925 96.7740 102.8385 100.7983 111.6463 111.4988 113.8741 114.5904 111.1572 105.1145 112.6208 113.8361 113.7532 116.9723 114.4903 108.9377 115.0759 106.0340 107.6291 108.3583 105.9437 101.7715 105.9945 101.6393 101.6929 115.5543 117.6786 122.6818 127.6122 129.0384 127.6800
111.2800 110.9666 109.2939 108.7467 110.6438 106.2206 104.0331 102.5930 101.3831 101.0182 101.6303 102.9782 104.4971 106.0104 108.7462 111.7748 109.7666 110.8334 111.8166 112.6781 113.4138 113.7687 112.9219 115.0356 95.9980 114.2493 104.0595 101.2796 99.5705 104.1359 106.5110 107.4018 107.3570 104.9353 108.7714 98.5328 102.4393 111.0616 100.1380 109.4097 102.6709 109.6549 111.0964 112.1737 114.0900 114.2796 114.1988 116.3303 112.0629 113.2173 101.2994 102.4384 102.4324 103.2843 101.9908 121.4532 102.3710 103.7953 121.8570 119.2912 119.4964 123.4800 111.0725 126.0500
111.1600 110.1677 109.0404 107.9254 103.3715 104.4250 102.3381 99.9925 97.7344 96.7369 98.3585 100.6103 102.9234 104.9565 106.7380 108.2020 109.4002 110.5058 111.5137 112.4258 113.2188 114.2031 114.7881 104.7544 92.1356 96.8356 96.2396 102.7042 104.5026 105.7992 108.1992 108.3890 108.7009 109.0305 109.2658 109.6884 109.8989 111.2412 107.1382 109.1009 111.2009 110.6700 113.5737 113.7539 115.5742 117.3653 107.7482 106.2709 102.9703 102.9679 102.8349 103.0021 103.1823 103.2898 103.3212 104.9760 103.5912 104.3997 111.4123 113.5817 109.6567 109.4102 109.6526 110.3400
110.3200 109.9373 108.6866 107.1803 105.6065 103.3883 100.6677 97.0496 91.6693 90.1325 92.9228 98.2148 101.4708 104.0071 105.9738 107.6283 109.0215 110.2430 111.2997 112.2522 113.1003 113.9282 114.6403 121.5613 104.2965 100.5162 100.5796 102.7733 104.0211 104.1360 105.6362 117.0573 107.3515 109.1957 103.1995 99.8850 99.9259 110.8490 113.3932 110.3092 121.2023 103.5609 123.0137 122.7534 123.8129 113.9815 103.4295 104.7366 102.1515 102.8366 104.5993 105.3611 106.7594 106.9547 107.1539 107.7861 108.4048 108.9975 109.3374 109.5859 110.1765 110.9325 111.4723 111.9100
110.2700 109.7869 108.4961 106.9888 105.1405 102.7992 99.5441 94.2658 87.1780 85.1429 88.4234 96.2401 100.5107 103.4556 105.6425 107.3928 108.8557 110.1037 111.1929 112.1660 113.0375 113.8236 114.5254 115.2066 116.3809 116.9866 117.8740 117.8845 118.5986 118.8679 119.0861 119.6533 120.0517 121.0877 97.0607 117.9033 98.9463 102.4128 103.5781 117.7070 120.4300 115.9190 122.8326 124.1757 115.6222 118.0339 103.6884 102.2938 102.3129 102.5599 102.6344 103.4807 104.5419 105.2600 105.7747 106.5497 107.8990 108.3360 107.7627 109.0052 104.7484 110.8036 110.9106 111.4100
110.2500 109.7871 108.4884 106.9632 105.1035 102.7665 99.5379 94.2580 87.1117 84.9732 88.2653 96.1517 100.5121 103.4548 105.6472 107.3976 108.8496 110.0958 111.1911 112.1642 113.0539 113.7746 114.1679 114.8833 115.4720 116.0575 114.9737 117.1615 118.2529 118.7507 118.4493 116.1747 115.5625 117.4555 98.3902 114.3232 99.6411 103.2347 105.0974 115.1820 119.1941 115.5032 121.0323 122.5076 113.8194 114.9935 103.8788 102.4237 102.1424 102.4775 103.0088 104.1423 105.2720 105.3702 106.0064 105.1465 118.6751 108.3346 108.4995 104.9489 106.6811 111.0061 111.2590 111.3100
111.1000 109.9285 108.6807 107.2260 105.4939 103.3687 100.6291 96.9440 91.8042 89.6884 92.7337 98.2019 101.4207 103.9764 105.9808 107.6269 109.0226 110.2338 111.2938 112.2586 113.1687 113.6165 115.0296 114.2662 117.1962 118.3403 112.3144 111.3382 116.7506 111.8044 121.3329 100.7301 97.0141 96.5528 102.0201 98.6178 101.7456 107.4782 107.0874 111.0811 106.7724 107.4075 107.4788 106.7104 99.7347 108.5366 101.6616 102.8759 103.2837 103.7249 105.3133 105.8694 106.3573 106.6608 107.2814 108.0705 107.8006 108.7821 109.5508 111.0011 113.3548 115.2907 112.4588 120.7500
111.1000 110.2055 109.0375 107.7059 106.1788 104.3806 102.2886 99.8547 97.5126 96.4475 98.0781 100.5120 102.8793 104.8847 106.5973 108.0715 109.3592 110.4933 111.5013 112.4118 113.2637 113.6914 110.3308 104.3489 109.0534 108.8519 111.5722 112.5737 112.7228 99.9181 106.7682 114.0347 96.4213 99.9929 99.6581 100.3850 108.1861 106.8225 103.2548 121.5547 115.3867 116.9695 110.2349 106.3760 101.5401 100.3551 101.1706 106.8423 109.0605 106.9678 107.2821 107.6896 108.0592 108.5701 109.7171 110.5516 111.0038 111.4687 112.0070 112.6584 113.4413 110.0696 115.7070 111.8700
111.2000 110.5999 109.5362 108.3430 107.0313 105.5605 104.0291 102.5132 101.2521 100.8691 101.5177 102.8982 104.4655 105.9875 107.3961 108.6692 109.8183 110.8538 111.7903 112.6378 113.9198 113.3314 101.6684 95.7644 93.9813 99.6202 99.2051 97.5913 109.0745 100.9548 102.6693 101.5282 109.5192 100.0592 111.4884 105.7589 107.2123 106.1882 105.6447 115.9416 117.0416 117.6674 112.9210 114.7459 99.5609 107.1783 108.7199 104.4460 110.2178 106.3463 107.3700 107.2212 108.1969 107.1566 108.8606 108.1020 110.0783 110.8903 111.5630 112.3684 112.3685 113.6899 113.3554 114.0000
111.3400 111.0649 110.0828 109.1218 108.1910 106.9782 105.7781 104.6509 103.9273 103.7004 104.0822 104.9270 105.9971 107.1500 108.2900 109.3586 110.3659 111.2979 112.1733 112.8767 113.3969 112.5118 108.9203 110.1320 111.4994 96.6147 101.0998 92.4631 100.8371 102.4879 105.5658 115.8872 108.7247 97.5037 93.7102 100.7592 101.6508 104.2175 109.5223 108.1338 110.9615 112.4195 112.9508 112.4106 109.5399 115.4709 110.9825 118.1503 102.9116 104.6147 103.8842 106.0995 105.8363 109.5655 106.3639 118.2813 109.9677 109.4353 109.6316 110.0258 110.9110 112.5212 112.8996 113.6500
112.3000 111.5919 110.9621 110.0058 107.5176 107.4915 107.4571 106.4581 105.9886 105.8434 106.0858 106.6444 107.4167 108.2983 109.2010 110.1028 110.9736 111.7960 112.5803 113.2995 113.9915 112.4089 116.3081 117.3236 117.5613 110.3263 107.1241 112.2468 115.5982 116.3137 108.8659 107.6495 99.5828 97.8843 100.4451 102.2689 101.9210 102.0022 109.9464 106.7890 113.9121 110.6365 111.8293 107.2762 118.5465 113.2125 104.6987 105.7264 102.6864 102.2691 102.8044 103.1154 103.0191 114.3805 120.4273 110.6852 119.1198 118.0129 119.5843 120.6668 119.6557 120.4208 119.8817 123.7900
112.3400 112.2824 109.1266 116.5103 110.5487 108.7219 108.5410 108.0124 107.6629 107.5596 107.7295 108.1274 108.7004 109.3764 110.1160 110.8581 111.6111 112.3350 113.0353 113.6925 114.4576 115.1730 115.9539 116.2281 116.2763 117.5128 118.2913 109.9004 119.8236 103.4957 120.5606 99.9618 98.3594 98.7339 101.3746 102.6659 103.2218 105.2886 105.8555 108.9998 109.0242 110.4621 102.6364 115.6112 113.7098 112.2467 113.2421 103.4071 102.4837 102.6411 103.7880 111.1361 103.8020 119.4130 119.7469 102.9623 116.1460 125.1057 110.6924 119.3258 119.3553 124.1917 124.9056 124.0300
113.2500 112.9795 111.9546 112.3022 111.6532 110.1011 109.7050 109.3257 109.0663 108.9972 109.1147 109.4147 109.8506 110.3822 110.9778 111.6137 112.2612 112.8860 113.5231 114.1222 114.4142 117.6197 95.5967 118.3464 116.4834 117.6567 122.1574 109.6136 103.0681 97.5260 98.8673 101.5102 102.0734 104.5341 98.8456 102.6518 104.0548 106.5481 106.6000 112.0631 106.9665 108.4549 102.0312 102.4844 102.8045 102.9534 103.3384 102.7472 102.5917 102.5819 103.1108 103.4946 103.6261 105.0835 107.3966 106.4768 108.0777 118.7625 117.6114 124.5103 123.9470 119.6833 117.2245 127.8700
113.2500 96.1580 113.2978 113.2605 111.5785 111.2111 110.7859 110.4790 110.2807 110.2284 110.3199 110.5448 110.8975 111.3199 111.8069 112.3496 112.8904 113.4575 114.0151 114.5685 115.0626 115.8238 116.5458 102.3965 116.8018 115.2948 95.3456 100.0724 97.8199 94.5544 120.0234 109.5513 104.2238 105.8736 107.0990 108.3162 108.8013 105.7515 106.8441 107.3710 108.9155 110.9947 109.5057 113.7667 102.1181 102.0226 102.0082 102.3655 103.4659 104.5165 104.5394 105.3773 103.1157 103.8365 106.5187 110.3270 106.7244 115.1376 116.3990 114.7591 110.7455 104.6245 109.3001 119.8600
114.1000 114.4989 114.1720 113.4013 112.4253 112.1039 111.7603 111.5021 111.3438 111.3033 111.3768 111.5586 111.8366 112.1980 112.6247 113.0563 113.0695 114.0608 114.4945 115.0017 115.6598 114.9451 119.0282 95.6916 110.7503 96.5007 100.4274 106.8091 122.7327 101.7766 121.0708 120.9784 103.6620 107.3797 100.0699 105.3891 106.4406 108.7542 109.0928 109.5159 107.4937 108.8945 109.0614 102.4141 101.4981 101.9826 102.1735 102.5228 102.5414 104.6947 103.9277 114.5400 105.3064 107.0678 110.3443 118.0076 108.8060 109.2632 120.1214 113.9893 108.5550 109.4831 108.9767 131.8300
114.7800 114.5564 113.9553 113.6350 113.2698 112.8632 112.5966 112.4341 112.3004 112.2645 112.3219 112.4708 112.6992 113.0048 112.9307 114.8549 113.7501 114.9171 115.0191 115.4489 115.9427 111.8555 116.4565 114.7303 101.8571 96.9712 103.3894 103.0953 114.6265 120.3213 108.9101 109.6143 119.4651 106.2513 99.7642 105.8592 108.9036 107.2309 107.9038 111.4451 111.9393 112.7305 107.8440 102.3430 101.9501 102.1003 101.9289 102.1819 103.9122 104.6690 106.1917 105.8995 105.6625 106.9296 111.6018 116.8565 117.2179 110.4595 119.0769 118.4337 118.9281 109.8049 112.8752 121.2900
115.4500 114.9967 114.5963 114.2654 113.9201 113.9073 113.6233 113.2283 113.1616 113.1310 113.1756 113.2967 113.4840 113.7476 114.0064 107.0618 106.4677 115.1492 115.4674 115.8267 117.0875 111.7003 108.8440 114.0251 120.8330 109.4659 114.1254 100.3228 100.5148 114.6552 119.0938 108.3210 109.5429 96.7412 99.8424 99.1909 105.2523 101.3499 104.3641 109.0257 110.1781 110.1402 112.8230 109.7312 101.3654 104.4028 103.3962 103.7135 104.0189 102.6749 105.4244 105.9266 106.7889 107.1914 106.1170 114.4177 106.6491 109.2058 117.5409 119.8534 113.3921 116.0258 111.4753 120.2400
115.5100 115.5330 115.2012 114.8946 114.8393 111.4832 114.0237 113.9867 113.9355 113.9194 113.9529 114.0583 114.2142 114.4315 114.7297 116.6464 96.3750 115.3560 115.9679 116.2795 117.6879 109.7786 93.3514 100.7741 109.8851 112.0080 95.2084 106.0704 102.5296 103.8236 107.6098 111.9000 115.7613 96.8070 98.1234 100.0678 107.8482 108.7279 108.3216 105.3572 111.2554 113.1355 107.8853 102.3712 103.6791 102.8700 107.6631 105.7708 106.2454 104.6944 105.1442 105.9938 105.0370 105.7395 111.8987 111.9684 113.2347 109.6447 109.0875 116.3130 116.6995 118.8476 104.9642 119.6500
116.5600 116.0354 115.7526 115.4855 115.4001 114.2011 115.1407 114.6541 114.6553 114.6343 114.6697 114.7544 114.8934 115.0988 115.1797 115.4764 117.1713 116.0859 116.7056 116.7265 115.7530 96.4243 96.8405 112.7808 94.6884 98.5574 117.0813 117.3208 99.2785 115.1297 104.2953 106.0293 98.1544 102.2914 104.0415 100.7810 109.9277 108.9709 110.2937 102.5991 116.3881 111.7069 100.8309 101.3193 101.3347 101.9396 102.0904 102.4823 102.3040 103.1824 107.4266 106.9528 108.3147 106.5490 117.4119 119.3877 115.5480 113.2687 114.8056 115.1016 115.5218 111.5032 110.5359 113.8000
116.5600 116.5412 116.2741 116.0348 115.7810 115.7315 115.4689 115.3796 115.3163 115.2984 115.3275 115.4073 115.5178 115.6540 116.0619 116.0628 116.2015 117.0024 115.4263 116.6271 115.3774 95.4506 94.7703 105.6457 99.5715 101.9611 105.1944 105.0837 97.2350 104.5924 102.7228 107.1842 105.7369 107.7864 109.5482 102.8903 101.1769 101.4208 108.8917 106.9714 115.4100 99.1459 104.6941 101.9015 102.8963 103.3225 101.3881 101.6121 105.5577 111.1929 104.7256 104.7994 108.2076 110.3318 112.0981 114.9719 108.0785 121.4425 121.8025 122.0733 111.4165 107.4413 117.8018 121.0800
117.1400 117.0105 116.7732 116.5644 116.3794 116.2084 116.0893 115.9892 115.9299 115.9206 115.9488 116.0126 116.1053 116.2258 116.1385 117.3848 115.8644 118.0358 119.2145 106.4687 113.4525 95.1182 96.5628 98.8506 101.4804 103.0851 101.2057 108.1681 109.2243 98.7596 104.4359 106.2603 109.2659 109.7930 108.3087 115.2282 100.2588 105.4113 102.2163 109.8386 107.3214 100.1676 100.8066 102.3516 103.2230 107.8285 110.8350 112.5369 110.7802 109.9909 109.9683 103.9972 106.7135 113.2052 111.5565 108.2096 115.2616 112.9136 114.5746 114.7756 107.1603 102.7241 121.6739 105.5600
117.6400 117.4678 117.2540 117.0681 116.8964 116.7517 116.6410 116.5583 116.5069 116.4961 116.5135 116.5731 116.6762 116.7177 118.7176 116.6270 100.8631 114.0931 104.3770 98.5868 123.4748 114.6968 98.1997 100.0610 100.1712 108.3185 97.4897 102.1888 107.1153 109.9491 100.0609 100.2661 100.8265 109.1472 109.5539 114.9746 99.6388 102.2356 105.7163 111.0244 101.7451 102.9283 103.1942 101.0181 102.3398 102.1649 114.0804 110.6298 106.5840 111.6664 108.8179 103.5045 105.5393 118.1268 107.0903 110.0697 110.3729 112.6571 120.2121 120.8387 113.3737 110.9480 114.2349 105.5700
118.1000 117.9115 117.7145 117.5477 117.3931 117.2659 117.1667 117.0939 117.0501 116.9807 117.0951 117.1293 117.1764 117.3250 117.8571 99.5866 117.2952 121.8082 95.2832 99.1077 103.8099 112.0780 104.2332 100.5692 105.6068 114.6340 102.8638 105.5708 102.9784 105.3104 112.9121 102.0478 100.0511 102.0732 105.7952 102.2181 100.5222 101.6899 102.1313 108.1175 108.5005 103.7643 102.1057 110.1411 110.5408 111.3399 103.3794 104.2004 104.4896 109.7254 104.9786 103.4294 103.8519 106.7262 116.3086 118.1070 120.7668 120.9506 123.1797 116.4201 113.0084 125.1890 119.6191 115.4500
118.5200 118.3305 118.1567 118.0008 117.8678 117.7540 117.6607 117.5936 117.5530 117.4188 117.9520 116.8306 117.7990 117.6502 112.8262 117.4389 120.1161 106.8082 108.3139 98.2170 93.6805 113.2491 101.6531 102.3700 120.1802 105.3433 109.7625 104.9901 107.8436 103.1042 111.6774 111.2393 106.6586 102.9239 102.8465 100.3453 100.2262 100.3335 102.5564 105.0028 108.6169 109.0585 104.7765 105.0786 103.2170 112.7587 112.6088 112.6176 109.1730 106.9372 103.9846 110.8200 111.0687 103.2655 104.4793 105.3333 104.9599 112.3325 116.2540 115.3578 105.2631 119.2555 124.7540 124.7800
118.9600 118.7373 118.5784 118.4374 118.3143 118.2189 118.1238 118.0956 118.0702 117.8362 117.5973 110.5363 118.4582 119.3554 116.7628 96.6536 108.3300 106.5233 113.1922 98.8398 99.6137 109.5168 115.5196 105.4410 120.7917 105.1545 107.5584 106.8598 111.1766 112.1602 108.3419 104.6587 99.2678 116.8703 105.7362 106.6192 106.0197 112.8454 109.1338 104.1928 105.8141 108.2843 110.4814 114.7079 109.3569 102.4797 105.0491 114.6373 115.0546 113.4561 111.4848 107.8268 108.8082 110.9758 116.9790 109.7140 104.1991 123.9778 109.5562 112.7825 117.2508 124.6718 123.9866 124.5900
119.3500 119.1307 118.9835 118.8563 118.7528 118.6430 118.6160 118.4315 118.4178 118.3920 119.3564 112.3902 118.8164 118.1986 103.5577 102.8716 101.3032 113.0192 99.5776 100.7861 110.7598 112.6384 107.9802 101.6872 112.3136 109.6486 107.1112 109.8223 109.3511 110.6705 100.9168 104.2758 99.8574 113.1509 118.0051 109.9139 109.4068 113.6435 111.9337 108.6016 107.4382 108.2866 113.3331 116.8613 110.6622 103.5021 104.7951 105.9920 106.8813 109.8940 116.4528 109.8964 117.1598 118.1709 117.4095 119.9401 128.0711 130.1606 110.9471 112.5366 109.9355 113.4792 113.4276 115.6900
119.7300 119.5072 119.3761 119.2628 119.1491 118.9995 118.9753 119.3413 118.8974 118.9253 118.8060 119.7315 119.0367 119.2726 100.6328 99.7557 115.8447 99.9113 101.4528 117.0753 103.4871 104.1828 111.0848 113.5139 109.0685 108.2433 108.5371 109.2005 104.8596 103.7111 100.0579 109.5282 99.0169 110.5217 117.4384 118.9430 109.6951 119.0900 113.8672 112.9831 116.4826 112.0314 111.3516 116.8831 99.5254 110.5843 108.2512 107.0669 105.3648 111.4597 115.3701 115.6163 117.7020 118.4981 119.6096 120.2943 115.1343 124.5550 127.4580 130.2960 108.9113 105.6758 105.5285 115.7700
120.0900 119.8717 119.7508 119.6215 119.5696 119.2772 117.1831 111.4013 119.5102 119.3478 119.4009 119.3462 119.4151 119.4323 120.2521 98.4900 99.5974 109.8962 101.2767 108.1290 108.8623 106.9679 117.3254 109.0488 107.6641 111.2915 105.7915 110.8737 119.2839 110.0341 104.8118 101.5704 99.5569 104.8628 106.3046 115.6987 118.9587 116.0790 120.3583 117.9181 117.5358 104.7414 109.8426 107.5284 102.2696 110.4453 113.2053 110.4956 109.6709 107.4506 108.7871 108.2639 115.5959 115.5855 119.5698 124.7731 106.1005 123.5059 128.2407 126.8373 124.3442 112.4503 105.2915 105.9000
120.4300 120.2153 120.1112 120.0031 119.7602 120.8285 99.5920 122.0242 119.6193 119.7274 119.7302 119.2406 119.7858 117.1654 120.6543 106.9040 101.1694 106.7065 106.7749 101.5643 110.5454 105.7153 119.1152 102.1513 109.7661 112.1014 104.8047 84.3854 111.4649 109.6100 99.0696 101.0677 102.5155 103.0253 106.6694 111.3884 111.8820 112.6048 111.9162 113.4685 111.3441 111.9415 104.1169 101.9765 105.6102 110.8231 110.2640 111.2442 113.2387 110.5634 111.4667 108.5386 108.4139 108.8670 114.4463 119.8546 113.6652 112.9583 115.6881 121.1413 123.4661 131.8074 111.4300 106.0400
120.7600 120.5683 120.4628 120.2944 120.2201 121.7585 121.4842 119.9528 120.1292 120.1017 120.1181 120.1473 120.0282 120.6021 112.9691 105.8200 105.6724 121.3216 103.7680 114.2326 103.1136 102.4351 100.0199 120.1298 102.8690 112.5063 122.3579 101.5124 101.6097 103.8466 100.5745 101.7951 103.2652 108.0366 105.6762 100.7392 102.9288 101.7881 99.8864 99.0049 108.8328 108.0995 110.7478 102.6962 107.2397 113.0648 119.9209 109.9633 120.3057 125.6551 116.3965 120.4729 110.8609 110.0890 111.0284 115.7697 115.2897 112.2638 114.6933 119.4733 125.6983 115.3997 113.9687 106.0400
121.0800 120.8152 120.8687 121.0248 120.4527 120.2662 120.2831 120.5309 120.4674 120.4694 120.4744 120.4873 120.6016 120.8376 115.8948 114.1508 112.1052 123.4182 101.7848 102.2649 106.0529 101.7905 96.3112 108.5427 99.5352 105.6676 107.1721 112.5119 92.2749 99.5143 103.7497 101.1284 103.8931 109.5275 107.1648 104.8865 104.6968 101.8738 102.7418 115.7065 100.1660 101.5126 105.1800 102.6607 103.8316 120.0593 127.9592 121.8731 130.6034 129.6470 124.1226 124.7592 117.7534 115.6219 111.9453 110.4693 111.5164 116.9667 115.2942 122.7961 122.7418 117.7500 111.6948 106.0900
121.3700 121.2521 119.7070 118.1768 120.8545 121.0071 120.9071 120.8284 120.8175 120.8092 120.8219 120.8233 120.8374 120.7433 121.7674 113.9499 114.0798 118.2813 102.1099 108.5584 103.0753 111.7313 97.3849 110.6676 115.9164 99.1227 107.7183 111.6138 108.1689 101.5890 107.5076 101.2940 102.2806 105.0245 110.5221 104.7942 108.6737 103.7958 106.6203 116.8435 120.6231 111.6320 99.4299 118.9455 103.8795 110.8501 121.8810 126.4992 128.4356 129.1708 130.0603 127.5809 127.6721 120.9916 117.6407 115.4492 118.8357 111.7606 122.0935 125.5761 115.1885 124.3391 122.8758 106.2100
121.6800 121.4030 118.3158 121.0794 121.0337 121.2708 121.1933 121.1680 121.1554 121.1493 121.1635 121.0649 121.5483 122.3480 116.8247 116.6320 117.0436 115.3205 111.4081 115.8552 109.0804 113.3317 104.0893 102.2953 120.3408 110.0544 101.6261 103.5623 100.6359 106.0603 106.3148 107.7595 110.6446 111.5829 104.9868 101.4069 103.5849 109.4236 109.2130 110.6055 115.4406 115.4683 102.7367 104.0258 103.8131 115.0570 109.6699 123.9555 126.5429 126.4351 129.8549 129.8645 132.1990 116.5459 125.6374 119.8807 133.8160 126.9427 122.1266 125.7954 125.4127 119.2882 110.1339 106.2400
121.9700 121.6468 122.0959 121.5735 121.6319 121.5538 121.5164 121.4841 121.4716 121.4656 121.4356 121.4965 122.2286 117.5240 109.7809 109.8621 115.4264 113.8832 103.5563 105.3611 111.1543 110.3018 105.5490 101.0852 113.2000 112.6492 112.7610 101.6952 105.8791 100.2275 105.6082 107.1775 108.5056 118.0141 105.9311 110.5453 108.0568 109.9469 110.2651 110.2730 109.9830 107.4538 101.5816 122.8443 120.8540 102.6910 105.7539 119.4697 120.9120 125.9881 127.3095 130.7370 130.7035 129.7371 131.5437 128.1575 112.8513 128.1521 126.1633 110.9668 120.3212 113.8348 106.6763 117.0200
122.2400 122.1409 121.9796 121.9759 121.8991 121.8504 121.8223 121.8055 121.7867 121.7949 121.7753 123.2527 117.2564 113.4548 111.3837 124.0181 121.1738 115.2404 111.5873 101.2562 110.9514 114.7066 110.4143 103.2789 110.1811 100.3528 104.6597 100.6367 108.2992 114.0713 114.4976 105.9130 111.3577 110.1895 106.8693 107.8042 109.1536 107.4437 105.6939 111.6790 111.8457 104.3094 102.4257 112.2417 127.0997 124.8788 127.0500 116.5500 116.9686 121.4140 126.0800 127.3582 129.9526 131.1040 126.3494 131.7123 132.1603 134.1992 120.1351 131.6543 114.3958 105.2488 106.0892 107.4900
122.5100 122.3604 122.3144 122.2441 122.1939 122.1592 122.0939 122.0748 122.0733 122.0989 122.1539 118.1627 111.7417 116.0951 116.3445 122.0373 119.3572 123.2711 103.2527 102.4923 102.8754 102.5196 109.1828 100.4055 109.3903 114.3431 102.5419 100.4265 105.9945 113.3490 118.3962 111.2607 107.8773 110.6808 107.3104 109.5847 111.7257 110.7952 107.3018 106.0691 113.1196 105.6578 103.6518 104.0294 126.2180 125.4578 125.5474 127.0492 128.5742 111.9007 122.4125 125.1035 127.8992 130.3554 131.5856 131.0845 118.1826 125.9760 131.5671 135.2062 131.5428 128.4879 105.9883 111.2600
122.7700 122.6506 122.5788 122.5217 122.4840 122.4237 122.5138 122.4842 122.3660 122.3720 122.2716 122.1099 119.7807 116.5186 123.9538 121.5225 115.0882 124.4676 109.0860 109.3574 111.3967 100.9725 99.0895 101.7723 107.9214 113.0276 109.7883 100.0802 113.9361 116.4981 116.3391 111.1925 111.0780 108.1962 102.3285 118.4992 117.6159 108.3799 106.7878 110.8728 111.0738 112.3721 106.3627 104.3619 105.0752 124.3494 126.7071 126.4515 127.6239 128.2586 127.5852 123.6116 125.0014 127.3876 129.3237 132.1532 133.6175 103.2344 135.4077 126.7593 132.9410 125.5141 112.7435 106.5300
123.0200 122.9051 122.8518 122.8049 122.7427 122.7563 122.2651 122.2791 122.6490 122.6573 122.6667 122.5164 123.5181 121.1823 115.8784 113.2353 103.2054 119.0431 116.2314 115.1558 114.2286 114.8781 102.8108 101.0708 104.3619 108.8509 110.0242 104.4783 115.9028 116.1993 117.6358 111.6251 112.6842 110.1608 105.2143 112.9767 118.5764 109.6463 108.1555 112.0066 109.9017 113.1548 114.3169 114.4301 105.3997 109.7488 121.5511 127.5737 127.5310 126.7724 128.2759 128.5667 124.0422 123.1211 127.2678 128.4013 132.4169 115.4804 133.8447 106.9510 133.7210 112.8601 115.4904 106.5600
123.2600 123.1622 123.1047 123.0583 123.1398 122.0623 131.4699 121.8967 122.9313 122.9195 122.9208 122.5355 124.2687 103.2465 108.1188 105.5330 113.1387 110.1881 100.3430 121.5415 113.9523 114.3793 102.3996 102.4320 102.3542 108.1953 107.5895 102.2213 101.9556 105.8191 116.5802 120.0434 113.8745 113.6102 105.8091 112.4573 114.1003 112.4541 109.4138 103.0203 113.0335 113.8811 113.5081 115.0850 115.6034 117.7921 118.7646 127.7024 127.9401 128.1668 126.7816 127.3984 129.2359 126.4781 123.9459 127.0988 127.8142 129.0629 134.4733 101.5146 111.2040 108.1861 108.0786 106.7000
123.2600 123.2900 123.3200 123.1400 123.1600 123.1900 123.2100 122.9800 122.9900 122.9900 122.9900 122.9800 123.2000 123.1900 101.1500 105.2000 101.3100 101.2800 101.4500 126.0800 106.4800 115.7500 116.5300 114.7700 104.6100 104.6100 109.8200 103.6900 106.0000 110.7800 117.4700 119.9400 119.9400 113.8300 120.4800 111.7900 114.5400 123.5900 112.3200 103.7100 114.0300 114.0000 114.4100 114.2200 115.1600 115.9600 117.8200 126.9700 127.5200 127.7000 128.0200 127.1400 128.0300 128.9000 124.1000 124.4300 124.4600 127.7600 128.2600 134.1800 109.6000 106.5200 106.6100 106.7000
