111.9400 113.3000 103.7700 109.7900 108.0200 106.9800 106.0100 104.5000 103.3300 101.3400 101.3800 101.2100 103.0500 104.8100 105.8300 106.9900 109.0000 109.8000 110.5700 107.3700 111.5000 93.7200 96.2700 94.7100 115.5700 115.9800 116.7600 117.1200 117.8000 118.1300 118.4400 119.0300 119.3200 119.8500 120.4400 120.6000 120.8400 121.0700 120.9600 125.6900 122.1400 108.3000 129.0000 104.9300 123.2700 116.6000 124.7300 112.7200 124.1200 124.4300 124.5900 125.3300 130.0100 112.5500 111.9600 115.9700 116.0100 126.5300 120.0200 106.8500 107.0900 104.7500 119.3800 118.5600
111.8400 112.8826 107.3432 109.5550 107.9012 106.4699 104.8153 102.9559 100.9410 99.2602 98.6367 99.7751 101.5468 103.5626 105.3530 106.4213 107.8620 109.5723 110.7605 108.2053 110.9160 97.3726 94.3169 111.0083 115.4012 115.6608 116.5042 117.2170 115.4772 118.2046 118.5403 118.7970 120.5979 118.2642 120.2658 120.4974 120.8411 121.2608 121.3657 122.3295 121.5990 119.2967 125.8240 115.5348 123.6523 120.8044 126.6864 129.6535 120.9801 117.4561 125.5936 120.6764 125.0128 118.6593 107.5320 111.4856 114.8601 116.7748 117.2023 112.2195 107.6486 103.4358 115.5517 118.5600
111.7600 110.9186 110.2480 108.8252 107.3755 105.6905 103.6890 101.1902 98.1255 93.9729 92.4607 95.1611 99.1832 102.0276 104.3216 106.4288 107.9326 109.2168 110.3298 109.9168 107.1598 95.0351 91.6489 102.5569 118.3840 116.4008 116.2901 116.9420 117.0723 118.0171 118.5154 118.8335 119.5174 119.5585 120.0583 120.4386 120.7633 121.1458 121.3376 121.6996 122.4646 123.2060 122.9048 123.8860 123.6203 123.8774 118.2748 122.5140 109.0941 106.5062 125.2562 116.0132 116.6970 118.1643 122.3949 107.1495 109.6777 115.2380 112.9277 115.6395 109.9660 117.9167 120.0986 123.9700
111.7200 110.9458 109.7704 108.4866 107.0034 105.1817 102.8906 99.7822 94.9816 88.4164 86.4866 89.8823 96.9131 100.8565 103.6575 105.7552 107.4721 108.9505 110.2701 111.9735 97.6961 91.6940 96.9272 95.3591 102.9857 115.4600 116.1258 117.1511 117.5614 117.9958 118.4824 118.8545 119.2802 119.6394 120.0300 120.4867 120.9498 121.1838 121.4977 121.7665 121.1316 121.8415 122.4348 121.9977 118.9450 123.9860 103.1356 107.4274 107.9054 119.3075 112.4408 109.3904 104.4007 110.3593 110.2106 103.7963 104.3949 105.8991 105.7283 106.0324 106.6318 111.9504 113.6428 109.9400
111.7100 110.8803 109.7599 108.4544 106.9023 105.0302 102.6443 99.3202 93.7333 85.8778 84.1557 87.8825 96.0341 100.4743 103.4453 105.6510 107.4047 108.8662 110.0064 112.7797 94.2394 93.2051 100.6129 95.5844 93.5250 115.3265 116.0769 117.0010 117.4986 117.9617 118.3501 118.5355 119.3945 119.7205 120.2454 119.9174 119.9989 121.1542 121.3578 121.1743 129.7455 121.3071 123.7114 126.5071 119.4737 112.5347 108.5065 112.3847 112.8997 114.6521 117.3070 107.8098 102.6514 101.7812 102.3034 103.6901 102.7875 105.0289 103.9474 103.8534 107.9800 108.9644 108.7981 110.1600
111.7300 110.9511 109.7999 108.5054 107.0338 105.2714 103.0207 100.0097 95.6637 89.5486 87.6385 90.8783 97.3068 101.0540 103.7748 105.8523 107.5504 109.0232 110.1517 107.1979 110.1717 96.5331 97.2946 93.8131 115.1492 116.2495 116.2776 117.0217 117.5255 117.9634 117.9797 124.9506 118.5359 119.5238 119.6903 122.8584 131.8183 120.0654 121.4994 123.5652 108.3667 125.5583 113.4545 116.3434 112.2405 102.0155 100.8569 102.8876 102.7053 103.7165 105.4184 108.7774 107.1473 107.4293 108.5455 105.4617 111.2488 111.3538 104.0210 104.4828 103.7186 113.1317 112.6099 113.7500
111.7900 111.1344 110.1657 108.8442 107.4386 105.8563 103.9225 101.5774 98.5441 94.8824 93.9721 96.4622 99.6838 102.3553 104.5455 106.3731 107.9200 109.2334 110.3817 111.6411 111.9518 105.9334 89.4161 115.4700 116.4754 107.2212 117.3664 117.0508 117.5486 118.0337 118.5438 118.8051 119.0282 120.2866 120.4522 126.7529 120.8833 121.2599 121.2768 117.1753 103.3752 104.7569 111.9565 115.8895 110.2840 105.0134 112.5099 120.2026 121.9941 104.4527 118.1874 107.4925 105.0124 107.9201 103.4378 107.9473 117.1011 112.7098 103.7796 103.6248 114.3016 116.9272 118.1451 118.5700
111.8700 111.2890 109.9709 106.7411 108.1759 106.6874 105.0841 103.3500 101.5616 100.0639 99.5230 100.4291 102.0733 103.9073 105.5945 107.1117 108.4629 109.6560 110.6885 111.7384 112.4761 113.1227 93.8355 117.6468 115.1685 116.0306 116.7892 117.1445 117.6246 118.0959 118.6180 118.7330 114.3752 117.4673 103.4992 102.0052 120.6075 120.9386 121.5031 127.9746 114.2388 109.9274 103.0090 103.1687 107.3787 107.8201 108.9824 110.1804 122.5213 122.0157 122.7856 123.7729 124.6792 116.7992 113.4696 109.9788 117.3043 102.4334 103.6785 121.0095 128.2053 129.6093 131.0600 130.1600
111.9900 111.7232 111.1138 110.1344 108.7369 107.6051 106.3525 105.0671 103.8865 102.9840 102.7385 103.2153 104.2212 105.4702 106.7383 107.9710 109.1181 110.2123 110.9360 112.2540 106.8799 109.7956 92.2470 113.9953 115.7467 116.0728 116.6842 117.2602 117.6648 118.1609 118.6068 119.0344 119.8265 121.4689 117.1463 107.7772 102.4698 116.0204 120.0401 118.3228 128.4585 107.0173 109.0882 105.6747 125.2847 125.4816 113.4032 114.9220 114.3309 114.2299 113.4369 115.1464 109.5869 106.9853 112.4086 102.1294 102.8432 103.7251 106.0066 130.4314 123.7185 124.8293 128.6973 110.8600
112.7200 112.1916 111.3415 110.4612 109.5527 108.5801 107.5909 106.6450 105.8191 105.2634 105.0888 105.3993 106.0461 106.9244 107.8945 108.8904 109.8373 110.7712 111.7188 110.0696 113.0894 100.1505 94.8849 93.7199 117.8550 116.0060 116.8788 117.3930 117.9567 118.4245 118.7131 119.1213 120.2081 105.2675 103.4621 109.9527 113.4642 122.5760 108.9079 112.8028 96.8097 99.2155 99.7360 99.9588 110.0484 118.7053 105.7782 113.4564 117.4458 115.0030 114.8275 112.7514 101.2950 103.4606 107.5857 107.5070 104.2906 102.5586 124.3774 121.6044 122.3423 125.2757 114.0044 105.1000
112.8700 112.6614 111.9373 111.1587 110.3488 109.5471 108.7614 108.0423 107.4493 107.0776 107.0475 107.1512 107.6113 108.2479 108.9942 109.7909 110.6255 111.2322 113.2920 108.3948 109.7876 115.7146 112.0455 116.0927 116.8858 116.5350 117.0005 117.5709 118.0625 119.6607 118.8181 119.3381 118.4511 124.7505 117.3965 115.9571 113.2401 123.7107 103.9452 104.0324 99.7353 101.0104 100.9957 101.3322 100.5422 99.9439 102.7924 101.3458 116.9305 102.0560 113.8312 102.0620 103.0145 103.5580 107.0873 105.4264 105.1582 104.7666 116.4759 121.9881 123.5812 117.6212 109.6815 105.1000
113.5600 113.1536 112.4889 111.8195 111.1408 110.4773 109.8407 109.2719 108.8516 108.4728 108.1333 108.6557 108.9581 109.4422 110.0298 110.6766 111.3620 112.0969 109.3141 113.9019 106.2321 114.8047 113.2086 116.2269 116.0522 116.8136 117.2204 117.6844 118.1153 118.3708 119.5199 120.1753 119.9923 126.9928 121.5954 104.2248 99.6569 120.2612 110.3375 104.9503 100.4082 100.8929 102.2479 100.6866 101.1144 102.2246 102.0056 101.8775 120.5291 105.7484 106.2878 102.2878 103.5415 102.8171 103.4157 103.6967 104.5325 106.5884 105.2633 110.6797 115.5191 110.4682 103.6402 105.1100
114.3700 113.6669 113.0764 112.4932 111.9127 111.3519 110.8407 110.3942 110.0187 110.9970 112.9546 109.5770 110.1711 110.5234 110.9916 111.5197 112.0944 113.1061 108.0031 107.1360 98.9892 116.3307 102.5646 113.1135 116.0938 117.0379 117.4427 117.8191 118.3691 118.8416 123.2699 110.2852 125.9814 134.0777 109.5507 106.2197 108.5645 111.0301 111.4584 105.4692 97.5950 101.8200 104.4268 102.9006 103.1257 104.4417 106.2458 101.9635 109.7837 107.4356 102.6842 102.8804 103.3953 108.1356 103.8501 102.9375 103.8973 103.9156 103.2871 100.2338 100.5284 102.0307 107.9643 105.1300
114.4700 114.1558 113.6566 113.1477 112.6493 112.1780 111.7547 111.3948 111.1255 110.9309 110.9467 110.9154 111.2052 111.4965 111.8729 112.3198 112.8127 113.1656 114.1295 101.4635 113.5705 115.5153 111.1455 112.2546 116.4375 117.2489 117.6270 118.4632 118.0857 121.5332 110.0128 123.6914 122.3679 119.0124 111.7322 109.7047 112.3879 112.5754 113.5693 102.2350 113.5250 111.2575 112.2524 109.2678 99.7150 116.7288 105.5654 103.9497 103.7057 107.0103 115.0958 102.9023 102.7741 104.3398 105.1573 113.9652 104.8653 104.5138 102.7588 123.8490 120.1422 120.6735 109.5623 107.7100
115.1700 114.6930 114.2326 113.7988 113.3529 112.9589 112.6041 112.3005 112.1038 111.9801 111.9363 112.0124 112.1460 112.3859 112.7069 113.0666 113.4873 113.9352 114.3551 110.4295 116.4735 115.1977 115.3823 117.1043 117.1946 117.5237 117.9400 116.4493 116.8664 127.6525 119.6816 122.2675 109.7021 112.8758 113.1629 113.6358 116.3519 112.1212 109.2261 101.2464 105.2137 117.2935 117.5763 117.6758 112.9879 118.8509 113.6181 114.8220 118.6577 107.5082 110.6911 104.8247 107.7479 104.6034 103.6424 111.2381 104.8532 105.5071 108.6390 116.7491 116.6043 115.6309 109.9204 110.8100
115.1700 115.1163 114.7454 114.4007 114.0158 113.6803 113.3824 113.1389 112.9464 112.8319 112.8124 112.8651 112.9995 113.2042 113.4671 113.7877 114.0778 114.4815 115.0307 115.2790 115.7957 116.2710 116.6980 116.9783 117.3741 117.7764 118.3301 117.2351 120.5827 122.6461 108.1239 114.4298 106.0079 103.4312 112.2596 107.9348 112.6037 104.7911 101.9855 111.0341 98.5949 100.1250 101.2900 113.7085 117.7943 118.3697 118.7923 119.6340 121.9370 119.8282 119.2274 122.7168 120.0850 110.8052 111.0467 119.1026 104.1413 112.8636 113.9281 107.3835 106.7746 108.3870 105.5852 105.2700
113.3700 116.1410 115.4198 115.0338 114.6287 114.3637 114.1041 113.8948 113.7496 113.6517 113.6303 113.6790 113.7825 113.9568 114.1905 114.4517 114.7228 116.2467 115.4652 115.7907 116.1572 116.5717 116.9298 117.3420 117.5777 118.2488 118.2596 118.7396 118.5491 119.9956 104.1835 102.5106 112.2968 110.8998 102.5238 115.9635 113.4131 113.4100 99.4670 101.5953 99.8131 118.9132 104.2224 111.7987 121.9010 117.8388 116.9990 120.0358 109.8661 103.2302 103.3621 102.6887 124.5986 101.8339 103.2207 104.6117 106.2859 110.8787 110.7917 123.8135 130.0107 120.5609 113.0089 105.2800
116.4000 116.4794 111.7630 114.8050 115.2209 114.9944 114.7808 114.6000 114.4670 114.4145 114.3935 114.4120 114.4997 114.6367 114.7817 115.0634 115.3409 115.6913 115.8895 116.3186 116.5821 116.9618 117.3053 117.6627 118.1594 117.4336 119.1312 117.2615 118.4314 117.3886 107.9064 119.9733 108.7456 107.2339 113.9183 109.6859 114.4826 99.2623 106.9848 103.0988 100.3793 109.1272 117.2237 117.4617 116.9577 122.3689 121.9238 122.3267 120.1226 121.4904 102.4613 102.5847 116.3874 111.4309 103.3919 103.5785 119.1299 131.2298 130.2577 117.5191 115.0741 114.3224 113.1143 105.3000
116.8800 116.9898 112.6255 116.4214 115.8901 115.5995 115.4116 115.2489 115.1550 114.9704 114.9939 115.0941 115.1712 115.2726 115.7664 115.6003 116.3239 116.0709 116.3774 116.6510 117.0555 117.3478 117.6921 117.9105 118.5979 113.1210 111.1109 111.8937 110.8358 113.2030 112.2548 108.6088 99.6406 99.8917 116.6035 116.0914 116.2146 99.4563 100.2296 101.0176 109.3217 100.4383 103.6212 117.7084 117.8053 119.2186 110.3838 117.3655 118.2228 114.2155 101.8082 103.5361 102.9799 104.4421 104.5575 103.7951 104.4303 105.0999 131.1793 131.0687 128.1296 126.6626 110.6391 133.5600
117.4600 116.5002 114.2933 117.0602 116.3275 116.1677 115.9936 115.8738 115.7087 116.1941 115.8087 115.7263 115.7772 115.9377 116.1882 110.8169 115.4135 117.2050 118.0410 117.7544 117.1844 117.7425 118.0224 118.3919 118.1462 110.2014 99.0863 101.2328 99.5249 98.4178 103.6713 100.3052 99.5012 102.0613 101.4078 117.6505 116.3471 112.2179 100.0897 100.2856 102.0253 102.9905 112.8754 114.8451 115.8701 118.9357 120.4768 116.7651 100.6990 107.4663 110.4730 103.1988 103.7974 103.6054 103.2443 100.9246 123.0996 109.6355 119.1725 122.2255 131.2049 105.3232 133.3506 133.7900
117.4600 110.6497 112.1004 116.9488 116.9040 116.6967 116.5707 116.2256 116.4082 111.1278 116.0420 116.3924 116.3552 116.1727 115.9954 112.0715 116.5586 111.3535 109.0894 114.5632 117.7957 118.0759 118.3951 118.6547 119.6951 113.5238 97.5043 98.2121 98.6944 99.2576 99.4321 104.5472 102.3901 100.2714 106.3109 103.4456 103.2983 109.9644 98.6653 101.4854 108.0667 109.7842 103.9911 111.8761 112.4032 115.1444 114.2516 120.7051 107.2244 106.9278 110.1576 108.5008 102.2497 104.0915 102.5130 115.4202 137.7298 106.4015 128.0917 126.2661 119.5655 114.1249 118.6610 123.3000
98.4000 97.0573 118.9313 117.5319 117.3450 117.2122 117.0769 116.8628 116.6617 117.8349 118.9801 116.5701 116.9197 116.7614 123.1427 116.0563 105.5608 95.2296 116.7479 118.5926 118.5864 118.4824 118.7767 119.0043 119.4792 105.5500 101.0946 99.4332 98.9251 98.5525 98.7449 98.9698 106.5830 112.5667 109.7217 105.1965 108.3947 106.1136 103.6450 108.1539 107.6401 111.4483 113.6600 109.3395 100.6509 112.1135 110.8691 115.0535 116.0256 105.9582 118.1914 106.8022 110.7127 104.3935 103.2633 125.7620 122.9216 114.8347 139.9765 133.7021 126.9469 125.5209 120.9733 125.5400
97.7200 110.8792 119.5350 117.7986 117.8269 117.6985 117.6035 117.0544 116.8161 106.9540 116.7603 119.4971 117.2710 117.4651 118.2849 118.6016 105.4924 102.8810 119.9266 118.5064 118.4323 118.8951 118.9867 119.7347 117.8142 117.6821 114.2545 97.9685 99.5360 99.8959 100.5879 101.3256 103.0661 101.5578 103.8727 106.2976 102.7866 100.2124 104.0859 106.8215 111.1938 116.1794 114.0815 118.5391 112.1416 107.3470 104.5252 113.1054 121.6706 109.4395 114.6635 110.3461 113.4489 102.0263 103.4548 100.3177 98.2237 114.7771 120.9881 131.6027 138.6429 136.9485 126.8778 122.7500
118.8200 105.4509 119.4008 118.3296 118.2320 118.1438 118.0980 117.3081 117.3141 94.8518 96.4889 120.0616 117.7128 117.9335 118.1339 118.7506 104.7206 98.5381 121.0097 118.6305 119.1215 119.2061 120.1586 112.9841 123.3192 118.1772 108.8229 98.9885 103.2277 102.7923 105.6056 102.1631 102.3080 110.0050 101.5475 103.7305 108.2421 101.8663 101.2120 110.3574 101.7186 110.1690 113.4778 116.5071 119.5763 116.9722 119.5075 106.0631 116.4597 111.9377 126.8194 118.9338 115.8103 111.8590 103.3643 114.0000 122.8162 121.8412 95.7703 123.2049 112.4161 128.1521 136.6821 136.6600
97.2300 109.3448 119.9923 118.8469 118.9201 118.6831 118.5299 118.2669 117.5400 97.9983 98.0331 120.9054 118.2018 118.4367 118.5187 118.5461 120.8760 99.2297 128.9550 118.9355 119.3687 119.4415 118.6653 113.9695 118.5032 105.7813 106.5170 107.3817 103.5722 102.5082 103.4740 107.1465 105.0067 107.4237 101.3972 100.3957 106.3438 113.0927 107.6981 104.8521 111.8085 103.3617 108.7945 110.7765 114.6257 118.0022 118.0421 119.4370 117.3463 107.8596 110.8408 112.2050 132.2933 126.1432 121.6873 120.0714 127.3652 134.7205 129.8549 131.1006 123.7659 128.9179 130.7633 130.1600
98.1200 113.4882 120.2586 118.8874 115.9321 119.0154 118.5332 114.1872 119.6070 105.8066 96.1812 118.9327 118.5539 118.7117 118.8604 117.7859 119.3263 102.7982 112.9256 119.6477 119.7134 119.9063 122.0846 136.2235 106.6935 106.4638 103.3034 100.9361 104.7338 106.4727 111.9017 119.8916 104.8357 100.9535 100.5317 100.5181 106.9504 110.2187 115.6433 105.0829 105.4997 112.1533 112.6330 106.9577 110.3739 111.6544 118.9889 118.9471 120.2544 121.3835 119.5695 113.1533 120.5617 109.9695 117.5622 128.4732 123.3690 114.0193 116.8478 125.3735 137.2558 137.0709 136.0223 136.0300
119.9900 120.9072 119.5939 113.0524 116.9206 118.8163 118.8204 113.3733 122.0843 99.5244 103.6881 103.7004 118.4486 119.6893 118.9659 119.8852 118.7614 112.6800 119.9135 120.0007 120.0231 120.4307 120.1157 120.9262 111.4557 107.4581 104.4862 103.6251 105.0448 103.1158 112.5265 124.1195 118.1288 102.5854 100.9125 100.8554 102.9313 106.6350 107.8240 115.7694 113.5865 104.5563 116.2608 107.6356 105.4866 110.9851 111.8436 120.0165 116.0402 120.1617 110.9790 108.9483 119.1228 118.1653 112.1923 112.9094 136.9665 126.9625 118.9637 115.8200 118.4933 120.9703 132.8171 136.2300
120.3300 119.9903 120.3733 120.4439 120.0483 111.9922 118.5505 103.7567 122.5822 101.2253 107.8933 122.8558 120.0932 120.4286 110.4278 119.7992 119.8319 120.2956 120.2236 120.0721 120.3557 120.2284 120.4281 104.6795 113.1428 108.5400 109.4688 107.2771 100.2012 105.6773 114.3309 113.7281 106.1481 108.4218 107.4572 100.1659 106.0902 107.3244 106.7776 109.1090 115.7673 116.4201 114.2352 106.4602 105.2686 125.3245 105.9678 110.9306 117.0516 113.9164 103.1207 104.8249 125.4404 131.3344 116.7542 121.0247 109.5014 121.2367 132.9259 123.1034 126.0574 124.9301 123.6657 124.2100
120.6500 120.5900 120.4027 120.2449 120.4673 112.9614 121.3499 109.8205 104.2341 107.1199 115.0788 120.5223 119.7221 119.9660 120.7020 121.0153 120.2218 120.3143 120.4454 120.9145 119.9818 120.8086 116.1630 114.2291 102.6719 112.1933 111.7499 106.8203 108.0415 105.0580 109.1150 111.0198 114.5870 107.7312 108.6724 101.7022 105.1246 108.2389 107.9356 117.7452 116.0959 112.8918 116.8198 116.8818 110.5770 112.3048 104.4400 117.0097 113.9263 104.1378 103.8452 110.8791 105.5477 124.7431 128.4147 132.7424 122.4530 123.3013 116.9035 120.0051 135.4876 124.3375 127.0701 126.9100
121.0000 120.8657 120.7716 120.7026 119.7102 104.5217 120.4842 105.8209 104.2648 122.6927 120.9250 120.6703 120.3068 120.4054 120.3589 120.3333 120.5965 120.7087 120.5764 121.4632 110.9261 127.5676 110.9619 103.1680 106.1644 109.2119 103.6753 110.5188 119.7641 105.8744 102.8074 109.9542 112.2406 109.4793 111.5246 101.9864 104.1498 112.1071 108.1646 112.9133 116.3988 121.5810 117.7637 116.8472 112.3678 106.3344 113.8993 110.2920 102.6459 105.1950 116.4924 103.6778 106.7296 121.9646 121.3166 128.6943 126.6944 125.9477 127.9185 126.5417 116.1404 136.0972 134.2238 128.6800
121.3100 121.1909 121.1227 120.8584 121.4275 123.0874 121.3637 120.6867 105.8583 112.2688 120.5833 120.5936 121.0275 120.8865 120.7494 120.9112 120.9428 121.0318 120.7180 120.0492 107.2429 107.4475 109.3116 101.3838 121.8627 112.8758 108.6626 118.3613 112.5623 117.6833 109.0862 106.1775 110.5872 108.8733 115.0754 99.7121 107.5723 112.4747 110.6808 116.1332 110.4307 118.3559 121.3012 116.7891 114.3717 102.5120 100.1786 110.8129 103.3311 103.3550 97.6432 102.7493 109.2825 103.9938 106.8957 125.9062 124.1685 130.0259 103.9067 126.6661 128.5604 128.6397 119.2407 135.9800
121.6100 121.4831 121.4004 121.3779 117.2139 112.5362 116.2445 121.9408 118.3099 120.8773 121.2442 121.4477 119.0547 112.3410 121.1538 120.8913 121.3307 121.3315 121.1009 122.2632 122.0609 101.9289 105.1459 107.3465 119.5481 106.3664 114.6380 106.7135 108.8869 111.0999 120.9019 108.0682 107.7630 114.4603 110.6823 102.1474 115.4620 117.9974 110.8431 124.1765 124.2612 114.6374 115.7880 111.7637 103.0241 106.3509 111.2599 103.0254 103.4394 103.9766 104.2673 103.8279 109.8967 105.4298 108.0331 119.2755 123.6631 124.6628 129.3091 133.5343 131.6063 116.4077 127.3683 129.1200
121.9000 121.7974 121.4761 122.2004 121.3528 112.3598 99.7056 121.3064 121.7580 111.7490 122.0897 112.8393 122.3392 100.9470 116.9778 121.4936 121.6454 121.7583 121.6574 121.8898 122.2645 122.8242 103.7805 109.8909 105.0055 112.0728 123.0961 108.3710 112.6470 112.5650 109.9224 108.4842 110.4900 109.8186 100.7486 101.6653 112.8811 114.7944 117.4784 120.3416 113.2049 113.8230 107.5977 108.0224 102.1758 107.2218 119.7093 106.9152 104.2799 108.0041 105.5867 104.7775 104.5774 103.8472 107.7993 107.8899 124.9034 126.4028 126.1861 124.5724 126.5561 103.2324 133.5063 129.1200
122.1800 121.7535 121.6228 121.9885 101.5983 104.8676 101.5539 119.8062 104.4254 114.8277 122.5149 100.6786 118.5873 122.4283 123.1302 121.7891 121.8050 119.8483 122.6596 121.5532 125.6417 114.1630 100.1192 107.1239 107.7160 104.1819 104.5937 114.3440 106.5213 116.5246 102.4337 113.6382 105.7114 106.9831 110.4619 111.6927 113.1353 102.1966 120.6195 120.6032 116.3866 105.4261 107.1615 108.5489 104.7934 106.5237 106.9794 107.8697 104.7766 104.4194 105.0767 105.0998 103.4837 116.7941 102.6617 111.4098 117.9720 127.2619 118.0989 127.1546 127.8978 103.4830 128.6914 136.4200
122.4500 123.2464 123.7409 125.8924 106.7629 106.4193 117.6090 123.5983 110.4505 110.2478 122.7574 110.8702 123.1788 121.5786 121.7750 122.0349 122.4506 118.3016 113.3770 122.2502 127.8916 102.3612 104.0446 109.1423 112.4427 107.2226 107.5699 122.2709 120.9928 113.8002 104.8304 114.0955 111.2596 103.5914 103.6985 108.6614 110.7447 108.5852 120.2210 120.3927 122.3652 106.0805 101.7220 102.1073 105.1729 103.7869 103.4094 104.0261 103.7178 104.5111 104.2632 104.5227 104.4818 116.1640 116.1435 104.6297 119.5573 113.7662 110.2721 127.6760 127.4409 118.9055 124.2136 128.0900
122.7100 122.9375 106.7313 116.5782 101.7035 99.3171 124.2126 123.1746 110.3440 124.2497 122.2285 122.4870 122.1852 122.2739 122.4212 122.4449 122.0956 120.4161 112.2939 123.1104 123.4365 121.0378 126.0098 114.7249 109.9393 114.0452 109.9050 103.3196 117.0826 107.6813 108.9190 113.0835 113.5277 113.9782 107.3731 104.7201 117.2468 114.1543 121.4768 120.8470 121.8975 108.0315 107.9049 116.4347 102.3230 104.9720 108.6011 104.0808 104.6163 104.5891 104.6669 104.8828 105.1881 105.9839 114.1537 111.2721 120.9401 113.5317 106.8914 115.5508 116.8472 128.3525 127.7718 128.2400
110.9600 114.0590 121.4089 114.4626 108.9304 99.3387 123.8258 122.8340 123.5011 122.3655 122.5537 122.4276 122.5712 122.6680 122.6140 122.6896 122.4967 123.0432 122.9019 121.4273 123.2324 123.0963 123.6220 116.1191 108.2522 110.1942 106.3341 110.0671 120.4048 109.4690 115.2661 115.4867 116.5971 114.6150 111.1932 113.9639 115.1459 117.3844 116.0406 115.3797 122.1268 121.7563 106.0997 106.7830 103.7535 104.3149 104.9558 104.2102 104.5754 105.6121 105.3330 104.8388 105.0486 105.2686 106.3798 110.8059 112.3530 122.4791 115.5767 110.4746 114.2135 130.8222 127.9988 128.6900
116.5500 102.7464 101.2676 107.8408 111.1645 104.2727 124.0496 122.2453 122.6701 122.8428 122.8199 122.8666 122.8517 122.8530 122.8923 122.9301 122.9916 122.9513 123.1531 122.6977 123.2182 123.3730 123.9777 112.5239 116.3956 115.5578 100.7403 104.5859 106.8913 101.8651 112.8741 113.1861 123.5555 116.8040 115.9747 115.9706 107.0945 114.9795 117.5773 121.3838 120.4973 117.8233 115.4731 105.9112 105.1066 104.2710 104.4066 104.8330 104.4648 105.1350 106.0957 106.0902 105.5450 102.4636 124.8720 107.9937 118.9841 116.1813 126.3648 111.3931 126.0167 118.6101 128.7181 128.6600
123.4500 120.3638 99.8108 100.4150 103.7481 105.1709 123.6661 122.9980 123.1637 123.1071 123.0838 123.0838 123.1033 123.1265 123.1548 123.1912 123.2294 123.2906 123.4287 123.3387 124.3145 123.3595 124.1757 119.4914 110.4115 110.1798 104.9383 122.7773 122.9749 117.2620 121.8459 111.6640 123.0007 120.9796 116.1573 116.7708 115.3352 116.3799 116.7882 119.9143 114.7032 122.3723 111.7912 122.1979 101.7432 106.2369 104.1567 104.4961 106.2739 105.4168 105.7524 106.3526 107.4357 108.4750 128.7736 128.3458 108.7206 108.4105 114.8565 113.1374 127.1775 119.8420 115.9428 129.2300
123.6900 122.1437 102.2209 101.7154 105.0819 120.6802 123.0431 123.1954 123.2108 123.3660 123.3438 123.3527 123.3646 123.3836 123.4053 123.4480 123.4853 123.5364 123.3027 123.2071 117.1381 123.5194 119.7396 124.1808 116.9660 117.2197 116.4398 115.0591 125.4580 120.9785 119.2247 99.8120 117.9001 116.0584 119.5620 117.4702 117.7834 114.8904 104.4069 109.7309 121.7567 116.2874 106.8479 103.4160 104.0950 123.0967 102.3867 105.2930 106.4518 106.7068 106.8580 106.3234 107.7319 108.0522 103.5327 125.3678 130.3889 110.7866 110.4074 110.1174 117.6064 127.2647 113.9341 118.2200
123.9100 125.5814 99.9000 101.4074 105.7551 119.4392 123.8645 124.0515 123.5881 123.6805 123.6168 123.6014 123.6143 123.6329 123.6555 123.6906 123.7286 123.7827 123.7518 129.5549 119.8995 121.7929 123.1276 123.8505 126.4157 119.4456 116.4936 118.5557 124.0603 126.0781 115.6040 100.4937 116.5298 113.7712 117.7321 117.4584 119.4968 120.1793 111.3963 120.8675 119.8684 120.9517 112.2940 103.7735 105.2166 103.9261 105.7141 104.7864 104.5406 105.4095 107.7050 107.4412 107.2917 108.5734 108.1726 115.2093 122.8179 114.0811 126.4266 113.5660 113.2238 110.9471 104.4575 106.6800
124.1300 125.5490 102.8096 108.5734 109.3740 107.3609 122.3249 114.1781 123.8402 123.9514 123.7616 123.8487 123.8590 123.8742 123.8986 123.9343 123.9803 124.0274 123.8087 125.0006 119.4953 124.1200 124.6025 124.2713 125.8633 112.5589 122.1484 116.3584 123.5682 126.8549 102.0948 121.7235 120.2022 111.4199 117.4688 118.8460 126.8722 120.2665 120.1309 118.7036 115.6461 119.5147 117.1418 104.6249 104.3499 109.5926 107.3122 105.2005 105.4085 108.4340 106.7161 108.0609 108.2970 108.1951 109.1384 109.9532 108.0619 124.7812 125.6158 130.9701 124.0788 111.0605 108.6676 112.5700
124.3500 124.6801 108.8889 109.0888 110.9287 121.0520 124.3010 123.9493 123.9551 124.3215 124.2488 124.0633 124.0973 124.1169 124.1649 124.1589 124.1359 124.2434 123.9931 124.3315 110.0299 115.3578 130.3999 124.2430 124.5053 119.3936 123.2958 117.2759 124.1422 109.1920 108.2256 118.5501 119.2097 117.3599 119.2377 114.1057 120.4200 119.0733 121.6803 117.9559 113.7329 111.8995 104.7664 104.6375 104.8033 103.8890 104.1478 105.5755 104.5110 105.3596 107.4343 109.6351 109.3521 109.1999 109.0390 109.9224 111.2688 109.8359 120.5425 128.1951 129.8930 109.0437 110.5146 130.5500
124.5600 125.6081 117.7183 110.2646 107.2174 117.9968 119.9935 115.3007 124.2478 121.9762 124.0517 124.1914 124.3336 124.3057 124.1361 124.2359 124.6264 124.1822 125.5337 124.9699 111.7044 112.3835 125.4222 120.9026 125.2927 126.1559 124.5109 118.6365 123.1818 127.4065 124.5369 118.4209 119.8862 118.4699 101.3521 108.8621 123.0147 122.5414 112.5171 119.5459 107.2954 105.5959 104.7306 104.7227 104.8362 103.4464 105.1058 104.2231 105.7248 106.2584 105.6512 106.2759 107.9670 109.8747 110.1268 110.1527 111.1008 112.3129 114.5341 117.1699 124.1736 118.8758 107.0479 106.9700
124.7600 125.1145 118.1319 109.4553 123.7372 124.1842 125.2062 125.1882 124.5847 124.3362 124.5476 124.5284 124.5446 124.4884 125.7617 125.8055 124.2801 126.4843 127.4110 108.1357 122.8669 122.2686 105.8470 123.4231 124.6528 118.5477 129.1805 123.6333 123.6044 126.2219 105.0429 102.1648 112.6528 124.8638 104.1414 107.2908 109.8466 121.6244 119.8001 117.2249 102.5483 104.6751 104.7063 104.8927 104.5038 121.3391 113.9939 120.8413 107.1396 107.1388 109.4430 106.2509 106.7118 111.3590 110.6019 111.1655 111.0149 111.7350 111.0160 111.6526 106.5387 112.7438 136.2800 107.1000
127.3900 124.9945 117.5069 110.5356 113.9365 125.9317 124.5488 124.7037 124.7480 124.7505 124.7643 124.7585 124.7633 124.5825 124.6774 111.1102 128.2861 125.5530 118.7021 124.8796 124.0599 113.7398 111.4976 111.6033 106.2580 105.3630 111.8848 109.3512 112.2501 121.6409 127.8864 105.2279 109.1709 114.2913 103.6294 104.3211 103.2890 119.9602 106.5490 104.8905 104.7223 104.7286 104.9411 105.3537 104.0357 117.8377 124.6767 113.1108 110.5412 105.6942 105.5649 108.1261 105.8293 109.3729 111.3649 111.6296 111.9815 111.7189 112.7156 108.8244 113.0076 108.6591 115.7967 107.1100
125.1600 119.9679 119.4979 112.6448 113.5509 125.9230 125.1111 124.9421 124.9820 124.9807 124.8921 124.9658 124.9989 124.8767 126.4215 115.9121 119.8298 113.3791 110.1456 125.2637 125.5479 114.2357 114.7942 105.1361 119.0789 118.7080 122.5803 114.3343 110.1445 110.7221 125.9669 104.4180 107.0370 103.3304 105.3781 104.6065 104.2736 105.1391 103.3372 103.0970 104.0372 105.2667 104.1768 105.6204 104.9560 108.1211 115.3687 103.2740 104.2467 107.1908 105.6497 109.0830 112.6449 119.3431 111.3837 112.7926 112.3066 112.8754 112.9658 109.1501 112.1420 114.6891 114.9743 107.2400
103.3500 106.2062 117.8727 123.5136 125.4046 125.1963 125.2013 125.4846 125.1854 125.1993 125.6484 125.2729 125.2487 124.8863 126.9478 114.3860 126.2892 119.6903 104.7841 125.1953 126.5906 113.4632 109.3308 105.8779 128.9046 121.1430 126.8589 126.5070 127.5150 125.1503 131.6481 122.6211 102.3556 104.8788 104.2991 104.4395 105.0001 107.0523 119.2264 117.7826 122.6203 104.9035 121.8972 106.3287 105.1681 105.6739 105.0882 125.6319 113.4498 104.6626 105.8771 107.8890 109.8847 110.2771 108.7340 112.5775 112.6742 113.2415 113.6094 113.6048 108.0662 114.8283 115.9008 107.2600
125.5400 120.8192 118.1610 113.5989 126.3482 125.3573 125.3658 122.9049 125.4798 125.2404 124.9896 123.3555 125.2377 129.4634 116.9556 111.0984 122.3029 104.3785 109.7902 124.0642 128.3315 112.4615 113.7412 107.7883 129.0072 120.0470 126.3989 127.0503 120.4627 128.8565 109.2080 116.8783 103.7670 104.1612 104.4109 104.7485 107.3968 119.4729 120.1367 125.3740 123.6290 127.7570 106.4104 111.9981 103.1681 105.2400 116.9827 126.4530 128.0644 106.1306 105.3111 106.5440 108.2254 120.0400 127.2553 122.3013 113.7711 116.9232 113.2226 115.1026 114.4434 114.6825 124.3106 123.0200
125.7200 121.0186 125.1581 126.7102 125.4444 125.6194 124.9957 125.2291 125.4295 125.3493 125.8135 113.9069 126.1854 123.0680 114.5212 102.6729 115.7117 120.9530 123.1085 114.4935 118.3638 113.0922 112.2064 118.3528 127.2381 122.6385 116.6751 125.3666 108.6274 130.9393 106.1236 115.1109 104.1527 112.5984 106.6483 104.6640 117.5312 125.2843 117.3394 114.4051 125.9596 122.6655 109.5521 116.8646 104.9060 105.2345 111.9732 126.4882 131.2122 111.2522 108.2623 105.2558 108.5330 111.9840 131.9637 130.5141 130.8770 131.1535 117.3189 114.6977 115.6418 114.9411 120.7845 123.5300
125.9000 121.4384 126.3787 125.6265 125.8735 125.8771 125.7342 126.3880 125.7216 125.6156 126.5796 128.0920 126.0025 119.1941 121.7262 114.2056 114.4818 129.8254 112.5921 127.6058 115.7788 113.5725 116.8140 113.8445 126.4334 115.9237 123.8844 128.3832 104.2979 107.8127 105.2865 104.8362 107.4856 102.2198 105.8148 104.8734 105.7765 121.5067 109.2135 126.4013 124.8429 123.3435 112.3938 103.5002 106.6151 110.5443 114.7901 122.2470 120.5020 113.7956 131.2553 117.5400 109.2746 105.8581 126.6411 129.6254 124.0923 132.9406 134.1396 127.4480 115.0731 116.1300 115.8027 116.2300
114.9200 126.4524 126.1435 126.0831 126.1263 125.4396 123.7219 115.3995 126.1726 125.8532 126.4025 118.4198 125.7904 121.0910 123.2161 110.0694 114.4452 117.1431 123.7949 124.1803 116.0420 113.4370 110.6080 113.1437 114.8859 113.7181 127.0584 113.2341 113.1652 105.9885 104.2141 103.4065 127.8382 129.4991 111.6439 107.2431 107.2329 129.0082 115.6176 124.7731 125.1440 126.9400 107.5699 106.2199 105.2384 123.1711 118.6154 106.6212 124.7754 128.4039 125.5720 131.4106 127.8141 122.9939 131.4195 119.6491 104.8926 129.0983 130.7495 130.2555 122.7331 115.4497 116.9692 116.5200
126.4100 126.2788 126.3108 126.2403 125.9533 127.9768 105.4870 128.4069 126.0701 125.9308 126.3959 115.2074 126.6084 127.5365 132.0939 112.7671 111.5390 110.8321 123.3991 121.4228 115.6521 113.9706 111.4087 114.3454 113.3459 107.9618 118.4290 109.3685 126.8924 106.8771 108.8756 131.0597 122.8114 125.5438 109.2906 106.0834 105.0853 123.9925 109.1889 114.4724 121.9878 117.1616 112.2349 103.6921 113.6593 122.5671 124.4746 116.4973 116.7207 128.2842 124.6059 127.6322 120.4760 132.0913 128.2230 115.8120 108.8026 131.7059 134.2734 132.9522 133.4087 123.2013 117.6611 117.7700
126.5800 126.5313 126.4245 126.4508 126.3174 127.7155 127.5266 126.1684 126.3725 126.2608 126.3958 125.4151 126.2988 122.2605 116.3643 114.3463 125.7417 124.1444 115.2769 119.3755 111.1187 104.3156 106.9758 112.4334 126.5200 112.5962 117.1626 104.5049 112.4551 110.5133 103.8269 106.7422 122.7134 122.6473 130.5275 108.3378 107.3353 107.4514 107.5189 103.6638 117.1377 119.1158 107.3672 106.6652 123.1084 127.6648 128.2846 125.8466 128.2967 128.0022 127.5633 120.1815 127.5761 130.9268 129.0268 131.0488 110.2598 115.6258 131.6567 132.1856 134.8395 136.9400 119.0238 117.7700
126.7400 126.6596 126.2548 126.6178 126.4859 126.2605 126.3244 126.5874 126.5311 126.5173 126.5327 126.6055 126.5413 125.5361 119.7498 115.4504 114.9392 127.0280 115.3210 118.1381 110.1745 109.0031 102.4088 105.0620 109.5610 117.0675 124.4539 107.6650 105.2908 108.2645 105.0781 116.6936 134.0340 130.4264 133.1682 106.1363 110.7374 108.4435 106.9790 109.8963 105.3579 106.7631 108.4982 115.7889 113.2681 128.3541 128.4043 128.8837 127.4230 127.3308 129.7663 127.2252 128.8207 129.4713 126.9611 131.0065 122.5169 115.9916 133.9261 132.3505 134.8783 112.8637 129.6931 107.9200
126.9000 126.8247 126.8359 126.7841 126.7488 126.8218 126.7654 126.7099 126.7042 126.7072 126.7064 126.7597 126.3509 125.1486 114.1916 118.9479 115.0047 120.3347 115.5698 107.2184 103.2679 123.5696 102.1181 109.6344 117.1292 125.1204 115.6111 111.2241 105.2191 107.7820 104.9689 112.3486 134.5354 133.4558 116.9022 102.6336 106.5901 108.1036 108.1979 106.3963 110.3320 109.2725 108.1058 127.4678 106.9450 129.2513 128.8196 129.1127 129.3088 125.7544 129.5464 127.1700 132.7271 129.0925 129.4691 132.7253 131.9584 133.1341 132.9913 132.9180 133.6389 110.5243 116.1192 107.9200
127.0600 127.0075 125.5065 126.3409 126.8868 126.9132 126.8897 126.8921 126.8800 126.8723 126.8449 126.7668 127.2235 128.3750 118.3487 117.5503 114.3349 120.5535 116.0385 113.4661 116.2295 126.2241 102.4846 114.4648 124.8017 119.2870 114.2854 105.6936 105.2753 109.5354 109.8021 100.9155 128.3651 134.5756 122.2944 106.2044 104.9193 109.2789 110.0186 108.1923 107.3308 107.0249 115.4778 129.0327 128.3056 128.9283 127.8432 129.3911 129.7062 134.8818 128.7219 128.6282 126.5982 109.1774 131.5527 130.1538 133.0005 132.1086 134.0426 135.1928 135.8861 134.2251 104.9065 108.0600
127.2100 127.1622 127.2583 127.1556 127.1009 127.0845 127.0664 127.0547 127.0546 127.0384 127.3363 127.1811 127.9103 120.7167 118.9573 122.7016 117.1727 120.2180 117.9076 117.8450 116.5629 117.7153 104.2192 106.3908 107.2670 107.6413 115.8867 110.4979 105.4913 111.9375 117.5800 103.3701 104.8213 133.6415 112.4986 129.9683 122.9298 113.2916 108.2173 111.1314 107.0239 108.8218 106.9298 127.9952 127.8983 129.5161 129.2077 129.7377 129.8442 131.0926 127.0136 130.1473 129.6441 128.5023 129.6935 130.3848 125.8687 117.8165 125.8675 110.9138 114.4273 135.5529 108.7886 108.1700
127.3600 127.3084 127.2786 127.2806 127.2618 127.2486 127.2349 127.2376 127.2163 127.0727 126.8975 128.4005 121.1093 113.4279 116.7671 130.1611 120.1460 106.3475 112.4078 118.6372 114.8716 110.5683 108.0231 112.1445 105.1552 107.9930 108.3628 110.4708 105.8732 114.2285 119.4620 111.2895 125.1329 128.1382 107.2930 136.9573 135.9875 115.4007 111.5239 111.5163 109.3870 106.5880 104.5913 128.7228 130.6390 129.3874 129.9959 130.4654 130.3695 130.6432 130.6435 130.1511 129.1392 130.1037 130.2559 130.3853 131.0536 131.4200 131.1108 110.3778 107.7697 108.6549 107.6429 110.5300
127.5100 127.4935 127.4698 127.4453 127.4251 127.4174 127.3540 127.3531 127.3866 127.1084 127.6905 109.3962 107.2479 118.1715 118.3892 112.3154 125.0523 118.4026 111.5480 118.6923 115.9130 108.1267 105.3738 104.9083 105.5905 105.6420 107.2131 118.4416 105.7789 118.8264 111.5372 120.7969 109.0647 109.8246 136.0911 135.7741 137.7599 123.7167 108.7794 111.9194 108.0785 106.6756 106.5522 104.8899 117.8828 131.3723 129.9200 130.6741 131.0610 130.5866 130.9680 125.2620 130.7787 129.8700 132.6431 125.7543 131.8951 131.7958 135.6204 134.7311 134.5183 130.2765 108.2549 111.8100
127.6500 127.6483 127.6222 127.6049 127.6028 127.5354 127.7344 127.6790 127.5304 127.4033 127.4799 127.9560 118.1024 116.7500 116.5339 118.3355 116.8888 117.7852 111.5036 119.8559 119.3260 105.2917 105.9205 105.8188 105.8382 105.9814 106.0171 112.7182 106.0381 113.4853 121.1850 118.3657 105.9579 106.4272 130.8580 134.9460 135.9380 103.8916 105.4806 112.5592 110.1920 105.8326 106.8392 106.7954 108.9194 131.8119 130.0806 131.1669 129.5232 131.1985 131.7228 111.2656 131.2636 130.8416 129.4291 111.3534 134.7702 132.6994 132.9304 133.3162 134.8774 117.0973 108.4524 108.4100
127.7900 127.8003 127.7748 127.7639 127.7261 127.8206 127.0772 127.1613 127.7003 127.7725 127.6794 127.4916 129.0611 122.0941 117.2878 103.5879 109.1667 116.1932 108.7015 121.1578 122.4423 107.3504 106.1693 106.9395 105.7607 105.9945 105.5520 114.2586 117.2654 119.4401 120.8804 127.1453 117.1592 105.3888 129.3748 135.9001 133.3929 132.3335 105.3499 112.9172 113.2041 112.1578 106.9288 107.9362 119.3260 127.3635 130.7207 132.9422 107.4572 131.6287 131.4665 131.9742 131.5880 136.3585 132.7977 134.9747 128.6626 131.9742 133.1870 134.8736 129.1749 117.2232 107.7754 108.4400
127.9400 127.9509 127.9251 127.9067 128.1244 126.2723 140.8789 126.2330 127.8638 127.8592 127.8885 127.7442 127.7771 112.7085 105.1801 105.2352 107.0080 108.1316 104.3760 122.8714 121.9800 107.4418 109.6213 107.5966 105.8661 106.1893 105.9583 107.1398 118.1921 116.8381 108.5936 124.6385 113.4348 105.2242 102.4129 132.2409 133.6562 136.5079 115.8144 127.2484 113.6954 112.9155 105.9590 106.0274 111.0368 116.4336 129.4220 132.6600 131.0853 134.1394 131.4419 131.9461 131.8745 137.6990 132.5778 134.2034 114.5431 133.4488 134.1405 131.9487 105.5185 107.4879 109.4318 108.5400
128.0800 128.0900 127.9700 127.9800 127.9900 128.0000 128.0100 127.8800 127.8800 127.8900 127.8900 127.8900 127.8800 122.3800 120.4300 106.0000 112.3200 105.9800 105.9700 122.9500 115.4300 106.1700 106.1700 108.2600 106.2300 106.2300 106.3100 106.3100 120.7600 106.3800 115.6000 120.6700 114.7800 106.6300 106.6000 132.2200 133.0600 137.5200 129.1900 129.1600 115.8300 114.2400 107.1400 112.6500 113.1800 119.4700 119.4400 129.6300 130.1100 131.4400 140.3000 140.7700 140.6900 132.9000 133.3300 133.3100 133.5600 133.7400 133.8800 111.9200 111.8700 108.5000 108.5800 108.5800
