122.1500 122.1900 121.9900 122.0400 121.8300 121.8600 121.8800 121.6400 121.6600 121.6800 121.6900 121.6900 121.6900 121.6800 121.6500 126.0800 121.8700 121.8400 122.0500 100.0100 108.5400 122.1600 122.3400 122.3400 122.5000 122.6600 122.8000 123.0100 122.9600 123.1400 123.2700 123.4500 123.5700 123.7400 104.2400 111.8400 124.1800 117.5300 124.6000 118.8200 121.2900 122.1100 123.8400 125.2300 125.3600 125.6300 125.7300 125.8600 125.9800 126.2200 126.3500 126.4500 126.5600 126.7900 126.9000 127.0100 127.1300 105.3300 105.4400 105.5400 113.4400 109.8800 127.9400 128.0400
122.1500 121.9943 121.9164 121.8311 121.7371 121.6652 121.6072 121.5577 121.5219 121.4995 121.4799 121.4754 121.4795 121.4885 121.4565 120.2589 119.4158 121.6033 124.5835 100.2012 111.3383 109.7068 122.5716 122.1634 123.1479 122.3927 122.6786 122.0138 117.7192 106.6093 114.0603 123.5829 110.8634 111.4986 101.6095 106.8779 107.6961 110.0655 121.3544 118.5080 113.4419 113.6986 124.1440 125.0818 125.3427 125.5450 125.2002 124.6659 126.1324 126.1012 126.2705 125.1250 126.7831 118.8973 127.6751 116.4679 112.5497 118.8119 105.8471 104.9001 113.2191 114.1150 129.8115 120.6000
121.8700 121.6958 121.4815 121.4416 121.4421 121.3567 121.2996 121.2509 121.2069 121.1777 121.1636 121.1579 121.1656 121.1970 121.2178 121.4243 121.3617 121.1552 125.3626 109.6215 101.2125 106.8511 124.2671 122.9144 116.3600 123.8943 122.9608 124.6892 103.9179 97.8878 105.4160 113.2000 101.0321 108.3457 108.2100 102.5500 99.7552 109.5061 109.6227 119.2979 120.6259 125.8095 128.1297 126.6178 125.2787 125.2405 126.2465 119.6725 126.0013 125.9300 126.1384 124.7402 123.3984 126.5054 127.6565 115.2799 114.1968 104.9991 107.0946 107.7815 113.0135 118.3293 124.6855 120.6000
121.5700 123.2444 121.6467 121.6728 121.2145 120.9964 120.9712 120.9192 120.8778 120.8469 120.8260 120.8189 120.8333 120.8556 120.8383 120.8876 120.9145 120.7568 122.8788 105.3263 107.1376 106.4489 105.7201 106.2335 113.8299 117.7224 122.5055 104.9883 118.1237 116.0939 109.4145 107.4175 99.7912 101.1129 112.3747 117.0722 104.0773 111.8526 111.0692 121.1028 113.3546 104.8859 108.9965 118.6524 125.5872 126.8827 120.5680 122.9701 126.4255 125.5461 125.9223 126.5491 124.7230 126.0410 126.7686 116.2071 108.9979 105.7954 110.0394 113.9482 116.1465 124.1582 124.1287 126.7000
121.2700 121.6645 117.8415 111.0603 121.3755 120.9995 120.6509 120.5747 120.5347 120.5030 120.4864 120.4792 120.4862 120.5112 120.5550 120.6122 120.6503 120.5174 125.5184 105.3100 127.2230 115.6727 117.9416 122.9438 124.5867 121.9278 122.6811 122.9815 112.0124 124.1189 116.5741 103.8721 104.3116 117.5911 109.3650 108.0790 113.1177 112.8042 121.7682 123.7075 125.3881 119.7415 121.5314 114.0665 118.0336 116.1931 118.2639 113.1851 118.6392 126.6275 126.4006 121.9252 127.1533 129.4923 108.2582 104.1284 112.0152 105.1132 119.0910 119.3315 117.9993 118.1977 125.8828 126.7900
120.9600 120.7591 121.4933 123.0741 121.2993 120.6757 120.3083 120.2168 120.1801 120.1447 120.1233 120.1166 120.1249 120.1502 120.1866 120.2446 120.2988 120.3133 121.2284 123.5556 120.0409 117.2926 107.3549 122.3428 119.1393 122.5708 121.2257 122.6112 119.9317 121.0960 121.7622 114.3826 102.0023 113.6586 114.1418 109.8639 116.2637 123.4905 123.8598 123.9780 107.7840 124.2489 121.3762 111.4871 117.3830 116.5741 125.0927 124.0289 127.0260 109.1914 122.8134 126.0374 120.3844 105.8332 102.0339 115.9174 116.6521 109.5985 113.9748 108.9300 105.8364 128.6052 126.8176 126.1600
120.6000 120.5121 118.8803 118.8107 119.2312 119.9923 119.9655 119.8747 119.8030 119.7658 119.7412 119.7410 119.7497 119.7798 119.8245 119.8828 119.9444 120.0178 120.2138 119.8758 120.6807 111.8109 106.8349 118.6940 105.7012 121.1430 121.4314 121.3602 121.7840 121.5591 123.7656 105.9282 111.4891 115.7069 105.5697 110.6840 117.3011 124.6596 122.7265 130.2472 126.8964 123.6224 125.6709 116.5637 119.2157 125.3765 125.4234 119.7282 116.5762 109.8589 114.2760 118.1339 102.1706 106.4199 117.1869 120.9008 111.9240 108.3547 105.6413 107.4873 127.2968 124.2538 123.8738 114.5500
120.2800 120.1973 118.7696 119.1206 119.8397 119.6785 119.5017 119.4153 119.4132 119.3956 119.3437 119.3431 119.3541 119.3844 119.4418 119.4987 119.5782 119.6863 119.7986 119.9472 119.2103 127.0327 116.6468 122.7008 120.2316 114.6145 121.2860 121.2332 120.2282 120.7356 121.2963 113.0806 119.1072 100.5289 103.2847 117.8130 123.1385 122.9730 123.3054 123.2463 124.5670 102.0911 117.7008 110.0618 114.6356 124.7770 121.9229 109.4331 125.8750 121.7025 109.7885 117.0103 113.9333 118.8847 116.6133 115.7714 104.0560 105.1982 114.7081 124.5243 122.6495 125.5741 105.9414 111.3500
119.9300 119.7183 119.7706 119.5955 119.2552 119.2774 119.2966 119.3340 119.0012 118.7849 118.9913 118.9256 118.9411 118.9827 119.0329 119.1072 119.1896 119.2947 119.4176 119.5768 119.4880 124.3920 112.1437 115.7136 120.5420 121.0495 120.1865 121.3097 117.7391 108.3765 107.2406 105.9010 110.5533 111.0628 103.0319 124.7162 122.8942 123.4156 122.9537 121.8038 113.9186 103.1761 118.9094 122.9886 116.0021 116.4661 109.0888 115.0032 126.3111 126.7939 131.7435 122.4779 122.1579 106.9806 111.7373 104.2417 105.6974 106.5759 129.3321 124.9835 123.2826 122.6073 114.0000 117.2200
119.5600 119.3499 119.3291 119.1158 119.0018 118.8756 118.9538 114.3768 115.9463 119.2211 118.2716 118.5712 118.5224 118.5539 118.6137 118.6883 118.7881 118.9054 119.0381 119.1851 119.2587 119.2319 121.9046 120.2067 120.1274 120.2915 120.5040 121.1920 116.9422 127.6375 116.9320 109.3090 114.9322 121.5724 124.7771 122.2816 122.5954 120.4283 117.6930 102.2882 108.6893 103.3631 106.2121 114.1085 104.8667 108.3974 117.4740 121.0672 125.0228 131.0552 124.6193 113.3559 100.8005 107.1752 116.9145 106.9662 104.3601 119.2853 126.8064 125.7737 122.3001 123.4572 109.4088 105.5000
101.1500 118.1789 118.9467 118.7441 118.5761 118.4794 118.3558 117.7950 118.0782 99.7867 118.6352 117.6173 118.0982 118.1046 118.1621 118.2512 118.3839 118.4746 118.6515 118.7718 118.9818 119.2183 118.3516 119.3512 119.8549 119.9890 120.1036 120.7776 116.3784 120.6156 120.9100 123.0460 121.9004 102.2839 115.3722 118.2628 121.3524 108.4859 99.9089 105.7001 101.4705 101.1680 102.7501 108.5152 113.6950 120.6201 120.2056 121.8115 123.4180 121.2513 107.9443 108.8684 115.6675 118.4165 109.7621 103.0192 109.3738 110.2276 127.8312 123.5466 125.0825 118.9718 115.0973 127.1400
118.7500 121.0546 118.2893 118.3412 118.1486 118.0098 117.8783 117.3141 117.8585 94.9099 116.4310 116.9979 117.6279 117.6314 117.7027 117.8266 117.7124 118.0984 118.0245 118.4458 118.5555 118.8591 119.6051 120.1921 119.3756 119.7076 120.0196 120.1316 120.8216 121.4455 120.7735 121.3755 122.1480 117.3774 109.1404 107.2034 116.2016 118.7822 101.5820 101.0961 100.8198 104.6517 110.4032 119.1821 118.3536 119.1340 119.1521 119.9666 119.9591 122.5685 123.7547 114.4830 117.3510 117.1268 103.3763 103.9616 114.1894 129.3020 126.6742 125.7392 125.8028 127.2469 120.1844 105.4500
97.4000 116.0162 118.0236 117.9210 117.7228 117.5454 117.3126 117.3641 111.0101 99.2463 116.1902 116.5834 117.1286 117.1333 117.1991 117.2766 116.2180 118.2133 118.7634 117.9727 118.1547 118.4609 118.8134 119.5106 119.0570 119.3819 119.6469 119.1175 119.5165 119.7403 120.8834 116.6224 104.6081 99.6740 105.8792 112.0869 118.0759 116.2192 99.8825 103.5621 100.4779 108.6093 118.2377 118.7363 119.4259 118.8225 119.6329 120.8834 121.3635 123.1231 125.4548 100.4720 100.7471 109.1448 103.5869 110.7260 103.8409 112.9487 121.1103 125.0678 125.3473 126.4082 110.4279 114.1800
96.4500 111.8507 118.8043 117.2220 117.2804 117.0550 116.7386 118.4543 101.0524 102.8184 118.6454 115.5423 116.6100 116.6054 116.6758 116.7754 117.4268 102.6150 117.0175 117.4253 117.7770 118.0374 118.2074 118.1798 118.7568 118.7787 119.5251 120.5027 121.2546 122.8917 122.9671 107.1915 104.8640 98.4894 105.7750 121.9379 113.6867 113.4124 117.5728 105.6247 107.2883 117.6483 118.0319 117.9404 118.4919 119.2587 120.4921 121.3847 122.8712 106.4498 122.7966 113.0776 102.7914 109.9427 103.2248 120.9750 108.4592 106.8989 125.9197 124.8628 125.2112 127.9526 105.1337 109.2600
105.4600 113.8976 116.9914 117.0175 116.7834 116.5476 116.2796 117.5542 108.7684 108.7276 115.4943 115.5349 115.9995 116.0372 116.1259 116.2473 118.0645 115.1143 117.9353 117.0356 117.3702 117.6322 117.9006 118.5489 118.8506 120.6734 118.0373 119.9729 101.3877 111.7219 105.4714 100.7593 101.4025 99.5269 109.9796 118.2777 120.2439 110.9673 118.8508 101.6258 119.3913 115.6158 117.2052 118.2147 118.7412 119.8334 121.0525 120.9562 122.8388 118.1499 106.1264 108.6534 107.8762 105.2868 107.3627 118.7977 108.3483 120.1438 124.8472 125.1208 125.4613 123.8410 109.3990 105.2600
116.9100 119.4988 116.8999 116.5368 116.2776 116.0245 115.8333 115.3856 116.5443 114.2734 115.3878 115.2425 115.3544 115.4284 115.5411 115.6985 115.7119 120.1148 115.7299 116.7381 116.9031 117.2416 117.3113 118.8971 104.3717 115.2519 119.4600 121.9673 123.4989 114.3052 115.5545 103.1832 102.1371 102.4935 120.1430 110.9687 113.1089 112.7081 110.8189 97.5196 115.9781 116.1827 118.4048 107.7341 120.1781 119.1978 120.6691 122.3964 108.0616 106.4807 102.4316 102.8153 103.4638 101.6310 119.7588 103.8463 107.6724 126.9307 124.9707 124.8480 124.8795 122.1440 107.7134 105.2400
116.8300 116.4125 116.4589 116.0264 115.7549 115.4841 115.2313 115.0939 114.6994 114.8017 114.6026 114.6394 114.6938 114.7789 114.9129 115.1107 114.9542 114.7325 115.3851 116.1272 116.4701 116.7333 117.1705 117.1348 117.7225 117.2183 96.0604 96.2402 99.3109 119.7188 104.1787 108.7615 103.1410 110.9308 116.4900 106.7329 111.3656 113.5071 101.3176 116.8250 111.1459 114.0672 115.8645 117.1138 119.3421 118.5720 118.5775 119.7448 106.7078 102.4054 106.6920 101.3987 123.9163 107.3715 117.5381 112.0860 102.4035 126.2017 124.8713 124.9981 125.3811 125.7600 124.0626 121.0800
116.2600 116.2385 115.8666 115.5382 115.1966 114.8959 114.6142 114.3647 114.2059 114.0465 113.9918 113.9545 113.9790 114.0839 114.2479 114.4596 114.6518 115.1456 115.3504 115.6581 115.9883 116.3681 117.6522 117.6139 110.6313 96.0806 99.7719 103.1524 103.4857 104.8391 103.9271 102.2930 105.3633 104.3748 105.5721 109.2423 113.7810 109.7067 101.4257 106.3254 104.1982 112.0132 111.5210 117.6358 116.5825 117.6131 111.5574 118.7438 119.1745 119.1810 116.4262 112.5059 102.6274 103.8743 103.8682 101.5903 120.7119 124.9355 124.3216 123.3615 118.3287 119.6857 125.1684 126.8100
116.1800 115.7555 115.3674 114.9860 114.6128 114.2776 113.9484 113.6731 113.4409 113.2774 113.1671 113.1522 113.2041 113.3260 113.5141 113.7606 114.0601 114.3422 114.7425 115.1310 115.4581 115.9899 114.9129 115.6939 97.3084 109.6573 107.0815 104.1535 101.3534 103.7601 105.7617 104.4385 104.7591 106.1163 106.2474 107.9792 111.7640 112.2786 99.8911 112.6768 101.8616 120.8721 118.8230 118.1241 117.2633 117.7582 117.8867 117.9508 118.3392 120.1221 121.4731 112.3055 121.8388 121.3771 126.7219 105.7399 117.7165 123.7287 122.4854 123.0728 123.6146 121.7004 122.1586 121.8300
115.6300 115.2502 115.5329 114.4075 114.0212 113.6085 113.2456 112.9180 112.6440 112.4454 112.3216 112.2916 112.3542 112.5006 112.7251 113.0152 113.3563 113.7546 114.1587 114.6072 114.9665 116.1697 108.4110 96.2244 102.6312 109.2436 106.8719 104.2121 105.1607 102.8713 107.6255 104.0136 106.4816 105.4686 112.0098 112.1350 108.6813 104.1640 100.0520 110.2568 116.4476 116.0187 117.5910 117.4619 118.0977 118.7559 120.5824 114.2690 113.8906 118.6493 119.5811 113.7495 106.9718 106.5451 124.2727 123.1851 120.4706 123.5910 123.0281 123.4176 119.4519 124.2382 124.6133 123.7000
114.9200 108.1178 114.1878 113.8154 113.6806 112.9094 112.4999 112.0961 111.7676 111.5204 111.3726 111.3374 111.4103 111.5931 111.8687 112.2248 112.6252 113.0736 113.5484 114.0377 114.5372 114.9972 115.0316 114.1416 120.3248 102.0727 103.2731 99.8422 104.1897 103.7289 105.6863 104.6477 111.4112 110.5466 110.2801 106.1759 109.1838 110.5841 101.2241 106.0379 111.8208 118.5351 118.1622 119.2389 120.3892 118.7746 117.5056 118.6317 123.5912 116.1321 117.1437 118.2275 104.8282 121.9672 121.5647 122.9926 121.4227 119.9486 121.2855 120.4059 122.4116 119.9132 121.0499 125.3500
114.9200 96.5080 115.4101 110.6710 112.4111 112.0789 111.6139 111.2258 110.8069 110.5029 110.3054 110.2602 110.3622 110.5843 110.9278 111.3610 111.8462 112.3736 112.9197 113.4808 114.0337 114.4768 115.6915 110.5583 99.8149 103.6898 99.7845 101.8972 107.9555 107.9567 110.7358 109.2121 107.3209 105.4919 107.6523 96.6592 95.8322 105.7834 105.5918 110.2059 113.6747 118.8278 116.5232 116.0991 117.0305 115.1834 113.1825 107.4093 118.1973 113.2122 117.4947 120.4061 104.5664 121.2555 123.1181 126.6093 126.7526 127.5303 126.3611 124.2595 123.5114 127.4355 120.2091 118.2800
114.1600 114.4288 113.3541 108.9515 112.6781 111.7987 110.8817 110.2553 109.7380 109.3429 109.1028 109.0331 109.1625 109.4606 109.8977 110.4241 111.0180 111.6442 112.2891 112.9220 113.5423 114.2000 116.6216 95.4138 104.0603 100.0929 103.9494 104.2346 107.9517 107.6875 105.1113 103.0109 104.5499 106.6749 110.0629 100.5338 105.5101 103.3173 105.6321 101.2861 109.2127 111.2121 112.8516 109.5838 109.3759 105.2382 115.5845 112.3372 106.3352 106.5116 112.1904 120.9894 123.0242 128.7078 115.3395 124.4996 126.5499 129.3923 125.0559 122.3862 118.4752 125.1803 127.9802 126.5400
93.6700 114.0985 109.8921 112.2069 111.1723 107.8010 109.8720 109.1436 108.5534 108.0248 107.7006 107.6042 107.7848 108.1761 108.7448 109.4275 110.1488 110.9030 111.6366 112.4126 112.9015 113.9740 110.6305 91.8344 109.7103 106.2268 103.4156 104.6833 104.8397 105.5351 103.5370 105.1394 104.4034 100.3326 100.8782 99.5593 103.2910 108.9730 110.4215 109.0079 108.1086 102.4080 111.1368 110.1629 107.6032 104.9241 118.2962 117.9051 122.0856 118.1782 121.4366 117.0282 112.3127 117.4277 101.8102 110.7594 110.0685 112.1849 106.4534 104.1679 116.4573 125.5333 110.9284 125.3200
113.3700 113.5069 110.5735 111.1377 110.6509 108.6170 109.1372 108.0387 107.2069 106.4982 106.0328 105.9019 106.1450 106.7781 107.2176 108.2677 109.2546 110.1494 111.0086 111.8329 113.0021 107.4320 118.3205 107.3902 109.2676 116.5184 108.2720 96.1696 100.9985 100.9017 102.6376 106.4507 106.4327 102.3924 97.8242 99.4538 98.0748 106.1877 114.2321 112.4693 109.9257 108.9007 112.0182 107.4268 124.1997 116.6592 123.8141 124.7037 115.0913 114.1392 106.0806 109.4978 101.4068 104.7269 103.4041 102.4831 102.2414 102.8193 109.0240 119.7583 125.5155 125.7198 123.0842 109.9700
113.2400 112.8385 112.1695 111.8927 111.3975 109.3790 107.9388 106.8377 105.7048 104.7017 103.9776 103.7722 104.1565 104.9374 106.1418 107.8667 108.2871 109.4060 110.4054 111.3317 112.3951 111.8305 108.6432 114.4024 103.9981 97.3707 115.0022 95.7617 105.8413 103.1395 105.8868 108.4519 108.0824 107.4782 101.6830 110.4174 96.6251 109.4882 109.2185 102.1714 114.2690 112.9186 112.8481 113.9112 112.7132 110.3567 112.5368 120.8274 113.6054 108.0304 101.1794 101.2840 102.6524 102.5260 104.4719 104.4623 105.2746 105.1395 115.7621 116.4820 126.0153 108.6911 116.1743 116.2400
113.1400 112.3861 111.5313 110.5699 108.0259 108.3649 107.0149 105.5692 104.0318 102.5102 101.3162 100.9620 101.6287 102.9897 104.6245 105.8848 107.4852 108.7139 109.8560 110.8978 111.8177 112.8651 112.6461 111.8839 96.2851 102.0794 100.2498 99.3635 105.4166 105.8345 107.9398 103.6665 116.3060 118.8793 108.7002 104.3179 102.0679 104.0684 107.9120 105.1437 111.2449 112.4723 111.8404 112.2410 122.4969 122.6587 110.4600 111.4203 102.0755 109.5136 107.2830 113.6309 108.5161 110.8355 110.8403 114.4566 110.4606 115.4709 114.5169 114.4175 115.0170 121.0063 123.8068 123.7800
112.4700 112.1492 111.2194 110.1556 109.0634 107.6756 106.1403 104.3448 102.2449 99.9120 97.5818 96.6669 98.2468 100.6539 102.9470 104.9390 106.6591 108.1212 109.3983 110.5299 111.5637 112.4189 112.2661 121.7540 103.1151 95.9883 95.5025 118.8319 116.8739 117.4152 118.0191 116.4163 120.8668 96.1585 113.0540 100.9279 105.0202 104.0189 107.0152 120.4259 121.3676 122.2649 122.6984 121.9469 122.6557 125.6967 103.2000 113.0858 105.4171 109.4492 110.0445 116.1841 113.1469 111.5266 112.1835 113.4732 117.6015 115.1501 111.9635 108.9985 113.9620 113.2747 125.6554 110.8800
112.4000 111.9735 111.0055 109.9134 108.6554 107.1899 105.4476 103.3147 100.5409 96.8489 91.4672 89.8050 93.1704 98.2088 101.5284 104.0458 106.0463 107.6758 109.0650 110.2671 111.3442 112.2570 112.9174 114.1340 115.1253 116.3110 116.4104 116.0499 116.8657 117.3202 117.9044 118.4100 118.9720 116.8906 102.1149 113.7743 96.9598 101.9787 105.7530 119.5682 120.8268 120.9036 120.9722 123.4954 109.2987 113.8127 101.4432 101.6170 101.6849 101.9073 101.6579 103.8291 104.8253 105.1076 106.6814 106.5963 107.6226 110.5230 113.3744 120.9521 107.9960 113.9002 124.3209 123.3000
112.3600 111.8890 110.8828 109.7467 108.4416 106.9114 105.0576 102.6981 99.4260 94.0299 86.7968 84.9052 88.4778 96.3649 100.6187 103.5283 105.7003 107.4487 108.8930 110.1349 111.2063 112.2453 114.0805 115.2491 114.1787 115.4025 108.7177 115.9442 117.5648 118.2040 117.7916 118.2273 120.8684 94.5271 98.4908 100.2282 99.9123 108.0890 107.5728 105.1979 106.9074 106.8730 107.4129 114.3852 101.3599 102.4253 101.4960 101.6851 101.9230 102.1755 104.6208 105.5119 105.6960 106.0606 114.3637 107.5948 114.6010 107.9975 108.4397 109.5183 114.1573 122.4753 122.1169 123.2100
112.3500 111.8830 110.8869 109.7506 108.4518 106.9219 105.0584 102.6988 99.4399 94.0957 86.7107 84.7211 88.5204 96.3181 100.6180 103.5304 105.7054 107.4467 108.8927 110.1365 111.2407 112.2293 113.2583 109.2207 116.2059 116.8800 111.0978 111.5019 112.8787 111.5249 119.0365 116.7260 115.4206 97.2916 99.6949 100.9253 101.2186 107.2195 104.9971 112.2812 107.3242 121.2651 104.7763 106.1572 101.1743 108.8687 101.9102 102.0985 102.7914 103.8042 105.7357 106.0814 106.5679 106.7870 106.9914 107.5783 108.1487 109.2712 109.9276 110.7250 112.4175 114.6966 111.2630 123.2900
112.3600 111.9794 110.9983 109.8984 108.6412 107.1840 105.4422 103.3100 100.5456 96.8527 91.3756 89.8676 92.9597 98.2928 101.5322 104.0500 106.0427 107.6807 109.0670 110.2714 111.2741 112.2789 110.5916 97.1674 109.3516 105.6254 118.2619 111.0851 103.3135 99.3146 108.3544 112.4565 95.6595 103.3779 97.6197 97.9503 108.4453 105.4376 108.0210 122.4674 111.1197 122.0355 105.1622 104.4175 100.5054 99.1021 101.0697 108.1311 110.7738 106.6419 106.6998 107.1440 107.3448 108.2893 108.6793 109.5019 110.7803 111.3568 111.9594 112.6521 112.9247 112.6990 114.4280 114.1700
113.0700 112.1616 111.2187 110.1800 109.0051 107.6685 106.1389 104.3506 102.2493 99.8889 97.5284 96.5832 98.2026 100.6279 102.9654 104.9555 106.6493 108.1155 109.3987 110.5157 111.8442 112.5162 113.3673 94.1864 99.3011 92.4949 109.6491 103.5609 109.6281 105.1920 104.5058 103.6412 108.3428 107.6727 96.7292 99.2392 103.5929 109.1356 108.8966 116.3187 118.0143 118.1378 110.6560 113.3875 98.7611 108.3642 108.3861 102.5507 109.4425 102.1659 105.0628 105.4836 106.4141 106.3423 107.0581 107.6078 107.3473 109.2483 109.0282 109.7000 110.6010 113.6763 113.3468 113.9600
113.1500 112.4142 111.5356 110.5660 109.5032 108.3184 107.0079 105.5787 103.9995 102.5038 101.2769 100.9211 101.5886 102.9660 104.5273 106.0497 107.4463 108.7122 109.8679 110.8077 111.6796 110.8662 113.6234 104.0661 109.7395 111.0076 100.0157 108.2140 107.0328 113.3927 108.1382 114.6878 108.0146 97.0794 97.3339 98.5712 99.0509 105.1727 108.6285 108.2347 109.2713 111.3115 111.0131 110.2889 108.1235 113.8161 113.5235 113.9915 100.0546 101.6700 103.2332 104.0802 103.6208 104.2342 105.4239 104.6209 120.4328 108.1087 116.9659 117.6187 116.9241 111.3697 108.9451 112.8700
113.2600 112.7369 111.9248 111.0387 110.0944 109.0648 107.9768 106.8325 105.7012 104.6654 103.9492 103.7401 104.1291 104.9773 106.0397 107.2080 108.3358 109.4037 110.4095 111.2918 112.2326 111.2236 113.6307 115.7534 116.0281 116.4779 111.4986 117.5896 119.2486 118.2942 107.5291 107.2608 99.5609 98.2025 99.2828 101.0679 101.9884 102.8507 104.5152 108.1313 116.0952 113.6413 108.5862 109.9878 115.1190 113.4438 109.0443 105.2141 102.6221 102.3731 102.2453 102.5987 102.7869 107.2820 102.7817 101.8976 125.5263 105.9965 125.0069 111.3028 128.9579 105.7474 113.3138 131.1200
113.3900 113.1084 112.3673 111.5732 110.7348 109.8534 108.9424 108.0567 107.1983 106.4841 106.0057 105.8735 106.1212 106.6915 107.4642 108.3410 109.2422 110.1395 111.0022 111.8709 112.5336 113.3304 113.9458 114.4180 114.9850 116.1321 118.5235 110.8727 117.2371 100.7248 121.3200 97.9625 97.5183 97.4907 100.8326 104.3535 102.9517 105.3142 104.6857 109.8772 110.1834 110.7779 101.1035 119.5485 110.9139 109.8762 115.6459 103.3920 102.0267 102.1904 103.0078 103.3172 103.8621 112.9464 113.9607 102.5131 115.4133 113.1774 117.3768 114.5189 110.3350 128.7123 128.1711 131.4300
114.0400 113.5242 112.8396 112.1352 111.4000 110.6602 109.9060 109.1905 108.5374 108.0124 107.6762 107.5857 107.7583 108.1674 108.7274 109.4129 110.1512 110.9004 111.6357 112.3736 113.2333 113.7576 113.9742 115.2559 118.5556 95.1169 117.7347 103.0677 97.6358 98.1429 98.0797 96.6156 100.9693 99.2304 100.7275 102.5213 102.1040 106.1469 107.2520 107.2875 106.9556 107.6602 101.3904 102.5316 101.6444 102.1325 103.0865 102.1798 102.1133 102.1314 102.5019 102.6139 103.0680 102.8332 104.2867 105.1990 107.6464 131.1878 110.6672 121.1141 118.3659 120.4093 120.5383 119.4200
114.1900 113.9563 113.3429 112.7139 112.0781 111.4428 110.8106 110.2329 109.7262 109.3347 109.0819 109.0163 109.1450 109.4408 109.9117 110.4042 110.9791 111.6378 112.3059 112.7706 114.2150 105.0551 117.5273 99.3462 114.5215 120.0564 102.3203 100.1185 94.6546 93.6080 118.0022 117.4743 99.5415 101.5388 102.2215 103.3175 102.7937 104.3485 102.1395 107.1402 109.0951 112.0077 109.3066 113.3487 101.6137 101.4780 101.5349 101.8505 103.1121 104.1247 104.2914 105.1609 105.0895 102.0347 117.5815 108.1350 105.5569 123.1634 107.0425 106.0959 129.1695 101.6079 108.5023 131.2200
114.7900 114.4100 113.8536 113.2988 112.7395 112.1998 111.6871 111.2049 110.7917 110.4883 110.2947 110.2444 110.3432 110.5660 110.9233 111.6486 111.9049 112.3736 112.9216 113.5942 114.2859 113.3802 118.0276 94.0920 110.8284 106.9106 99.5134 117.1972 120.7621 101.0514 120.2509 119.0401 95.9809 104.5953 100.1944 103.9857 104.9347 105.9323 107.9862 112.1511 106.1549 108.1486 110.0584 112.3844 100.6619 101.7063 101.6447 102.9417 102.3175 104.6278 103.7910 114.6838 104.9721 106.8509 110.4628 117.3327 118.0427 117.2263 118.5872 120.5302 107.8060 107.4010 126.5036 126.6000
114.9500 114.8629 114.3731 113.8801 113.4229 113.0785 112.4436 112.0903 111.7612 111.5142 111.3623 111.3239 111.3992 111.5750 111.8676 112.4681 112.9089 113.0069 113.5025 113.9519 115.2546 111.8299 116.2460 114.9454 106.3763 99.0572 96.5483 121.0560 117.9690 119.7906 106.2956 102.6680 121.5641 102.5145 100.5191 97.7749 109.1231 108.0533 109.5457 108.6428 113.3352 111.9980 109.0012 101.0571 100.9186 101.6047 101.5499 102.7239 103.7538 104.7271 106.0550 106.2379 105.2965 106.8548 111.5818 115.8626 116.6076 109.6449 118.9688 118.2248 118.6368 115.2742 118.3949 120.4300
115.5300 115.3241 114.8835 114.4463 114.0644 113.7397 113.6581 112.8456 112.6354 112.4351 112.3104 112.2787 112.3405 112.4859 112.7228 113.0158 113.3381 113.7770 114.1504 110.9371 114.3280 95.5626 108.5983 112.2826 118.7451 112.0602 111.2780 102.1357 106.7972 115.4093 118.9327 113.7954 103.6747 101.5612 98.3741 99.4316 111.3476 101.2005 103.6252 109.3851 109.9294 111.6992 115.6664 110.7057 101.0126 104.2096 103.0072 103.1493 103.3778 104.3648 105.2404 107.0478 106.6965 107.0133 107.1277 107.1231 107.1506 108.9348 117.9258 117.8849 112.9610 114.0924 110.8961 120.1200
116.0500 115.7836 115.3902 114.9662 114.9772 109.9520 113.6403 113.6018 113.4307 113.2706 113.1667 113.1449 113.1938 113.3152 113.5891 113.7526 114.0288 114.3250 114.9393 115.3239 117.1417 109.2035 99.9273 90.4284 105.1241 111.5790 104.1282 107.7196 104.9215 104.2620 107.5941 117.1226 118.4802 98.7492 98.6645 102.8126 120.9417 110.3284 114.6865 105.5485 112.7634 112.7185 109.2034 100.7815 103.7406 101.9563 108.2483 105.2988 105.8786 104.9098 106.3468 107.3806 107.0033 106.5229 113.7023 112.9946 113.6883 111.4169 109.2742 109.6197 112.3550 120.3141 104.7264 119.7500
116.2100 116.2367 115.8784 115.4809 115.2189 114.8986 115.1392 114.2665 114.1738 114.0304 113.9504 113.9245 113.9742 114.0723 113.8974 114.4376 114.7415 115.1402 115.1098 115.9396 114.7422 95.3308 97.8621 102.4602 100.3028 97.3840 121.2917 116.6030 104.7649 106.3029 105.3153 106.7318 104.2065 103.8704 106.0083 102.8118 102.5586 107.8733 118.7104 101.6634 115.6213 112.3193 101.0034 100.4978 100.5035 102.0332 102.5839 101.9151 102.0542 102.5892 106.8383 106.0077 108.8619 107.2783 116.0437 116.9685 118.7515 121.3907 116.0703 117.1809 115.7227 114.6756 110.0644 113.7600
117.1800 116.6828 116.3523 116.0408 115.7349 115.4841 115.1598 115.0411 114.8537 114.7366 114.6607 114.6482 114.6870 114.8069 115.0504 114.5346 112.7261 114.0543 117.6871 115.5830 106.1324 99.8958 94.6762 104.5907 99.5181 97.5319 99.6480 98.9462 99.7567 107.6950 108.3840 107.6043 102.5687 106.0277 109.1713 101.9504 105.1240 105.7624 109.8152 107.2138 118.8982 98.4026 104.9033 101.9557 105.0306 102.3560 102.3346 101.2355 104.6178 106.2753 105.2459 103.9233 105.7529 109.4293 117.8984 108.6977 108.2352 114.6091 116.7168 116.7578 110.2872 112.6918 119.6984 123.4100
117.2600 117.1116 116.8176 116.5360 116.2812 116.0317 115.8160 115.6387 115.4952 115.3897 115.3311 115.3148 115.3389 115.3417 115.0264 112.6615 106.7989 113.8341 121.2592 97.7823 107.4363 95.4243 95.4528 96.8287 112.7323 100.7535 101.9978 102.7070 102.6400 106.7046 105.4135 107.8088 110.2144 109.9510 109.6723 113.0277 101.1785 107.0873 107.3092 108.4572 101.0433 98.9077 100.3327 100.3586 104.2522 107.2333 111.2867 112.2288 110.9125 107.6225 109.7716 103.6113 106.7616 113.1421 114.6295 111.9441 122.6611 120.9414 114.6802 112.7022 107.1048 101.3823 118.0761 105.2100
117.7800 117.5267 117.2616 117.0130 116.7784 116.5651 116.3754 116.2176 116.0939 115.9894 115.9457 115.9299 115.9319 115.8263 117.8023 116.9523 96.9438 94.4943 110.4264 105.6808 117.7543 114.5822 97.2042 104.0085 105.3091 101.2304 98.4349 102.0531 101.5835 106.1337 99.5206 107.2312 103.1042 100.2489 107.3832 104.4623 100.0765 101.8304 110.5551 109.4974 108.6815 106.0238 103.4890 100.6578 112.4882 102.5323 110.1257 110.9155 105.1981 109.8569 109.4742 102.8738 105.5327 109.7334 106.9600 108.8909 107.3292 116.2624 125.5698 111.1066 121.3462 111.0633 113.3253 105.2300
117.7800 117.9444 117.6976 117.4676 117.2588 117.0692 116.8989 116.7604 116.6364 116.5567 116.5936 116.2386 116.5216 117.0279 116.8537 93.7862 106.5510 120.9504 106.2871 112.1899 118.9743 109.7157 94.9181 97.9396 102.6816 101.8005 104.5961 108.3544 104.7616 106.6217 105.4535 102.2201 100.9827 101.1287 108.5750 98.7716 100.0504 100.5083 100.7784 108.6243 109.8728 106.5871 107.8277 109.1974 107.6761 111.0759 101.8991 104.8472 108.4391 115.4487 104.8238 103.0339 103.5445 104.6036 115.5429 118.0554 117.0272 119.7412 124.6449 113.3547 113.5834 125.6679 122.9632 126.1500
118.3500 118.3418 118.1161 117.9114 117.7184 117.5441 117.3967 117.2670 117.1779 116.9494 116.6469 110.9809 117.4077 110.5004 117.7433 117.6970 122.6473 113.3713 99.6172 109.3796 98.7988 98.4450 98.1483 102.8703 119.2128 103.5772 113.4646 107.3721 109.6707 111.9631 107.5548 105.7899 111.9583 101.1194 103.8666 99.6855 99.7599 100.0280 102.4543 104.2052 108.0382 109.4434 109.2802 108.7708 104.7590 112.1555 112.5906 113.7096 109.3699 107.3886 103.3498 110.9348 109.6127 103.5090 104.3749 104.6882 104.0656 112.3128 115.6744 114.6205 104.7959 119.5698 125.9640 125.5400
119.0900 118.7250 118.5230 118.3355 118.1592 118.0039 117.8631 117.7538 117.6631 118.0763 108.5404 116.7523 117.0207 119.3994 104.6015 95.0989 102.3625 101.9528 101.0749 109.2301 102.4424 99.6408 117.2564 99.9135 121.8066 103.5551 107.9150 108.5094 111.2784 112.1207 108.4774 103.6654 108.7755 105.6496 106.1079 105.6082 104.5102 115.1651 109.7971 103.7430 105.7363 107.8296 111.4170 114.1069 110.2541 107.4264 111.3952 114.4550 115.3951 113.0877 111.8858 103.2734 110.2675 111.4207 116.8398 109.6879 102.4698 121.5414 107.0072 113.4688 113.5458 119.6998 124.7532 125.3900
119.0900 119.0966 118.9121 118.7373 118.5808 118.4299 118.3545 118.1457 118.1522 119.2529 103.4251 106.2845 118.7054 112.8875 98.0123 98.2320 95.3935 118.1259 103.4327 109.8492 99.4291 99.8064 100.5460 101.3909 109.3808 104.2670 103.8902 111.3632 109.4586 112.9462 100.2015 104.1488 98.3645 106.9870 107.7711 109.0554 109.7032 109.3029 115.2561 102.3895 108.5022 107.7755 112.8608 116.4140 112.0532 109.8676 111.3550 112.4528 114.1560 112.4588 116.7202 109.5658 117.0142 118.4317 118.7060 120.3281 122.8235 123.7886 110.4180 111.4918 105.8331 114.1061 114.0058 115.6500
119.4900 119.4598 119.2851 119.1343 118.9788 118.9053 118.5544 119.2017 118.4511 119.3011 121.3936 120.2314 118.3571 112.2807 95.2485 97.0641 114.9153 101.2131 100.4751 105.5833 106.3917 114.3873 103.8460 105.9142 107.1880 110.8007 112.0885 110.3187 106.4413 110.5596 100.6202 108.8363 99.8663 115.9777 110.9121 108.7232 108.9764 111.7943 111.6260 115.5059 117.6960 112.7215 110.9096 117.0844 98.7563 109.1008 113.1396 112.9249 112.6637 112.2005 114.1159 116.9697 118.2908 124.5428 124.8609 120.7712 114.5622 121.0510 123.6260 126.5148 108.3129 105.9679 105.2847 115.7900
119.8500 119.8093 119.6509 119.5109 119.4193 118.7852 119.4377 113.9733 118.9459 118.7613 118.3700 118.9874 118.7466 111.3928 108.8794 98.4952 102.2184 101.2209 104.0619 107.6588 104.2013 104.3104 106.8336 115.4751 107.9886 109.5440 110.6979 104.3413 115.3653 108.7278 103.5797 100.8112 98.5758 109.6234 117.2802 112.7643 111.6183 112.3054 113.0576 112.6373 115.6955 105.3110 107.4685 107.2049 104.0573 110.3826 112.8853 114.0287 114.5181 114.9368 115.3233 115.2032 117.6484 117.3476 118.9274 125.3737 108.3294 122.5035 129.4925 126.0848 123.5713 108.1649 104.3404 105.5600
120.1900 120.1518 120.0063 119.8774 119.7735 119.4068 116.4416 115.9117 119.3084 119.4399 119.4877 116.2336 119.3938 120.8960 104.5420 100.2284 113.5734 105.4807 105.8074 112.3346 113.1842 104.9870 115.2829 109.4054 107.1941 105.4052 100.4593 96.2710 109.2969 104.3877 99.1749 100.9975 101.4578 103.7203 110.5286 110.6012 106.8219 108.8187 111.6943 109.6413 109.0185 111.5450 104.9294 101.4714 110.3612 110.7429 110.0033 113.1243 114.9427 115.4211 115.7053 115.4884 115.1396 116.0040 119.4927 120.1548 113.2911 111.6494 116.6636 120.9115 125.6453 122.4071 113.1366 105.7100
120.5700 120.4825 120.3491 120.2098 120.1388 119.8448 120.4362 119.9669 119.8382 119.7226 119.4324 118.3289 119.9976 120.8344 107.0337 100.4615 108.2583 118.7771 106.8141 102.9196 105.1378 109.0584 109.0955 101.2029 112.7882 111.4685 117.9459 107.5817 100.2201 100.9791 100.8979 103.7543 101.5056 109.8923 107.0412 106.0292 103.5432 100.9520 103.0475 99.9226 106.0167 108.1970 110.7757 102.3122 106.6461 114.0199 117.0396 110.8928 121.4446 119.3445 116.1540 120.5135 118.0590 117.1557 117.1548 119.3195 119.1249 117.6203 110.8503 117.8993 126.9042 119.8216 114.6375 105.7100
120.9100 120.8186 120.6452 120.8802 120.3123 120.4208 120.2023 120.2268 120.1576 120.1258 120.2031 120.2116 120.2532 121.0498 108.4186 101.6735 106.1433 111.0056 111.0674 104.5329 106.7753 97.6905 103.5439 110.8069 100.7329 102.4451 105.2543 111.0617 109.1023 100.7121 100.1565 102.3353 103.9332 108.6731 106.6488 104.0616 104.8503 102.0204 101.6551 111.7351 99.5249 100.9605 105.1018 102.5264 101.6981 116.4043 123.5177 117.3629 122.6184 123.1917 120.8483 121.0415 118.7483 118.2913 118.0222 117.9266 118.6182 119.3065 121.0700 123.2193 122.1092 109.7476 108.3752 114.7100
121.2200 121.1418 118.8813 118.5820 120.6921 120.7060 120.6473 120.5705 120.5270 120.5020 120.4672 120.4437 120.5802 121.3861 107.3760 106.2616 106.0981 110.7230 107.8076 105.6254 97.8296 110.8023 109.8515 110.5929 105.7789 105.3173 98.4377 107.7674 108.4799 105.1242 105.7094 100.7498 102.5175 103.0593 111.4788 103.8728 105.2306 99.4032 109.1600 123.6744 121.3819 113.0457 99.6790 117.0186 114.6962 114.4818 116.3010 122.2818 122.2237 122.6145 123.5687 122.9978 121.5281 118.8572 118.7336 118.2271 122.1218 119.3115 124.0241 124.6267 125.2811 127.6987 126.1428 105.8900
121.5300 121.4030 119.0447 120.7807 121.0492 121.0547 120.9637 120.9112 120.8668 120.8388 120.8183 120.7407 120.9224 121.9211 107.8736 106.9801 107.2155 113.3384 111.7255 116.8632 111.2420 109.5550 100.2022 107.5331 110.9951 111.4855 102.3133 101.5486 101.3157 108.5927 107.6125 106.8081 117.4750 118.9459 102.3971 110.7493 104.0611 109.8737 113.5665 124.9866 125.1556 112.8979 102.4541 103.8286 106.9231 117.3866 108.5500 121.6054 123.0373 122.8937 123.3710 123.8027 125.1257 116.3673 123.2434 121.5596 126.5767 124.9232 124.6659 126.9001 128.2403 123.8386 106.1876 105.9100
121.8200 121.5261 121.8718 121.4755 121.4315 121.3644 121.2960 121.2411 121.2029 121.1648 121.1470 121.6260 121.8643 118.0069 114.7308 108.9119 110.2823 112.5227 104.6537 111.6109 112.5639 109.1160 116.6607 105.1924 114.1258 114.8001 108.1696 102.3845 101.9790 102.5081 110.0170 107.5218 114.7350 107.1919 107.1165 108.8742 109.4056 110.2120 109.9300 123.1951 122.8546 106.0106 101.6993 117.7393 115.4365 105.6773 113.3938 123.4836 120.7442 123.3322 123.7563 124.2054 124.6461 124.6091 125.4042 124.5735 120.5680 122.7048 123.5899 111.4277 107.8354 119.8404 110.7242 117.0100
122.0900 122.0335 121.8566 121.8159 121.7379 121.6625 121.6026 121.5685 121.5146 121.4371 121.9391 119.9690 115.2923 115.6492 120.3764 120.2682 107.5587 111.1311 106.1809 115.0539 111.2336 114.5512 112.6129 107.2565 106.7836 100.5529 102.5190 103.6655 103.2410 99.3648 121.0075 107.3608 118.5340 121.1378 107.6089 108.0165 109.6638 108.9743 111.5490 111.4730 112.6948 102.6492 102.1127 112.0863 122.9540 118.7102 120.7751 120.1697 127.4177 121.5323 124.0447 124.2557 124.5944 125.1650 121.3031 124.9496 126.8037 123.3741 119.8119 120.6033 116.0087 105.7410 105.2942 107.4400
122.3800 122.2580 122.1847 122.0991 122.0209 121.9540 121.9245 121.8520 121.8409 121.3668 121.2086 107.7193 109.2456 113.9902 111.5616 109.8190 110.3009 114.3268 102.6734 110.5116 108.6529 105.1770 98.7236 99.4736 110.5479 113.1365 99.4729 101.7454 108.9076 123.2532 118.8113 111.4182 109.3075 114.7239 110.2487 109.1168 110.0794 109.9917 106.3174 106.6704 113.6117 104.9582 103.2198 103.7628 127.5937 125.8233 121.9451 128.8695 122.2737 126.4518 124.1414 124.5632 124.8465 125.8702 125.8633 126.0107 117.9779 122.1507 125.9976 128.2904 130.0714 111.9644 107.1565 111.1400
122.6500 122.5362 122.4485 122.3808 122.2990 122.2844 121.9707 122.1832 122.1193 121.8828 123.2030 123.7201 124.3523 106.8771 107.9203 116.2472 111.0837 113.0751 106.0079 103.8297 120.5558 100.8704 100.4434 100.5477 108.4661 113.8473 100.6848 100.6566 107.9053 113.0758 114.1892 112.0600 109.1611 109.9135 121.7672 117.4165 110.6230 102.0181 103.5039 111.3858 112.5138 112.1183 106.5399 103.9025 105.2904 127.1649 127.4958 127.7814 126.4184 121.8255 126.3195 127.8857 126.0350 124.9218 125.7706 126.1807 127.7935 103.5717 129.2267 129.1397 127.1724 123.0053 113.3958 113.1300
122.9100 122.7980 122.7228 122.6462 122.6590 122.1061 124.4450 122.2668 122.4043 122.3081 122.0559 122.0184 122.4582 121.3236 110.6070 102.2872 102.1521 118.3954 108.2759 111.9005 113.4258 113.1621 99.5587 102.3893 106.1621 110.0277 115.6323 103.9708 104.4512 120.6703 112.5083 114.3926 114.2029 111.3270 112.5638 118.6276 109.8143 118.8164 106.3647 112.1315 113.1823 113.7052 114.8199 114.1911 108.2516 120.1331 129.0517 127.2465 123.4666 129.8964 126.9199 127.2495 127.7988 126.8255 125.9903 126.1341 127.6769 115.5220 127.1997 100.7475 125.1266 113.1917 115.6208 106.2400
123.1500 123.0532 122.9800 122.9111 122.8668 122.9907 128.2026 122.0843 122.7011 122.7158 122.7235 122.5588 122.6775 107.4419 100.9800 101.9822 105.3088 104.2412 100.6196 116.5046 114.9710 117.9899 99.2685 101.2329 106.0213 110.6432 114.0705 102.8077 104.2561 115.1211 120.4327 115.4892 114.7286 112.2255 113.1599 115.6581 128.5859 110.0826 109.6234 104.4765 115.0379 114.2204 114.5338 115.1313 128.4082 130.8334 128.9517 128.4669 127.5897 128.0329 128.3614 128.2557 128.1844 128.1385 128.6821 126.4208 126.5709 129.0562 129.7556 110.8953 113.3842 108.7243 108.0416 106.4000
123.1500 123.1900 123.2300 123.0600 123.0900 122.9000 122.9200 122.9500 122.9500 122.7400 122.7400 122.7500 122.7400 105.6800 105.3100 105.8200 100.9200 101.1000 101.1000 116.9300 115.8900 118.4400 117.1800 101.3300 104.4300 116.5900 118.0000 118.0000 105.9800 106.1500 120.5100 112.9300 114.4000 112.5700 113.0300 114.6900 125.7400 126.5000 112.6300 103.2800 103.4300 114.4100 114.0900 115.0100 115.8400 128.9200 128.5600 128.1500 129.5600 128.3900 128.7100 129.2900 129.3500 128.5400 129.3600 129.1900 127.0900 127.5900 128.1000 105.9100 109.6800 106.2100 106.3000 106.4000
