126.6700 126.6900 126.7100 126.7300 126.6000 126.6300 126.6300 126.5000 126.5100 126.5200 126.5300 126.5300 126.5400 126.5400 126.5300 130.9900 126.5200 126.5100 126.5100 112.6100 126.6300 126.6100 121.7000 126.7100 126.7100 126.6900 126.8100 126.7900 126.9000 126.8800 126.9900 121.8600 116.8800 127.1900 105.2900 111.2300 127.3400 127.4700 127.5500 127.5300 127.6300 127.7100 127.8000 127.9000 127.9800 128.0900 128.0600 128.2600 128.2400 128.4300 128.4100 128.6000 128.6000 128.7600 128.8600 128.8400 119.0600 129.0900 129.1700 129.2600 112.0900 125.8300 129.5800 129.5800
126.6700 126.6277 126.6721 126.4569 126.5215 126.4682 126.4496 126.4238 126.4038 126.3897 126.3731 126.3692 126.3622 126.3807 126.2555 125.8479 125.1912 126.3842 126.8702 116.2406 118.5440 127.4277 127.3960 126.6747 127.7598 127.9773 126.6106 123.7961 115.4891 115.3129 126.3965 123.6469 110.5095 117.9881 107.4743 114.0383 128.1738 127.2994 126.6322 127.4000 124.2270 127.3915 127.6970 127.7902 127.8781 127.9590 128.0445 128.1322 128.2061 128.3121 128.3814 128.3184 128.6559 128.1799 130.0646 121.5626 129.4336 122.2365 124.4983 130.7938 126.5710 128.4809 129.5702 129.5600
130.2600 126.4178 126.2706 126.8889 126.2598 126.2952 126.2654 126.2401 126.2187 126.2046 126.1976 126.1816 126.1843 126.1929 126.1941 126.2149 126.2630 126.2080 125.0261 115.7360 120.7094 116.8798 121.1948 127.6371 113.0377 122.6447 126.3523 122.1130 115.3472 113.5160 121.4689 110.5998 109.3944 120.1682 130.7949 126.0523 127.4016 126.7867 115.7082 127.6452 126.2109 127.6576 127.5917 127.6622 127.7432 127.8293 127.9205 128.0001 128.0873 128.1751 128.1816 128.4120 129.4401 127.6296 131.2150 114.6021 128.1584 120.6060 122.4687 129.6822 132.1192 128.9638 129.3629 129.4200
126.3400 126.5849 128.7315 122.0435 126.9750 125.9891 126.0731 126.0553 126.0337 126.0194 126.0112 125.9958 125.9941 125.9926 125.9557 125.9618 126.0128 126.0688 123.4161 122.7024 128.7786 115.1940 118.3162 130.7707 129.6036 125.3240 125.9299 127.9652 127.7848 118.0100 112.2373 104.2321 113.4474 105.5825 123.3145 126.0462 126.7041 126.6420 127.4687 127.2069 127.5341 127.3582 127.4297 127.5337 127.6163 127.7023 127.7891 127.8875 127.9797 128.0729 128.2623 128.3876 127.4373 114.0791 122.1288 125.6382 129.7127 129.0678 130.8532 128.4307 128.8853 129.0747 129.3284 129.3100
126.1700 125.5950 125.0809 121.2446 125.9625 125.8106 125.9598 125.8702 125.8496 125.8348 125.8142 125.8083 125.8011 125.8013 125.8159 125.8221 125.8259 125.8463 126.2311 128.1878 126.3697 119.7794 114.9774 122.1657 124.5345 126.0828 126.1478 123.6475 112.4310 112.2139 116.8683 105.3578 108.6178 127.0385 127.3722 128.3408 126.8611 126.7189 126.8265 126.9590 127.1186 127.2236 127.3035 127.3985 127.4855 127.5758 127.6598 127.7611 127.8133 127.9775 128.5788 119.1444 107.9694 120.6739 129.1785 119.4262 117.6768 129.8630 121.8059 130.2386 128.9976 129.2636 129.1716 129.2700
125.9900 126.2298 124.2850 129.2720 126.9355 127.6682 125.6965 125.6628 125.6526 125.6397 125.6168 125.6107 125.6106 125.6093 125.6015 125.6119 125.6333 125.6544 125.5700 125.4154 127.0840 110.4391 119.2610 127.0041 125.9143 125.9418 125.8819 128.1032 124.9708 115.9424 103.9517 114.7321 111.2001 129.2245 127.2262 126.6446 126.5974 126.8487 125.2354 127.3215 126.9683 127.0813 127.1708 127.2551 127.3538 127.4518 127.5388 127.6609 127.7370 128.3802 126.7860 114.1849 114.3025 120.0727 130.0510 130.7007 118.4003 110.9501 119.7727 129.3392 116.9534 130.8130 128.8717 129.1500
125.8100 125.6056 123.4047 123.7194 125.6008 125.4351 125.5428 125.5116 125.4441 125.4322 125.4244 125.4131 125.4071 125.4073 125.4086 125.4125 125.4259 125.4383 125.4712 125.4918 126.9698 116.6093 120.6504 125.7985 125.4048 125.3363 126.0474 124.7770 109.2222 111.9521 115.9941 114.0753 111.6648 107.8741 122.0871 126.4312 126.5254 126.7627 122.7665 127.7071 126.7319 126.9452 127.0265 127.1246 127.2173 127.3167 127.4448 127.5152 127.6261 128.4269 112.9359 111.7593 114.4923 131.0061 117.4109 124.3155 128.7571 115.1370 123.7104 124.9511 128.9395 128.8247 129.0598 129.0200
125.6300 125.8208 128.7430 128.0560 125.4538 125.4086 125.3497 125.1497 125.5280 125.2443 125.2030 125.2095 125.2004 125.1970 125.2030 125.2149 125.2263 125.2434 125.2562 125.2911 125.4546 131.8736 123.4337 125.5504 123.4317 125.5799 125.7089 117.4159 116.7879 118.4467 120.2054 126.9434 128.2674 112.6132 128.2089 126.0589 126.3457 126.3294 126.5085 126.3741 126.7617 126.8042 126.8912 126.9892 127.0816 127.1997 127.1822 127.0765 127.6515 127.9414 121.0039 121.8161 129.0734 127.7536 128.4594 116.9627 128.4946 128.5464 129.0005 128.3155 128.8737 128.9777 126.2593 129.0000
115.7100 125.6714 119.7802 125.0768 125.2587 125.1334 125.1018 124.8785 126.6739 124.7709 125.0749 124.9912 124.9903 124.9888 124.9970 124.9933 125.0073 125.0257 125.0527 125.0890 124.6889 121.8124 125.5695 125.4248 125.5111 125.8273 125.4259 126.0146 134.1615 110.7073 120.8745 116.9314 123.5650 120.4928 125.7757 126.0843 126.1299 126.3413 126.4732 126.3264 126.6291 126.6315 126.7504 126.8493 126.9453 127.1086 127.0460 129.1987 127.1430 129.2179 121.0167 126.9311 127.6349 127.9737 123.2315 110.5655 129.6746 128.0256 128.3733 128.5206 128.4060 129.5620 113.8476 112.0800
113.8500 112.7092 126.1063 125.2439 124.9408 124.8344 124.8512 125.6077 117.5872 124.4553 124.6188 124.8398 124.7832 124.7790 124.7737 124.8264 124.8398 124.8418 124.8533 124.8759 125.2032 125.3723 124.7876 124.9584 123.3119 119.3103 125.3720 123.9924 123.4847 124.7362 130.0789 125.6357 125.3447 125.9807 125.8612 125.9267 125.9464 123.6072 124.7082 127.0078 126.2776 126.5147 126.6035 126.7147 126.8091 126.9459 126.6014 132.1595 127.2271 123.8740 127.6456 128.0850 127.7760 126.0501 114.8228 116.2014 126.8403 128.4148 128.3152 128.4315 128.4491 129.8320 132.0318 128.8500
121.5100 115.3371 126.8725 124.5943 124.9078 125.2626 124.6048 124.7840 121.1540 113.3654 124.8287 124.3972 124.5625 124.5518 124.5815 124.4471 124.4533 124.5692 124.6025 124.6542 124.1510 124.7343 127.3202 125.4533 126.0227 115.3846 125.6740 125.4460 124.6302 125.4458 124.7108 125.4999 125.4829 125.4561 125.6652 125.7195 126.3380 124.6744 114.0219 125.8418 126.2065 126.3743 126.4646 126.5704 126.6775 126.7767 126.8867 126.8810 127.1280 127.2561 128.0707 127.4365 127.7604 129.6637 117.0539 125.8252 116.5507 128.7426 128.2527 128.3953 128.0699 131.4704 112.6604 115.7900
112.7700 108.1446 119.8480 124.3015 124.5448 119.6829 125.0085 125.1509 116.3868 112.6320 124.1395 124.0688 124.3592 124.3490 124.2517 124.5467 124.9385 124.5759 124.3675 124.4674 124.4855 124.4751 127.0436 116.1103 125.6534 118.6296 125.8496 124.7185 125.0400 125.0084 125.2254 125.2183 125.2898 125.4022 125.4792 125.6155 125.4951 126.7299 123.9770 125.6088 126.0691 126.2047 126.3127 126.4300 126.5438 126.6420 126.7778 126.9217 126.9245 126.9988 127.3565 128.4121 124.3228 125.1573 120.9459 132.6717 129.0765 128.3654 128.0787 128.2800 127.6275 134.3053 130.1525 115.7900
124.6600 107.4912 126.1608 122.0672 122.4772 120.4093 124.6723 124.6016 111.6264 113.6042 123.4820 123.9760 124.0969 123.8727 125.4187 112.4226 123.5243 124.1293 124.1225 124.1852 124.2362 124.3857 121.6278 116.7887 125.3508 125.0451 124.4856 124.6857 124.7791 124.8630 124.9208 124.8693 125.1046 125.2124 125.3091 125.4016 125.5757 125.3098 125.1441 126.3740 125.9742 126.0808 126.1691 126.2881 126.3982 126.5196 126.6207 126.7377 126.8703 127.0245 126.8855 128.5707 124.9376 115.1025 117.1364 124.2941 121.6491 128.5200 128.0039 128.1607 128.1976 128.4457 115.0060 123.0700
109.0400 133.6582 124.7084 129.3118 124.1202 123.9290 124.0579 124.7136 117.0368 109.8644 133.4593 122.4771 123.9690 123.7826 124.5639 124.5954 123.7044 124.0194 123.9449 124.1770 124.0446 123.8313 124.2371 125.5626 117.6037 124.8071 124.4102 124.4663 124.5163 125.9925 120.9388 126.0069 124.8887 125.0265 125.1306 125.2468 125.3221 125.7934 129.7125 120.1284 126.1027 125.8167 126.0337 126.1375 126.2550 126.3728 126.5018 126.6179 126.7394 126.8694 126.8889 126.8602 127.9615 125.4370 126.8185 129.2211 124.1194 127.4744 127.8928 128.0496 128.0960 129.0873 119.6229 123.0700
108.2300 132.5117 121.3372 123.9150 123.6408 123.8377 123.7688 123.5769 124.7624 126.1126 113.1201 124.2203 123.5421 123.5757 123.4239 123.4607 123.6848 123.5082 123.5222 123.2956 119.6274 124.0762 113.2800 125.2344 113.0693 123.4168 124.1691 124.2777 124.3939 123.8028 112.6137 125.2572 124.7234 124.8466 124.9483 125.0536 125.1818 125.0354 129.6336 128.1397 125.5940 125.7927 125.8797 126.0008 126.1170 126.2447 126.3683 126.4872 126.6108 126.7382 126.8725 127.0235 127.1176 127.1107 126.6013 127.6193 127.8852 127.6514 127.8316 127.9588 127.9959 128.7143 121.8509 128.3800
132.3500 122.0184 123.1269 123.8116 123.6975 123.6148 123.5068 123.5097 123.3139 123.2885 124.1793 124.1981 123.3567 123.3840 123.4338 123.4261 123.0203 126.5364 123.4535 123.7620 122.9137 125.3428 107.7718 109.5273 119.7644 124.7322 123.9554 124.3006 123.9510 124.2589 124.9289 124.6477 124.4602 124.6502 124.7605 124.8801 124.9891 125.1509 125.5563 125.2834 125.2239 125.6035 125.7277 125.8550 125.9809 126.1058 126.2289 126.3635 126.4840 126.6159 126.7429 126.8062 126.8260 127.7954 127.0833 127.4662 127.4724 127.6106 127.7427 127.8629 127.9691 128.1330 127.6166 128.2500
123.7800 123.7014 123.4756 123.4775 123.4298 123.3613 123.5176 123.2543 123.2331 123.2191 123.0261 122.9519 123.0832 123.0982 123.1004 123.3824 123.1826 123.1394 122.3659 127.1030 124.4651 112.6943 114.4647 110.9780 113.5468 120.0764 122.9260 120.3980 123.9649 124.0081 124.1407 124.2785 124.3698 124.4625 124.5832 124.7035 124.8193 124.9504 125.0157 125.1990 125.3286 125.4464 125.5805 125.7033 125.8331 125.9671 126.0950 126.2303 126.3614 126.4842 126.8042 126.6205 126.7317 127.9256 113.1676 128.4005 127.2399 127.5271 127.6420 127.7675 127.8972 128.0210 128.1410 128.2200
123.5500 123.3739 123.2600 123.2249 123.1841 122.9365 121.3017 121.8240 122.8526 122.9395 122.8872 122.8916 122.8511 122.8356 122.9981 120.8245 121.8910 123.2137 121.4776 137.4383 124.1251 121.6307 121.5466 111.5592 111.9771 114.7630 123.8437 121.8967 123.7711 123.8616 123.9279 124.0285 124.1613 124.2628 124.3944 124.5238 124.6157 124.7812 124.8553 125.0558 125.1641 125.2879 125.4283 125.5638 125.6956 125.8303 125.9696 126.0942 126.2470 126.2779 127.3169 119.3159 127.1408 127.0672 127.2051 127.1241 127.2988 127.4198 127.5569 127.6831 127.8106 127.9306 128.0664 128.0900
123.3100 123.1306 122.8561 123.1534 121.5789 123.1255 123.6276 120.5542 122.6537 122.6515 122.6027 122.5828 122.5906 122.4972 123.2757 115.7786 116.4549 120.9884 119.8192 124.0830 121.2094 130.8416 110.7670 120.9607 131.6672 129.9995 122.8625 123.4997 123.4364 123.6413 123.7582 123.7843 123.9236 124.0171 124.1686 124.2860 124.5597 124.8568 124.5978 125.0458 124.9514 125.0989 125.2814 125.4125 125.5500 125.6937 125.8346 125.9747 126.1154 126.2622 126.4392 126.2831 126.9506 126.2477 126.8881 127.1499 127.1965 127.3323 127.4598 127.5886 127.7172 127.8514 128.0144 128.0600
123.0600 123.0207 122.7141 123.6427 108.5597 110.1206 122.1863 123.2760 122.3548 122.3609 122.3337 122.3149 122.2567 122.5089 118.6442 122.5730 115.3258 115.7411 116.6809 114.1179 123.2049 124.1462 124.3168 124.5972 121.2660 121.9891 124.7159 117.3050 122.9699 128.0541 123.4770 124.5008 123.7232 124.2063 124.1129 124.8631 123.7099 123.2120 122.1307 123.9212 124.9501 125.0503 125.1213 125.2829 125.4133 125.5770 125.7056 125.8473 125.8633 126.1021 126.3492 127.0812 126.3509 123.4152 127.9899 126.8641 127.0977 127.2349 127.3651 127.5027 127.6293 127.7676 127.7707 128.0300
122.8000 119.8387 122.1331 123.4758 116.1552 122.7387 123.0208 122.0426 122.1507 122.0771 122.0338 121.9281 121.9287 121.1251 117.3418 115.7691 112.3969 116.6423 117.0679 115.0581 118.6321 122.1365 122.2063 122.2000 122.8318 125.0865 122.7997 116.4802 113.4706 124.3989 122.8420 123.5978 109.5529 124.4083 120.2907 120.4603 118.6201 124.6581 123.6636 119.1320 121.2702 124.7510 124.7991 125.1349 125.1744 125.3931 125.5809 125.7734 126.2379 126.4364 124.9049 126.6207 124.2674 128.5754 128.3506 126.6313 127.0256 127.1433 127.2753 127.4123 127.5520 127.5793 129.5334 127.9000
122.5400 121.7540 122.2708 127.1586 122.5544 122.2949 121.6812 121.8448 121.8055 121.7643 121.7178 121.7034 121.6057 120.1958 121.9252 115.7068 105.4741 120.1466 121.0010 126.3328 122.6031 122.2723 122.2837 121.6037 115.6879 120.4810 102.8188 123.3335 120.0042 123.1257 123.6534 121.2590 123.3330 123.1313 121.6206 108.0216 115.5992 120.6509 115.9513 112.2925 117.8860 124.7756 124.7436 124.9068 126.5189 126.0686 125.4549 125.5514 123.0401 117.0234 115.0768 117.1296 107.5079 129.6544 124.3506 127.0006 126.8761 127.0199 127.1921 127.3270 127.4947 127.4104 130.8954 128.7300
122.2700 123.0186 121.7735 121.7641 121.5698 124.8418 121.7845 121.5771 121.4974 121.4226 121.4564 121.5346 121.3438 121.0501 121.3541 116.3308 104.1403 118.9461 113.3297 127.7401 124.0225 121.4654 121.2778 128.5795 120.3961 110.3649 100.2778 107.7490 111.7250 123.0020 121.8206 120.2996 123.8980 107.5613 116.6131 112.5473 121.8943 119.0423 116.6734 110.0450 118.7065 124.6330 124.4810 125.7872 119.3385 121.3456 124.9624 126.7506 115.6486 117.6216 111.5898 110.2598 114.6488 124.2010 123.6496 126.5986 126.9146 127.0273 127.0861 127.2511 127.4021 126.9691 127.4886 127.7000
111.7100 110.4580 121.9573 121.6278 116.1445 121.8300 121.1064 121.2767 121.3225 121.9965 121.1195 121.1203 120.7520 113.3756 109.7146 119.1313 105.5623 107.5216 112.1051 124.4032 122.6240 123.8268 120.6742 126.3191 126.1163 120.7692 111.2032 104.0191 109.9846 128.7387 123.6314 122.3419 124.2757 117.1210 112.7984 116.4263 119.3843 124.6478 122.4204 123.9674 126.0993 124.1431 124.5291 120.7595 119.1690 124.7886 126.6389 123.2441 120.0981 122.6581 108.0938 117.0818 124.8227 126.1274 126.4279 126.6277 125.9373 126.0984 127.1040 127.1554 127.2444 129.4930 128.0552 127.6700
108.3000 107.6799 123.1467 122.2201 115.7383 121.6337 121.0980 120.8811 119.8535 122.8035 107.4007 132.8408 119.3348 113.0389 117.1483 99.7947 105.3032 119.6025 108.1390 121.1283 120.4684 122.9227 121.5285 121.1624 119.4844 115.4126 108.3726 121.5810 121.6849 122.0244 122.3011 122.1782 122.1313 127.2175 112.3580 105.2554 115.3927 123.5368 123.4484 123.5187 123.8548 125.9733 118.2850 123.1138 123.1233 114.5183 119.8514 123.4263 115.4339 106.8904 117.5614 131.4495 107.6762 127.0273 126.5460 126.3419 130.6414 128.2404 127.0308 126.9989 127.2239 128.6789 127.6241 127.5400
109.5900 116.4965 121.9907 120.8502 121.4192 120.7239 120.6861 120.6305 125.5148 122.2167 113.5956 120.9468 121.1250 116.1473 107.8352 120.5268 112.6379 120.7158 110.3479 120.4200 120.5392 120.8945 120.9261 121.1607 120.8347 115.8027 109.1936 119.4228 122.2294 121.7586 122.4071 122.2586 122.0338 124.8720 110.5356 112.3743 103.6014 124.6796 125.4389 123.6178 124.8428 114.5275 119.8645 124.2353 117.5302 120.9546 128.9651 125.3472 117.2392 119.8565 119.9256 126.5244 123.2312 126.0946 126.1734 126.4306 127.7389 127.4401 126.8415 126.9812 127.1782 127.1339 127.3723 127.5100
121.0700 121.7644 120.6321 120.6922 120.4742 120.4837 120.3896 120.0371 122.2368 124.5191 123.6584 120.1998 121.3718 121.9076 113.6911 112.9198 108.0836 120.6425 114.2837 120.2723 120.3952 120.5185 121.1401 114.5825 112.3661 121.0476 124.1675 120.9489 121.6134 120.3505 115.5456 122.6982 122.1757 124.9306 117.5478 106.0816 120.7537 123.2617 123.5776 123.5936 121.0112 117.4696 121.1201 120.9635 125.0730 124.8583 125.8845 126.1715 115.1075 122.4660 123.9821 124.2617 126.2853 125.8714 126.1345 126.3270 126.3049 126.6107 126.7257 126.9131 127.0614 127.2290 127.3792 127.4800
120.7600 120.3232 120.5248 120.3698 120.2473 120.1109 119.9905 119.8986 119.6274 119.5250 119.1585 119.2337 119.2774 120.0771 112.9635 110.8698 106.8759 121.6152 122.7661 119.8907 119.9661 120.1570 120.7299 116.9653 121.5318 121.1422 120.4473 121.0981 121.0762 121.8707 121.5746 122.7323 122.7010 116.5366 114.1835 115.4655 121.7198 122.8627 123.1720 123.5155 123.1209 123.9886 123.8938 123.6709 125.4071 124.3631 115.7262 116.0220 122.6925 124.1968 125.4875 126.0720 125.7051 125.7393 126.2562 126.1985 126.3510 126.8790 126.6807 126.8331 126.9892 127.1370 127.2935 127.3500
120.4100 120.5328 122.0782 120.0250 119.8829 119.7608 119.6339 119.5101 119.4421 119.3728 119.4066 119.5244 119.9919 119.9120 112.0744 110.3089 114.2128 120.9205 119.8496 119.6480 120.6680 119.8329 119.6514 123.9070 118.9556 120.4064 121.0015 119.8264 121.0332 121.1314 121.2714 121.5691 122.1857 122.4631 122.0194 120.6666 122.6733 122.7643 123.0033 123.1123 123.3803 123.5390 123.8226 123.6274 118.6644 118.3343 125.4867 125.7690 125.1387 125.0272 124.6175 121.3849 114.8683 125.7267 125.7962 125.9415 126.3106 126.9929 126.4840 126.7599 126.9185 127.0599 127.1327 127.3200
120.0500 120.0573 119.7997 119.6276 119.5409 119.3915 119.2522 119.1765 119.0739 118.9394 118.8549 119.5767 114.0786 113.5222 115.4225 112.3234 115.6209 118.9483 119.1151 119.1882 119.4145 118.9833 116.3867 104.7230 123.0135 120.0585 119.5800 108.6155 121.0676 120.8817 121.1366 121.6010 115.5097 121.1579 126.8410 122.8999 122.4322 122.5822 122.7787 122.9982 123.4981 123.7497 123.6545 125.0117 113.0543 132.0493 123.7386 127.7802 125.2804 124.8952 117.2935 124.7151 126.0925 114.7542 118.7494 123.4857 125.5085 132.3023 125.8224 126.7591 126.8416 127.0347 127.3866 127.2900
119.6600 119.7118 119.5386 119.3429 119.1603 119.0125 118.8723 118.5241 118.4234 118.5090 118.4685 119.0050 110.7170 110.5402 111.3556 109.4361 118.6717 118.3948 118.8267 118.6829 118.8845 120.5250 111.3327 106.3808 120.8617 118.9349 120.1234 118.8332 121.9375 120.7314 123.1463 122.1333 116.7435 122.5889 118.7909 110.4439 122.0369 122.3958 122.9969 122.7447 123.1419 124.0307 123.5966 123.0890 129.3322 113.1302 125.2073 119.1678 118.3354 126.4026 123.7454 123.4525 116.1076 118.2765 121.9798 122.7873 126.2396 126.0056 126.5056 126.6032 126.7566 126.8507 130.0326 134.2200
119.6600 119.3804 119.1759 118.9725 118.7913 118.6107 118.4315 118.8329 118.9736 117.7953 117.9630 117.9757 117.7860 118.7018 109.5124 109.2515 113.2242 118.1007 118.2316 118.5717 116.5070 106.4932 104.8528 104.4335 119.2054 119.8298 119.1754 118.1307 120.9404 119.6492 115.9704 114.3792 115.4974 120.0354 112.0082 121.0805 126.3431 123.9756 121.8119 123.0065 122.7848 123.2637 123.6164 122.2684 127.1944 108.2634 125.1285 126.3434 107.1582 117.5334 116.9749 129.3160 125.0883 122.9507 126.4296 126.0278 126.0815 126.2448 126.3880 126.5469 126.6905 126.8834 126.8099 127.1300
119.2800 119.0439 118.8153 118.6016 118.3902 118.2000 118.0248 117.8747 109.3124 112.2337 117.6550 117.4629 117.3433 115.6088 102.2360 105.5380 111.6639 117.6235 118.3266 117.8611 118.2792 118.2812 105.8613 115.1364 118.0103 122.3580 119.9796 119.8467 119.7224 117.3280 128.9527 117.0086 121.0257 113.0031 113.5851 116.3156 122.2781 122.2852 117.5945 119.5837 123.6501 124.7089 108.2493 121.2924 125.0687 126.1559 120.2207 121.0045 113.4770 117.1737 117.5977 123.3333 128.7109 125.3934 125.3694 125.6199 125.9219 126.1491 126.2997 126.4728 126.6470 126.8444 127.0771 127.0900
118.8600 118.6937 118.4442 118.2063 117.9794 117.7703 117.4734 117.6072 116.8314 118.1386 117.1161 117.1432 115.8890 114.4041 104.3438 102.8069 111.5531 114.8541 109.9387 117.4620 118.3663 102.3518 107.4445 117.1899 117.6836 118.8093 118.4224 119.3023 119.3228 120.7935 111.1138 121.1051 121.1552 120.5800 104.9903 118.8735 116.1165 113.5000 118.3277 119.9787 120.1478 115.8988 96.7689 123.9936 123.7887 123.7040 113.1433 118.9298 115.9657 118.9824 116.8453 121.8336 124.0349 125.3192 125.5271 125.8723 125.8736 126.0809 126.2452 126.4144 126.5841 126.7397 126.8870 127.0900
118.4000 118.3327 118.0668 117.8084 117.5610 117.3228 117.1138 116.8865 116.7798 116.3938 116.4316 117.1783 106.2064 104.7969 106.8574 119.1694 115.9639 117.1094 116.8208 116.8590 118.4204 113.5013 118.5643 118.4090 118.2207 118.3209 118.4278 121.4287 119.9483 119.9557 116.2597 119.8354 120.3301 112.9561 105.0300 118.4331 113.9062 116.7196 116.0836 123.6464 121.4937 122.6151 110.5740 125.1300 112.6172 124.0344 114.2243 113.8130 113.3327 119.6718 122.6813 126.1460 126.1305 125.6076 125.4478 123.4246 125.9275 126.0137 126.1792 126.3482 126.5238 126.6972 126.8598 126.9300
117.9900 117.9649 117.6734 117.3922 117.1187 116.8579 116.6197 116.4059 116.1970 116.0732 115.9281 116.2297 110.6014 115.2368 120.7077 112.0445 116.2031 115.9327 116.2483 116.5126 116.5294 117.9874 117.1327 117.4522 117.0666 119.3327 118.2779 105.9250 109.2797 119.6864 119.5170 119.9887 119.3807 108.2456 109.6990 114.9873 118.7964 114.8604 110.6622 122.4084 122.7987 123.7079 129.8260 119.0959 113.2010 107.9525 110.3186 110.6134 113.8633 116.0041 126.2514 122.0187 118.5989 120.4696 125.5682 125.5101 125.7567 125.9405 126.1188 126.2935 126.4655 126.6322 126.7876 126.9100
117.8600 117.5912 117.2728 116.9648 116.6658 116.3809 116.1103 115.8576 115.6376 115.4498 115.2995 115.1575 115.7994 117.0683 113.1883 115.9218 115.2621 115.5697 115.7041 115.9395 114.3488 115.7548 116.8217 118.2252 110.5721 108.3697 117.9185 115.6809 118.7435 119.2225 119.1942 119.3166 122.0916 105.6392 104.7639 113.9658 120.9139 121.4501 121.3847 122.4530 122.5331 122.3702 117.9413 124.8819 120.8090 111.4832 110.6103 113.8329 115.8068 117.5467 116.6896 122.9763 123.8681 124.7866 125.3599 125.4959 125.6988 125.8789 126.0633 126.2370 126.4123 126.5945 126.7783 126.8900
117.4200 117.2204 116.8749 116.5262 116.1965 115.8749 115.5683 115.2932 115.0454 114.8273 114.6552 114.5248 114.3696 114.3434 114.7268 114.4631 114.7229 114.8901 115.1299 115.3923 116.8946 116.7155 116.1916 113.8683 112.3693 117.5022 118.1165 118.0722 117.4647 115.9127 119.0335 120.2287 106.3384 103.1709 109.8013 110.0682 118.5880 119.8193 121.9868 117.7337 120.6655 122.3126 121.9449 128.1155 105.9911 113.0882 116.0872 122.2759 115.5079 119.7785 124.5720 124.6671 124.9358 125.1043 125.2590 125.4489 125.6348 125.8298 126.0027 126.1878 126.3587 126.5049 126.6846 126.8700
116.9600 116.8348 116.4561 116.0847 115.7175 115.3583 115.0124 114.6954 114.4057 114.1556 113.9565 113.8050 113.7356 113.7097 113.7105 113.8726 114.0181 114.2434 114.5202 114.7759 115.0473 115.4481 115.8675 116.3974 116.5886 116.9345 117.3143 117.7165 118.2440 118.5051 119.3153 116.4863 108.9861 108.8051 109.4740 113.2027 120.8955 114.8853 118.7805 121.4650 122.4172 122.1397 119.3435 110.0408 110.2960 112.5581 122.1169 123.6162 124.0031 124.2113 124.2763 124.5945 124.8614 125.0386 125.1960 125.3983 125.5853 125.7700 125.9534 126.1357 126.3298 126.4803 125.4860 126.7400
116.8300 116.4539 116.0416 115.6281 115.2216 114.8138 114.4254 114.0615 113.7254 113.4317 113.1918 113.0194 112.9178 112.8934 112.9502 113.0759 113.2825 113.5368 113.8424 114.1998 114.6013 114.9684 115.3626 115.8012 116.1234 116.6973 116.9997 117.4240 117.7933 118.1401 118.3602 120.6288 120.2643 121.7545 108.7530 105.0298 112.5980 121.9671 129.8199 122.4604 121.6432 122.9282 108.9404 110.9320 114.8667 120.0650 116.4364 124.2311 123.4703 124.1080 124.4936 124.1849 124.3223 124.4389 125.1785 125.3204 125.4888 125.6781 125.8988 126.0852 126.0773 127.9698 111.2846 126.7200
116.2800 116.0792 115.6293 115.1723 114.7095 114.2627 113.8136 113.3931 113.0081 112.6589 112.3742 112.1606 112.0368 112.0017 112.0683 112.2309 112.4731 112.7815 113.1503 113.5462 113.9718 114.4272 114.8975 115.3749 115.8037 116.2326 116.6945 117.1174 117.6007 117.9895 117.2379 117.1005 119.3019 124.0527 113.7197 117.4605 121.8789 120.4506 120.5298 118.9551 122.1542 120.9740 123.0180 118.1786 123.8952 116.8742 116.0664 127.4907 124.1378 129.1943 128.0023 124.3252 122.6433 122.8115 125.2309 125.4262 125.8046 125.8554 125.8652 126.0025 125.8761 135.2332 118.3558 112.1700
116.2100 115.7043 115.2115 114.7058 114.1939 113.6878 113.1771 112.6886 112.2303 111.8156 111.4692 111.2051 111.0523 111.0160 111.0988 111.2929 111.5916 111.9634 112.3981 112.8757 113.3634 113.8868 114.3103 114.7897 115.3858 115.8856 116.3561 116.8233 117.0956 117.3855 118.2520 118.3637 118.7013 120.5792 123.1772 121.7625 118.1331 121.6267 121.2549 115.3497 122.6747 114.3469 106.7827 109.9728 109.5956 106.4564 104.7753 127.0204 128.6015 118.8596 117.0397 116.2083 116.4971 124.4867 125.7390 124.3458 122.8632 124.4480 125.8410 126.0251 124.3594 125.1556 125.4667 123.4600
115.5700 115.3399 114.8041 114.2452 113.6901 113.0784 112.4937 111.9594 111.4131 110.9040 110.4719 110.1402 109.9433 109.8920 110.0066 110.2502 110.6227 111.0826 111.6089 112.1626 112.7350 113.2568 115.0916 115.4613 114.8792 115.5445 116.1335 116.5255 117.3390 118.5485 119.0193 118.6056 119.7112 119.2091 128.7024 123.5901 100.5188 120.0660 122.6053 123.6455 112.8219 103.5024 97.4133 106.2661 107.4035 117.3601 120.9491 127.3643 126.5544 103.5049 104.9806 101.6814 118.3066 116.1409 120.4291 117.4706 115.3274 125.4999 125.7023 126.4501 122.7436 116.5734 120.1015 126.6700
115.5700 114.9922 114.4117 113.8004 113.1485 112.6646 111.9390 111.1493 110.5233 109.9046 109.3700 108.9371 108.6832 108.6119 108.7556 109.0852 109.5615 110.1268 110.7715 111.4248 112.1537 112.6988 111.8773 107.3969 114.9152 115.1983 115.6470 116.6572 116.7953 109.6265 109.5407 120.0773 112.6131 118.7125 109.3448 113.2865 105.8260 120.0269 112.6624 116.5069 112.1270 116.3527 107.9061 117.3671 123.3137 120.9368 123.0471 122.9151 124.8934 130.9392 127.4949 119.4932 113.3518 116.6560 117.7451 117.8503 121.7658 125.6459 125.7892 126.2795 126.4039 121.3015 125.3261 126.6500
114.8900 114.6656 114.0380 113.3814 112.6225 112.0833 108.5949 110.6957 109.5670 108.8278 108.1226 107.5585 107.2025 107.1058 107.3078 107.7594 108.3821 109.1058 109.8927 110.6775 111.4837 112.1215 112.8911 109.6848 114.3062 115.0943 115.8504 115.0094 116.4399 125.3094 113.0398 110.0637 99.8750 123.0820 101.3622 110.8812 115.1006 114.7878 130.7864 112.9995 112.5333 113.5788 115.9653 117.4364 123.1165 125.2937 121.9474 122.9282 123.4104 124.5683 123.9570 114.9418 121.6764 123.6323 124.2119 124.1999 125.8244 125.4990 125.7117 125.9667 125.6361 126.8975 126.3970 126.6500
114.8000 114.3691 113.6890 112.9685 112.1753 111.2879 109.1126 109.6302 108.6154 107.6596 106.7334 105.9445 105.4247 105.2869 105.5799 106.2167 107.0688 108.0138 108.9843 109.9388 110.8340 111.6363 113.0017 113.9805 113.8795 114.6840 115.5388 113.3877 116.4394 121.4148 109.9684 102.1557 104.2883 114.5399 114.6210 106.9170 112.6605 120.2635 121.1667 112.6764 112.6052 114.0958 114.1022 114.9597 116.8849 127.5045 127.2518 124.3990 122.7537 120.5627 121.0792 122.5455 124.6036 124.9556 122.4933 126.9195 125.0947 125.4896 125.9328 126.3176 130.8314 126.1578 126.4595 126.5100
114.7200 114.1097 113.3833 112.6118 111.7776 110.9080 110.0107 108.7933 107.6497 106.4067 105.1626 104.0214 103.1989 102.9748 103.4563 104.4187 105.6294 106.8721 108.0819 109.2073 110.2507 111.2265 112.0688 112.8295 113.6747 114.4007 114.8117 115.6910 115.1406 115.2033 123.0898 116.3418 105.0743 110.1567 109.6826 109.4955 112.4989 120.5191 109.8850 110.2134 110.3962 120.2673 120.6557 116.1649 110.2126 119.5613 123.5727 123.3751 123.7767 123.0761 131.2526 124.6776 124.7389 124.7866 124.3193 125.1856 125.2992 125.4775 125.6093 126.2881 126.2131 126.0261 126.1718 126.5000
114.1600 113.8908 113.1379 112.3123 111.4019 110.4040 109.2924 108.0640 106.6832 105.1394 103.4419 101.6696 100.3290 99.8793 100.7310 102.3177 104.0952 105.7326 107.2210 108.5507 109.7292 110.7953 111.7535 112.6276 113.4205 114.1656 114.8488 115.4649 116.1178 117.9375 123.2828 118.8559 108.7649 106.5892 106.1087 106.7543 115.6989 119.2165 120.1150 120.2484 120.7162 121.8960 121.9771 122.8330 125.0401 119.2166 122.6531 123.2198 123.3590 128.4392 112.3225 113.2332 123.3973 117.7762 125.3648 125.1095 125.2144 125.3980 127.6589 130.0756 125.6978 126.7787 126.9920 126.5000
114.1000 113.7253 112.9396 112.0737 111.1180 110.0541 108.8454 107.4620 105.8526 103.9351 101.6158 98.9999 95.6875 94.5898 96.9617 99.9498 102.5471 104.6866 106.4844 108.0024 109.3132 110.4638 111.4858 112.4109 113.2365 114.0016 114.7065 115.3669 115.9851 116.1457 116.8925 107.9953 105.7028 102.6040 105.9848 107.9301 124.5189 119.5326 120.3551 124.3192 113.2334 120.4173 120.8848 126.3442 108.8081 113.5235 123.1674 123.0566 123.3091 128.7299 110.8716 125.3310 124.4528 124.7664 124.8161 125.0449 125.2243 125.3130 130.3222 137.6071 129.2928 110.7048 116.2910 110.3900
114.0600 113.6167 112.8149 111.9177 110.9248 109.8114 108.5285 107.0388 105.2374 103.0025 100.0150 95.6942 89.5348 88.1355 91.4155 97.6399 101.2405 103.8938 105.9450 107.6148 109.0307 110.2454 111.3100 112.2591 113.1245 113.9059 114.6177 115.3025 115.9418 115.0110 117.3597 112.9545 119.6669 105.3337 119.2213 119.6529 119.5489 119.8719 120.1418 120.1973 121.1634 121.5728 118.7824 125.5282 113.0869 118.5129 122.4145 123.1187 123.5769 130.1307 124.1333 122.5926 123.8112 124.4555 124.8012 125.0406 125.2257 125.4716 122.1116 125.2230 107.7325 135.4507 110.1292 115.5900
114.0400 113.5782 112.7603 111.8605 110.8471 109.7094 108.3997 106.8532 104.9648 102.5728 99.2137 93.4106 86.2084 84.1564 88.0407 96.2624 100.6106 103.5311 105.7002 107.5268 108.9057 110.1643 111.2373 112.2049 113.0746 113.8657 114.5828 115.1946 115.7105 113.4779 111.3193 105.8189 115.4020 119.5099 118.6935 119.1662 119.7675 119.9770 118.4681 126.2859 120.1141 112.4964 121.9045 113.3870 117.8487 118.9454 124.2955 123.6579 123.4117 119.7646 123.1798 124.0935 124.2322 124.9581 124.7897 124.9263 129.5566 124.5723 122.7475 125.9673 115.6023 125.9815 125.9144 110.3200
114.0300 113.5999 112.7850 111.8885 110.8857 109.7563 108.4630 106.9363 105.0982 102.7731 99.6036 94.7988 88.1059 86.3323 89.7796 96.9800 100.9079 103.7025 105.8039 107.3100 108.8178 110.1199 111.2623 112.2296 113.0989 113.8830 114.5984 115.3491 116.1648 118.7293 114.0014 110.8240 106.2208 119.4455 118.6852 119.2513 118.9606 120.0436 120.1529 123.6421 122.3448 109.4970 113.1623 122.3865 111.9442 113.3593 123.4489 128.6992 123.4677 124.0113 124.3085 124.1004 124.5685 125.4839 124.4229 124.9023 127.3607 132.3426 116.4102 126.1658 126.8258 124.4915 127.6132 127.2100
114.0500 113.6825 112.8857 112.0168 111.0439 109.9488 108.7057 107.2784 105.5901 103.5474 100.9912 97.6112 93.2155 91.8122 94.9618 99.0918 102.0157 104.3585 106.1942 107.7558 107.7425 110.5394 111.5254 112.3458 113.1920 113.9530 114.6415 115.3541 116.2393 116.2606 100.5913 113.8076 113.1576 117.8131 118.9447 119.5351 122.8480 119.9978 120.4225 121.5578 121.1390 124.6282 107.1858 114.4284 111.5807 119.6724 123.7385 122.3764 123.4072 123.5793 123.7751 124.1618 123.6715 127.7500 121.2978 125.2268 125.4226 132.4028 125.4631 125.7549 125.9793 126.1835 127.6994 116.4400
114.0900 113.8263 113.0405 112.1660 111.2699 110.2741 109.1276 107.8279 106.3618 104.6734 102.7654 100.7534 98.8513 98.2485 99.4130 101.4503 103.4977 105.3275 106.9309 108.3467 109.6921 110.7023 112.2355 112.5417 113.3259 114.0944 114.8337 115.6089 116.1376 120.1971 110.3425 98.6637 110.5882 110.4805 119.1840 121.2112 112.3174 114.9475 113.5659 113.2594 120.9508 114.2200 116.6108 118.6699 114.4229 123.9692 123.5208 123.1725 123.5225 123.7063 123.9795 124.1988 124.4991 123.9083 125.1992 120.7813 125.6662 116.3297 125.3833 125.8119 126.2313 126.1729 126.8302 118.4900
114.7000 114.0185 113.3447 112.7480 111.7457 110.6365 109.6413 108.5216 107.2798 105.9313 104.5381 103.1808 102.1868 101.8858 102.4890 103.6675 105.0525 106.4407 107.8128 108.9342 110.0737 110.9501 111.7638 112.7839 113.6148 114.2886 114.6844 115.3459 115.8516 120.8589 118.6125 114.7754 119.6741 119.7018 119.0470 121.9487 121.2564 111.0152 106.3640 107.1966 115.0989 118.6151 114.2232 107.6340 112.2870 122.8183 122.7107 123.1735 123.4479 123.7178 123.9460 124.1876 124.3955 124.6930 125.2707 118.4218 126.4479 117.8293 126.7855 125.8898 126.0615 125.5397 127.6774 126.4900
114.7800 114.2792 113.5189 112.0412 112.1107 111.5835 110.2781 109.2821 108.2612 107.2012 106.1570 105.2679 104.6364 104.4670 104.8195 105.5669 106.5441 107.6000 108.4361 108.4845 110.5287 111.5106 112.8193 113.2031 113.8152 114.1879 117.0240 115.9703 120.6893 115.9619 116.5563 118.4532 118.7116 118.4038 118.9870 119.0358 122.0706 121.2367 102.2288 117.4588 121.6692 124.1842 130.5160 117.7381 117.9245 121.8933 122.9282 123.2747 123.5147 123.7556 123.9876 124.2172 124.4508 124.6533 124.8276 126.0082 125.3710 126.5083 126.0168 125.9074 126.1228 129.2586 122.0415 111.8800
114.8800 114.6709 113.6753 121.2036 112.5947 111.6685 110.9692 110.0555 109.2345 108.3812 107.6220 106.9801 106.5542 106.4539 106.6867 107.1935 107.8940 108.7055 109.4670 110.5175 111.1695 112.5612 107.5820 112.2614 114.7403 115.7377 116.6531 109.8864 105.5578 114.7331 118.7498 117.7693 118.3088 118.8657 118.6195 124.7535 111.0968 112.5468 117.6710 122.0636 121.0916 124.4706 114.7267 116.2265 123.5313 123.3462 122.9716 123.2843 123.5426 123.7859 124.0162 124.2475 124.4749 124.7003 124.9280 125.0342 125.2638 125.3123 125.6782 125.9441 125.8960 121.3074 118.2637 124.6000
115.4200 114.9060 114.0297 115.3023 114.1001 112.4616 111.8831 110.8720 110.1908 109.5166 108.9085 108.4410 108.1380 108.0391 108.1900 108.5990 109.1151 109.7645 110.4394 111.1276 111.9174 111.6827 112.6929 128.7767 103.9492 104.6711 115.7913 125.3454 100.6339 99.7045 103.5815 119.3210 118.5057 118.7504 122.1505 120.1891 119.1389 119.8102 121.0785 121.0092 121.6613 120.3732 126.4811 111.8240 122.5880 122.5858 122.9659 123.3181 123.5825 123.8241 124.0634 124.2826 124.5072 124.7316 125.0119 124.6494 124.9939 125.9551 125.7551 127.1609 126.1670 126.8447 121.9538 110.5200
115.5400 115.2087 114.6621 113.9302 113.5270 112.5386 112.3159 111.6648 111.0863 110.5305 110.0645 109.7019 109.4811 109.4522 109.7397 109.8043 110.2550 110.6635 111.2800 111.9034 112.4056 113.8566 101.7730 105.3229 105.5616 117.5804 100.7032 101.7025 113.6645 116.8342 117.1536 118.3716 118.6962 119.0850 120.6357 118.7270 120.3843 121.1082 111.3254 122.6486 116.5104 101.3646 117.2850 119.3092 122.4974 122.9512 123.1301 123.3836 123.6321 123.8736 124.1013 124.3299 124.5458 124.7698 125.2662 124.3503 128.3445 121.8834 125.4495 125.9986 126.1206 127.4519 113.9069 114.0600
115.6600 115.5649 115.0686 114.5234 113.9876 113.4773 112.9361 112.4273 111.9286 111.4836 111.1014 110.8180 110.6488 110.6534 110.2678 111.3172 111.0348 111.7273 111.5065 112.8227 113.1389 113.4558 115.0162 116.1709 115.5664 115.7262 117.5576 105.5868 107.2104 117.1764 117.9691 118.3964 118.7840 119.4044 123.5648 109.7529 120.4042 119.5114 116.1998 106.5187 109.4613 124.3396 118.3493 114.6533 115.8233 123.3995 123.2302 123.4385 123.6884 123.9277 124.1544 124.3812 124.5944 124.8093 124.9914 125.2502 125.9295 125.7253 125.6394 126.0381 126.2812 126.1149 127.7401 129.8800
116.1800 115.9472 115.4744 115.0020 114.5165 114.0676 113.5579 113.1207 112.7170 112.3467 112.0333 111.8035 111.6859 111.7862 110.7712 119.0432 111.8653 112.4083 112.6699 113.1958 113.7303 114.2992 114.6636 114.9193 115.4761 116.1132 116.5087 117.4932 118.1024 118.0866 118.3458 118.6713 119.0389 119.3891 119.5589 120.7207 116.7656 106.2190 113.9202 115.1381 121.8917 122.2846 105.4922 112.7085 118.2546 122.9970 123.3514 123.5132 123.7473 123.9847 124.2111 124.4343 124.6474 124.8564 125.0724 125.2922 125.4274 125.5492 125.7664 126.0580 125.5135 125.3513 130.6406 116.2900
116.6600 116.3220 115.8825 115.4587 115.0314 114.6066 114.1992 113.8132 113.4596 113.1438 112.8843 112.6944 112.5946 112.6111 112.3907 109.2466 109.3692 114.5639 109.9432 113.9018 114.2614 114.8170 115.1947 115.7505 116.1038 116.4992 115.9105 117.1276 117.3505 117.8886 118.4790 118.8538 119.2403 119.3097 122.2929 120.0514 122.2414 123.0290 121.9321 113.3062 114.9095 110.9086 112.4953 121.0382 118.5814 122.7838 123.4143 123.5826 123.8201 124.0464 124.2715 124.4908 124.7034 124.9103 125.1179 125.3056 125.5124 125.7285 125.9005 125.6122 128.9810 129.7792 123.3870 131.8500
116.7900 116.7785 116.3100 115.9210 115.5304 115.1447 114.7889 114.4582 114.1515 113.8856 113.6686 113.5099 113.4222 113.4728 112.9516 110.1402 108.6980 114.3784 105.2965 113.3754 114.4358 113.9067 115.6577 116.0605 116.4399 116.8255 117.5005 117.7593 118.0952 118.4017 118.7196 119.0799 119.4122 119.7688 119.9381 120.3272 120.3450 120.6375 122.9045 125.4816 118.9327 111.4466 113.8270 116.6400 113.7391 124.0333 123.4402 123.6654 123.8932 124.1220 124.3343 124.5497 124.7621 124.9649 125.1755 125.3693 125.5617 125.7556 125.8848 127.2090 133.4692 130.7557 109.2156 116.6400
120.6700 116.9600 116.6000 116.2600 115.9400 115.5500 115.1800 114.8500 114.4200 114.4500 113.9700 114.0400 114.1200 114.1300 114.0900 114.0400 95.1500 114.4500 114.8500 114.8500 115.2000 124.6300 115.9200 116.2500 116.5600 116.9200 117.5600 117.8600 118.1600 118.4400 119.0000 119.2600 119.5200 119.7700 120.2600 120.4900 120.7200 121.1600 121.3700 121.5800 111.7800 112.3300 122.5600 117.5600 112.5800 122.9800 123.4500 123.7800 123.9400 124.1000 124.4100 124.5600 124.8600 125.0000 125.1500 125.4200 125.5600 125.8200 125.9500 133.3800 136.4200 109.2800 120.6700 113.9400
