125.1000 125.1000 124.9800 124.9800 124.8500 124.8600 124.8800 124.7100 124.7200 124.7300 124.7400 124.7400 124.7500 124.7400 124.7300 132.3100 124.7100 124.8800 124.8700 111.2000 113.2000 124.9900 124.9600 125.1100 125.0800 125.2100 125.3400 125.3400 125.4300 125.4300 125.5400 112.2100 112.2100 125.7600 112.4900 110.7000 126.1000 126.1900 126.3200 126.3000 126.5400 126.5100 126.7400 126.7400 126.8300 126.9400 127.0300 127.2500 127.3300 127.4300 127.5400 127.6300 127.7300 127.8300 127.9400 128.0100 128.2000 113.8300 120.8300 121.7300 106.6500 128.7500 128.8200 128.9100
124.9000 124.8172 124.8898 124.7909 124.7670 124.7125 124.6806 124.6490 124.6323 124.6090 124.5979 124.5834 124.5919 124.6215 124.7914 126.8826 124.0007 124.5519 126.0904 114.6943 118.9098 125.0003 124.8079 124.4704 126.3844 124.9636 125.2176 125.0049 122.9681 108.0568 123.3055 121.5851 105.8188 114.1629 108.7730 115.1335 109.2603 126.5057 126.1757 126.2794 122.0152 126.0121 126.4476 126.7014 126.6031 127.0144 116.4890 127.1666 127.1933 127.3266 127.3618 123.8388 125.9826 127.2629 127.9045 127.8368 122.7237 116.7775 119.0131 118.5727 106.0435 127.2799 128.6624 128.9100
124.7000 125.2644 124.4101 124.6916 124.5386 124.4960 124.4650 124.4293 124.4074 124.3904 124.3705 124.3670 124.3643 124.3811 124.2257 124.8760 124.3361 124.8705 114.2101 115.6151 117.4986 124.8754 124.4470 125.8846 110.6212 120.1880 124.6113 128.4659 122.3293 122.9388 126.9057 102.6195 105.9569 112.0067 114.0468 117.7769 112.0670 125.8459 122.2555 126.4119 129.3254 127.4418 126.6477 126.8696 126.4945 127.5245 127.3697 126.9924 127.1212 127.2514 127.4472 127.7997 129.1412 127.6511 128.5639 123.7639 115.6091 115.8584 120.0891 120.6137 116.0547 128.8474 128.4037 128.7500
124.4900 127.2658 124.5639 123.4250 124.7079 124.2160 124.2336 124.2026 124.1814 124.1609 124.1407 124.1387 124.1340 124.1379 124.1855 124.1910 124.1952 124.2571 125.7521 109.5884 121.6559 121.7197 110.8912 119.3878 121.9958 126.6514 124.9040 119.0255 126.7307 115.5890 117.6303 103.9263 107.0505 116.8279 114.5093 108.1946 107.4182 125.7089 126.1767 125.8238 112.7631 106.6193 124.9875 125.8221 126.4910 126.6663 126.6534 126.9029 126.9890 127.1125 127.2842 127.2375 127.2640 129.1917 115.5325 115.6969 118.1979 121.8690 106.9328 122.0666 127.0215 128.7142 128.6319 128.6300
124.2700 123.9461 124.3127 116.8669 124.1181 123.9934 123.9966 123.9710 123.9421 123.9223 123.9110 123.8966 123.8930 123.9009 123.9114 123.9212 123.9625 123.8859 123.7409 128.4164 125.3513 116.6555 116.8925 122.8550 124.1399 124.3935 123.8527 121.2257 125.2083 125.2604 107.2773 115.0581 102.1137 126.1257 124.6995 121.8410 125.5052 125.8261 125.6372 125.2855 129.6976 121.5987 125.8813 125.6974 126.4520 126.5140 126.6351 126.7576 126.8883 126.9544 126.8281 127.5662 127.5771 111.2182 117.0194 117.6742 109.1460 109.4329 107.7959 110.3888 129.6656 128.2902 128.3637 128.6000
124.0600 124.2214 124.3277 125.4675 123.9683 123.8674 123.7664 123.7456 123.7152 123.6818 123.6602 123.6552 123.6519 123.6589 123.6712 123.6878 123.7226 123.7776 123.2905 124.6456 124.5179 116.7018 115.7681 124.1909 123.9857 124.2400 124.3669 124.5441 124.1244 113.6882 109.4504 118.3328 122.1774 123.1818 125.8521 125.2926 125.6776 125.1841 127.7385 107.7573 121.8190 126.1329 126.1827 125.9287 126.2546 126.3776 126.5014 126.6309 126.6786 127.5841 126.3984 129.1183 110.1733 113.8660 114.1999 117.1558 106.4946 106.1269 106.7848 122.9385 128.5051 128.3176 129.0695 128.4800
123.8400 123.7829 115.7499 122.6214 123.6574 123.5881 123.5218 123.4324 123.4191 123.4363 123.4160 123.4021 123.4067 123.4067 123.4200 123.4375 123.4643 123.5165 123.6170 123.5045 125.0397 109.2691 126.0288 124.0208 123.4455 124.0116 124.0923 125.2277 125.9546 105.0901 107.4456 107.3689 116.4732 98.6945 107.3706 125.4262 125.1338 125.2527 125.3814 125.4103 125.7621 125.7538 125.8676 126.0078 126.1172 126.2489 126.3659 126.5244 126.4911 126.8051 114.5900 121.7853 110.3943 117.3196 127.1932 112.3814 113.1965 109.4035 117.8429 128.5535 128.0284 127.9777 128.3529 110.5300
123.6100 123.2526 127.6974 125.8092 123.2679 123.3327 123.2354 123.4941 123.2955 123.1845 123.1585 123.1470 123.1423 123.1523 123.1673 123.1871 123.2148 123.2370 123.2505 123.3544 124.8524 110.5700 132.4252 123.4996 123.0813 123.1788 123.9389 121.6547 117.4124 116.0199 123.3737 119.1457 128.5849 111.8606 118.7003 124.3958 124.8953 125.0754 125.8156 125.3674 125.3888 125.6298 125.7139 125.8593 125.9827 126.1144 126.2446 126.3835 126.3194 126.6413 111.6003 106.5028 106.6472 128.7761 129.9293 108.4809 130.3609 122.6006 128.7515 127.7397 127.9816 129.6448 127.5681 128.3200
123.3700 123.5985 123.0716 122.7477 123.0671 123.0575 122.8908 124.2166 116.7953 123.4481 122.9017 122.8766 122.8810 122.8909 122.9010 122.9217 122.9547 122.9910 123.0225 123.0980 123.9728 124.1935 125.2802 123.4017 123.3391 124.3371 123.8167 125.1581 119.6767 110.3518 124.9825 108.1002 117.1527 117.7185 122.2038 124.7834 124.7885 124.8686 125.1079 118.9761 127.0723 125.2959 125.5965 125.7065 125.8416 125.9807 126.1130 126.2995 126.1409 127.0435 115.5253 119.8834 128.8870 126.7792 124.5882 112.9383 122.7289 124.2611 127.3891 127.9062 125.3468 143.8623 113.5637 113.8300
123.2600 121.4479 123.6645 123.0239 122.9260 122.7834 122.6453 124.5054 111.1300 125.0294 122.5135 122.6070 122.6097 122.6145 122.6263 122.6764 122.6907 122.7255 122.7667 122.8421 122.8487 122.8443 123.0508 123.1064 124.2165 114.3128 123.3279 124.3664 119.2417 128.5197 124.6240 125.6865 113.6876 123.9409 124.4365 124.5148 124.7067 125.1405 125.5279 110.8898 125.0443 125.1534 125.4484 125.5659 125.7088 125.8473 125.9824 126.1256 126.2614 125.2003 120.2750 121.8031 126.7923 125.5411 117.4719 111.6741 124.5536 127.3032 127.9683 127.6563 128.0101 127.9464 128.5979 128.1400
110.1200 110.1927 123.8255 122.5087 122.5757 122.5509 122.3924 123.3919 113.7981 116.7976 122.5341 122.1650 122.3550 122.3367 122.3652 122.1913 122.3408 122.4260 122.4552 122.5252 121.9557 122.6813 122.7212 123.7363 118.4200 121.1532 122.7550 123.8953 122.7139 123.4810 123.1763 124.0619 124.0627 124.7905 124.1602 124.2543 124.4273 121.4421 104.8225 107.8119 126.5059 125.0183 125.2742 125.4282 125.5721 125.7148 125.8569 126.0085 126.0058 126.8829 118.4091 118.4303 129.2307 119.1328 116.9306 106.9637 119.0257 127.5127 127.3714 127.6296 127.9522 127.8196 130.3935 128.1300
122.6200 112.5592 123.4186 122.5672 122.4682 122.2338 122.1958 121.9298 118.9892 106.9867 121.3344 121.7948 122.0675 122.0423 121.9590 123.3765 122.4542 122.2760 122.1684 122.3287 122.3360 122.4556 121.4750 122.3412 117.9240 123.8147 122.9008 123.0747 123.2224 123.2579 123.5391 123.5193 123.6294 123.8353 123.8785 124.1218 124.1915 126.2670 119.3626 124.1492 124.6636 124.9701 125.1428 125.2905 125.4318 125.5885 125.7263 125.8677 126.0422 126.1462 126.8849 125.8298 118.5268 113.0434 114.0896 111.5067 119.8758 127.7558 127.4161 127.5518 127.6649 127.1576 131.3544 135.7100
122.3500 115.7850 124.1271 121.1063 120.7633 122.0442 121.7725 123.0284 108.4629 109.3451 120.6923 121.5369 121.7455 121.6484 122.9960 111.9808 120.0442 122.0876 121.8384 121.9791 122.1006 122.0823 118.2163 120.9936 122.9412 122.4844 122.7118 122.8121 122.9826 123.0568 122.9869 123.2487 123.5394 123.6306 123.7884 123.9814 123.9223 125.2946 125.5816 123.5425 125.0499 124.8161 124.9927 125.1477 125.2967 125.4509 125.5969 125.7436 125.9247 126.0342 126.2252 126.0715 118.7404 114.5016 112.6009 109.4061 120.1468 127.4967 127.3355 127.4645 127.6203 127.6084 131.9561 116.2700
104.9900 117.3785 122.2503 120.5133 121.7438 121.7373 121.5377 122.3603 115.4883 111.3552 129.2865 120.2181 121.4837 121.3745 121.3162 117.9930 121.9397 121.5294 121.7312 121.7167 121.8070 121.7342 122.1877 122.0867 122.1019 122.2950 122.4723 122.5089 122.8303 122.6907 123.6181 124.2839 123.1973 123.4575 123.5911 123.6037 124.0464 118.3054 127.2615 125.5055 124.4946 124.6755 124.8499 125.0028 125.1662 125.3214 125.4750 125.6335 125.6109 126.9044 116.7337 127.0532 128.4728 112.3135 125.7083 122.1904 123.4388 127.1672 127.2626 127.3904 127.5202 127.6129 124.5751 116.2700
108.6000 123.7894 121.4686 121.7121 121.4734 121.3243 121.3248 121.0489 122.0162 118.7368 121.1849 120.7951 121.1233 121.0860 121.3633 121.3805 121.0433 122.1317 121.0308 121.4047 121.4947 121.6016 121.6032 122.5993 117.8196 122.7713 121.8369 122.4079 122.1650 120.0658 111.5180 119.2491 123.3344 123.1796 123.3904 123.6212 123.6444 124.1306 125.6589 125.8003 124.2670 124.5525 124.6964 124.8622 125.0231 125.1839 125.3457 125.4946 125.6228 125.9525 121.7736 126.1749 126.7791 123.7835 124.8591 116.9776 127.8848 126.8306 127.1689 127.2913 127.7208 126.6699 131.0490 117.7900
107.8200 120.2323 121.1495 121.2873 121.1554 121.0721 120.9783 120.9308 120.7237 121.0090 120.7970 120.7930 120.7689 120.7806 120.7774 120.8414 120.7569 127.0941 120.2519 121.1490 121.3050 121.3398 121.2004 121.3950 105.5348 113.3244 123.4211 121.9022 122.2127 122.4468 122.7683 124.2336 122.8575 123.0392 123.2038 123.3647 123.4195 124.1451 121.3813 123.8285 124.1181 124.3857 124.5567 124.7242 124.8873 125.0517 125.2218 125.3805 125.5527 125.7708 125.8719 125.9296 126.2082 126.4018 127.0067 125.4489 126.9971 126.9569 127.0645 127.2317 127.4157 127.3193 128.6567 132.3200
121.1800 121.3184 121.0150 120.9491 120.8337 120.7141 120.6423 120.5738 120.5392 120.4610 120.4464 120.4162 120.4099 120.4127 120.4440 120.5043 120.0745 120.0537 120.7131 120.6487 118.3310 120.9700 120.4628 121.1355 102.8097 105.9867 122.9978 122.1665 121.9526 122.1782 122.3922 122.4249 122.6433 122.8248 122.9995 123.1636 123.3843 123.5026 123.7478 123.7354 124.0758 124.2252 124.4124 124.5823 124.7527 124.9252 125.0922 125.2707 125.4331 125.3805 128.0901 126.1934 126.0504 127.3909 112.5845 118.9495 127.3238 126.7937 126.9942 127.1541 127.2859 127.3554 127.4035 127.6200
120.8600 120.7958 120.7135 120.6228 120.5072 120.4547 120.2915 120.2337 120.1509 120.1127 120.0666 120.0505 120.0534 120.0584 120.0898 120.1311 120.2574 120.3447 120.3231 120.5555 120.0592 123.0000 120.1393 115.9785 104.2117 109.4193 104.1617 121.6019 121.5633 121.9403 122.0564 122.2532 122.4446 122.6122 122.8028 122.9876 123.1717 123.4751 123.5360 123.6868 123.9494 124.0840 124.2640 124.4486 124.6292 124.7944 124.9755 125.1428 125.3084 125.5098 125.6909 125.7034 126.0811 125.9273 126.3714 126.5319 126.5958 126.7775 126.9211 127.0712 127.2199 127.3577 127.4779 127.6000
120.5300 120.5764 120.4367 120.2797 120.1332 119.9264 120.1659 120.0026 119.8216 119.7181 119.6860 119.6736 119.6682 119.6783 119.7257 119.6806 119.8902 119.8767 119.9840 120.0344 120.1803 120.2278 124.3461 105.1939 109.1776 112.2344 119.2276 116.2957 120.5141 121.8402 121.8053 122.0222 122.3160 122.4093 122.6003 122.8189 122.8969 123.1873 122.5898 123.8279 123.7006 123.9283 124.1238 124.3126 124.5456 124.8138 124.8272 125.0288 125.2054 125.3772 125.5640 125.7334 126.9699 115.0055 126.3740 125.8773 126.5769 126.6931 126.8388 126.9964 127.1460 127.2942 127.4662 127.5700
120.1800 120.2486 120.0844 119.9413 119.7880 121.3611 119.6326 120.7423 119.4048 119.3322 119.3547 119.3014 119.2675 119.2585 119.3960 117.4698 119.6359 119.5209 119.6178 119.7377 119.8716 119.8236 122.1770 116.3774 124.0239 126.2875 117.5325 109.4387 118.5353 121.2805 121.6131 121.7891 121.6127 122.6184 122.5965 122.4753 122.6890 124.3685 112.7222 124.1403 123.4302 123.7346 123.9941 124.1175 124.2560 122.7442 124.7819 124.9269 125.0966 125.2941 125.4014 125.6023 125.8569 126.8232 127.1781 126.2413 126.2090 126.5983 126.7656 126.9253 127.0728 127.2226 127.3771 127.4400
120.1500 119.9151 119.7650 119.5631 119.4655 119.4494 119.0622 118.9748 118.9987 118.9242 118.8278 118.5054 118.8704 118.8562 119.0682 119.0952 119.0233 119.0375 119.2488 119.3570 119.4630 119.6721 121.1216 119.2107 120.1376 110.1894 117.0736 116.4619 121.8082 121.3021 121.3977 121.5157 121.3599 126.7493 117.9053 121.5022 113.7960 116.5679 109.0964 119.7833 122.9850 123.6758 123.9173 123.9502 124.3434 119.3004 124.9579 124.8042 124.9904 125.1647 125.4571 125.8180 122.8525 123.3928 121.6258 127.3234 127.1654 126.4979 126.6842 126.8522 127.0038 127.1371 127.8931 127.4100
119.8100 119.5372 119.2242 120.5274 118.7811 118.8905 118.8049 118.7207 118.5793 118.4884 118.5150 117.9490 118.4560 118.4235 118.4442 118.5157 118.5850 119.3526 118.8409 118.7533 119.2693 119.5090 119.4367 119.6260 121.0639 107.4334 109.9728 112.4755 117.8329 121.2708 121.1737 121.2314 123.1180 117.1788 118.6750 112.9822 105.5746 107.7085 114.9361 115.3275 114.5229 124.8897 123.5977 123.9214 124.6720 124.9417 124.2883 124.7205 125.0319 124.8472 126.1393 123.7643 120.5330 116.4135 119.2066 122.6604 122.8592 126.6399 126.6366 126.7748 126.9368 127.1305 128.4370 136.2400
119.4300 119.1755 117.4276 119.6778 118.5661 118.7072 118.4033 118.2098 118.1434 118.0604 117.9986 118.0279 117.9818 117.9782 117.9666 118.0173 118.8527 112.3514 117.8910 115.9935 109.7411 118.9572 118.2629 120.5070 115.8844 111.0199 104.2667 111.7103 119.3452 121.1856 120.9886 118.2813 108.5886 112.9762 110.7738 102.7249 106.8980 111.7350 119.1952 111.7631 114.8625 123.5277 123.2756 123.8568 123.7397 123.8807 124.6934 123.9867 124.2249 125.5376 108.4392 114.9467 119.0480 112.1664 115.1225 117.4786 121.2415 126.6330 126.5554 126.7091 126.8921 126.6397 126.3890 128.3000
111.0400 112.7582 118.6168 118.2633 118.2940 115.2299 117.9157 117.7937 117.6235 117.5532 117.5044 117.4883 117.4757 117.5486 117.6312 117.1024 118.9237 106.6449 113.4685 119.0511 118.5632 118.3242 111.2495 106.8160 123.3663 112.4897 110.3395 102.7024 111.9949 113.7059 120.5142 119.7992 122.2696 108.6471 111.4372 113.1852 111.8227 116.3827 123.2463 122.1269 121.6436 122.9167 123.0770 123.5362 124.1703 125.4696 116.7661 127.9990 125.4868 129.0098 113.4891 108.8367 118.5794 119.2279 135.5315 121.4562 126.5427 126.1706 126.4424 126.6387 126.6875 129.6336 127.0734 127.2100
104.7000 112.3280 119.0716 118.0432 119.1054 116.9550 117.8705 117.3199 117.4254 117.5490 117.0572 116.9948 116.8353 115.3065 114.3360 117.4059 106.8297 107.7672 125.1958 117.9910 117.2828 117.3010 116.1941 117.3407 126.0453 120.8729 119.2975 117.2779 119.7490 117.3410 120.3339 120.0433 121.3474 116.0018 106.8424 116.6476 119.4241 121.8368 123.0927 121.9356 122.5096 123.8912 124.4169 123.4600 123.2017 114.5780 122.4510 125.7477 115.0210 128.5559 105.8749 113.4552 108.4676 118.4483 139.2488 118.9206 114.6568 123.5236 126.1405 126.6477 126.6455 128.1864 126.8100 127.1900
118.1400 118.4656 117.6826 117.5135 117.3492 117.1531 116.9264 116.8270 116.4919 117.2568 116.3360 116.4955 116.1946 112.6280 113.0604 115.3433 106.3377 110.3515 107.8955 115.9646 117.7139 117.0688 118.5106 118.4853 118.6000 119.1003 119.1421 119.5599 118.8375 120.0381 120.0329 120.2921 120.8527 109.2894 111.1034 106.4139 105.5311 123.3309 120.8105 122.6448 121.7376 119.3943 115.5698 114.2812 124.4180 122.4585 118.2371 122.9150 110.7696 117.2523 103.5619 108.4892 119.3836 116.8988 139.2635 130.2096 114.6774 122.6841 126.2079 126.4890 126.7469 127.1640 128.2165 127.1600
118.1400 117.6927 117.4628 117.1927 116.8209 116.7081 116.4777 116.2888 116.1961 115.1683 119.0930 115.4941 115.7678 116.8520 116.1663 117.3482 109.0915 117.6397 116.0392 117.7268 116.8507 116.1004 113.5555 118.1084 118.0620 118.4235 118.6395 119.1389 119.1178 119.5733 120.3776 119.2727 121.5994 118.7276 118.9901 105.1422 116.7270 121.7818 120.1437 119.2446 122.4153 125.3997 126.8629 122.4952 123.4522 123.2070 124.7435 107.0210 114.6291 104.7726 118.6655 116.5277 118.4774 120.1953 135.9847 132.0272 131.6627 119.9928 126.7074 126.5314 126.6493 126.9567 126.9818 127.0300
117.6000 117.3259 117.0347 116.7251 116.4640 116.1788 115.9395 115.7311 115.5117 115.4653 115.1488 115.0271 115.1629 115.1023 115.2592 116.1027 115.8003 115.2067 113.4385 116.0778 116.3778 117.1029 116.9225 117.7114 117.7336 118.0720 118.3873 118.7450 119.0561 119.1399 121.4599 104.4329 120.4919 120.5842 120.9357 110.4290 100.5120 119.8208 118.6249 122.2025 122.6049 122.7076 122.7024 123.3218 123.4336 124.1913 112.3083 117.0506 115.7628 116.3965 118.7116 117.3077 117.4665 117.3499 125.2678 125.2110 126.3010 126.1642 126.3201 126.4208 126.5863 126.7598 126.9376 127.0100
117.1400 116.9310 116.5915 116.2677 115.9489 115.6527 115.3764 115.1253 114.9174 114.7327 114.6566 114.6029 114.5778 114.6186 114.6611 114.1476 114.6876 113.0956 121.1591 115.8331 116.8459 116.3372 116.7368 116.9088 117.3754 117.7229 118.0425 118.9504 118.5730 119.1876 119.3715 119.9768 120.0490 120.3313 119.0216 110.8256 99.4893 111.9065 113.1598 121.6712 122.3901 122.6502 122.9393 122.9563 124.9159 112.3727 117.3840 110.6277 119.3964 114.5924 116.6979 121.7644 121.6740 124.5682 125.7011 125.6234 125.8931 125.8893 129.2023 126.2282 126.5121 126.7243 126.9696 126.9900
116.6700 116.5188 116.1527 115.7811 115.4347 115.0918 114.7793 114.5004 114.2488 114.0538 113.9003 113.8081 113.7883 113.8367 113.9246 114.1941 114.7193 112.2915 113.9752 115.6479 116.4017 115.8393 116.6771 116.7477 117.3948 117.7355 117.0893 123.3375 118.8159 118.8948 118.8043 119.7878 119.7308 119.5694 110.9259 100.0030 113.1865 123.9703 112.4214 118.5429 122.2261 122.7491 122.7562 121.0032 114.0737 120.1933 108.9423 114.2054 117.6201 119.8907 114.6082 126.1940 126.2409 115.0348 126.4313 125.5679 125.8051 125.7151 125.8574 126.3436 126.5233 126.6125 126.4154 126.9800
116.5200 116.1005 115.6941 115.2960 114.8946 114.5113 114.1514 113.8256 113.5368 113.3046 113.1362 113.0345 113.0129 113.0669 113.1907 113.3270 113.5506 114.2022 114.2961 114.6205 114.9063 115.1355 118.1740 118.3594 116.3582 113.5379 118.0317 117.8557 115.8768 115.2852 119.6778 116.0573 116.3623 104.6545 98.6298 113.5325 116.6601 121.8213 122.8629 122.4453 121.9752 123.6174 123.1426 116.7331 108.3061 109.3720 121.5732 116.2027 125.8915 123.6755 110.0306 122.2826 125.4024 123.2663 125.1881 125.6309 125.6857 125.9652 126.1761 126.2693 126.3940 127.1269 114.3372 126.9600
115.9700 115.6860 115.2327 114.7866 114.3343 113.9018 113.4932 113.1047 112.7692 112.4904 112.2820 112.1618 112.1299 112.1942 112.3319 112.5663 112.8514 114.2960 113.3847 114.0635 114.3913 114.1526 107.4198 115.7671 118.6745 103.1235 118.1628 117.3493 113.3641 100.4719 116.6952 112.2490 109.1556 111.1814 111.5865 109.9074 115.6990 118.3987 121.4221 121.5004 121.9290 122.3391 123.0722 129.2671 113.8054 118.1115 123.9217 124.8387 121.9925 118.9638 117.1239 118.2932 119.4469 117.2487 126.4262 126.1515 125.7908 125.8319 125.9819 126.2395 126.2818 125.4407 125.7646 126.8300
115.8700 115.2698 114.7740 114.2735 113.7685 113.2740 112.7949 112.3440 111.9405 111.5971 111.3493 111.1915 111.1509 111.2380 111.4004 111.6218 113.9967 105.9601 113.9499 113.4628 114.3840 104.6356 103.0285 116.0955 119.0524 109.4323 116.6073 117.0503 119.9617 111.5963 121.0197 115.9597 118.4786 108.7706 104.5493 116.2004 121.8434 115.4497 121.7407 121.6464 121.8857 122.4407 121.3993 121.6288 124.9694 124.4062 122.2151 122.4952 108.7030 99.4229 117.0500 113.3947 115.6939 125.1147 127.6064 120.2390 125.9060 125.9819 126.3356 126.1696 126.2906 125.1004 129.5347 126.8000
115.1900 114.8610 114.3159 113.7573 113.1871 112.6176 112.0599 111.5278 111.0388 110.6160 110.3019 110.1057 110.0538 110.1518 110.4819 110.5625 115.2359 98.6149 111.6818 112.6980 112.8284 110.4688 115.5083 115.2097 115.5035 117.2737 118.7974 117.5666 117.4963 117.8731 126.1547 116.0376 118.1116 105.4816 124.5751 113.8322 120.3281 122.4218 121.2305 121.5672 121.8935 121.2114 125.9487 123.2010 122.3558 122.3619 116.0547 124.4008 114.2989 110.8029 116.7206 130.2829 122.4312 122.8065 122.8829 127.1337 124.7891 124.5405 123.5666 122.6960 124.6713 119.1883 126.6567 121.6400
115.1900 114.4679 113.8696 113.2448 112.6032 111.9516 111.2961 110.6542 110.0567 109.5261 109.1213 108.8616 108.7944 108.9167 108.3638 110.0245 109.4598 112.2486 112.1481 112.1700 113.0391 114.3342 113.5216 115.7304 117.0851 109.4017 104.4729 118.5458 112.8686 118.0377 109.7326 117.4601 119.8783 121.7122 123.8622 105.2234 122.3678 107.3758 122.3765 121.4426 121.2115 128.9998 116.3284 123.2073 126.7473 129.9333 132.8455 99.4429 102.8983 107.4915 110.8878 109.2209 118.5826 119.8899 124.1169 136.8789 125.7985 122.1973 122.7768 123.9757 125.4612 124.5589 125.1544 125.3200
114.4900 114.0939 113.4424 112.7524 112.0229 111.2729 110.5048 109.7351 108.9873 108.3081 107.7686 107.4050 107.3490 107.6881 101.2219 108.1995 108.8349 109.9914 110.7422 111.5797 111.9949 113.5948 108.3817 110.7818 96.2060 100.4343 98.6648 105.3915 116.5596 117.6304 114.6832 118.1045 118.7501 118.2268 118.9151 119.9255 120.2595 117.7537 121.0861 121.2003 121.1225 125.7082 99.8582 103.8099 102.8309 111.2301 114.0768 123.8035 112.2546 117.1586 125.6940 118.6251 119.3381 117.8588 116.6028 120.0970 126.2182 123.8492 125.4860 125.2326 126.4896 126.4844 126.0345 126.7700
114.3700 113.7456 113.0274 112.2757 111.4675 110.6090 109.7042 108.7681 107.8332 106.9438 106.1891 105.6904 105.5671 105.9936 103.8763 107.6069 107.9615 109.1049 110.0123 110.9182 111.6996 114.5064 109.2582 113.1612 113.7452 97.4313 116.2773 102.7187 104.1147 118.4371 117.8025 118.4142 118.4231 119.5986 120.7589 103.6730 123.2069 120.9501 120.7706 121.9577 121.9041 121.5451 121.2791 129.8820 116.7083 111.2011 109.9628 111.3021 103.9229 106.0758 110.8778 102.4425 121.4970 103.4720 120.1118 120.3930 125.6384 125.8266 124.6229 124.9675 125.0411 116.6079 123.0495 125.3200
113.7700 113.4385 112.6723 111.8442 110.9450 109.9653 108.9181 107.7930 106.5983 105.3986 104.3313 103.5311 103.3476 103.7988 104.7540 105.7066 107.0199 108.1957 109.2977 110.1853 112.1191 105.9075 115.9003 95.5698 118.2105 115.2997 99.5888 117.7887 115.9975 116.9811 117.8952 118.1103 120.3794 100.6977 107.8622 104.7696 114.3634 120.9222 121.7691 110.4139 122.2922 121.3980 122.6158 101.0128 101.5146 101.0714 101.2529 101.3706 99.7491 116.8499 115.8880 116.7016 118.1849 118.1519 119.4607 124.0892 124.3481 124.4756 125.8642 125.2526 125.4832 124.1848 126.4561 126.7500
113.6700 113.1726 112.3610 111.4627 110.4811 109.3958 108.1865 106.8354 105.3295 103.7217 102.0263 100.7618 100.3668 101.1142 102.5922 104.2700 105.8597 107.3090 108.6283 109.7779 109.8502 111.2153 111.8803 110.3041 114.1466 113.7549 114.5310 110.5208 110.8804 116.9405 116.1233 128.3387 100.5732 99.8172 109.3350 106.2035 110.4500 114.9242 107.4394 110.0781 113.1752 108.7646 112.3784 98.8308 118.4572 114.4558 98.8347 117.8463 116.6117 116.1358 116.7535 117.4811 118.1078 118.8715 119.5135 126.1849 125.3233 125.4497 125.0299 124.7606 124.9550 125.3447 124.2603 126.7400
113.6000 112.9725 112.1138 111.1636 110.1077 108.9173 107.5558 105.9741 104.1151 101.8941 99.3416 96.5813 95.5294 97.5407 100.2338 102.7163 104.7838 106.5530 108.0473 109.3355 110.5360 111.5365 112.5550 113.4205 114.0075 114.6411 116.3964 116.2355 117.5696 117.1107 117.2649 116.8062 116.4383 109.2103 100.9163 102.2369 114.5666 113.0041 112.6753 111.0896 122.5410 107.9642 122.7520 102.6772 115.4510 98.4530 101.5613 115.1984 104.5256 114.9212 114.9279 115.4840 115.7788 118.1883 108.0581 126.2456 125.3931 112.3262 125.0847 124.5153 124.6249 119.9058 107.2677 126.7400
113.5500 112.8365 111.9486 110.9589 109.8506 108.5773 107.0994 105.3312 103.1350 100.2347 96.2229 90.4350 88.9650 92.0239 97.8353 101.3483 103.9506 105.9823 107.6397 109.0299 110.0916 111.0194 112.1097 113.0161 113.7526 114.5577 115.6289 115.9100 112.9652 117.2195 116.1194 115.0931 114.2431 102.7596 115.4598 98.7604 117.2716 112.9244 108.3304 123.2771 120.9715 106.9840 103.7817 100.3693 100.6180 103.2538 105.1690 100.3596 107.0522 102.0577 101.8736 105.3879 106.3472 106.2461 122.0639 125.3915 125.5934 124.0537 125.6645 124.7299 125.9945 129.3936 121.0408 111.5300
113.5100 112.7790 111.8685 110.8659 109.7310 108.4207 106.8795 105.0080 102.6223 99.2985 93.7192 86.3787 84.6656 88.2573 96.2522 100.5835 103.5218 105.7026 107.4623 108.9183 110.9979 112.5908 112.7021 113.4651 114.0643 115.1917 116.5098 115.3184 104.5794 117.2645 117.7411 118.0663 119.2568 124.6255 119.2993 102.6588 99.2572 110.1680 120.3220 113.3409 109.1059 102.1889 110.6464 99.0496 100.1477 99.4305 100.7552 101.0760 126.0691 102.9436 108.8270 121.3360 120.0771 118.8906 117.5205 120.4468 123.3015 121.2348 125.8199 125.7225 125.6930 127.9275 105.7641 126.2200
113.5100 112.7896 111.8904 110.8864 109.7572 108.4577 106.9321 105.0764 102.7422 99.5179 94.3387 87.1014 85.5751 89.1633 96.6176 100.7629 103.6151 105.7589 107.4426 109.7406 100.8763 102.8322 111.6935 108.1996 112.4465 114.2067 116.0662 115.3654 105.8118 117.4501 117.5541 118.0575 118.1332 119.6111 118.8665 109.7564 110.3072 121.2492 121.2259 119.2462 118.7165 113.5264 106.2601 104.8267 105.0294 108.3874 106.8690 111.3753 119.2159 109.5291 109.0007 118.9686 119.4595 120.9478 120.9817 121.7488 121.6247 123.4935 125.7819 126.1621 129.7751 122.1183 118.2968 126.2200
113.5200 112.8741 111.9997 111.0218 109.9272 108.6821 107.2409 105.5280 103.4519 100.8005 97.4008 92.5389 90.9120 94.0408 98.6878 101.7943 104.2108 106.1478 107.8133 109.2896 98.4734 86.0476 109.5304 106.1083 110.6291 115.5992 116.0308 116.2818 112.0282 116.5516 118.0502 117.4639 118.2187 119.3893 120.4501 129.4250 114.9980 111.1399 110.8547 120.0015 118.1535 113.2962 103.2269 109.3314 112.7883 123.0401 115.5881 128.6423 117.6647 129.0635 122.9129 113.6293 119.6491 126.1030 126.7987 126.9489 127.0309 126.5901 126.6157 127.4276 121.6233 119.2203 123.1267 126.7300
113.6100 113.0417 112.1961 111.2666 110.2269 109.0703 107.7610 106.2671 104.5324 102.4843 100.3574 98.3234 97.5993 98.9396 101.0801 103.2631 105.1573 106.8097 108.2282 109.2378 111.9229 102.8660 112.8610 113.6431 102.7937 110.0749 107.2262 114.7297 107.7931 119.7687 110.0358 120.2834 119.2975 120.1186 112.5497 117.8814 97.5331 100.9289 107.3107 113.3109 109.2980 116.6192 112.9992 108.1196 111.7847 123.7634 122.6372 122.5350 123.9054 136.7834 133.5925 118.5910 109.6637 125.1566 117.2947 118.2721 119.4492 124.8690 118.9382 123.1686 118.8520 123.0867 125.2496 124.7900
113.6900 113.2573 112.4651 111.5913 110.6369 109.5884 108.4345 107.1666 105.7893 104.3370 102.9016 101.7881 101.4813 102.1208 103.3691 104.8318 106.2727 107.6180 108.8377 110.0104 110.8391 113.0826 113.1626 114.0880 110.5826 109.6185 112.7181 110.2070 100.8204 107.0805 104.3343 106.9257 109.4199 109.6263 111.1925 99.2762 104.3794 105.1845 101.2909 98.6321 100.6670 104.5776 103.6908 114.1098 121.7256 125.6087 123.0335 123.5531 125.8730 116.2523 112.4272 104.5650 115.6027 124.0104 113.5309 117.0768 117.9736 115.5472 123.6557 107.1305 126.7296 136.6495 119.9265 119.8400
114.2900 113.5423 112.7912 111.9867 111.1241 110.1913 109.1896 108.1398 107.0447 105.9707 105.0156 104.3467 104.1646 104.5334 105.3182 106.3316 107.4297 108.5096 109.5487 110.5204 111.3798 112.0426 112.9064 113.6270 114.8832 115.7206 116.1135 115.9510 113.9323 115.9413 116.8121 110.9888 104.4345 99.4764 103.3600 98.7357 113.9528 115.8910 112.2342 112.7196 113.0851 109.1567 112.9703 114.1882 118.8834 113.3149 123.2399 121.3086 124.4698 102.4025 102.0366 121.5534 123.2869 124.7198 121.7214 124.2819 124.8675 125.0957 122.0021 120.1542 126.7093 128.3153 126.0573 125.5000
114.3900 113.8656 113.1715 112.4373 111.6650 110.8395 109.9906 109.1162 108.2562 107.4485 106.7657 106.3201 106.2065 106.4466 106.9814 107.7084 108.5431 109.4146 110.2852 111.1271 111.9314 112.7121 113.4229 114.1029 114.7047 115.2721 115.8699 116.4929 117.2632 117.8691 115.1460 120.6310 105.9908 113.4528 108.5587 103.8392 110.7748 112.0017 118.2435 113.7764 122.2942 122.0122 120.4401 117.4168 101.4311 117.0580 123.4703 123.6228 123.1622 121.2419 123.6815 125.7394 124.7959 124.8224 124.8581 125.4462 125.5947 125.8689 125.7532 127.0634 116.0313 127.0496 126.7186 126.7400
114.5100 114.2225 113.5894 112.9222 112.2311 111.5186 110.7919 110.0707 109.3790 108.7547 108.2531 107.9446 107.8650 108.0276 108.4118 108.9574 109.6113 110.3150 111.0445 111.7630 112.4701 113.1578 113.8182 114.3961 115.0407 115.6009 116.1391 116.6715 117.0125 117.8141 116.7443 118.5413 105.4093 102.3928 105.0363 109.2093 106.6879 121.4062 121.2360 121.4005 121.0983 122.0364 121.9706 126.8099 121.6884 118.9833 123.0585 123.9846 124.1125 126.7570 108.2901 115.1844 105.3048 127.2852 124.7356 125.3275 125.5139 125.7499 128.5993 112.6416 127.9285 126.0702 126.6851 126.7500
115.0900 114.6105 114.0250 113.4315 112.8123 112.1915 111.5723 110.9748 110.4133 109.9207 109.5469 109.3094 109.2527 109.3728 109.6572 110.0797 110.5994 111.1721 111.7865 112.4074 113.0164 113.6555 114.2756 114.9468 115.3434 115.8905 116.4158 116.8601 117.5870 118.8620 123.1155 105.2100 104.0786 102.4531 104.7901 108.2524 106.4315 114.8540 108.1174 112.6170 102.0605 122.5372 118.0962 121.8386 104.2197 121.6171 122.7780 123.6001 123.5520 127.9340 113.5488 126.3258 126.0256 125.8492 125.1094 125.3788 125.5471 126.0449 124.8402 139.7092 106.3620 109.1590 126.7643 126.7600
115.2200 115.0124 114.4851 113.9449 113.3959 112.8580 112.3204 111.8116 111.3634 110.9756 110.6725 110.4962 110.4487 110.5438 110.7667 111.0934 111.5102 111.9862 112.4996 113.0338 113.6348 113.9671 114.8946 112.8618 115.7118 116.2049 116.6771 117.2824 115.1761 106.2659 98.4901 119.4823 100.9304 113.9938 101.1642 105.1117 106.0506 120.4351 108.2487 111.0804 122.1916 116.2712 104.5221 106.3984 101.7097 114.8616 124.3948 123.9232 123.7634 126.2136 117.5242 125.3903 124.4837 125.4247 125.1782 125.4166 125.6433 123.0608 126.0482 124.9619 120.2519 118.0266 134.0462 114.1800
115.7600 115.4224 114.9439 114.4580 113.9729 113.5004 113.0505 112.6188 112.2359 111.9135 111.6802 111.5393 111.5026 111.5763 111.7539 112.0201 112.3574 112.7588 113.1654 113.6581 113.9239 115.3218 111.6584 111.1463 116.2028 116.5758 116.9536 118.0985 110.2088 115.6104 109.0939 109.0043 102.4296 102.9798 102.4355 105.6784 109.9384 117.0539 110.5706 110.4186 107.9471 107.7479 107.1953 104.4770 104.6198 106.8981 121.2381 122.7365 123.9444 124.0224 124.6411 124.6868 128.0231 120.1680 125.4839 125.5641 126.8500 126.2535 124.9348 126.1545 127.4464 128.1522 133.4241 122.9600
116.4100 115.8360 115.4020 114.9671 114.5400 114.1294 113.7312 113.3641 113.0490 112.7775 112.5885 112.4755 112.4451 112.4995 112.6481 112.8632 113.1441 113.4950 114.3729 109.0919 114.6951 116.3421 92.7786 110.9431 117.8815 117.1906 117.2275 117.5183 114.1650 107.7411 107.2955 101.7410 99.7367 106.1276 112.1487 107.0419 112.8340 108.9904 106.8512 110.2946 102.2251 103.6866 104.0799 105.9849 113.7272 114.0042 115.7096 116.5202 124.3236 124.2721 124.3758 124.6626 127.2014 116.3413 127.2192 125.0056 124.5544 120.9628 122.4548 126.1058 126.2381 126.9179 104.6391 106.9300
116.4700 116.2563 115.8619 115.4675 115.0854 114.7176 114.3794 114.0639 113.7975 113.5713 113.4108 113.3155 113.2869 113.3377 113.4596 113.6371 113.8922 114.0481 113.2983 120.8135 115.1970 114.9099 88.8874 112.4932 108.0422 105.9607 117.8708 117.5228 112.9896 102.2815 101.7106 105.7389 110.5018 117.3170 109.7382 99.6864 114.4616 109.6231 115.0280 110.9924 107.3731 112.2992 103.0624 106.2599 105.7845 108.2438 122.1213 120.1999 123.8412 124.2598 124.5734 124.7427 124.4037 126.1751 114.7069 127.3472 125.3929 118.8621 117.4355 126.8733 126.6275 126.8888 123.7093 122.9600
117.0400 116.6739 116.3132 115.9557 115.6179 115.2913 114.9947 114.7232 114.4850 114.3010 114.1577 114.0853 114.0576 114.1003 114.1992 114.3594 114.5502 114.8459 115.1121 114.4733 115.7945 115.9273 117.8526 106.4715 109.0305 113.8749 110.4409 116.3176 114.0032 105.1113 118.6122 118.0475 121.5716 121.9165 113.4842 118.5619 111.3273 101.4167 105.0662 123.0400 103.0194 112.1724 108.2588 111.1378 101.7514 112.9520 116.6369 125.9481 124.6725 124.4058 124.6016 124.8091 125.1734 125.4329 119.4652 119.1395 124.6795 127.1819 127.8723 126.4382 126.5686 125.7878 134.0228 130.9000
117.4900 117.0797 116.7517 116.4298 116.1313 115.8458 115.5735 115.3439 115.1380 114.9738 114.8587 114.7824 114.7706 114.7880 114.8819 115.0129 115.2103 115.5350 112.6224 115.9328 116.1823 116.6543 117.2150 118.7387 117.0891 118.4455 115.8474 103.6415 103.5708 102.2873 114.3072 122.4089 119.8059 119.8036 121.9739 102.5443 103.3789 101.3782 106.1121 108.4110 105.1649 110.4893 105.7044 114.4371 113.6046 118.1963 115.0499 116.8102 122.9658 124.3202 124.6911 124.8841 125.0594 125.2812 126.6481 125.6265 124.2743 125.6891 125.9960 126.2247 126.4859 127.0463 130.7230 132.4900
117.5600 117.4836 117.1871 116.8924 116.6173 116.3603 116.1293 115.9208 115.7447 115.6050 115.4971 115.4491 115.4201 115.6694 115.5499 115.6900 115.7992 116.1075 115.6706 117.7552 116.8060 117.1575 112.4024 107.2592 117.1841 117.9628 116.1725 113.3432 102.4771 102.7972 112.9982 105.5205 121.3047 120.7061 120.8082 119.5066 110.2243 106.1449 110.0061 121.0996 121.5526 113.4125 110.9959 112.9257 117.0458 118.8317 115.9175 116.2635 123.1772 124.7243 124.7604 124.9532 125.1543 125.3524 125.4339 125.7890 126.4888 126.0549 126.3043 126.3516 127.4991 127.8744 131.2246 134.3900
118.0600 117.8718 117.6065 117.3371 117.0919 116.8643 116.6554 116.4686 116.3144 116.1864 116.0996 116.0572 115.9917 114.4197 115.7279 115.9206 116.4305 116.4937 116.7400 116.8512 117.3146 112.2258 120.9947 102.3550 117.4581 125.5095 112.2996 103.7278 103.9822 121.6285 120.7929 118.5239 120.5094 120.2783 129.1870 122.2755 122.2837 121.2842 121.3885 122.8637 118.9305 111.9699 103.6116 115.9856 123.0327 116.6770 121.8972 123.3215 117.1925 124.8889 124.8862 125.0208 125.2264 125.4204 125.6017 125.7379 125.8494 126.0583 126.5263 124.5335 124.0734 119.7304 112.3871 109.7700
118.5000 118.2578 118.0141 117.7709 117.5494 117.3346 117.1525 116.9924 116.8530 116.7361 116.6593 116.6621 116.5201 116.4013 115.7507 117.6140 116.8705 117.0937 117.1908 117.3926 117.4317 116.9290 115.0673 106.9264 97.0386 110.6553 108.0505 105.7113 109.7686 119.8417 120.2853 120.4532 121.2891 121.1520 120.6259 121.2607 121.7809 121.9914 107.9338 118.2051 123.4467 100.1650 103.4437 101.6267 108.5264 124.9725 124.0462 124.4450 124.2574 124.6620 124.9473 125.1100 125.3024 125.4918 125.6728 125.7742 126.2465 126.4445 126.3066 126.7051 128.5223 110.6546 108.8490 111.1600
118.9400 118.6240 118.3985 118.1871 117.9829 117.7977 117.6257 117.4808 117.3538 117.2651 117.1902 117.1933 117.0430 117.9812 117.6452 105.7777 118.2967 117.5762 117.7542 117.8696 118.7883 107.5655 102.5516 105.8416 103.6584 121.3306 115.9774 103.3957 103.0059 116.2616 120.5230 120.7258 121.5943 118.7909 118.6915 121.5701 121.6557 124.7914 104.3549 114.5071 112.3885 114.4921 101.6083 102.4140 99.8213 123.3078 123.9438 124.3488 124.6123 124.7936 125.0083 125.1973 125.3814 125.5708 125.7948 125.6240 126.3851 121.3384 126.6139 126.6618 126.4729 127.6134 127.7704 126.0000
118.9400 118.9955 118.7875 118.5915 118.4053 118.2364 118.0824 117.9509 117.8337 117.7512 117.6938 117.6671 117.6278 117.3248 118.5457 115.0775 118.6066 117.3823 117.4435 118.2488 119.5000 111.5550 98.3559 98.3560 98.8874 117.1622 117.6484 99.1589 123.1262 120.4463 120.8118 121.0020 120.6486 121.4938 105.9562 113.8809 123.3409 125.2635 116.5197 108.9989 118.5551 122.5972 120.0241 109.2689 118.6257 107.1008 120.5818 124.2931 124.8155 124.8927 125.0855 125.2819 125.4582 125.6413 125.8092 126.0126 126.3124 126.4950 126.4094 126.6564 127.1303 130.1026 132.3022 139.3300
119.7200 119.3508 119.1544 118.9763 118.8137 118.6498 118.5131 118.3927 118.2947 118.2151 118.1589 118.1286 118.0957 117.8676 120.1788 97.5494 99.2084 120.4913 122.8676 118.8902 118.6309 121.0699 118.7112 110.2938 99.5911 97.5302 120.9411 111.8593 119.9051 120.6083 120.8890 121.1832 121.4254 120.9017 125.1569 105.8551 117.9005 117.6184 125.5877 126.5631 102.0306 123.3560 123.5588 124.6215 125.0204 125.7722 126.3738 124.3425 124.8190 125.0040 125.1878 125.3682 125.5482 125.7280 125.9008 126.0816 126.2705 126.2686 126.5380 126.8440 124.8509 123.1345 130.8864 125.8200
119.7200 119.7036 119.5144 119.3547 119.1988 119.0525 118.9269 118.8202 118.7317 118.6627 118.6078 118.5868 118.6032 118.3092 120.1605 96.9071 107.5259 96.5360 103.7417 119.0781 119.3011 119.4461 119.2670 101.9037 102.0539 101.7837 102.9662 112.0058 123.0520 121.5854 121.1960 121.4205 121.6607 121.8441 122.1588 123.3051 108.5069 105.5967 113.8923 126.5246 106.8018 103.6919 118.4080 114.2718 124.2788 124.0583 124.2948 124.7402 124.9048 125.1040 125.2821 125.4575 125.6400 125.8133 125.9821 126.1471 126.3070 126.4870 126.6604 125.5424 127.3120 142.5656 126.1468 110.9800
120.0600 119.8300 119.6300 119.6300 119.4100 119.4800 119.2200 118.9400 118.9800 119.0500 119.0500 118.7000 118.7000 118.7000 119.0500 119.0200 96.9900 98.4300 98.4300 119.4200 119.4200 119.6400 119.8500 102.4600 103.4200 103.4200 110.0200 110.6900 112.3900 121.3100 121.2700 121.4600 121.8700 122.0200 122.2000 122.3800 122.5500 110.0200 110.2000 129.2300 107.1500 123.7100 123.8600 113.9400 124.1700 124.4600 124.6000 124.7500 125.0300 125.1600 125.3000 125.5600 125.6900 125.8200 126.0700 126.1900 126.3100 126.5500 126.6700 126.7800 142.8900 113.3900 116.5100 110.9800
