124.8600 124.8900 124.7500 124.7700 124.7900 124.6400 124.6600 124.6700 124.5000 124.5200 124.5300 124.5400 124.5400 124.5400 124.5400 127.5100 124.5200 124.5100 124.5000 111.5900 114.2700 124.8000 124.8000 124.7500 124.8900 124.8700 125.0300 125.0000 125.1300 125.2500 125.2200 125.3700 111.1500 111.2100 111.2100 113.9100 125.7900 125.9300 126.0200 126.1600 126.2400 126.3800 126.4600 126.5900 126.6700 126.7900 126.8800 126.9800 127.1000 127.1800 127.2800 127.4000 127.4900 127.5800 127.8000 127.8700 127.9700 119.4700 116.5500 116.1300 106.4400 128.5200 128.6100 128.7100
124.8600 124.7789 124.7089 124.6621 124.5852 124.5411 124.4996 124.4686 124.4331 124.4052 124.3864 124.3787 124.3704 124.3734 124.4004 125.1135 124.6552 124.4486 125.6613 110.5370 115.8394 125.2185 124.6059 125.5852 124.7618 125.3240 124.7954 125.5164 114.9694 113.2213 124.4242 120.6542 108.6088 106.8171 105.9854 104.7291 126.7739 126.9499 125.8581 126.1286 123.6764 125.9105 126.2671 126.3918 126.5548 126.9211 128.8633 132.0999 126.9041 127.1112 127.2374 127.3200 127.4493 127.6425 128.6426 127.4308 118.9724 116.8952 116.9824 118.2987 114.1434 129.4906 128.6616 128.7000
124.6600 124.3631 124.3789 124.3292 124.3853 124.3143 124.2794 124.2407 124.2069 124.1763 124.1573 124.1443 124.1404 124.1392 124.1295 124.1149 124.1593 124.3084 115.6407 116.6470 117.8592 123.9989 117.6782 121.3321 117.1396 120.5476 124.5959 119.7467 108.1803 127.2090 129.3636 118.0112 101.9134 110.6581 119.6925 110.7621 109.6951 124.8854 125.0979 126.1259 123.8293 125.5386 126.2227 126.6612 126.3257 126.4881 125.8230 126.2088 126.8677 126.9897 127.1089 127.2223 127.6078 127.4881 124.0626 119.4046 116.6173 117.0769 121.0781 122.4822 118.4750 128.9380 128.3143 128.5400
124.4500 126.4585 124.3665 124.8431 124.0557 124.1134 124.0362 124.0100 123.9738 123.9479 123.9293 123.9086 123.9004 123.8952 123.9040 123.9137 123.9461 124.0538 126.0301 109.6485 124.7703 120.3743 115.9214 119.1448 130.8235 124.6765 124.4185 128.4373 128.1367 121.7400 103.1426 105.8334 102.6704 111.0587 116.1549 110.8451 123.7341 127.6664 125.5734 123.3783 122.4915 126.9968 123.9230 124.8733 126.4500 126.3653 128.3424 126.8080 126.7101 126.8838 126.9952 127.1088 126.1697 129.4311 119.1216 114.1815 118.7772 129.6051 119.1238 122.8575 126.3001 128.1336 128.2690 128.5400
124.2300 124.8979 122.2756 117.0166 125.3552 123.9515 123.8975 123.7551 123.7382 123.7025 123.6799 123.6679 123.6584 123.6564 123.6649 123.6705 123.6872 123.6490 124.1727 131.8723 125.4423 116.0282 107.2631 119.0397 121.0974 124.3340 124.1076 120.1904 125.6322 124.4840 110.3387 106.6897 108.1182 126.6301 124.0960 110.7340 123.5215 125.4726 125.1014 126.1145 123.8385 125.7674 125.6693 125.7156 126.1436 126.1398 125.6037 125.6100 126.5497 126.7557 126.8685 127.3074 128.4821 116.8745 113.3508 117.0061 107.7860 118.5638 115.6920 120.5769 128.4368 128.4070 128.4142 128.3800
124.0100 123.6469 124.6910 122.9842 124.7060 124.8588 123.6039 123.5119 123.4895 123.4605 123.4396 123.4157 123.4055 123.4082 123.4107 123.4203 123.4505 123.4762 122.7567 122.7255 124.7736 111.4699 114.0311 125.3325 123.8573 123.9114 124.1375 124.2014 124.0133 115.1559 119.1632 112.4538 109.4448 126.1040 125.2450 125.3879 125.3585 125.1321 125.2544 125.4077 125.5023 125.6991 125.7731 125.8911 126.0799 126.2921 126.3315 126.4147 126.4755 127.1173 126.4851 125.8693 117.7769 116.0752 117.8670 110.7055 120.0008 121.2066 120.4044 127.8176 127.8451 127.9047 130.0875 128.2600
123.7900 123.7385 119.4981 122.9241 123.2033 123.1884 123.3640 123.3020 123.2599 123.2046 123.1770 123.1624 123.1510 123.1466 123.1572 123.1658 123.1881 123.2359 123.3871 123.4786 123.4532 118.0865 120.9385 123.3686 123.2078 123.5129 123.7716 123.5911 124.8508 118.0656 101.6902 106.6579 115.9167 103.1249 110.3027 125.6668 124.7152 124.9217 125.0413 125.2259 125.3622 125.4250 125.7026 124.6209 127.2052 125.5287 126.2134 126.2238 126.4280 125.0161 122.1038 116.7627 109.3467 112.9559 118.7322 111.8873 114.0131 111.8564 120.6241 128.5702 127.8569 127.9383 124.7366 111.4500
123.5500 123.2620 122.4040 121.3189 123.0881 123.1774 123.0423 122.8675 122.8693 122.9588 122.9135 122.8971 122.8887 122.8832 122.8916 122.9050 122.9274 122.9577 122.9540 123.0029 123.5891 122.9608 129.5365 122.6266 120.9774 123.5888 123.5717 123.3234 123.0322 112.4052 124.8069 123.6326 124.0329 103.5106 122.4243 124.4480 124.7625 124.7159 125.2665 125.5588 125.0766 125.2946 125.6835 124.3773 125.9678 125.8377 125.9537 126.2722 124.7992 122.6647 111.7723 112.3370 109.8338 116.6160 123.2368 120.4065 117.0591 120.9194 126.3060 127.6353 127.8469 127.7688 128.4358 128.1900
107.7200 123.6591 123.3985 123.1625 122.7387 122.8687 122.7881 123.4073 123.1972 122.6013 122.6641 122.6272 122.6132 122.6165 122.6157 122.6298 122.6468 122.6894 122.7285 122.8038 123.1615 121.1507 130.3989 122.6240 123.2050 123.2186 123.3303 123.3573 115.3390 106.5004 118.5576 112.8329 117.5429 125.5787 124.2113 124.3926 124.4882 124.6689 124.8805 119.7477 125.6251 125.0747 125.3088 125.4830 125.6626 125.6267 125.8650 125.9263 125.9251 125.7063 112.2535 121.4797 125.5938 127.0877 123.9009 118.6697 116.4864 127.2221 127.9998 127.4862 127.7043 127.8963 120.7401 118.4100
123.0600 124.2570 122.7671 122.6916 122.7263 122.6115 122.4982 122.9381 114.6792 123.6273 122.2876 122.3444 122.3293 122.3325 122.3323 122.3862 122.4098 122.4126 122.4554 122.4350 122.7154 122.5527 123.6206 122.6133 122.7459 123.0082 123.0688 123.8434 120.4119 124.0743 123.6250 124.7805 123.5706 123.8814 124.1023 124.0895 124.3037 123.3696 118.0479 106.0310 124.6326 124.8395 125.1893 125.2533 125.4484 125.5773 125.7444 125.9115 124.0096 122.9328 127.2125 123.3748 126.8174 117.0175 117.3690 120.0509 120.5353 128.0397 127.3482 127.5167 127.5183 128.5902 118.5483 128.0300
109.4600 111.5230 123.3573 122.4428 122.3383 122.3524 122.2983 122.0113 122.0250 118.6818 122.2417 121.9634 122.0489 122.0419 122.0685 121.8511 121.9625 122.1174 122.0357 122.5747 122.3049 122.1249 122.4026 122.7675 122.6220 122.7355 122.8214 122.9906 117.7575 123.0754 123.1822 123.3960 123.4822 123.6980 123.8435 123.9561 124.2134 123.3045 113.8795 112.7943 119.4368 125.3539 124.9688 125.1515 125.2855 125.4418 125.6061 125.4426 126.7758 126.2595 125.6371 117.6720 130.1619 118.2990 126.1908 118.0381 120.6125 127.1328 127.3057 127.3993 127.6438 127.6086 126.4901 132.2700
122.5500 118.7236 119.1097 121.4960 122.2275 122.0217 121.9696 121.4186 121.3447 109.1442 121.3770 121.6096 121.7464 121.7499 121.6306 122.8729 122.3774 121.9316 121.8405 121.5675 122.9394 122.1047 115.7291 119.2052 122.2582 122.4901 122.5194 122.8115 122.8109 123.1978 123.0987 123.2336 123.3422 123.5017 123.6442 123.8221 123.9896 125.1033 119.8025 126.1895 125.2625 124.6671 124.8545 124.9986 125.1532 125.3108 125.4427 125.6438 125.7160 125.6237 127.0575 125.5067 113.8777 117.9228 113.2762 109.2724 121.8183 128.0510 127.1781 127.3365 127.5637 127.1886 134.0755 132.2700
122.2700 114.3270 121.7103 117.8863 121.8145 121.7424 121.6066 122.1293 120.4838 109.6354 120.5984 121.2358 121.4340 121.2750 122.7267 110.8563 121.6260 121.4517 121.5351 121.7754 121.6974 121.7913 121.2773 121.5798 121.8164 122.1936 122.3816 122.3996 122.5729 122.7121 122.7921 122.9613 123.2616 123.2648 123.4443 123.5643 123.3956 122.1939 124.0349 123.9834 123.3948 124.5686 124.6939 124.8489 125.0126 125.1638 125.3180 125.4786 125.6430 125.7902 126.7379 125.5861 118.3980 118.9722 116.9430 115.4632 114.1451 125.2914 127.1596 127.2708 127.5713 127.1300 131.6874 118.8500
107.5600 121.8826 122.7931 122.2681 121.6060 121.4463 121.2091 123.6042 107.0817 111.9964 128.7765 119.6375 121.1988 121.0590 121.2820 120.6625 120.2583 121.1739 121.1523 121.3173 121.4396 121.4449 121.5196 121.7158 121.9581 122.0380 121.7745 122.2038 122.3334 123.4834 122.2207 123.6247 122.5268 123.1264 123.2353 123.4913 123.3720 128.4596 133.4275 124.9370 124.2750 124.3781 124.5377 124.7024 124.8656 125.0318 125.1904 125.3536 125.2383 127.4988 125.7428 118.5006 130.7088 113.1966 128.1386 129.6712 124.5303 126.3485 126.9672 127.1706 127.3576 128.1406 120.5619 113.9900
108.4400 127.3537 120.0431 121.2606 121.3194 121.1204 121.0940 122.0968 113.1898 121.0780 121.1398 120.3927 120.8103 120.7413 120.7162 120.8160 120.9321 122.7776 120.9044 121.0165 121.1006 121.2062 121.2032 121.7908 119.6552 118.7907 121.6163 121.9588 122.0607 122.3671 113.5405 126.4020 122.6356 122.8746 123.0283 123.1981 123.2594 123.3226 127.2644 112.9520 124.6616 124.1447 124.3983 124.5569 124.7238 124.8904 125.0717 125.1857 126.1473 116.6866 124.6802 123.3811 126.7878 123.4427 127.2145 127.8844 126.7013 127.2054 126.9346 127.0684 127.2796 127.6612 118.1330 112.8000
113.3100 119.7125 121.2082 121.1324 120.9219 120.8340 120.7390 120.5833 121.3784 120.8951 120.4964 120.4144 120.4498 120.4385 120.4605 120.4748 120.4463 121.7923 120.4317 120.6938 120.7694 120.8362 120.9936 121.5141 107.1889 115.4408 121.7439 121.6133 121.5668 122.6975 121.1492 122.2982 122.4035 122.6369 122.8316 122.9979 123.2197 123.3851 123.7326 124.7528 124.1649 124.0537 124.2379 124.4190 124.5905 124.7599 124.8610 125.7505 118.1156 124.0345 124.9580 126.0019 125.8708 126.1754 126.1574 127.0797 127.1590 126.5303 126.8646 127.0040 127.2172 126.7968 126.4570 132.6200
121.0800 121.3728 120.7908 120.7329 120.6398 120.5071 120.4015 120.3282 120.1004 120.1009 120.1154 120.0786 120.0569 120.0517 120.0567 120.0937 120.1149 120.0478 120.2702 120.3413 120.4309 120.6304 118.3579 117.5565 110.9567 117.5148 119.1538 118.8531 122.0849 121.6767 122.0331 122.0532 122.2936 122.4301 122.6240 122.8038 122.9980 123.1993 123.3872 123.4992 123.7868 123.8963 124.0895 124.2714 124.4473 124.6220 124.8222 125.0180 124.5096 125.0282 129.6078 125.2773 125.6651 127.3239 112.6327 118.1090 123.4583 126.5221 126.8083 126.9156 127.0782 127.2991 127.3451 127.4900
120.7500 120.6301 120.5774 120.4398 120.2872 120.1642 120.0538 119.9519 119.8904 119.8045 119.7330 119.6969 119.6854 119.6785 119.6915 119.7116 119.7614 119.8373 119.8964 119.9937 120.0543 120.3022 120.6784 112.9170 107.4082 108.2865 99.7537 113.3281 123.0035 121.2130 121.7267 121.8282 122.0336 122.2214 122.4122 122.6105 122.7991 123.1285 123.3483 123.3073 123.5856 123.7525 123.9417 124.1411 124.2929 124.4953 124.6904 124.8331 125.0075 125.1526 125.5030 125.4843 125.7598 126.1107 127.5230 126.5405 126.9702 126.4502 126.6911 126.8449 127.0017 127.1567 127.3028 127.3600
120.4100 120.4188 120.2463 120.0936 119.9425 119.8133 119.6886 119.5858 119.4871 119.4107 119.3501 119.3107 119.2826 119.2740 119.2903 119.3244 119.3721 119.4396 119.5267 119.6245 119.8162 119.4543 121.2859 112.6594 109.8163 122.0157 106.9827 110.7183 120.0829 121.2758 121.3932 121.6050 121.8138 122.0171 122.2197 122.2453 122.5325 122.8910 121.1385 123.2030 123.4290 123.6025 123.7894 123.9821 124.4640 124.4665 124.4848 124.7373 124.9167 125.1225 125.3249 125.4100 126.0649 124.8728 125.6034 125.9856 126.1513 126.4683 126.6161 126.7693 126.9235 127.0851 127.2599 127.3300
120.0500 120.0908 119.9089 119.7622 119.5935 119.4399 119.3124 119.1945 119.0942 119.0030 118.9652 118.8995 118.8692 118.8644 118.8729 118.9085 118.9611 119.0317 119.1196 119.2248 119.3646 119.6875 123.5348 123.9493 117.1546 121.7206 113.2996 106.4018 118.8076 121.0002 121.1484 121.4345 121.6622 121.1769 122.2945 122.3290 121.8539 123.1111 124.3763 123.1989 123.1875 123.4323 123.6849 123.6754 123.4965 123.6252 124.4030 124.6446 124.7993 124.9626 125.3580 125.1495 126.6155 120.8213 125.9929 126.1378 126.1166 126.3630 126.5345 126.6929 126.8437 127.0125 126.9697 127.3000
120.0200 119.7594 119.6023 119.3254 119.2083 119.0750 118.9237 118.7875 118.6845 118.5785 118.4796 118.2800 118.4355 118.4292 118.4445 118.4842 118.5283 118.6364 118.8243 118.8618 119.1655 118.9552 119.0670 119.0649 120.0744 119.1419 104.9367 113.8197 121.5067 120.4989 121.0520 121.1379 121.1841 124.2236 118.9138 120.2201 111.9686 119.1457 120.1618 121.6287 122.6593 123.2505 123.5589 124.3561 120.4156 120.4822 124.3185 124.5635 124.6809 124.9205 125.1099 124.6227 126.3416 128.3779 125.9617 126.2159 126.9426 126.5313 126.4715 126.6213 126.8016 126.8802 129.2003 127.1600
119.6800 119.3795 118.8713 120.2858 118.8115 118.6892 118.5165 118.3598 118.2399 118.1316 118.0999 117.6425 117.9934 117.9692 117.9738 118.0221 118.1564 118.1330 118.1058 115.3054 119.0725 118.7688 119.2712 118.7174 115.3209 109.0220 112.8003 120.4632 121.5008 120.2701 120.1952 119.7060 121.8941 125.1675 111.1726 110.4971 112.0772 105.7348 110.5141 116.0853 123.2357 123.1207 123.3175 124.6897 125.1226 125.1630 124.1550 124.3824 124.6302 124.6555 124.9040 126.2048 119.6092 122.5720 126.5413 122.2509 122.4184 125.5215 126.3396 126.5556 126.8118 126.7225 129.9946 131.2900
119.2800 121.1156 117.1532 119.8518 118.2913 118.1353 118.3649 117.9015 117.8381 117.6606 117.5880 117.5675 117.4996 117.4866 117.5481 117.6631 116.6738 117.7400 118.6992 118.0569 111.8794 118.1720 118.6449 112.4679 117.7419 110.6574 107.0305 120.8723 113.0272 120.5416 122.1049 119.1571 120.7721 112.6279 125.6304 111.3224 107.4510 117.8236 120.0634 119.7606 123.3183 122.8965 123.2242 123.3052 123.5788 123.6814 124.0934 124.2515 124.4080 125.4556 127.1789 119.9399 112.6677 114.3772 120.3477 115.3199 121.2119 125.4738 126.1557 126.5355 126.6972 126.7570 126.9773 127.0900
104.7900 111.4837 118.3558 117.4424 118.1084 114.3876 117.5038 117.3605 117.1323 117.3582 117.0664 117.0323 116.9829 116.9223 117.0575 116.9890 109.0847 107.9423 110.8077 117.6286 115.9240 120.6642 118.1926 120.0961 127.6137 119.6860 106.6964 116.8167 121.7175 118.9892 119.6143 116.2402 121.4683 115.1202 111.3828 109.3467 116.9524 123.9095 122.1160 123.9817 123.0958 122.9511 123.4514 123.5833 123.5463 123.7762 123.9468 124.4947 124.5143 123.0285 111.1767 114.3915 115.3672 115.5852 119.5374 124.2098 124.7234 128.1310 126.0443 126.5770 126.3306 126.4458 118.9718 127.0900
104.5600 109.4679 119.2048 118.5636 123.3103 117.3971 117.4255 116.9729 117.4040 115.0124 116.6794 116.4263 116.4585 116.5395 115.1068 113.8110 123.0968 122.3613 120.0095 117.0721 118.2776 115.1489 117.6654 118.7906 110.8266 117.9757 118.1325 114.7393 114.9137 119.8629 120.3929 123.7011 120.5364 118.4203 121.5660 114.3798 111.5153 121.8115 120.9384 121.3623 122.2979 122.6891 121.6710 122.7745 123.2977 123.6463 123.8312 124.8163 125.7236 125.4782 107.8537 116.9625 111.7597 117.8778 125.1839 130.3595 138.2284 108.1282 129.2356 126.3974 126.4069 126.7211 125.3532 126.9300
104.5600 118.4460 117.8041 116.7979 115.1386 116.6148 116.6871 116.4384 115.1661 111.7502 115.5975 116.0348 115.5990 112.1982 113.0097 118.8438 116.3132 114.5055 116.0940 116.5156 116.9451 117.7749 117.1641 117.5294 117.1506 117.8534 115.3910 120.3760 117.4753 119.3649 119.6331 119.5933 120.3217 113.3804 110.2763 107.9587 107.8654 122.3419 123.4338 122.1213 122.5737 122.0432 126.1581 120.5046 123.4243 123.6481 123.3144 123.1946 108.7441 112.8347 103.6814 113.6058 116.7817 121.3461 124.8694 130.8035 134.1263 116.8879 127.4853 126.2438 126.3973 126.8556 127.1149 126.9100
117.8900 117.8260 117.2668 116.9441 116.1743 116.7630 116.1616 115.8370 118.9593 122.3314 115.9876 115.3121 115.2777 116.9055 115.3506 115.4140 111.5338 116.5619 115.5564 116.0315 116.2904 116.3937 116.8373 117.1317 117.5747 117.9939 117.4477 118.3223 118.9379 119.0528 118.4941 119.8277 120.0577 119.5306 118.9123 107.3509 119.5020 120.8876 122.0553 121.9326 122.0769 125.3745 122.7079 123.0002 122.9416 123.2958 123.4864 125.0383 114.9138 111.1055 117.5326 119.8765 116.7745 119.2015 124.0102 126.0235 130.1155 121.8761 126.7739 126.0581 126.3872 126.6398 126.7150 126.8900
117.4300 117.2522 116.9310 116.6506 116.2866 115.9322 115.6765 115.2785 115.4192 114.1964 114.5326 114.6688 114.5716 114.2815 114.7524 114.7578 115.4015 115.1898 111.5171 115.4394 115.7708 116.0894 116.3833 116.7640 117.0636 117.4100 117.7325 118.1082 118.3987 118.6464 120.6069 104.9752 121.1971 120.0240 119.6272 125.9731 113.7838 121.8955 121.6388 121.7822 122.0831 122.4543 122.5060 122.8595 123.1888 124.1039 111.5610 119.3531 115.0864 113.8704 120.8927 117.1849 116.4716 116.8092 119.5814 119.5432 126.2233 125.3410 125.9094 125.6648 126.5141 126.5708 126.7142 126.8700
116.9900 116.8999 116.5101 116.1431 115.7902 115.4402 115.0955 114.7854 114.4663 114.4138 114.0964 113.8880 113.8308 113.8697 113.8619 113.9620 114.2245 114.0542 114.5390 114.8032 115.2545 115.5536 115.8956 116.2522 116.7411 117.0232 117.4949 117.0696 118.1454 118.4980 119.0766 119.0338 119.5645 119.9761 120.4611 114.2328 106.4293 122.4466 121.1599 121.6655 121.9051 122.2827 122.6398 122.4235 122.2518 114.1874 115.2280 121.7900 113.2463 115.3194 122.3981 124.0139 119.5141 123.5480 125.3629 125.4477 125.6273 126.1775 134.8770 115.2935 127.3706 126.5152 126.5345 126.7400
116.8500 116.5152 116.1034 115.6982 115.2947 114.8942 114.5182 114.1578 113.8358 113.5272 113.3025 113.1535 113.0471 113.0088 113.0699 113.1871 113.3735 112.0269 114.0606 114.3324 114.8517 115.0283 116.4395 115.7805 116.4007 116.2961 117.5283 114.3967 118.1477 117.8884 118.6694 118.8181 119.4940 119.9501 117.7823 118.8156 113.8306 121.7695 116.2857 120.9529 121.5891 122.0655 122.2097 123.1155 121.8509 112.3342 112.4178 113.5955 122.8542 114.9921 115.8851 119.8029 125.1780 120.1619 124.6148 125.0720 125.5380 125.5836 126.1678 126.9889 126.1795 126.4398 127.8028 126.7200
116.3700 116.1369 115.6892 115.2359 114.7850 114.3446 113.9068 113.4971 113.1151 112.7802 112.5027 112.2898 112.1736 112.1430 112.2075 112.3571 112.6922 113.0279 113.2695 113.6160 114.1353 114.9861 117.5377 115.9017 115.9444 117.5747 116.3077 117.1740 115.2134 118.8971 118.5333 118.6801 116.8131 110.9739 106.0936 110.2029 117.9865 121.0206 121.3987 121.5946 121.7481 121.9242 121.6066 129.0012 117.1341 115.9366 114.0004 123.3493 121.5679 125.6911 125.2725 118.4445 124.6827 125.9228 125.4270 125.2950 125.4737 125.7923 125.8825 125.8986 126.3316 125.8861 131.0827 126.7100
116.2300 115.7577 115.2708 114.7778 114.2712 113.7698 113.2739 112.7954 112.3527 111.9452 111.6096 111.3599 111.2078 111.1716 111.2508 111.4432 111.6623 112.1257 112.4877 112.9725 113.3449 111.7231 108.2777 115.1964 116.0619 104.2602 114.7927 116.4956 115.9056 119.9065 117.5889 122.0274 106.1711 106.6735 107.3686 111.7656 112.0334 121.1516 120.8682 121.2243 121.6490 121.9963 121.6202 130.4887 120.7224 122.6964 124.0063 122.1858 124.2749 117.8110 122.5229 123.4858 125.7367 121.4835 125.1539 125.3834 125.3817 125.5929 125.8099 126.0323 126.2253 126.4959 126.6816 126.6900
115.5900 115.3947 114.8612 114.3197 113.7522 113.1864 112.6223 112.0669 111.5289 111.0457 110.6263 110.3111 110.1190 110.0699 110.1737 110.4038 111.1681 111.1001 111.9034 112.4628 111.7477 122.4550 104.7179 114.9084 115.9273 112.2633 118.0767 117.2018 116.8332 116.9399 117.3999 117.5771 100.7802 118.0994 111.8769 120.6363 121.5870 120.5581 120.9186 121.2428 121.5088 121.5875 121.5255 120.9501 122.9104 123.1445 123.0400 118.7676 111.2224 103.0990 120.7513 120.9646 117.3496 119.1562 124.8377 123.6925 125.6359 125.7974 125.8501 126.0107 126.1628 130.0505 127.0485 126.6800
115.5900 115.0434 114.4666 113.8649 113.2404 112.6018 111.9486 111.2989 110.6538 110.0638 109.5427 109.1310 108.8827 108.8184 108.9954 109.2801 109.1292 106.3419 110.7687 111.5398 111.4427 109.4885 113.0995 114.1773 114.7438 114.6138 115.1293 116.2309 116.8837 117.0954 122.9082 113.3542 112.1912 119.7252 113.0203 109.2144 121.1467 120.3671 120.7692 121.1111 121.4518 122.6500 123.0620 122.8385 121.9479 121.6842 121.7106 114.5619 107.7152 111.2022 117.0125 114.5049 121.4811 125.5320 124.7450 125.3031 123.8859 124.7395 125.4855 125.4857 125.8990 123.2374 125.0766 126.6600
114.9300 114.7088 114.0916 113.4282 112.7417 112.0187 111.2700 110.5054 109.7325 108.9935 108.3163 107.7840 107.4366 107.3301 107.7366 108.1671 114.7097 109.0004 110.1731 110.7765 111.5153 112.9384 113.7273 111.0391 113.3407 116.9292 116.8194 116.3365 116.5027 116.8796 119.4817 117.7831 119.0001 117.6444 115.3658 113.3118 120.3793 120.4401 120.7428 121.0232 121.3217 124.7222 117.5311 124.2712 123.7909 128.5273 130.7795 112.4345 108.6319 106.7799 128.2891 119.5996 125.7847 118.2374 121.1202 122.1163 136.1838 124.2405 127.8849 123.4221 123.9335 124.8257 126.0258 126.6600
114.8200 114.4089 113.7394 113.0251 112.2663 111.4580 110.6060 109.7038 108.7657 107.8395 106.9506 106.2010 105.7108 105.5674 105.9148 105.2318 107.0932 108.2471 109.0901 110.0542 111.4503 111.6323 112.9890 120.7172 114.2205 97.9245 110.2547 105.5536 116.5177 116.7922 117.2235 117.9312 118.2139 119.3595 119.7413 120.0844 119.5335 120.0005 120.5923 120.9832 121.4477 122.5986 117.2444 110.2600 108.1643 122.7383 115.8394 112.7100 127.1316 111.6603 120.1460 118.7163 116.8471 115.1806 118.3952 119.9311 128.9303 125.3452 126.4312 125.5216 125.4354 126.3893 126.8964 126.5100
114.7400 114.1433 113.4298 112.6660 111.8313 110.9327 109.9661 108.9099 107.7833 106.5991 105.4136 104.3253 103.5682 103.3563 103.8351 104.8820 105.9195 107.1515 108.2065 109.2876 110.9800 114.1169 112.1205 105.5508 114.7876 112.5104 114.6129 105.3067 109.1435 117.0568 117.3506 117.7450 118.1857 118.4414 120.0353 120.3962 120.8418 120.9954 120.6906 120.8465 121.0329 121.5438 120.6167 124.6674 124.2470 110.2723 110.6891 114.7475 120.6813 119.5158 114.3773 115.7012 123.4464 117.6129 123.6944 124.5121 124.8266 125.4332 125.6480 125.9417 125.6856 127.0752 108.7511 126.5100
114.1800 113.9221 113.1717 112.3484 111.4529 110.4724 109.3830 108.1771 106.8243 105.3232 103.7060 102.0555 100.7898 100.4232 101.1764 102.6550 104.3317 105.9022 107.3591 108.5985 110.0045 108.2734 111.8291 112.4104 98.8300 114.2356 114.7245 115.2237 116.1127 116.5998 117.1617 117.6546 118.1462 120.1612 101.3825 116.5729 105.1469 114.4490 120.9113 121.2330 123.8325 121.5401 121.8583 122.3478 124.0231 111.0874 107.6061 111.7492 111.9852 113.0819 101.4871 119.3618 118.7773 118.8584 119.1421 125.6622 125.1951 125.4749 125.6782 125.8639 125.9123 126.1318 126.3882 126.5000
114.1100 113.7424 112.9578 112.1054 111.1516 110.0958 108.9000 107.5384 105.9590 104.1048 101.8830 99.4245 96.6128 95.6217 97.6692 100.3100 102.7712 104.8392 106.5884 108.0784 109.5195 110.6458 112.1270 106.9878 114.0069 114.1267 114.7077 115.5828 115.9491 116.5612 117.1115 117.3565 118.8948 115.6047 101.7798 113.6929 115.4490 119.5624 121.6125 111.4081 108.6755 121.1834 115.4923 105.6067 101.6371 125.9443 98.1685 113.9371 119.5283 118.6304 124.2332 117.8198 118.6228 118.9352 118.7251 125.4018 125.2110 125.4589 125.6621 125.8544 125.9832 126.0880 126.2172 126.4900
114.0700 113.6279 112.8269 111.9373 110.9503 109.8310 108.5687 107.0764 105.3133 103.1076 100.2121 96.1879 90.4101 88.8881 92.3977 97.9320 101.4151 103.9931 106.0113 107.6649 109.0225 110.2137 111.4893 112.3166 112.8513 114.0311 115.5544 116.9365 116.0007 116.4653 116.7512 118.1958 124.4430 102.0763 103.5552 103.6839 104.9718 112.4574 113.8468 118.6871 116.0019 113.9079 114.6105 111.9892 104.3747 104.7464 103.3562 113.8630 118.8306 118.5234 118.1744 118.4292 118.5903 119.0477 123.8264 124.9445 125.2386 125.4508 125.6586 125.8494 125.8819 127.1117 123.6839 126.4900
114.0400 113.5753 112.7602 111.8560 110.8525 109.7144 108.4034 106.8545 104.9774 102.5836 99.2430 93.5501 86.3224 84.6728 88.3467 96.3614 100.6385 103.5629 105.7298 107.4796 108.9299 110.1821 111.2313 112.2100 113.1541 113.8718 114.4005 115.0568 115.8683 116.6153 114.4300 119.9626 118.7731 101.5488 103.3562 106.8964 115.8807 121.4178 110.6311 121.2382 122.2411 128.8639 116.3651 111.7729 115.3636 112.8729 122.4389 115.1884 115.1524 120.5902 116.1757 114.8469 116.3152 120.9760 125.1988 125.0157 125.2121 125.4473 125.6556 125.8578 125.1686 131.4892 113.3209 126.4900
114.0300 113.5907 112.7780 111.8710 110.8729 109.7401 108.4300 106.8989 105.0464 102.6913 99.4608 94.2242 87.1262 85.3277 89.1869 96.6994 100.8071 103.6434 105.7960 107.5138 108.9403 110.1812 111.2985 112.2582 113.0799 113.8756 114.6500 115.3106 115.8923 116.4985 117.4389 115.4148 118.8962 119.7106 121.8301 101.4815 107.2843 120.1154 121.0756 116.3258 118.8094 119.3905 118.0368 111.0052 106.7188 108.0505 108.7541 106.9227 119.0214 115.7781 112.6775 118.5050 118.0037 119.4899 125.0634 125.1498 125.6467 125.4364 125.6326 125.7914 125.3582 129.8710 116.1060 111.2800
114.0500 113.6595 112.8661 111.9843 111.0034 109.9099 108.6566 107.2105 105.4891 103.3955 100.7181 97.2539 92.2531 90.8270 94.0187 98.7621 101.8197 104.2330 106.1808 107.7649 109.1432 110.3262 111.1925 112.1190 113.1766 113.9526 114.6484 115.3106 115.9317 116.4977 116.9724 117.8169 118.0438 118.6517 127.7667 116.1519 109.1362 120.6397 121.0501 113.4236 125.3371 112.7743 109.3764 102.1259 104.1960 97.3722 107.8154 105.0109 133.4649 110.7550 109.5807 125.6087 121.8308 122.1021 123.3540 125.0896 122.1742 125.6323 125.5853 125.8937 127.9863 125.9528 123.6130 126.4900
114.0800 113.7950 113.0267 112.1746 111.2416 110.2129 109.0503 107.7295 106.2240 104.4866 102.4794 100.2836 98.2578 97.5169 98.9235 101.0849 103.2696 105.1696 106.8031 108.5328 109.4870 110.5268 112.5941 113.5356 113.3232 114.0679 114.7704 115.4042 116.0098 116.5667 117.1044 117.3724 117.8234 118.1506 120.2448 125.9726 121.8200 113.2252 122.0556 113.2568 115.5078 112.1784 102.8072 102.6711 104.6366 114.8143 124.1757 119.8760 126.6613 126.1661 132.5691 121.5579 114.1242 126.2425 125.7586 125.8391 125.3293 125.8773 125.3269 125.4908 126.0774 126.6920 112.6195 126.4900
114.6800 113.9901 113.2504 112.4445 111.5701 110.6109 109.5674 108.4040 107.1313 105.7397 104.2758 102.8426 101.7437 101.4359 102.0872 103.3613 104.8206 106.2713 107.6273 108.9561 110.0105 110.8179 111.2775 107.9206 113.5831 114.3071 114.9127 115.5645 116.1752 116.7010 117.0955 118.6749 119.2384 120.7770 119.4234 127.5733 114.3405 105.6385 106.4865 106.1648 109.9631 121.9470 107.6344 110.0145 107.8568 119.9610 124.0373 123.3474 122.8304 132.7223 139.8842 120.6770 108.0866 119.7108 122.0944 119.4580 117.9987 121.7426 126.0849 127.3043 126.5732 126.4154 119.3501 126.4900
114.7700 114.2328 113.5267 112.7809 111.9720 111.1043 110.1716 109.1711 108.1142 107.0043 105.9355 104.9684 104.3078 104.1267 104.5071 105.3050 106.3303 107.4241 108.5068 109.5217 110.5090 111.3291 112.3357 109.5563 113.8674 114.5017 115.1011 115.6574 116.0316 116.7189 116.9939 117.6136 111.8274 110.0575 104.5242 104.2938 100.2334 106.0214 113.4405 114.5566 113.7113 118.6097 117.1467 114.6887 114.1716 117.2993 119.3937 123.1849 124.0444 113.8002 117.2430 103.1927 118.2607 122.4092 119.2532 114.8951 115.4572 121.1613 125.8821 114.6272 119.5342 125.0860 136.8275 140.5400
114.8600 114.5046 113.8503 113.1565 112.4246 111.6385 110.8187 109.9597 109.0833 108.2284 107.4116 106.7413 106.2897 106.1801 106.4251 106.9666 107.7009 108.5471 109.4180 110.2940 111.1300 111.9689 112.8554 113.7996 114.0506 114.7552 115.3725 115.7496 118.8564 117.7757 117.4945 117.9842 115.2569 122.7408 114.0930 96.5161 111.5968 111.6251 113.1911 114.0472 121.4582 114.5412 121.6257 114.1561 121.6867 121.8780 121.5561 123.3371 123.4780 122.3927 120.2052 115.6501 117.9655 123.7920 115.4060 118.2572 124.5028 125.8645 125.4154 122.7332 123.1387 126.2842 121.0515 119.4300
115.4000 114.8174 114.2162 113.5740 112.9110 112.2104 111.4935 110.7640 110.0417 109.3493 108.7301 108.2355 107.9178 107.8355 108.0080 108.3996 108.9459 109.6084 110.3114 111.0410 111.7657 112.4761 113.1266 113.7668 114.4317 115.0351 115.6079 116.1374 116.8922 117.4665 116.9174 118.2622 118.4186 117.7615 106.2629 105.6563 120.9353 120.3767 119.9386 121.1956 121.3533 121.8163 121.8692 127.4110 108.1567 124.7375 123.0739 123.3305 123.4030 124.3295 127.4812 125.0123 124.2109 124.3515 122.7388 123.3558 125.3404 125.6712 125.7000 126.1762 122.5405 126.6218 126.3839 126.6300
115.5300 115.1595 114.5930 114.0152 113.4081 112.7924 112.1721 111.5496 110.9490 110.3866 109.9044 109.5240 109.2899 109.2303 109.3605 109.6488 110.0781 110.5834 111.1671 111.7865 112.4095 113.0291 113.6373 114.2356 114.8073 115.3586 115.8904 116.4381 116.8071 117.3687 124.6266 110.3597 107.4441 107.9784 115.5653 118.8778 119.2222 120.3908 120.8339 121.1983 121.4396 121.6907 121.8919 127.1020 117.4485 123.9588 123.1017 123.5226 122.9004 124.5480 109.6036 110.6540 125.7886 124.7510 125.0794 125.1103 125.3206 125.6151 127.8255 117.6634 126.0301 125.9249 126.5813 126.6400
115.6400 115.5138 114.9942 114.4669 113.9233 113.3846 112.8396 112.3027 111.8011 111.3400 110.9528 110.6526 110.4818 110.4342 110.5323 110.7568 111.0919 111.5062 111.9785 112.5118 113.0494 113.5766 114.3219 114.8230 115.1781 115.7022 116.2280 116.6099 117.6129 116.0998 116.3299 105.2225 115.8866 100.9718 104.0106 107.0357 107.4797 121.9750 121.1121 123.4442 122.3555 121.6583 119.9733 121.1670 108.9683 118.0735 123.2850 123.6277 123.5727 121.8993 121.1278 124.6448 124.9749 124.8434 124.9860 125.2046 125.3200 125.2633 134.7895 120.0417 110.7769 117.0957 125.3629 126.6500
116.1500 115.8806 115.4092 114.9251 114.4418 113.9565 113.4842 113.0283 112.5987 112.2217 111.8992 111.6653 111.5222 111.4900 111.5673 111.7384 112.0009 112.3517 112.7571 113.2179 113.6611 114.1586 114.1244 114.5723 115.3914 116.0549 116.5036 117.0223 113.8687 104.5531 100.2450 103.3633 96.6319 104.6760 106.9224 110.9808 108.3532 117.2059 118.7671 122.2945 123.9342 119.1265 117.0544 130.6550 105.4052 103.2040 124.8451 123.2795 123.6354 127.6655 110.2696 125.7334 124.4161 124.8464 125.0888 125.4477 124.8965 125.9758 124.7251 126.4562 119.1739 129.3539 114.7656 125.4500
116.2800 116.2565 115.8252 115.3927 114.9585 114.5242 114.1096 113.7143 113.3511 113.0304 112.7608 112.5664 112.4571 112.4297 112.4860 112.6388 112.8586 113.1165 113.6348 113.6180 115.8103 114.7579 112.6394 112.6113 116.6210 116.3041 116.4758 118.8926 99.5835 120.2643 111.3202 114.5824 107.2919 108.7058 101.7246 103.5015 112.7859 122.7663 111.1767 117.0518 111.6242 115.8063 115.7337 118.2425 106.3750 118.4222 124.3966 123.6087 123.8293 123.5175 125.0139 125.0228 125.3253 124.9370 125.0374 125.5505 123.4098 135.7961 119.9163 126.0923 126.6262 128.9569 117.1300 112.2600
116.7800 116.6409 116.2446 115.8481 115.4586 115.0772 114.7102 114.3616 114.0498 113.7743 113.5571 113.3969 113.2975 113.2791 113.3268 113.4482 113.6290 113.8553 114.6131 111.5584 118.3438 113.6862 115.5458 116.9583 113.9817 118.4701 118.4137 117.9940 113.3663 106.5915 100.3429 111.0034 106.0196 105.9377 111.2037 115.4965 106.9266 116.4419 116.7722 121.5661 115.6446 110.8271 102.3387 112.0630 109.4976 122.7229 123.3359 123.6878 123.8533 124.1966 124.2254 124.4791 125.1261 125.7399 125.5450 125.4323 126.4985 123.2112 121.3163 125.9701 126.2277 126.4468 116.6075 124.1300
117.2300 117.0181 116.6568 116.2995 115.9484 115.6068 115.2783 114.9760 114.7090 114.4770 114.2873 114.1498 114.0676 114.0490 114.0905 114.1932 114.3458 114.5459 115.6487 112.2035 115.5750 113.2625 103.7804 102.7270 118.4997 101.1831 119.4607 119.0933 107.9327 105.1184 99.9173 109.1221 103.8740 113.6413 117.9264 113.9342 115.5077 104.5891 115.7132 113.8990 98.6374 100.8103 103.0601 103.5858 105.0142 113.8696 124.1579 123.7285 123.9583 124.1733 124.4079 124.6420 124.7629 125.0253 119.5884 125.7237 125.7145 122.9891 118.8790 126.5056 126.3783 126.2266 123.8975 124.1300
117.8000 117.3957 117.0667 116.7402 116.4164 116.1177 115.8288 115.5768 115.3276 115.1272 114.9612 114.8464 114.7793 114.7648 114.7948 114.8872 115.0150 115.1965 115.3668 116.0761 115.8002 117.0424 91.8465 99.1296 117.8479 102.1639 108.6053 110.5503 107.3068 103.5363 109.2126 121.2275 117.8234 121.4835 124.1004 117.7643 106.4870 98.2478 106.3415 114.9950 108.1836 103.7950 99.5988 100.3818 100.8170 106.2675 124.4888 123.7078 124.0315 124.2602 124.4770 124.6731 124.9492 125.1464 123.0956 125.1161 125.5415 126.7015 127.9876 126.4220 126.4474 126.4106 128.7132 113.6500
117.8400 117.7757 117.4689 117.1703 116.9887 116.5662 116.3326 116.0666 115.9070 115.7302 115.5880 115.4832 115.4318 115.3903 115.4440 115.5203 115.6401 115.8001 116.0262 116.0922 116.1872 115.6978 120.2059 117.3323 118.6871 113.2618 111.0684 96.9738 113.6353 105.8544 121.7057 121.2246 120.1873 119.7126 122.9567 126.5979 110.6297 103.1044 115.9716 119.8645 115.0065 109.5672 109.2778 109.3431 115.7989 110.9863 124.9770 124.2144 124.1212 124.3367 124.5474 124.7574 124.9463 125.1494 125.9189 126.0814 125.7580 125.7831 125.8419 126.1890 126.1822 126.1459 126.3618 126.8600
118.3500 118.1416 117.8752 117.5451 117.9182 114.8199 117.1263 116.6313 116.4559 116.3068 116.1744 116.0909 116.0429 116.2611 116.0604 116.1447 116.2214 116.3694 115.8900 116.4603 117.1760 117.2831 115.9895 119.0881 118.1912 118.3877 115.6292 100.8515 101.3258 103.6805 109.4593 116.2753 120.6247 120.6512 119.8692 116.0281 111.4832 102.4474 114.5477 122.4213 117.4198 109.9077 112.6077 114.2923 121.5506 118.7521 118.3974 122.8148 124.2062 124.4604 124.6295 124.8374 125.0326 125.2311 125.3200 125.5084 125.7353 125.9681 126.1526 126.2492 127.1210 127.7850 136.4008 135.3100
118.7700 118.5052 118.2538 117.9439 117.9694 114.6008 117.3476 117.1161 116.9769 116.8416 116.7302 116.6634 116.5584 114.9721 116.3718 116.4494 116.7995 116.8844 117.0234 117.3077 117.3471 112.3567 119.5183 103.6347 112.5007 123.1838 111.2293 108.0831 107.7926 106.2204 112.7752 120.8208 120.3175 120.5559 121.1282 121.1838 120.8115 111.9651 109.9394 124.3287 121.9774 127.4276 111.0479 123.1206 117.8094 120.0604 118.1861 124.1608 124.1367 124.5358 124.7269 124.9178 125.1107 125.3150 125.4520 125.7299 125.9985 126.0755 126.3597 124.8885 127.3596 108.3063 113.5986 112.3600
119.1900 118.8631 118.6245 118.4112 118.1422 118.3065 117.8015 117.5662 117.4731 117.3463 117.2507 117.2144 117.0938 116.3576 115.6649 118.0273 117.2704 117.4020 117.4992 117.6375 118.3766 117.0350 116.6138 115.2502 118.6477 126.6522 104.7383 111.2318 107.4029 115.2186 120.2407 120.5329 120.6949 121.5311 123.8753 121.3125 121.8112 119.3321 99.4107 119.6676 121.0662 106.1248 127.8145 110.8593 124.8800 119.0264 124.2105 124.1955 124.4004 124.6077 124.8131 125.0014 125.1922 125.3973 125.5650 125.2321 126.4286 126.2591 126.2153 126.4818 127.6171 116.3423 112.8998 114.3500
119.1900 119.2107 118.9851 118.7737 118.5873 118.3743 118.2242 118.0745 117.9348 117.8282 117.7395 117.7051 117.4091 117.3717 118.3308 109.4300 118.5882 117.9374 118.0052 118.1194 118.5412 108.6874 105.4401 108.1713 120.1581 119.1715 117.9843 104.7721 99.2369 122.4238 119.8971 120.6100 121.4580 116.9383 120.6607 122.2834 122.1484 120.7253 127.6882 116.9659 118.5868 102.9788 100.6852 104.3210 104.8892 124.1380 124.0630 124.2934 124.5284 124.7073 124.9076 125.0976 125.2729 125.4684 126.0425 123.1424 145.5472 113.3474 126.9502 126.5901 126.5706 127.0017 118.2120 107.4000
119.6100 119.5522 119.3398 119.1473 118.9663 118.8088 118.6410 118.5083 118.3868 118.2900 118.2049 118.1671 118.1512 117.8875 119.2825 111.6266 118.8927 117.9489 118.1643 118.6942 118.5324 115.6442 100.6258 100.9994 120.5611 120.3208 120.6405 108.3021 101.6405 120.4745 120.9046 120.9953 120.9651 123.1866 111.8574 113.6716 121.9226 122.5629 121.4807 113.0107 123.5718 125.9825 110.4666 104.0496 107.3758 115.6840 123.3970 124.2415 124.6644 124.8094 124.9985 125.1881 125.3687 125.5525 125.6613 126.0179 126.2498 126.2893 126.2172 126.5737 127.1080 128.1300 135.9547 130.4000
120.3300 119.8837 119.6901 119.5109 119.3451 119.1851 119.0433 118.9247 118.8142 118.7175 118.6473 118.6007 118.5419 118.0575 120.6313 104.8828 121.1656 121.1964 119.6790 118.4977 118.8959 120.4695 113.4938 98.2049 103.9325 117.6059 112.6098 117.7948 119.4457 121.6883 120.9486 121.1132 121.2193 119.3851 121.5041 122.5419 122.8607 122.3216 122.8492 113.3281 123.6598 118.3412 124.1613 124.1700 123.8877 125.2263 125.1602 124.4942 124.7281 124.9187 125.1032 125.2800 125.4634 125.6338 125.8257 126.0809 126.1854 126.2062 126.3796 126.7028 122.8854 126.8012 128.8930 116.2300
120.3300 120.2035 120.0285 119.8597 119.7026 119.5655 119.4317 119.3168 119.2164 119.1356 119.0754 119.0363 118.9797 119.1826 121.3090 95.8342 110.6219 116.6562 108.2439 120.1490 119.0157 119.5140 118.3492 105.5713 100.2871 102.3795 120.9908 122.6711 117.1728 113.7118 122.2324 121.9495 121.6227 125.8923 121.4111 121.9314 123.1537 119.0840 129.4874 124.3466 123.2243 113.9271 124.6275 123.6878 123.9536 124.1224 124.3835 124.6548 124.8324 125.0242 125.2064 125.3821 125.5532 125.7259 125.9036 126.0059 126.1641 126.4114 126.6450 126.8881 119.4337 127.2843 116.4133 113.1900
120.3300 120.4000 120.2000 120.2400 120.0400 119.8200 119.5700 119.6200 119.6200 119.3800 119.4100 119.4300 119.0900 119.0900 119.0800 97.4300 103.6100 102.9300 97.6300 119.5800 117.1700 117.1700 120.0400 120.2400 107.5800 107.5800 120.6000 120.8400 106.3300 121.2200 113.3700 121.5600 121.7400 121.9100 122.1100 122.4600 122.6200 103.1300 122.9700 123.1300 108.6900 123.6100 123.7700 123.9200 124.2200 124.3700 124.5000 124.7900 124.9300 125.0700 125.2000 125.4700 125.6000 125.7300 125.9800 126.1000 126.2200 126.4600 126.5800 127.8900 133.2000 112.4000 117.6700 113.1900
