125.8100 125.8400 125.8600 125.7200 125.7400 125.7600 125.6100 125.6400 125.6500 125.4900 125.4900 125.5000 125.5000 125.5100 125.5000 125.5000 125.4900 125.6500 125.6400 116.5200 117.1100 125.7600 125.7400 125.7300 125.8600 125.8400 125.9700 125.9400 126.0600 126.1800 126.1500 119.0800 119.0800 126.3600 104.4600 126.5600 126.5600 126.6500 126.7800 126.8700 126.9500 127.0700 127.1500 127.2700 127.3500 127.4600 127.4400 127.6500 127.6300 127.8300 127.9100 128.0000 128.1100 128.1800 128.2800 128.3800 128.4500 117.0300 119.7100 119.7100 113.1200 128.9700 129.0700 129.1400
125.8100 125.8526 125.6880 125.6448 125.5940 125.5598 125.5225 125.4987 125.4742 125.4552 125.4358 125.4278 125.4186 125.4365 125.4202 124.7673 125.2150 125.3063 127.2924 114.1334 117.6790 125.9449 126.1497 125.9549 125.9315 126.2451 125.7828 126.2518 117.9714 117.1858 123.5489 124.4715 117.2142 120.5229 107.5128 112.3215 126.7067 126.0078 126.5072 128.7423 122.3513 125.7231 126.9830 127.1292 127.2281 127.3214 127.4197 127.5202 127.6113 127.7162 127.8080 127.9107 127.9984 127.9814 129.0283 128.7455 120.7576 119.1887 119.2175 130.1886 118.4226 129.3145 128.9796 129.1400
125.6300 124.9696 125.4495 125.3467 125.3970 125.3538 125.3296 125.2953 125.2679 125.2467 125.2357 125.2217 125.2161 125.2164 125.2038 125.2802 125.2663 125.6903 116.5674 115.0439 110.7132 125.5929 117.6742 127.0257 118.4574 125.5621 125.5495 127.1076 115.0330 118.0932 131.6486 111.7204 104.7861 105.4793 120.0056 124.3780 126.4980 127.5682 129.6153 125.8261 125.0010 127.5483 127.0388 126.9722 127.0983 127.1940 127.2875 127.3894 127.4935 127.5965 127.6946 127.8053 127.8481 129.6745 119.1156 126.4851 116.6067 120.2496 126.4982 131.7899 126.4454 129.1137 128.7555 128.9900
125.4400 127.9106 128.2422 126.0220 125.1223 125.2012 125.0973 125.0965 125.0619 125.0410 125.0272 125.0174 125.0078 125.0065 125.0037 125.0001 125.0661 125.1525 125.1716 125.9638 122.0255 118.1255 113.8192 131.0485 129.6954 126.2366 125.4118 129.2210 127.8123 125.2670 109.4206 105.9064 135.1310 107.8342 121.0162 111.3610 121.9279 126.0953 128.2465 125.7190 124.7583 126.2751 126.7290 126.8553 126.9545 127.0638 127.1638 127.2674 127.3554 127.4577 127.6545 127.3190 127.8313 129.0603 117.9107 127.7358 124.4877 126.4796 129.2627 128.5112 128.2960 128.6266 128.8228 128.8700
125.2500 125.6620 123.1293 117.7663 126.2315 124.8458 125.0278 124.8596 124.8543 124.8299 124.8145 124.8006 124.7919 124.7897 124.7972 124.8069 124.8333 124.7640 124.5772 127.7015 125.4335 116.8499 115.7632 122.7225 123.7293 125.2730 125.2057 122.3216 126.0523 125.7296 124.9614 113.3520 114.1763 131.2787 126.6515 121.3836 126.4102 126.0708 126.1408 126.6837 125.2918 126.5567 126.6709 126.7215 126.8208 126.9227 127.0356 127.1492 127.2638 127.4819 127.2312 128.3320 129.5372 116.2155 115.5558 123.1851 121.3740 118.4115 128.5804 125.4875 129.1610 128.5443 128.8099 128.8300
125.0600 124.9909 122.1857 124.5589 126.0254 126.7419 124.7117 124.6543 124.6376 124.6127 124.5959 124.5858 124.5720 124.5690 124.5756 124.5897 124.6142 124.6608 124.4832 124.7448 125.6392 110.1348 119.8690 125.9207 124.9873 125.0719 125.0375 125.5230 125.8682 115.0125 121.3095 117.7699 111.3224 125.3622 125.7854 125.5018 125.9960 125.9691 126.1190 126.1710 126.2593 126.3808 126.4709 126.5802 126.6861 126.7903 126.9013 127.0098 127.0473 127.0172 128.3936 120.0435 118.0700 114.9493 117.8766 131.1593 122.6221 120.7986 121.8600 127.6328 120.0359 119.0209 129.2530 128.7100
124.8600 124.8017 125.4596 122.7290 124.4180 124.2441 124.4830 124.4393 124.4153 124.3860 124.3697 124.3565 124.3524 124.3505 124.3499 124.3632 124.3708 124.3953 124.4354 124.4771 125.0873 116.2732 121.4186 124.6615 123.9750 123.8730 125.1270 124.1401 128.4782 103.4080 125.9796 106.6963 119.5743 125.3205 126.4847 125.5459 125.6905 125.8252 125.7405 126.0517 126.1127 126.2117 126.3293 126.4336 126.5441 126.6595 126.7734 126.8071 127.2618 126.8461 122.1784 112.7764 114.9131 115.3126 125.5525 123.4303 121.4984 114.3016 116.8301 128.4606 128.5998 129.1313 128.4747 128.6800
124.6600 124.3231 125.6139 126.6621 124.3438 124.3765 124.2665 124.1986 124.1757 124.1801 124.1407 124.1270 124.1221 124.1206 124.1193 124.1343 124.1486 124.1714 124.1881 124.2379 124.6231 126.9373 122.6495 124.7791 123.5844 124.6200 124.7433 113.2762 126.8260 104.5853 124.1475 113.3826 125.9863 108.6260 125.2786 125.4422 125.5125 125.6205 125.7112 125.8621 125.9414 126.0737 126.1800 126.2930 126.4085 126.5234 126.6564 126.6859 127.4350 123.3673 116.8385 113.3618 128.7866 128.3299 128.0359 118.2157 122.1359 128.9046 128.3991 128.0020 128.1419 128.4232 127.3192 128.5600
124.4500 124.9800 123.8271 123.9206 124.2650 124.0620 124.0273 124.1503 124.1701 123.7928 123.9113 123.8908 123.8824 123.8784 123.8879 123.8962 123.9163 123.9311 123.9628 124.0002 123.9385 121.2239 118.4097 124.5395 124.3451 124.3225 124.4737 124.3275 128.2861 115.0165 125.8247 124.8981 128.5532 125.8764 125.0618 125.2748 125.3507 125.6480 125.6233 125.6898 125.8332 125.9176 126.0336 126.1526 126.2723 126.3897 126.5123 126.6148 125.9105 124.9461 117.0085 119.1587 126.5694 127.3744 124.8943 112.4196 123.1949 127.9516 127.8891 128.1226 127.9885 129.0008 116.5154 121.2900
113.3100 113.7726 124.4571 123.9640 123.8491 123.8334 123.7848 123.6896 120.7561 124.6187 123.6548 123.6421 123.6409 123.6380 123.6440 123.6146 123.6722 123.7078 123.7133 123.8161 123.8246 124.9491 125.9758 123.7431 124.0267 124.2510 124.1877 124.2764 122.2055 128.3375 128.9547 124.5070 124.1540 124.8499 124.8227 125.0486 125.1720 124.1458 123.7140 125.6150 125.6318 125.7686 125.8904 126.0082 126.1286 126.2574 126.3688 126.7415 124.7263 123.9790 129.1453 127.5994 127.1456 120.9116 114.5826 116.9125 128.3437 127.6213 127.9349 127.9773 127.9573 128.0621 117.7578 128.4000
112.5400 111.3726 125.6468 123.6792 123.6614 123.6132 123.5694 123.5373 121.2486 112.6552 123.3279 123.3225 123.3863 123.3897 123.3834 123.8151 123.4993 123.4484 123.4666 123.3022 121.9323 123.1759 123.6323 124.0082 123.9086 123.3042 124.0574 124.4769 122.6963 124.2206 124.3303 124.6022 124.6858 124.6659 124.8014 124.8957 124.7986 125.2326 123.0918 125.4067 125.4765 125.6165 125.7373 125.8646 125.9915 126.1135 126.2582 126.2636 126.8281 126.9235 126.3938 128.0056 129.2128 118.8219 116.3551 124.7158 128.0631 127.2620 127.7688 127.8966 127.8203 129.1872 115.5823 128.3600
110.5900 121.6300 118.7968 122.5361 123.0558 123.4173 123.2947 122.7947 122.9453 112.8977 122.5683 122.9829 123.1513 123.1059 123.4055 119.8066 123.2829 123.2423 123.1965 123.4777 123.4381 123.4392 118.8108 120.8918 123.6038 122.6470 123.8358 123.7857 124.1922 124.0464 124.1462 124.2457 124.3461 124.4751 124.5932 124.7345 124.7819 127.3769 126.0573 125.4502 125.2753 125.4621 125.5932 125.7169 125.8473 125.9779 126.1023 126.2479 126.3699 126.5016 126.5810 125.8385 124.1018 129.0879 118.9828 120.0654 128.2599 127.7597 127.6738 127.7783 127.8819 127.1123 121.4216 117.0300
123.5500 122.4078 123.6617 121.0046 121.4851 123.1245 123.0188 124.0356 123.1713 107.9650 126.1187 122.4406 122.8784 122.7381 122.9250 117.9605 122.2541 123.0621 122.9273 122.9725 123.0773 123.1626 122.0611 122.7075 123.0223 123.4673 123.5533 123.6369 123.6802 123.8009 123.9332 124.0347 124.1699 124.2850 124.4040 124.5391 124.5353 124.4517 124.3269 125.6826 125.1424 125.3290 125.4303 125.5709 125.7097 125.8402 125.9779 126.1065 126.2441 126.3986 126.5930 127.1447 125.7310 121.4648 120.4223 120.9376 118.3744 127.6318 127.3947 127.6932 127.8505 128.5560 128.3949 117.0300
123.3100 137.0057 122.5746 123.6572 123.1285 122.8767 122.6818 123.9049 108.4858 120.0361 129.2107 122.0411 122.6992 122.5358 123.1361 123.1740 122.7174 122.5888 122.7276 122.8241 122.8969 122.7382 122.9444 122.7617 123.4851 123.3998 123.1743 123.4148 123.6542 123.1630 123.7748 123.8408 123.9681 124.0860 124.2123 124.3535 124.4494 125.2761 127.5485 119.4742 125.4709 125.0823 125.2931 125.4270 125.5627 125.7076 125.8474 125.9801 126.1149 126.2637 126.3668 126.2351 128.6498 125.8863 125.0421 128.2844 123.2873 127.6388 127.3924 127.5947 127.5617 128.1603 116.2301 116.7300
112.5500 119.4539 121.2393 122.7232 122.7581 122.5530 122.5371 122.5305 122.6053 125.8033 121.9884 121.5905 122.3476 122.2812 122.2001 122.2512 122.2703 123.0665 122.3387 122.1007 122.0256 122.8452 122.7349 122.8435 117.8653 117.7602 122.8594 123.1985 123.2924 122.0074 123.3109 123.6006 123.7537 123.8875 124.0238 124.1388 124.3808 124.0535 128.2889 125.8325 125.1468 124.9678 125.1354 125.2817 125.4179 125.5643 125.7042 125.8457 125.9931 126.1324 126.2766 126.4208 126.8946 126.7434 124.8341 126.6239 127.0436 127.2914 127.3801 127.4989 127.5772 128.4755 125.0393 116.7300
122.8100 123.3576 122.3497 122.5149 122.3688 122.3080 122.2230 122.1986 122.0269 121.7127 121.9722 122.1230 122.0462 122.0303 122.0460 122.0769 121.9845 124.6932 121.4134 126.0220 125.2557 121.7667 122.4585 122.4068 112.3975 117.6732 122.3494 122.9553 123.0201 123.2110 123.1554 123.5452 123.5568 123.6855 123.8267 123.9640 124.0962 124.1938 124.9971 124.7771 124.7080 124.8369 124.9817 125.1302 125.2792 125.4316 125.5784 125.7183 125.8737 126.0153 126.1618 126.3215 126.2917 126.0474 127.0586 126.7091 127.0081 127.0888 127.2900 127.4121 127.5489 127.7784 128.8535 138.0400
122.5500 122.2712 122.3382 122.1993 122.1209 122.0283 122.0248 121.9059 121.8631 121.8717 121.7972 121.7231 121.7149 121.7135 121.7186 121.7476 121.5614 121.5465 121.7556 124.2062 129.5052 122.9005 121.1471 123.2914 124.4426 114.2839 123.3774 122.6809 122.7524 123.0920 121.8171 123.3620 123.3114 123.4859 123.6296 123.7720 123.9207 124.0903 124.2194 124.2910 124.5526 124.6774 124.8283 124.9890 125.1341 125.2940 125.4411 125.5899 125.7468 125.8946 126.0410 126.2144 126.2908 124.2491 117.8354 127.6422 126.9136 127.0451 127.1902 127.3307 127.4659 127.6640 127.6473 127.8500
122.2500 122.1599 122.0147 121.9266 121.8060 121.7613 121.4088 121.4155 121.5615 121.4721 121.4379 121.4254 121.4026 121.4054 121.4114 121.4381 121.5142 121.5720 121.6513 121.0944 119.7923 121.2487 122.4913 113.2715 113.0106 109.2896 118.7294 122.3816 122.5797 122.6930 122.8406 122.9929 123.1003 123.2784 123.4378 123.5687 123.7487 123.8871 124.0526 124.2069 124.3722 124.5191 124.6816 124.8417 124.9959 125.1517 125.3095 125.4666 125.6181 125.7736 125.9289 126.0804 126.1468 126.9862 126.4830 126.5373 126.8469 126.9592 127.1051 127.2439 127.3862 127.5272 127.6502 127.7200
121.9800 121.8805 121.7318 121.6269 121.5512 121.4024 122.7272 124.0508 121.1784 121.1456 121.1084 121.0876 121.0848 121.0784 121.0863 121.1075 121.0810 121.0821 121.1862 121.4217 121.7142 120.9129 119.1964 116.2851 124.8761 113.5432 122.3467 116.7198 122.2199 122.4625 122.6095 122.7581 122.9293 123.0758 123.2234 123.2720 123.5283 123.6029 123.8585 124.0298 124.2010 124.3607 124.5277 124.6907 124.8607 125.0194 125.1791 125.3383 125.5016 125.6618 125.8323 125.9458 126.1206 126.1529 126.4206 126.5504 126.7157 126.8721 127.0131 127.1569 127.3048 127.4354 127.5831 127.6900
121.7000 121.4426 121.4988 121.3522 121.0847 121.5698 120.6671 121.2312 120.8963 120.8031 120.8454 120.7590 120.7404 120.7391 120.7522 120.7595 121.1057 121.2388 120.8956 121.0175 121.0908 121.3312 128.2728 123.3062 120.3073 121.2647 115.8264 119.4409 121.9703 122.2467 122.3426 122.5258 122.6503 122.6065 122.8817 123.9859 123.3731 124.3971 124.1038 123.8691 124.0530 124.2353 124.3844 124.5492 124.7136 124.8817 125.0497 125.2275 125.3733 125.5370 125.6298 125.3956 126.2679 126.6218 126.3535 126.5177 126.6336 126.7788 126.9326 127.0781 127.2241 127.3724 127.4694 127.6600
121.4000 121.8371 120.6478 121.0606 120.8881 123.0877 120.9044 120.6705 120.6195 120.4443 120.4991 119.0398 120.4735 120.3963 120.4352 120.7273 116.3084 120.4920 120.5720 120.4490 121.3442 120.7025 120.3012 120.8865 121.5002 120.1064 112.3669 122.8815 121.9633 121.8915 122.2040 122.9290 122.4554 122.4497 124.0017 113.1528 118.6547 123.0006 119.8782 123.5192 123.8374 124.0638 124.2545 124.4027 124.5795 124.7509 124.9262 125.0686 125.2082 125.4103 126.5428 126.8045 123.4739 124.5795 126.1816 126.3771 126.5408 126.6956 126.8499 126.9958 127.1446 127.2545 127.7745 129.4200
121.0800 119.8639 120.9561 126.5253 120.5875 120.3846 120.1693 120.3010 120.1706 120.1323 120.0771 120.1500 120.0732 120.0172 119.9997 120.2586 118.8660 120.0892 119.2062 123.2463 114.1281 120.6190 120.9404 120.2056 120.7216 113.2210 114.2774 121.6178 121.3230 121.7039 122.2932 119.9173 122.0357 122.1742 123.0103 108.9924 109.4335 124.0822 125.0391 125.8245 124.9249 124.6000 123.8678 124.2591 124.4395 124.6166 124.8132 124.9889 125.9981 125.4577 121.0018 123.7220 112.9551 122.8345 126.3695 126.3005 126.4547 126.6043 126.7583 126.9170 127.0623 127.2715 128.0155 129.4200
120.7600 114.7082 120.8429 120.3345 119.8937 119.7342 119.9826 119.9587 119.9003 119.7841 119.7195 119.6683 119.5433 119.6861 119.9309 119.4450 119.8456 120.9232 117.4065 119.9982 111.0970 120.4696 119.6949 122.9636 120.6730 122.6731 113.5365 121.6170 121.1915 121.4549 121.4259 116.5742 121.5635 118.7783 124.2780 109.6615 116.1652 122.8145 122.7438 122.5029 123.4216 122.8420 124.0046 124.1734 124.2969 124.4583 124.6298 124.5453 120.0185 126.7202 120.1288 122.3800 116.7439 127.3351 125.9006 126.2063 126.4378 126.5622 126.6870 126.8405 127.0345 126.3350 126.5801 127.3400
107.9800 109.2948 120.1722 119.5672 120.1736 117.2582 119.6742 119.4968 119.3222 119.3542 119.3305 119.3278 119.1888 118.4234 117.0251 119.9405 111.0556 110.1799 114.1551 119.6913 118.0069 123.7098 119.9232 123.7095 125.6853 117.9080 121.3492 120.3138 122.0088 114.5455 124.7804 121.3217 125.8560 116.5095 114.3311 109.7985 110.8785 122.9430 122.5217 129.4093 124.8320 122.7307 123.6715 123.9524 124.1755 124.3635 124.3346 128.8419 122.5303 114.6596 117.0639 123.9494 120.8229 125.8154 126.5290 126.3182 125.9538 126.1405 126.6496 126.7584 126.8229 131.1973 127.5036 127.3100
106.8900 119.9317 120.1220 119.6476 119.5083 119.6050 119.4181 119.0946 119.5180 118.3777 118.7101 118.8550 118.8203 115.2930 112.1040 116.2689 111.6568 121.3953 118.1122 118.8688 118.8762 119.9589 119.3989 118.4709 117.9707 119.7701 119.8978 117.8151 120.5692 121.6180 121.5757 120.8030 122.6797 119.6065 109.4935 118.1393 115.7087 123.5123 124.4683 122.9888 123.0670 123.5096 124.7950 124.2918 123.9784 124.2809 124.2693 121.5350 111.7283 131.7998 111.3836 123.4864 132.9884 125.3927 121.7495 126.3550 127.4250 126.8602 126.5960 126.6427 126.7815 129.8772 127.1031 127.2800
119.6800 119.8278 119.3333 119.4180 119.2033 119.0067 118.8721 118.7126 118.0364 108.0580 120.7383 118.0492 118.3749 117.6379 117.4516 112.3407 121.1636 116.8507 113.8392 118.9407 118.9048 118.9609 119.4405 119.7134 119.4564 119.5030 117.5849 120.3328 120.4853 120.3134 121.0627 121.1389 120.9636 121.1515 120.9356 121.4743 106.9474 123.0404 117.6570 122.8961 122.9662 122.9627 115.0726 122.8711 123.8502 124.0371 125.6056 123.3830 121.4529 123.4933 116.7811 124.4603 128.7352 125.3474 124.7311 125.9463 126.6896 126.3139 126.4717 126.6100 126.7966 126.7772 127.1065 127.1500
119.6800 119.6143 119.1807 119.0147 118.8165 118.6465 118.4995 118.1945 118.0780 118.0384 122.6243 117.9128 117.9939 118.7049 118.1944 115.1560 123.0358 117.8211 119.3996 118.3709 118.5674 118.7841 119.2198 119.0502 119.2509 119.6393 119.4243 120.0850 120.2448 119.9623 118.3789 121.0833 121.0838 121.2655 120.2025 115.4791 122.3034 122.5856 122.5383 122.7080 123.7614 116.7898 122.4683 123.3271 123.7224 123.9833 124.4094 124.8779 124.5538 122.2879 120.9031 118.3879 125.7253 125.5139 125.7613 125.8870 125.9911 126.2181 126.3829 126.5489 126.7151 126.9000 127.0332 127.1200
119.2500 118.9866 118.8617 118.6248 118.4210 118.2332 118.0459 117.8692 117.7809 117.5020 116.8236 117.2771 117.4581 117.3832 117.5203 118.5772 117.3556 118.2749 119.2655 117.9182 117.9566 118.2885 118.4768 118.7106 118.9431 119.0873 119.2979 119.7319 119.8593 120.1223 120.4118 120.6240 120.8953 120.4757 126.9107 121.9845 114.7665 122.7804 122.1649 122.5535 122.7754 122.7809 123.4202 123.4794 123.7853 123.1084 124.3667 115.2709 124.3675 123.1059 124.9796 124.9140 125.2526 125.4155 125.6128 125.7988 125.9696 126.1336 126.2899 126.4850 126.6466 126.8191 126.9680 127.1000
118.8600 118.7290 118.4663 118.2398 118.0151 117.8005 117.6053 117.4386 117.2788 117.1673 117.1717 117.0212 116.9422 116.9304 116.9228 116.8044 117.2353 118.5876 117.5073 117.5965 119.4962 117.8003 118.0817 118.3684 118.5603 118.8120 119.1419 118.7692 119.6205 119.8462 120.0868 120.3906 120.6188 120.8346 120.6252 123.5606 123.2946 119.2747 122.1710 122.4286 122.5750 122.8373 123.0155 123.0090 124.4636 113.1578 123.5995 113.9284 125.7036 124.1591 124.0128 124.6556 125.0966 125.3512 125.5330 125.7172 125.8484 126.7161 126.2349 126.4403 126.5856 126.7203 127.1164 126.9600
118.4200 118.3562 118.0907 117.8391 117.5915 117.3606 117.1430 116.9465 116.7779 116.6295 116.4981 116.4298 116.3896 116.3816 116.3126 116.7733 116.3556 113.6242 117.1532 117.0830 117.7951 117.3240 116.8127 118.0423 118.1606 118.4803 118.4865 116.6242 119.4255 119.6138 119.8676 120.1268 120.5414 121.5676 112.6474 117.9920 121.5500 122.2609 121.9373 122.2468 122.4846 123.4645 123.2531 122.0215 112.8259 112.1158 111.6709 124.9668 124.8405 125.3692 113.3505 125.2993 124.7873 125.3182 125.4694 125.6518 125.8409 125.9903 126.1788 126.3543 126.5437 126.8361 124.1492 126.9400
118.3500 117.9977 117.7029 117.4239 117.1513 116.8915 116.6588 116.4388 116.2496 116.0821 115.9583 115.8517 115.8466 116.3301 108.7965 116.6465 116.0805 116.3204 116.3331 116.5342 116.7991 117.0254 116.0955 116.1838 117.8231 118.0223 118.4899 119.0107 122.7424 118.4489 119.4819 121.2702 118.3997 116.5993 117.4443 122.0032 121.3232 121.4976 121.8350 122.1248 122.0758 124.2938 126.8580 117.4918 114.1544 126.2213 124.7490 124.5998 126.8706 124.2879 124.8639 124.8116 124.7678 125.2201 125.3603 125.5271 125.7463 125.9575 126.1305 126.2989 126.3037 127.4705 117.5039 126.9200
117.9400 117.6250 117.3086 116.9979 116.6966 116.4170 116.1496 115.8942 115.6815 115.5002 115.3477 115.2443 115.1043 115.6598 113.6261 115.5272 115.2694 115.5846 115.8349 115.9892 115.2941 119.1767 116.3883 116.9241 115.7827 118.2448 118.0895 117.5378 125.6699 116.6918 124.2390 117.8372 110.6365 111.8607 118.3832 120.7174 121.0363 121.3995 121.6722 121.9381 122.1846 122.4502 122.0412 123.8896 113.4879 123.3467 122.9646 123.9611 119.8710 125.2079 124.8910 124.8146 124.2808 124.9155 125.1985 125.6861 125.6655 125.8848 126.0645 126.2357 126.4218 127.1492 128.0495 126.9000
117.4300 117.2473 116.9020 116.5571 116.2287 115.9124 115.6140 115.3382 115.0867 114.8746 114.7068 114.5861 114.5796 113.7911 110.0135 114.5913 114.8024 114.6085 115.2776 115.1323 118.0421 120.9999 116.8666 117.9943 113.3223 116.3373 117.7974 117.8879 118.6141 116.4827 128.0182 119.4204 114.9722 121.2752 120.3934 122.2617 121.5378 121.2160 121.5139 121.7914 122.0958 122.1061 123.1261 122.8376 123.4404 124.2571 125.7340 125.3093 111.7833 119.3002 120.2831 125.3875 121.8275 126.4218 125.0728 123.8173 125.6549 125.8473 126.0128 126.1848 126.3714 126.4589 126.5066 126.8800
117.3700 116.8649 116.4901 116.1176 115.7463 115.3956 115.0542 114.7425 114.4553 114.2083 114.0039 113.8598 113.7278 110.1389 105.9454 114.4337 113.9067 113.2945 114.6006 115.3772 118.8148 115.5281 107.3413 114.2506 116.7600 115.9053 117.3906 117.8972 118.0336 119.1673 111.8200 120.2895 120.1867 119.1345 125.5248 111.6184 120.2538 120.9007 121.4181 121.6774 121.7089 124.3814 114.1528 124.0073 122.5985 122.6962 113.4404 114.7790 111.6257 114.3318 120.3015 120.6820 123.0935 126.6013 124.5644 124.9654 125.5605 125.7844 125.9629 126.1359 126.3268 126.5235 126.6952 126.7300
116.7700 116.4898 116.0725 115.6614 115.2570 114.8574 114.4742 114.1123 113.7772 113.4915 113.2499 113.0392 113.0676 114.9525 116.6393 112.5899 113.4413 113.6773 114.0744 113.8389 114.6064 114.9315 114.2380 112.4517 116.2723 116.7894 116.9370 117.2727 117.6801 118.3394 114.2203 119.1474 119.3559 119.7095 122.2708 115.4135 121.4332 120.9760 121.3209 121.4923 121.4843 128.6883 111.3328 124.9789 123.7698 122.9345 128.0108 119.5602 114.9679 117.5483 124.7394 121.4600 125.1470 124.7403 125.3898 125.4151 125.5396 125.7332 125.9165 126.0977 126.2690 126.4460 126.6194 126.7100
116.2800 116.1095 115.6536 115.2041 114.7450 114.2969 113.8615 113.4494 113.0611 112.7194 112.4360 112.1854 112.2134 115.3289 116.1466 109.9622 112.7441 112.8240 113.1809 113.7552 113.6175 115.0427 115.0291 115.9581 115.6254 116.2438 116.7680 117.6736 118.2442 117.9925 118.6201 118.7542 119.1363 119.2912 120.2420 121.3514 121.1333 120.9494 121.1462 121.4031 121.8188 124.9389 116.7174 113.0672 114.9472 113.8235 125.4569 111.8899 114.2862 115.6546 117.0770 125.2726 124.5143 124.8872 125.0510 125.2699 125.4864 125.6773 125.8695 126.0573 126.2314 126.4112 126.5914 126.7000
116.1600 115.7279 115.2435 114.7477 114.2342 113.7315 113.2261 112.7394 112.2932 111.8841 111.5379 111.2751 111.1710 111.7446 110.6991 111.8296 111.6483 112.0418 112.4614 113.0067 110.7365 113.6740 114.3277 114.8680 115.8440 116.7461 117.1778 107.0225 117.6768 117.5233 118.1136 118.5313 118.8149 119.8256 119.2011 115.2153 115.4378 121.6428 120.9226 121.2225 121.5368 121.7992 122.7946 128.6174 114.0556 108.0122 115.0530 114.6779 121.4523 122.7396 123.2666 124.4357 124.6360 124.8338 125.0431 125.2492 125.4445 125.6384 125.8257 126.0119 126.1972 126.3813 126.5521 126.6800
115.6200 115.3620 114.8355 114.2791 113.7200 113.1493 112.5705 112.0051 111.4678 110.9782 110.5501 110.2277 110.0309 109.9316 110.1729 110.2644 110.7099 111.1550 111.7444 111.7845 116.8596 113.6956 113.9515 114.9726 108.9824 111.8335 116.4933 116.2208 117.1461 117.4936 117.9621 118.3207 119.0731 110.9993 104.4569 118.8821 110.2820 120.8036 120.7163 122.5136 121.2629 121.7829 122.0054 130.4431 114.3168 122.0943 112.9725 114.1923 121.6087 124.0028 124.1250 124.3485 124.5713 124.7916 124.9938 125.2036 125.4038 125.5982 125.7952 125.9818 126.1688 126.3390 126.5319 126.6700
115.5200 115.0182 114.4363 113.8349 113.2108 112.5631 111.8986 111.2385 110.5905 109.9878 109.4578 109.0357 108.7849 108.7157 108.8481 109.1892 109.6433 110.2021 110.8220 111.5228 112.1734 112.6644 113.0192 113.5654 114.7603 115.7441 115.7010 116.2769 116.7159 117.2640 117.6753 120.7373 115.9506 106.1444 103.9126 118.6188 120.2149 120.3669 118.1674 118.2306 121.2429 122.0135 122.0735 122.5831 107.0270 122.2249 110.5864 124.2258 120.5331 123.5164 124.0121 124.3139 124.5337 124.7432 124.9609 125.1626 125.3638 125.5658 125.7573 125.9434 126.1343 126.3325 126.4191 126.6600
114.9700 114.6839 114.0583 113.4053 112.7066 111.9800 111.2236 110.4503 109.6693 108.9098 108.2303 107.6708 107.3208 107.2367 107.4247 107.8624 108.4714 109.1909 109.9483 110.7515 111.5313 112.2575 113.0110 113.7004 114.2246 114.8460 115.5310 116.0625 116.6046 117.1249 117.0804 124.0548 114.1006 107.5452 104.6946 114.0864 119.8734 120.1052 119.2935 116.8619 121.3772 121.6894 121.7275 115.0377 107.7477 112.2016 116.9728 114.5730 122.8463 115.8439 124.0631 124.3102 124.5140 124.7250 124.9190 125.1258 125.3312 125.5359 125.7284 125.9203 126.1050 126.2491 127.2920 126.6500
114.8700 114.3876 113.7115 112.9967 112.2347 111.4215 110.5563 109.6431 108.7030 107.7474 106.8425 106.0691 105.5695 105.4388 105.7197 106.3398 107.1701 108.1010 109.0609 109.9841 110.8801 111.7278 112.5151 113.2699 114.0036 114.6344 115.2417 115.8239 116.4096 117.0507 113.9096 117.5018 118.6602 119.8150 122.2172 115.2761 119.8711 120.0879 121.0748 121.4058 121.4505 123.8456 116.2830 109.8772 118.8396 112.6978 118.1039 120.6568 124.0773 117.5595 118.2688 124.5559 124.2637 124.5766 124.9314 125.1541 125.3441 125.5285 125.7210 125.8858 126.2536 126.6695 124.8021 115.5000
114.7700 114.1276 113.4109 112.6396 111.8066 110.8982 109.9173 108.8538 107.7105 106.5047 105.2905 104.1782 103.3846 103.1796 103.6307 104.5781 105.7377 106.9671 108.1497 109.2636 110.2991 111.2522 112.1210 112.9291 113.6777 114.3779 115.0330 115.6440 116.2360 116.7201 117.4861 117.8067 118.0297 120.1919 122.0816 120.2662 119.5283 121.3868 120.5497 120.8112 120.5211 116.6064 107.0405 106.8747 107.8964 106.8435 113.4200 111.8316 124.8882 113.9149 119.9308 123.9451 125.4790 124.8037 124.6116 124.8030 125.1468 125.4495 125.5867 125.8469 126.7873 126.2750 121.5746 126.5100
114.1400 113.9055 113.1453 112.3269 111.4323 110.4390 109.3485 108.1285 106.7574 105.2275 103.5778 101.8644 100.5641 100.1574 100.9643 102.4969 104.2033 105.8195 107.2788 108.5971 109.7722 110.8180 111.7780 112.6489 113.4450 114.1723 114.8554 115.4905 116.0772 116.5892 117.1569 117.7010 118.1779 118.1725 121.3413 127.7543 120.6660 114.9335 121.5006 120.3366 121.9576 109.2766 106.7773 103.4349 108.5037 111.2183 125.2248 124.5230 123.6392 122.4627 131.4711 121.9008 118.2335 126.4289 125.8188 126.0963 125.9255 125.4950 126.1737 125.7917 130.7621 128.3678 125.7516 126.5000
114.0800 113.7371 112.9513 112.0888 111.1419 110.0762 108.8795 107.5036 105.9088 104.0217 101.7536 99.1471 96.2075 95.1289 97.2881 100.1300 102.6512 104.7611 106.5327 108.0399 109.3455 110.4848 111.5036 112.4245 113.2513 114.0179 114.7214 115.3630 115.9992 116.5847 116.7405 117.3434 118.0124 118.1159 126.7059 133.1814 112.8200 107.3854 121.3201 120.9923 120.7207 121.7135 116.7046 115.6457 118.2631 123.0470 122.3780 122.9486 123.2936 131.4103 143.1676 119.6491 112.9962 116.9905 119.0394 118.7273 122.0470 125.3257 120.5486 126.8160 124.9727 123.4399 105.2285 126.4900
114.0500 113.6226 112.8195 111.9331 110.9364 109.8254 108.5498 107.0586 105.2766 103.0635 100.1181 95.9698 90.0395 88.4653 91.8873 97.8697 101.3321 103.9426 105.9861 107.6478 109.0457 110.2565 111.3177 112.2744 113.1317 113.9123 114.6271 115.3417 115.7459 116.3113 118.5954 118.0502 117.9804 118.4529 96.8954 119.7628 117.2938 116.7814 120.3582 120.7817 121.2378 121.6999 121.9413 121.9347 122.8390 122.5630 123.0109 123.1654 123.3011 128.4957 125.1183 119.0783 120.6804 120.4095 120.6442 120.9536 124.6420 124.8718 122.7141 127.0684 120.5781 114.1285 141.1283 126.4900
114.0300 113.5800 112.7621 111.8562 110.8495 109.7126 108.3975 106.8562 104.9728 102.5760 99.2260 93.4244 86.2282 84.5170 88.3058 96.3168 100.6159 103.5494 105.7269 107.4675 108.9122 110.1514 111.2429 112.2088 113.0786 113.8707 114.6036 114.5994 117.6213 116.0803 105.4064 116.4174 117.6523 111.1260 141.7106 115.0031 119.5570 120.7598 121.0748 120.4631 120.4817 121.4610 120.9007 122.1572 122.4032 122.6417 122.8987 123.0992 123.3495 129.7023 115.3217 124.4225 125.0186 125.3637 125.6484 125.5280 125.7051 125.6020 126.1851 126.3530 125.3966 121.1820 124.8971 126.4800
114.0400 113.5915 112.7770 111.8774 110.8767 109.7506 108.4414 106.9201 105.0632 102.7314 99.5351 94.4541 87.6826 85.8967 89.4494 96.8431 100.8427 103.6780 105.8043 107.5177 108.9548 110.1814 111.2676 112.2234 113.0917 113.8847 114.6114 115.0889 115.8459 114.5159 117.4047 110.6537 103.6138 105.9642 114.9327 110.9867 117.0716 119.3357 112.8567 120.7588 124.9061 121.4202 122.0458 121.7123 121.7506 122.6276 122.9073 123.1563 123.4715 123.5871 122.5872 124.6764 124.2825 124.5198 123.1803 125.9884 125.0885 125.4017 125.5988 125.9953 126.1427 126.8002 126.7548 126.4800
114.0700 113.6698 112.8756 111.9928 111.0170 109.9299 108.6795 107.2465 105.5429 103.4695 100.9062 96.9524 92.6676 91.3303 94.5557 98.8793 101.9106 104.2961 106.2153 107.8078 109.1685 110.3473 111.3964 112.3334 113.1781 113.9531 114.6597 115.3355 115.9783 115.7195 118.8828 119.0689 112.4604 112.3420 113.2062 110.1294 126.9561 120.1022 111.9123 130.1582 115.7078 121.4794 122.0601 120.9295 129.5466 122.3255 122.8834 123.1453 123.4333 122.8522 132.8782 123.7260 124.4278 124.6634 124.8061 125.1399 125.2348 125.4877 125.4921 125.6524 125.8410 126.0787 126.2415 126.4800
114.1100 113.8065 113.0433 112.1961 111.2664 110.2348 109.0827 107.7795 106.2935 104.5800 102.6613 100.4706 98.6188 97.8980 99.2445 101.2662 103.3985 105.2481 106.8761 108.2852 109.5275 110.6367 111.6247 112.5144 113.3361 114.0896 114.7725 115.4388 116.1975 114.6133 126.3541 121.3124 111.9287 107.8326 111.1324 108.5611 114.1128 120.1702 120.8317 121.2770 119.7510 121.4750 121.8177 122.7936 123.9787 120.4218 122.6734 123.1490 123.1013 130.6117 113.5340 108.7130 123.7744 124.3324 124.8607 125.0543 125.2575 125.4612 125.1775 131.9312 125.2230 126.1382 126.8365 126.4800
114.6600 114.0047 113.2722 112.4667 111.5977 110.6538 109.6102 108.4639 107.2013 105.8361 104.4077 103.0231 101.9488 101.6681 102.2756 103.5243 104.9445 106.3668 107.6906 108.8998 110.0081 111.0212 111.9331 112.7711 113.5507 114.2677 114.9382 115.5605 116.1889 116.3760 113.1246 117.9323 108.6619 105.0749 108.5519 112.1551 110.9812 121.0853 122.0609 107.1128 106.5564 122.3208 121.5195 128.0106 109.5789 119.8418 122.5073 123.2211 123.1235 129.5765 111.5411 126.7404 124.7596 124.5149 124.8641 125.1161 125.1797 125.5676 131.5446 136.8139 109.1473 112.0944 115.7608 126.4900
114.7300 114.2513 113.5514 112.8021 112.0088 111.1442 110.2167 109.2341 108.1840 107.1017 106.0399 105.1229 104.4793 104.3014 104.6706 105.4345 106.4257 107.5064 108.5786 109.6001 110.5759 111.4596 112.2994 113.0872 113.8156 114.4928 115.1297 115.8018 116.0024 117.9016 116.0670 114.1673 107.4068 111.8423 120.4338 120.2138 120.5321 120.3675 121.3048 110.2877 120.6572 122.7128 118.2167 123.2561 110.2000 109.2285 124.4397 123.1575 123.2754 127.6942 124.1123 124.4623 124.0976 124.6324 124.8939 125.1651 125.2531 122.7625 125.2351 124.6910 121.4224 114.3065 136.6534 113.7500
114.8200 114.5315 113.8791 113.1885 112.4613 111.6808 110.8703 110.0304 109.1551 108.3227 107.5232 106.8609 106.4306 106.3140 106.5521 107.0800 107.8027 108.6229 109.4995 110.3456 111.1700 112.0879 112.8496 113.4535 114.1281 114.7661 115.3395 116.1155 117.1142 114.4740 118.0444 106.3790 114.5904 119.7426 119.1039 120.4999 119.4149 120.2934 120.5979 122.8628 109.8341 107.3642 112.8744 111.9153 100.0301 122.8235 122.9599 123.2416 123.5428 123.3772 123.5814 124.3132 126.1727 124.7341 124.8180 125.2743 124.9822 126.3324 123.6900 125.9250 126.6486 129.0601 132.1355 126.3400
115.4700 114.8462 114.2407 113.6057 112.9467 112.2557 111.5498 110.8304 110.1103 109.4324 108.8228 108.3382 108.0279 107.9485 108.1168 108.4988 109.0383 109.6712 110.3734 111.0920 111.8382 112.2750 112.8978 113.8310 114.4691 115.0608 115.5938 116.2913 117.4598 126.6754 116.5776 118.8751 118.8518 118.5043 119.3828 119.3347 122.8515 119.8994 121.8124 115.7387 120.4449 110.3052 118.3124 112.4841 119.7406 120.2248 120.2273 123.3123 123.6195 123.9029 124.1254 124.3841 125.1735 126.1214 125.6417 125.1035 125.3862 127.8183 126.4478 125.6635 126.1139 127.1142 113.7778 111.8200
115.4700 115.1882 114.6278 114.0512 113.4565 112.8373 112.2186 111.6122 111.0157 110.4614 109.9816 109.6131 109.3851 109.3261 109.4538 109.7356 110.1565 110.6559 111.2396 111.8361 112.4476 112.6962 113.3395 114.2986 114.8409 115.3890 115.9230 117.0611 119.2291 115.5973 117.9487 118.1154 118.4107 119.0436 119.3731 120.1282 123.7843 122.8100 114.1902 116.3786 116.2801 119.0908 122.5401 113.9726 118.1417 119.1042 123.7361 123.3094 123.6361 123.8572 124.0856 124.2975 124.5275 124.6106 117.3657 125.1986 125.2004 125.1022 125.6020 125.8742 126.2131 126.1133 122.7842 138.9100
116.1000 115.5457 115.0263 114.5012 113.9672 113.4277 112.8861 112.3687 111.8623 111.4108 111.0263 110.7401 110.5638 110.5190 110.6141 110.8341 111.1582 111.5810 112.0262 112.5440 113.0931 113.8071 114.2477 114.6782 115.2269 115.7127 116.2808 117.1388 118.2158 101.0543 117.6378 118.2449 118.9049 119.2187 119.2044 122.7352 112.9295 117.0323 117.0879 121.8104 120.5252 120.0705 126.5033 121.0820 117.7369 123.4671 122.9942 123.3980 123.6859 123.9273 124.1425 124.3807 124.6436 124.8597 123.5206 124.2982 125.2925 125.7098 125.8784 125.9863 126.0462 126.8216 131.1401 133.1700
116.1000 115.9127 115.4365 114.9686 114.4809 114.0017 113.5329 113.0856 112.6573 112.2842 111.9660 111.7353 111.6022 111.5605 111.6399 111.8086 112.0699 112.3865 113.0265 113.2262 113.7073 114.1857 114.7455 115.3769 115.6184 116.1600 116.6227 116.7138 116.4922 116.1663 118.2353 118.5505 119.0239 119.3896 119.6083 122.1321 111.6084 107.9684 111.9469 122.0097 120.7069 123.4511 130.2326 112.2259 124.1731 123.0446 123.2622 123.5251 123.7456 123.9817 124.2120 124.4242 124.6302 124.8655 125.3881 125.9565 125.3123 125.6265 125.8441 126.0311 125.6068 129.7470 113.7491 111.7100
116.7200 116.2901 115.8600 115.4275 114.9928 114.5705 114.1591 113.7601 113.4062 113.0847 112.8228 112.6312 112.5255 112.5034 112.5629 112.7035 112.9148 113.1946 114.4391 113.9447 114.2345 114.8820 112.6868 115.2597 115.9032 116.0924 116.1134 118.3252 115.1389 118.6207 118.4676 118.8424 119.1846 119.6716 119.8348 124.4188 110.8259 108.3845 121.8655 121.5758 122.4987 117.8542 126.2672 118.9288 123.2105 123.0710 123.3410 123.5783 123.8133 124.0406 124.2680 124.4859 124.7027 124.9156 125.0135 125.2944 125.6612 125.7078 125.9082 126.0547 126.0448 128.0093 119.2700 113.7800
116.7800 116.6666 116.2751 115.8856 115.4964 115.1133 114.7538 114.4102 114.1031 113.8334 113.6142 113.4550 113.3605 113.3334 113.3722 113.5072 113.6818 113.9322 114.1683 114.4871 115.4967 111.5161 118.6267 119.1082 111.3898 116.8789 108.4049 112.3082 113.2810 118.3199 118.7666 119.0518 119.3999 119.6170 123.2157 121.5411 119.6586 120.0650 121.9732 121.8489 121.2428 124.9398 109.6652 120.7853 122.4769 123.2875 123.4207 123.6567 123.8900 124.1151 124.3348 124.5471 124.7570 124.9704 125.2378 124.7858 124.9346 125.6857 125.9342 126.6184 125.9881 123.3509 110.2292 117.7300
117.3300 117.0489 116.6849 116.3293 115.9783 115.6417 115.3233 115.0236 114.7548 114.5270 114.3388 114.1995 114.1407 114.3680 114.4453 114.2652 114.4033 114.5974 114.8500 115.1251 115.5022 115.8915 111.7145 102.6635 106.7306 119.3855 107.2110 103.0657 109.2140 118.7484 118.9392 119.2833 119.5827 120.1913 119.7707 120.6152 120.7404 121.7746 113.9721 121.7094 122.0049 124.0951 129.3445 108.5425 124.8835 123.1912 123.4819 123.7450 123.9625 124.1834 124.3979 124.6186 124.8167 125.0113 125.5202 124.8324 133.3880 125.4368 125.9586 126.2421 126.3550 118.7204 117.3512 113.4500
117.4500 117.4296 117.0992 116.7708 116.4601 116.1553 115.8728 115.6095 115.3752 115.1742 115.0104 114.8935 114.8362 114.7956 114.7472 114.8233 115.0576 115.2777 115.4817 115.7369 116.0430 116.8602 114.1005 103.8376 117.4188 117.4429 115.7925 104.0061 116.1258 118.8672 119.2395 119.5164 119.7745 120.0536 124.4481 125.2724 120.6877 123.1668 108.1719 122.2467 122.3797 119.9330 108.5124 106.7457 121.0070 123.1677 123.6473 123.8277 124.0506 124.2668 124.4764 124.6868 124.8854 125.0838 125.3291 125.7956 115.7622 125.4073 125.5885 126.2485 126.3604 126.9824 129.2014 130.5400
117.8800 117.8030 117.4965 117.2047 116.9183 116.6445 116.3894 116.1580 115.9501 115.7731 115.6402 115.5293 115.4772 115.4157 115.8923 116.5982 115.6093 115.7131 115.8587 116.0784 116.6454 116.7193 117.3400 119.5481 117.6988 117.9189 118.3749 118.9932 119.5743 118.9567 119.4877 119.7627 119.9547 120.8032 115.4099 120.4765 117.2699 123.6316 121.4139 130.6615 121.5663 122.6277 123.4812 124.4716 123.9510 123.3696 123.6960 123.9179 124.1374 124.3473 124.5560 124.7653 124.9607 125.1570 125.3498 125.5053 126.8846 126.7660 125.9902 126.2566 126.5751 128.6403 130.7248 119.2500
118.3200 118.1744 117.8890 117.6251 117.3649 117.1216 116.8936 116.6823 116.4949 116.3477 116.2198 116.1361 116.0789 115.9720 116.1336 111.5460 117.0539 117.2241 118.5995 116.6645 115.7628 116.7669 117.1468 117.7899 118.0002 118.1774 118.5972 118.6205 119.0000 119.4517 119.6949 120.0308 120.0978 120.7995 110.8510 122.0269 120.7035 121.5357 106.7875 119.8381 122.6191 122.9090 122.5772 122.6120 123.1578 123.5674 123.7998 124.0124 124.2266 124.4323 124.6395 124.8450 125.0402 125.2327 125.4247 125.6179 125.5415 125.7859 126.1362 125.8168 126.9929 123.3743 128.2894 123.4900
118.6900 118.5313 118.2778 118.0314 117.7894 117.5732 117.3623 117.1790 117.0158 116.8805 116.7700 116.6990 116.6499 116.5531 117.5115 106.8202 115.2079 115.5724 100.7669 117.0427 115.4558 117.2495 118.1613 118.0858 118.4385 118.6210 118.9029 119.1856 119.4310 119.7033 119.9744 120.2364 120.4777 120.3888 121.7895 121.1845 121.5846 123.1844 118.9839 117.6472 115.9555 121.1042 123.1215 123.2770 123.5255 123.7020 123.8947 124.1134 124.3201 124.5259 124.7263 124.9290 125.1181 125.3129 125.4944 125.6791 125.9045 126.0951 126.0307 128.4292 127.5843 111.5381 114.6772 123.4900
118.8200 118.8200 118.3100 118.3600 118.0200 117.7800 117.5000 117.5800 117.1800 117.3000 117.3000 116.9400 116.9500 116.9600 116.9400 112.8200 117.3100 117.2500 117.5800 117.5100 118.3400 118.3400 118.3600 118.3100 118.5700 118.8100 119.0700 119.3500 119.5400 119.7800 120.2300 120.4600 120.6700 120.8900 121.1000 121.5000 121.7000 121.8900 122.0900 100.9800 100.6400 113.8200 123.1600 123.3300 123.4900 123.8200 123.9700 124.1300 124.4300 124.5800 124.7200 125.0100 125.1500 125.4200 125.5500 125.6900 125.9400 126.0700 126.1900 134.9800 130.6800 110.5400 122.3500 115.2800
