119.7300 119.7700 119.5700 119.5700 119.3500 119.1000 118.8300 118.8300 118.5400 118.6200 118.6200 118.2900 118.3000 118.3000 118.2900 118.2700 118.6200 118.5800 118.5400 99.8300 104.1600 102.2900 103.9300 119.5700 119.7800 119.7800 119.9600 120.2400 120.4000 120.6500 120.8200 102.7500 102.7500 121.4300 107.0900 106.9100 122.1900 122.3700 118.7200 117.0300 117.6100 118.0000 116.4700 119.4500 119.6200 119.8300 115.5800 120.4300 120.8600 121.6600 105.1900 113.7100 111.9700 103.5900 103.7200 105.2700 122.0600 104.2200 109.0200 104.5800 111.2200 104.9300 111.5600 131.2600
119.6800 119.5334 119.3354 119.1448 118.9581 118.7904 118.6350 118.4950 118.3885 118.1831 117.9352 117.0792 118.0631 118.2229 118.1271 114.4185 112.9421 118.7342 120.6382 100.5039 98.5001 99.5572 102.9271 116.7252 120.6377 119.5944 124.3945 113.5856 108.1624 110.9042 117.8663 114.5758 101.7161 112.2205 108.1330 106.0876 104.6382 107.3273 100.2496 116.0678 109.5277 118.0214 118.2025 119.0811 119.5279 116.7473 117.6109 110.0332 124.4130 117.2776 103.2902 113.4829 108.0651 109.1384 115.0670 107.0547 111.5245 103.4667 108.4310 104.1531 105.6750 114.8246 127.9565 130.6600
119.2800 119.1940 118.9737 118.7574 118.5666 118.3883 118.2090 118.0670 117.9400 117.5846 118.3013 111.5155 117.9565 117.6595 117.5700 118.1463 118.0958 117.5524 118.0121 114.8424 98.3558 97.9002 103.6406 120.8068 112.5516 103.6903 99.1518 101.2687 105.8126 99.5319 110.7205 104.7629 102.6131 105.5642 106.3576 104.5761 104.5009 99.6341 106.2977 116.9145 110.8847 114.7490 118.9481 118.8933 120.2275 117.9757 110.1465 101.2821 107.9342 115.5963 111.7970 122.5452 105.9018 111.9274 113.4295 104.9933 103.2848 104.6074 104.7202 104.9209 104.2751 132.2206 117.2009 110.4400
118.8600 118.8553 118.6363 118.4080 118.1780 118.0122 117.8185 117.5947 117.4570 117.3574 117.1491 117.8869 117.2862 117.1410 117.0500 117.0633 117.2532 117.6619 103.7358 98.4879 97.6853 104.1413 95.8864 116.8644 99.4225 111.7200 118.9002 103.7368 103.8146 123.4054 117.2707 117.9116 102.5164 98.9563 106.0364 115.7474 101.6724 105.8336 108.6245 116.0874 117.2217 118.4356 114.6267 118.2832 108.0678 107.0616 102.4320 102.6088 106.1467 118.4303 123.9501 108.3265 102.3496 102.8361 100.7496 102.2127 108.9242 103.4555 104.0996 104.4881 105.4271 110.2809 114.8743 110.4400
118.8600 118.5069 118.0244 117.9086 117.3349 117.6281 117.2940 117.1235 116.9704 116.8283 116.7380 116.5260 116.5566 116.5911 116.6385 116.6944 116.7888 117.1301 121.3108 95.2325 109.1407 115.5252 109.3669 101.7255 110.2929 99.2710 118.5478 99.5047 117.2015 122.0307 116.6973 106.7761 117.8073 120.2666 115.6944 106.6007 93.6542 112.2402 121.2140 114.7355 113.8725 115.9116 110.1634 104.9207 100.7018 99.6596 100.6785 101.4627 112.9762 109.9398 111.1751 102.7924 107.2772 125.2068 108.0016 113.4297 103.6785 104.2503 104.2563 104.9976 104.0084 103.5205 111.1545 104.9500
118.3600 117.9670 118.6294 122.3579 115.7732 119.1115 116.8797 116.6253 116.4483 116.2904 116.1640 116.0957 116.0386 116.0189 116.0370 116.1048 116.2291 116.1502 117.8003 112.5333 92.1150 118.8751 114.0382 122.6071 115.5413 113.4498 107.2056 119.0175 120.1165 114.0427 123.3248 111.2337 112.1279 113.4187 109.7406 112.4972 122.9093 113.2391 117.2417 110.8532 116.6124 116.0992 100.2847 101.0449 100.9434 109.8701 104.0098 104.2563 109.4332 104.4067 109.9790 106.8859 107.8902 127.6317 105.2262 110.6236 114.1582 103.6310 104.3210 104.3279 104.5471 105.0579 104.6919 104.9300
117.9400 119.3235 101.1742 114.2224 116.9165 116.5989 116.3792 116.0988 115.8987 115.7218 115.5811 115.4768 115.4201 115.4106 115.4405 115.5120 115.6066 115.7529 115.6302 116.9661 116.8804 117.8180 97.1981 116.7074 96.8428 113.8497 119.2303 118.6015 118.9126 118.9387 119.8213 121.0876 104.2988 102.3128 103.0624 107.7448 108.2498 107.1506 108.4755 115.2539 104.6776 100.2136 100.4267 101.1180 101.2999 102.9917 104.0079 102.1149 101.6881 105.2916 107.3155 134.0572 115.1867 102.4795 102.5904 112.9986 110.8353 103.4998 104.0640 104.3369 104.5821 104.4872 104.9192 104.9100
117.4400 119.7220 104.6148 106.1787 116.7582 116.0706 115.8207 115.5466 115.3056 115.1161 114.9499 114.8282 114.7666 114.7531 114.7832 114.8694 115.0116 115.2058 115.4873 115.4076 115.5454 115.2375 117.6275 117.1749 101.4268 109.8156 117.3459 118.0891 118.3470 119.0064 118.9592 119.8403 112.0989 103.9437 106.1499 106.0339 115.4786 108.3824 113.8168 107.1058 100.4458 106.3972 104.0811 100.8744 102.2301 102.4147 106.6638 102.8226 118.6069 131.1687 115.1226 110.0995 101.8416 103.1859 103.0158 103.4641 103.3239 103.8766 103.6761 105.5853 104.8424 131.0255 109.7809 109.4800
117.3700 116.7679 111.9872 104.2341 116.1750 115.4480 115.2857 114.9635 114.7310 114.4487 114.2721 114.1399 114.0563 114.0365 114.0847 114.1843 114.3435 114.5401 114.7825 115.1276 115.3886 114.9661 109.8969 99.7211 119.1101 118.5251 113.4626 117.4282 117.9418 104.5037 104.8076 99.3639 110.9678 122.8506 108.9507 107.9248 103.3757 102.4679 114.0489 111.0532 110.7748 109.0931 100.9129 107.1672 108.4618 101.2118 101.3550 103.5891 108.2726 119.8146 105.2367 103.2902 103.1154 103.1913 104.8704 108.3230 104.1201 104.2788 103.9786 127.4831 128.5512 127.3492 109.2875 113.7000
116.8800 116.5024 115.5600 115.8849 107.6716 114.3897 114.8249 114.6477 113.9982 113.7550 113.5385 113.3792 113.2899 113.2689 113.3123 113.4364 113.6211 113.8630 114.1534 114.4981 114.7642 115.5708 116.9830 116.3035 117.2388 116.6861 117.7235 117.2309 119.6909 113.2643 107.6423 110.8337 106.5322 117.6190 109.0479 101.2433 103.2834 110.4564 106.5556 110.5071 98.8774 99.9545 102.3863 123.9900 100.6412 102.5133 102.3427 109.4843 121.6279 119.7983 107.6854 106.1075 103.1822 103.1316 103.5633 109.4815 105.4296 103.7353 128.0651 119.5246 122.2147 125.0078 109.3292 104.7300
116.7800 116.1826 115.6391 114.4888 97.9639 110.2187 101.0694 114.0787 113.3607 112.9923 112.7514 112.5578 112.4439 112.4140 112.4759 112.6243 112.8447 113.1311 113.5121 113.6652 114.2727 114.4690 109.4757 112.8832 115.2732 116.4442 116.8154 117.5384 117.2970 121.6344 121.5265 121.5698 107.6808 102.4506 103.0113 105.3406 100.1240 105.9616 104.5536 108.7349 99.9205 100.3389 97.8229 98.3613 102.3037 109.5008 118.6486 121.2742 122.0932 111.5850 103.2086 110.8312 102.9171 103.0755 102.6856 102.9436 105.2157 106.5422 117.5526 109.4317 113.8162 108.5424 103.5055 104.7200
116.2900 115.7437 116.5649 108.6527 101.3654 95.7943 95.9050 113.3037 112.6403 112.1739 111.8821 111.6479 111.5082 111.4743 111.5458 111.7306 112.0157 112.3218 112.5573 113.9465 113.3665 114.1839 113.0606 112.3771 115.6111 116.0534 116.5162 116.8805 117.1683 117.4090 117.5699 103.4144 110.1497 118.4159 102.4818 98.8481 103.3332 104.4066 114.6402 100.5985 99.6378 99.6880 110.1674 103.0381 107.5525 118.7673 114.1972 118.7617 118.3905 117.9322 103.0949 100.9147 101.7890 103.7549 103.0702 102.7176 106.7656 112.3166 117.8925 117.9083 123.3039 114.7894 108.5286 104.6900
115.6300 119.4078 102.0661 96.9275 98.0034 90.6784 90.8256 103.3427 111.5628 111.1973 110.9368 110.6314 110.4578 110.4165 110.5140 110.6549 111.4006 111.9518 100.2569 112.4588 113.2360 113.5963 114.3067 115.0704 115.2063 115.6930 116.2061 116.9083 117.0551 116.8913 104.1840 108.3854 99.9561 113.9645 96.1745 107.8007 106.5225 109.4598 116.0509 102.8832 99.7022 100.1313 109.8957 101.9413 103.1122 102.2814 102.9980 115.0507 102.1943 106.2887 105.4813 107.2736 109.1235 103.3494 103.1685 107.1238 102.5833 108.7561 109.0148 120.5072 117.5340 120.9794 112.1725 112.8700
108.1600 102.9698 107.6468 91.6139 94.3846 97.3593 110.6589 99.2051 113.9588 109.6091 109.8497 109.5022 109.2716 109.2103 109.3366 109.5965 110.0636 99.9691 107.4191 108.5406 112.4895 112.9891 113.5804 114.1725 114.8112 115.3590 115.7992 116.6696 114.2267 119.9390 95.7947 104.9351 102.3173 101.2796 100.2838 107.2567 103.4664 109.5579 112.3127 106.6788 99.5255 99.0559 100.1659 103.3435 103.4697 103.5525 101.9846 108.1505 112.3842 110.5140 103.7037 104.1633 103.2045 104.3046 103.5525 108.1869 103.1828 102.1236 115.4956 114.9011 114.7054 116.8204 105.7638 113.5700
114.9800 112.0156 115.9400 104.5655 104.2365 109.6737 95.0097 85.2851 108.4921 108.7969 108.7264 108.2027 107.8972 107.8151 107.9833 108.2935 110.7341 99.2499 97.2313 114.0290 111.3101 112.4892 113.1530 113.8221 114.4145 115.0421 115.7172 114.1521 126.7310 96.6415 107.9273 117.3390 105.3939 100.7024 102.3025 100.8952 103.9948 117.1614 104.3645 100.1961 99.5624 99.0921 101.8576 101.7695 113.5392 113.1936 108.0011 111.4325 111.8855 101.0575 110.4631 111.0115 103.0348 106.4364 103.2355 102.9480 103.3914 103.4815 106.9824 122.2553 117.7225 120.7654 108.1734 104.6600
114.6500 114.7095 112.9822 114.1903 88.8990 94.5252 87.0039 106.2601 111.8809 108.2756 107.3968 106.7001 106.2638 106.1515 106.3986 106.9592 107.1855 111.9723 96.4713 108.3720 111.0665 111.9771 112.6875 113.4271 114.1105 114.7787 115.1021 115.9951 118.7898 112.8997 115.1643 124.9867 110.0170 102.9978 100.0411 111.0480 108.2232 109.6376 98.4563 106.4465 98.0371 112.3556 102.9946 109.9573 114.9107 114.5250 113.9007 114.0813 112.3233 112.2382 101.7538 105.5159 102.7650 102.8431 102.6629 102.8276 104.0368 103.1150 104.4346 107.1235 122.4953 106.4888 110.3135 113.5000
114.7700 114.1761 113.6686 112.9743 103.6092 88.7084 89.3743 91.8036 97.2825 107.4662 105.7982 104.9268 104.2685 104.0907 104.4635 105.2759 106.3328 107.4996 100.4227 106.7083 110.6839 111.4246 112.2664 113.0443 113.8329 114.1206 117.9370 95.1517 119.2647 117.8031 116.4175 122.1676 96.8944 101.5264 109.0967 107.9505 108.3708 96.6708 98.6133 99.3285 98.1177 112.3295 110.8797 112.4261 113.0225 113.6251 114.6119 115.4372 116.1922 106.9689 102.0707 101.8510 102.3694 102.7225 105.9465 111.4403 103.8900 104.7822 105.0405 105.6639 106.0644 105.9318 108.4727 108.3300
114.2100 113.9749 113.2302 112.3669 111.4574 110.2076 92.3369 105.3618 99.6465 106.0101 104.1576 102.7746 101.6853 101.3863 102.0465 103.3169 104.8043 106.2521 107.6421 108.8281 109.9625 110.9653 111.9247 112.8697 112.4539 124.3799 104.2427 98.1048 98.8086 97.6423 99.6777 101.9535 102.7054 103.7746 104.6992 105.4088 106.8833 109.8863 103.4259 99.2311 99.1215 99.4991 112.6377 112.2770 112.6679 114.9167 102.7401 114.3866 100.8083 102.0547 102.2708 104.5955 102.6982 102.8488 103.6079 103.5317 103.4414 105.4007 120.9925 120.6674 120.5402 121.1019 117.3858 104.5100
114.1400 113.7807 113.0158 112.1839 111.1519 110.5025 108.6449 106.8153 96.6984 105.3145 102.3974 100.1751 98.1507 97.4402 98.8256 101.0492 103.2324 105.1192 106.7851 108.2645 109.4938 110.6339 111.6826 112.6996 113.2643 111.1017 112.5082 97.5472 97.1454 98.1616 99.3103 100.3590 101.2053 103.7655 103.6161 105.4227 107.5718 99.3589 102.2645 98.8051 100.3042 100.2226 101.7198 105.1093 107.8890 113.2021 113.8974 114.5272 114.6466 115.0473 116.0877 102.2476 102.9193 102.7106 102.6734 102.0421 113.7694 118.7198 100.6360 102.0064 114.0461 106.2646 122.9557 122.0600
114.0800 113.6532 112.8559 111.9677 111.0166 109.8117 108.4811 107.3840 105.7884 103.1623 100.6947 97.1156 92.1835 90.7146 94.0073 98.6649 101.7980 104.2189 106.1687 107.7786 109.0956 110.2642 115.9713 112.6653 115.3542 94.1370 114.7619 101.8790 99.3769 99.3281 99.6845 99.8679 98.2400 99.1124 103.9040 105.7207 107.7032 106.9529 101.3836 99.2013 111.2772 111.3910 111.6614 112.2588 112.4656 111.9502 112.8762 114.1220 106.1760 108.0183 116.3670 113.4946 109.6281 101.0845 104.9418 105.9513 103.7702 118.7246 106.1960 108.1940 123.5875 123.5614 122.7478 122.6300
114.0500 113.5824 112.7638 111.8645 110.8576 109.7355 108.4665 106.8255 104.8139 102.5571 99.4004 93.9679 87.1371 85.5912 89.1397 96.6844 100.7969 103.6470 105.7907 107.5140 108.9220 110.2571 110.9382 112.1926 113.5366 91.4468 116.1646 104.2950 100.3732 99.1960 97.4601 99.9179 102.3308 105.6194 111.2706 108.4476 101.8262 96.0870 97.5946 97.7196 109.3281 109.3583 111.1789 110.4568 112.1104 112.5392 113.7917 116.3605 116.9338 115.8044 115.5948 115.4873 103.0222 107.1046 116.4441 121.1943 121.3341 121.4585 122.4395 123.7536 122.1130 120.1766 123.3645 122.3000
114.0400 113.5927 112.8028 111.8744 110.8459 109.7063 108.3821 106.8787 105.0181 102.5878 99.2353 93.5717 86.4706 84.6717 88.4537 96.4528 100.6624 103.5807 105.7452 107.4823 108.9209 110.1795 111.3873 111.9336 112.5236 111.1628 113.1482 98.9776 97.9749 102.6893 103.5299 104.2006 106.1980 106.1884 106.3842 105.3011 108.5539 103.8909 104.8989 104.0288 107.8793 107.8638 111.4994 111.0614 114.6415 113.6499 112.0796 117.8063 120.9347 118.2677 119.2789 117.7287 113.2986 127.4522 118.8732 124.4094 122.7985 126.7518 116.4893 120.3863 123.3306 118.0039 124.7275 127.1100
114.0400 113.6765 112.6293 111.8461 110.9367 109.8363 108.5587 107.0778 105.2883 103.1144 100.2513 95.9852 90.5420 89.0842 92.4724 98.0969 101.4604 104.0265 106.0360 107.6852 109.0995 110.3040 111.6929 112.7409 117.7373 122.8509 104.6873 103.1322 96.2490 108.0427 106.6412 109.4752 111.2115 111.0985 109.8474 106.4502 98.1970 104.4983 101.4442 115.9577 114.6495 108.0127 113.0113 109.5949 115.7719 114.8032 114.0110 114.7129 119.4403 123.6747 123.3614 124.1379 127.4324 127.8804 126.8296 126.6897 127.1637 128.8003 119.1734 119.5120 119.3425 120.8958 125.0990 115.4300
114.1100 114.1654 114.3949 112.1120 111.1661 110.1078 108.9086 107.5456 105.9812 104.1232 101.9568 99.2809 96.5968 95.6536 97.7680 100.3765 102.8236 104.8773 106.6182 108.1020 109.3575 110.5746 109.6703 108.6251 109.2112 118.3457 97.8735 98.8728 99.6289 105.0643 102.0544 104.3838 106.8034 106.0545 108.9489 104.5461 104.8809 103.1852 108.5177 112.1420 117.4080 113.2579 110.9251 107.4624 111.3520 116.2383 115.7059 116.5361 116.0204 118.2603 121.0079 120.9193 123.9000 123.8679 126.0107 125.9024 127.1491 127.1500 128.6180 128.9450 130.2157 127.9078 124.5085 128.7800
97.0900 113.6132 112.0345 112.3094 111.3884 110.3872 109.4118 108.2023 106.7637 105.2755 103.6628 102.0473 100.8531 100.5009 101.2279 102.7063 104.4411 105.9460 107.3644 108.6842 109.8230 111.6885 111.8455 128.5280 100.2553 102.1099 96.7290 97.6679 101.3332 100.7438 102.6992 105.4410 108.0676 101.6833 100.3445 109.9981 98.1564 112.9169 112.7931 114.0675 105.4836 117.8754 117.4203 100.1335 116.3354 119.2793 119.1820 120.3648 119.2667 121.5586 122.2072 122.7454 126.6496 125.5272 129.8513 127.5275 127.8392 129.7703 128.4280 128.8523 127.8902 128.4064 131.1327 130.0700
99.2800 117.8357 112.7501 112.5188 111.4241 111.5915 109.9230 108.9808 108.2397 107.2541 105.4569 104.3626 103.6087 103.3993 103.8667 104.9548 101.9087 107.0576 108.2416 109.2703 111.0157 106.5891 112.4429 119.6626 107.5315 102.8399 99.6631 112.0336 101.2736 113.7255 102.4206 104.9026 108.7030 114.0370 94.6157 107.1514 107.6263 112.7341 114.4848 111.9116 115.0939 116.5217 118.0244 114.8571 119.1015 119.9125 119.0798 119.2319 122.0849 116.7279 104.8208 105.1385 106.9311 106.5924 107.2435 116.8894 130.2180 112.9415 127.1959 126.9477 126.8874 128.0395 130.6957 130.0800
114.8200 116.0817 112.0830 101.7759 113.0598 111.5223 110.7985 107.2002 104.5012 106.9182 106.9971 106.2404 105.7367 105.6197 105.8966 106.4467 107.1193 108.7375 109.0883 110.0660 110.9775 111.0823 115.9776 104.9211 105.5122 109.5173 98.2280 100.7831 98.9663 109.6298 102.9596 104.8045 106.6895 98.2729 109.1343 100.0230 102.2552 113.3035 99.2646 108.7918 118.2176 116.8355 118.7298 119.3756 118.0085 118.7626 120.0406 120.4191 116.9802 114.9188 100.4828 101.2569 100.8082 101.2914 100.6152 117.7674 105.8093 101.3728 125.4469 126.9493 127.4415 126.0230 124.3954 129.6800
92.9300 90.5137 110.3857 112.7257 108.6125 112.6788 111.1963 110.4520 109.1241 110.1777 108.3490 107.8011 107.4582 107.3736 107.5552 108.0074 108.5497 109.3027 110.0672 110.8337 111.3777 113.2170 105.5539 106.7871 107.9454 100.4338 94.4134 94.3464 97.1106 98.3269 102.7115 104.9207 107.8368 106.7747 96.4888 97.6210 103.0811 113.5192 115.9841 116.3854 116.3834 114.1506 119.2973 119.5830 117.5553 118.4055 106.9583 104.0377 101.3563 101.9030 102.3275 100.8319 120.9362 98.9885 122.2332 117.6471 101.8097 102.1120 126.6451 126.9291 128.3636 129.2293 129.0327 129.8600
115.4700 115.6218 114.7758 114.1581 113.2844 112.5670 111.9561 111.2122 110.7869 110.0080 109.5723 109.1628 108.9047 108.8375 108.9786 109.2902 109.7561 110.3057 110.9150 111.6262 112.5442 110.2170 104.8526 105.4422 96.9902 96.6913 96.4393 96.9328 97.1110 97.5361 99.8038 102.4573 103.5569 101.7189 109.6625 106.6209 100.3239 113.4005 114.6405 113.3765 114.7458 116.8286 116.1667 116.4718 117.8888 119.9613 122.6808 108.8280 103.7649 102.0982 102.0515 102.3925 102.3647 102.8380 103.3719 99.8813 127.0179 127.7451 126.6486 125.9662 127.5195 129.3919 129.5413 129.7100
115.5900 115.1429 114.8957 114.3603 113.7862 113.1682 112.6525 111.9802 111.4788 111.1008 110.6511 110.3012 110.1104 110.0655 110.1976 110.4411 110.7997 111.2382 111.7505 112.3997 107.7843 107.1141 107.0214 98.7421 102.0162 96.5757 102.0210 106.1610 101.9135 100.2313 100.9207 101.8231 103.8529 104.9283 104.5318 103.8344 105.2717 101.6678 115.6783 113.5485 114.8249 116.1242 116.2494 116.8893 118.6345 113.9537 99.1367 100.7382 101.4776 101.9167 102.1229 102.3714 102.7489 102.9041 103.7797 103.1577 124.7647 107.4454 109.2360 99.6898 102.1839 126.6462 125.4846 129.8900
116.1000 115.7785 115.2762 114.8369 114.3552 113.5516 113.2391 112.7494 112.2777 111.5988 111.5574 111.2986 111.4341 111.2449 111.2991 111.4595 111.7379 112.1107 112.5445 112.9854 114.5619 100.4688 93.9054 99.4053 92.7636 102.6624 109.2003 116.1031 103.1089 118.6124 106.4400 103.5182 105.2410 105.3958 100.4262 109.7936 99.8022 109.5019 110.5498 104.5746 113.2234 115.5027 116.4797 118.3798 116.0270 101.0829 99.8178 101.5149 101.3196 102.0043 102.1905 102.4084 102.5702 102.8172 104.0985 103.6877 128.3602 105.9464 120.6593 115.1663 114.8571 104.4190 105.3878 129.7400
116.7200 116.1508 115.6940 115.2251 114.6203 112.9623 114.0237 113.3774 113.4858 110.6859 112.1305 111.2957 111.6737 106.5480 112.1887 112.4129 112.6227 112.9301 113.2706 113.6545 114.0860 113.2484 106.9695 104.4454 94.7267 92.2892 102.0319 105.2330 112.7748 116.8294 114.8100 104.8874 106.0643 108.8835 112.3895 98.7933 101.6465 108.1844 109.1792 111.3808 110.8722 110.4643 112.8229 117.6089 103.8025 103.2798 111.0722 101.5917 108.3903 102.0456 102.3125 102.4640 102.7008 102.9390 102.8576 103.7600 100.9661 102.1684 99.6610 121.3841 124.8777 108.6144 117.0255 106.7400
116.7800 116.5248 116.1343 115.7327 115.3196 115.2222 108.2323 111.3113 111.9740 113.6535 109.6950 114.4750 102.0843 94.7229 111.4784 112.7138 113.4548 113.6250 114.2591 114.7337 112.5301 113.4627 114.9389 95.6889 98.9723 97.3922 98.3721 107.1509 101.2326 110.8232 117.2348 103.1313 104.0039 106.0195 100.2900 103.9214 105.0832 110.1735 105.2684 108.6450 111.5025 111.9160 109.9603 104.8359 101.5511 103.4838 114.9706 101.7505 110.1549 102.5454 102.4909 102.5659 102.7456 102.9721 103.6264 102.4534 103.9043 118.6686 106.5851 112.8786 105.8788 108.5735 104.6546 108.8800
117.3300 116.8252 116.5147 116.0140 115.7223 116.4011 113.7426 114.4403 102.6140 99.7147 91.5069 101.3855 105.4593 115.1594 108.4582 113.9406 113.5531 114.1093 112.9549 113.4165 117.2324 117.9796 122.0150 107.1515 102.2586 99.9944 96.5371 113.7741 108.6042 109.6134 101.6447 107.3285 112.9916 103.3021 99.7052 98.8123 104.9090 104.6212 102.7626 107.6302 112.0584 112.7971 111.3481 99.6809 99.4198 99.7852 98.6822 100.6842 102.7883 101.8499 102.6086 102.4430 102.7447 103.0067 103.9112 103.1879 113.0365 134.2307 107.6454 110.7942 107.4363 104.7404 126.0700 131.1100
117.3300 117.3687 117.1032 117.1469 116.5285 116.2585 115.9086 115.6542 97.7100 94.8207 97.3317 99.7124 116.2979 114.4919 115.1192 114.6721 115.1125 119.7862 109.1556 115.8414 114.5636 100.0764 108.2274 114.5274 114.1507 105.8559 108.7325 100.9796 109.8513 111.3885 102.8179 112.4626 112.5077 110.9521 108.9168 104.6432 100.2437 104.1428 113.3610 114.9716 110.4544 112.2915 106.5143 108.9989 110.5150 109.8877 104.9532 102.0299 103.7138 104.6520 102.9538 104.2884 103.2443 103.2906 103.5191 105.7313 118.3929 105.9598 104.2873 113.0267 125.8057 106.2337 129.7845 108.1100
117.8800 117.9890 114.1412 112.9039 112.0847 116.0020 116.0632 116.1052 117.9417 116.7702 117.7520 115.5596 115.0784 115.2640 115.1831 115.4023 114.9542 92.9809 117.0727 116.8701 107.0841 110.3578 96.6873 112.4867 118.8902 117.1972 103.0300 109.0258 112.3186 105.6387 108.6750 112.0470 112.5608 114.4448 102.1972 111.9984 111.7607 105.1471 114.1962 115.4638 115.6722 117.4353 113.4004 115.6180 116.2982 108.6252 109.2352 101.2301 103.7762 105.1097 104.7656 104.7825 104.9675 106.1983 106.7365 103.7825 127.6721 125.1571 109.9291 106.8914 117.6785 130.4055 132.6971 131.1600
118.3200 117.9921 121.4019 91.8635 113.2465 117.1284 116.7516 116.3908 115.9226 115.7107 115.5147 115.8038 115.8870 115.8481 115.9014 115.9938 115.4123 115.6043 107.1197 112.5714 119.0040 119.4607 94.0178 104.6860 105.5892 102.4290 100.7305 102.8447 106.9671 103.2627 97.7415 102.8541 99.7016 113.3509 110.1839 114.2309 113.0430 114.3781 111.5275 114.5670 116.0899 121.0361 104.8206 102.4080 105.5383 102.1946 103.4011 101.6124 102.3782 102.0551 104.5170 105.7904 105.7244 106.4449 106.7559 107.5687 110.6659 111.5159 108.9348 130.0900 128.1638 130.5938 118.3990 131.1800
118.7700 97.5218 117.7882 107.1399 118.3580 117.4173 117.1803 117.0649 116.7732 116.8027 116.6878 116.5132 116.4428 116.4280 116.4551 116.5205 116.6434 117.0219 114.6180 104.0989 117.7545 120.1387 105.2294 101.9729 99.9144 99.3905 106.8638 106.1215 102.1233 108.2949 102.5924 108.4214 99.8673 102.8514 111.7851 114.5121 114.9062 114.9921 114.8256 115.3312 115.6495 117.7426 99.1886 109.3886 102.8152 101.7818 102.2901 102.0271 101.8018 109.4294 113.1581 103.3513 105.9506 106.6409 106.9243 107.6873 108.1180 108.1930 109.9507 111.5980 110.0480 110.3865 106.8102 131.5100
118.7700 116.4755 120.0539 118.6802 118.0501 117.8831 117.5873 117.2155 118.1701 117.0829 117.0406 117.0175 116.9813 116.9733 116.9996 117.0460 117.1468 117.2620 117.3410 117.7512 106.9744 115.3953 110.6117 100.9302 111.9250 120.3120 97.1917 98.4962 110.4169 111.1797 120.0087 109.9508 98.6799 98.7466 98.9244 107.5007 115.4395 116.0317 117.2023 114.7871 116.8700 116.1868 112.8162 101.4723 100.5722 101.9203 101.9934 102.2675 102.3549 103.1086 101.7055 111.4497 114.5948 109.9110 107.8704 108.4533 108.2181 109.0369 109.7589 110.0352 111.4964 112.0483 112.8236 120.3800
119.2000 118.7195 119.0127 118.6619 118.5286 118.2476 118.2746 120.1562 110.4900 118.7831 117.5790 117.5263 117.5048 117.5474 117.5054 117.5623 117.6283 117.7259 117.9167 117.8868 105.6663 116.3117 113.7718 103.7621 102.5110 106.6920 104.2977 98.6022 120.3927 123.6152 108.7261 108.7987 104.5300 99.4569 99.6312 100.0342 117.4347 115.6386 117.7094 104.1690 119.4584 119.8142 103.0081 105.2676 101.2275 101.8684 102.1167 102.4456 102.3086 118.3378 106.2545 102.7839 102.1881 103.7607 116.8478 117.3069 110.6333 109.3581 109.6529 110.2228 111.0297 111.4298 110.3371 113.0200
119.5900 119.3464 119.2200 119.1460 118.9083 118.4102 116.8657 121.4572 102.3273 120.4099 117.9742 118.0069 117.9784 117.5178 118.0174 118.0084 118.1023 118.1953 118.0950 119.3756 121.2781 109.9737 119.7122 107.7177 107.2455 107.0998 108.9111 110.3975 109.9660 120.4637 116.4004 106.3532 111.6325 109.4757 101.4013 100.0564 104.8117 114.7719 111.3943 112.1735 118.6064 114.8304 112.0910 105.3908 102.7358 102.0223 101.6233 102.4017 102.1495 105.3824 104.7739 104.1178 104.3191 103.4897 112.1143 118.2843 118.5099 113.1843 113.3082 114.0970 110.8974 111.8520 109.9244 112.7300
119.9700 119.7796 119.5784 119.3770 119.5683 113.1269 108.8662 119.6871 120.3778 118.3618 118.5564 118.4438 118.5537 121.5208 118.6958 118.6889 118.5352 118.6315 118.3209 118.3006 107.3338 96.8282 122.1277 110.7516 116.1153 110.8367 110.7370 107.9707 103.1122 117.3162 111.9061 113.2737 112.6669 113.0396 103.1015 103.3106 111.9688 106.7681 116.9167 119.0585 109.5809 99.6347 100.4506 108.7123 106.1130 102.7960 104.6934 103.2098 102.5522 113.4464 110.5184 103.3096 104.0177 115.6893 117.9963 115.2096 112.5395 115.7327 124.0717 124.5663 114.0032 115.7309 110.1163 112.7300
119.9700 120.1070 119.9218 119.7757 120.2608 102.3967 108.1107 121.6298 119.7528 118.9888 118.9498 118.8628 118.8328 119.8735 122.2532 118.7621 118.8863 119.0927 118.4296 119.8455 100.1012 96.4939 117.7709 120.6312 115.1856 112.4247 113.2050 107.1497 110.6680 104.5724 99.6633 109.3550 114.1198 112.0126 107.6071 101.2591 100.6230 102.6325 106.5198 107.5013 104.8894 102.9209 101.3858 100.6698 101.4423 103.3395 104.6012 100.8853 101.8484 102.7834 102.5196 103.9014 104.5857 120.3578 106.3534 122.7068 106.0618 113.7438 122.8364 123.1358 119.9951 121.9308 106.6577 105.2400
120.6700 120.4161 120.2465 120.1394 120.7181 119.3182 122.9215 103.6558 118.6274 119.2650 119.3641 119.3015 119.4336 119.3181 118.9416 119.8011 119.7088 119.0114 120.4899 118.6684 111.0252 102.1383 104.5581 113.9718 106.1737 114.8334 115.2755 104.7717 118.5786 113.2363 106.8966 97.6463 110.8006 112.7559 103.8205 100.1800 101.9102 104.7895 105.7974 100.7549 104.2363 102.1618 101.9401 102.5608 101.3466 99.1974 110.1143 116.3706 115.4936 100.3889 102.9571 103.9736 103.0390 102.8863 103.8585 117.7353 118.9701 125.9877 123.4597 114.1477 115.1118 110.6441 116.1891 120.6000
120.9800 120.7381 120.5743 120.5066 120.1855 120.1304 115.8344 109.6194 120.8665 119.4781 119.7630 119.7060 119.6623 119.5229 118.9046 116.9451 115.7451 122.2317 119.5279 103.4872 105.5432 109.3229 97.5193 103.1677 105.6098 118.8002 115.3570 109.6880 118.1741 117.4128 104.6808 101.6262 104.2800 103.8513 107.3385 99.7136 100.7508 101.1960 103.7053 106.2941 100.9145 101.3688 102.0958 101.6649 105.4863 118.4880 123.2778 124.4085 127.9334 117.2155 111.9532 103.4313 105.0383 105.7597 107.1886 103.0633 131.3338 108.6718 127.9155 120.1816 115.4692 104.0804 110.4421 105.4200
121.0200 121.0327 120.8868 120.7411 120.6655 120.3861 121.1649 120.9196 120.1442 120.1718 120.1263 120.0780 120.0619 120.1217 123.3850 121.1698 120.6125 119.7355 111.5354 118.1550 109.9035 111.2727 106.1531 101.7523 98.3852 93.0320 107.3471 97.8088 103.3917 117.6977 113.7430 102.7966 99.9345 110.2293 112.1557 100.4903 101.1402 102.4883 102.9668 101.1585 101.1950 101.3533 101.8010 106.3464 102.3135 107.8802 114.5943 110.4245 109.6958 116.9544 120.9704 102.1060 100.9276 105.7269 106.2482 105.5966 112.4430 125.0643 131.5791 110.0882 131.1247 106.0151 111.4608 124.0100
121.3400 121.3270 121.1935 121.0683 120.9718 120.8595 120.5871 120.5761 120.6298 120.5182 120.4625 120.4526 120.4630 120.5902 114.5601 97.1799 99.3310 106.1852 107.1610 97.8211 113.5453 104.1152 108.6654 100.5987 109.5672 106.1449 112.9660 115.3049 94.5772 97.2387 112.2276 101.3162 100.9816 102.0144 109.6000 101.9108 101.1375 103.2099 102.6289 103.7894 105.6575 103.0044 102.4208 103.7642 104.8162 101.6814 103.3756 102.5618 102.7215 103.5875 103.0099 110.3057 124.4732 126.2908 114.5812 109.6112 105.6297 106.9577 108.8061 114.7142 113.1538 123.2072 132.2301 110.9400
121.6400 121.6142 121.4903 121.3752 121.2541 121.1648 121.0463 121.0801 120.8850 120.8995 121.1414 120.8186 120.7280 121.0277 118.5306 115.1507 103.1426 102.6455 107.9883 97.3982 117.9624 114.0452 107.1867 99.6709 109.1768 104.7380 116.9325 118.2904 113.8617 96.4057 115.5087 113.1289 101.6343 100.3818 102.3625 100.2203 101.6203 101.3380 104.9467 105.3938 104.8299 107.3128 106.1416 102.4992 102.7143 104.4289 106.8577 103.4742 103.7980 103.7368 103.4367 104.5591 107.6189 122.2818 100.0613 127.4300 125.7262 110.6015 108.1190 110.1982 108.2882 111.4704 117.7389 133.3200
121.9400 121.8904 121.7808 121.6664 121.5635 121.3879 121.5182 120.5569 121.2240 121.4401 117.8341 121.6615 120.6508 115.1738 104.7824 97.3751 103.4055 104.7812 109.6686 102.5227 110.6394 107.0161 114.3539 105.8479 107.3637 100.7514 104.8096 123.3311 121.0484 103.9722 120.8430 105.0394 111.5312 100.3656 101.6848 101.0861 102.5340 102.9164 102.2104 104.9160 105.1163 117.6600 106.2381 108.4348 102.3122 101.8523 115.7841 120.0522 101.6147 104.0567 103.3692 104.7213 102.7401 104.8218 107.0513 130.5435 128.8597 129.6405 121.4309 108.9527 110.5764 127.1019 130.2330 133.4200
122.2200 122.1619 122.0455 121.9603 121.8834 121.7624 120.5726 120.3630 121.5914 122.6430 102.0574 122.5363 121.9683 103.7366 101.0208 107.5157 96.5483 108.4453 102.0255 105.1137 108.1357 109.3307 110.6155 107.7057 101.6910 107.1345 99.5035 106.5347 113.3678 111.5645 99.2863 109.3374 110.8961 101.6050 101.9210 101.6350 101.7082 103.1434 105.5910 103.6435 112.2813 112.9580 101.4688 113.1572 102.2155 107.3028 114.9895 124.1053 122.4056 109.6546 104.5380 119.2381 124.3178 111.8161 127.1850 128.3251 128.9934 131.4230 109.0890 132.9991 119.0207 110.4172 110.8616 121.9500
122.4800 122.4314 122.3305 122.2409 122.1592 121.6200 124.4560 123.3415 121.8083 123.4190 113.9809 125.1631 103.0139 113.8237 100.1979 100.6592 107.0610 112.6256 113.4816 110.7401 99.8380 110.9186 113.5637 112.7799 101.7111 107.8670 104.7033 101.0416 105.4324 109.6536 104.1252 103.3571 99.2669 107.4721 101.6234 101.5786 103.5190 103.1718 105.1849 103.7863 103.8606 119.1161 106.2953 106.6382 102.9083 101.1751 113.2645 120.9105 115.9489 115.5267 126.3379 125.8384 126.0355 127.0516 128.1319 131.6237 123.8382 129.4479 130.7370 131.1906 132.7596 125.7515 117.3486 111.8700
122.7600 122.6939 122.5831 122.5407 123.1186 104.1968 108.7705 117.0439 122.2333 118.5797 111.4103 108.8498 118.8373 113.6059 109.3409 102.6316 98.7925 120.2890 114.6945 112.3902 104.5414 112.0836 99.3405 107.4393 103.1684 103.6894 107.8026 103.5131 101.3311 104.0072 104.1281 106.2313 103.7318 132.4183 111.5548 102.4499 108.7463 112.8794 105.2882 106.6706 104.0565 105.2422 104.3589 102.2509 106.3789 112.4576 113.8952 114.1853 113.7538 121.5149 126.9328 127.4894 127.0212 126.8837 127.5424 112.1814 101.2697 128.9777 129.0750 130.2988 130.8481 113.1143 126.1019 111.8300
123.0200 122.9400 122.8466 122.8425 123.9360 108.5492 102.1339 122.8650 122.6934 111.4086 105.6136 111.1646 118.3130 98.5988 105.3155 105.9368 105.5673 118.5057 121.5175 115.3990 110.0122 106.1370 107.7476 102.2277 112.8346 101.0971 106.6876 103.9336 109.7156 102.6589 100.3710 103.6404 102.5711 101.4382 112.5039 103.1327 102.9229 107.5794 106.0165 104.7852 104.4525 103.1075 104.1473 102.9167 111.0702 109.5396 111.7199 114.3154 114.8702 122.5375 117.7515 123.8780 127.0991 127.2183 128.9510 129.9759 112.1786 117.8917 130.7283 130.5919 131.4754 139.5739 120.4538 106.0800
123.2700 123.1803 123.0646 123.0683 123.3718 124.7203 122.4120 123.1146 122.6842 121.3017 120.8663 121.3789 102.4771 107.5207 100.7782 114.3533 105.0841 106.6639 117.0057 106.5151 109.1182 103.8497 99.0416 109.0093 114.4816 105.8701 105.4321 104.4526 102.1534 101.0213 101.7879 102.2073 101.5726 105.2441 122.3774 116.2885 105.2498 104.2389 111.8923 104.0546 105.6778 107.6501 102.4885 103.2070 104.6300 111.0987 111.8445 117.1558 116.5959 123.0069 127.2614 123.7148 124.7114 128.7839 127.7630 129.0312 129.4268 114.8689 106.9165 131.0158 129.6844 132.8906 135.3532 106.0800
123.5100 123.3656 123.5086 123.4700 123.0125 122.8082 123.0764 123.0678 122.9374 122.8601 124.5520 125.5669 113.8079 109.1027 102.0936 108.6290 102.8121 107.4001 116.5716 111.4215 108.7241 101.1291 101.1247 99.7534 104.2262 108.9802 104.3496 104.6832 101.4781 101.9152 101.9732 102.1961 101.7801 123.9604 107.9854 108.7745 104.5167 102.7710 106.0781 102.9201 104.0706 103.3016 106.5886 108.5540 106.7292 121.9228 127.6707 124.1299 118.8815 121.9250 127.7823 131.7350 126.4971 122.0028 127.5836 127.8714 129.2594 133.3439 124.1069 131.3997 130.6681 123.0629 127.5609 132.8200
123.7500 123.5561 121.9278 122.2898 123.4411 123.4563 123.3290 123.2841 123.2141 124.9849 108.2982 125.6095 111.6565 104.4221 103.3940 104.1325 104.9785 107.8531 113.6442 116.0167 100.6797 102.2066 101.1531 110.1354 104.2863 109.4487 108.7879 102.1674 101.1009 102.0504 102.1768 102.4590 103.6425 103.0629 106.7630 103.7094 102.4141 103.1426 102.4427 114.7567 102.9819 103.3765 105.0246 110.2060 109.3500 112.4408 124.2646 127.0765 125.0600 119.1104 120.9045 115.1242 121.5608 126.4874 122.5970 128.2232 130.2682 129.2691 131.5231 130.8032 130.7015 127.8409 127.5075 106.2700
123.9800 124.3192 122.9596 123.7279 123.6147 123.6284 123.5817 123.5130 123.4944 124.0538 123.3261 125.2976 109.2672 107.1270 104.8101 117.3682 105.4515 108.4812 112.8434 100.7281 119.3479 107.5702 100.3956 106.8240 118.0826 123.7857 107.8897 107.9600 102.7760 102.3676 102.3639 102.3598 102.5989 104.4800 107.6630 106.3670 105.8374 102.5500 104.9980 109.6713 107.8735 105.3509 109.5687 110.4252 110.8196 108.7594 110.6626 119.6641 128.3139 123.6249 119.7427 120.3543 130.6811 127.6117 125.6452 121.4348 132.9877 129.7534 130.9040 133.3543 133.9311 135.2000 132.9082 130.9200
103.8700 122.2263 123.9634 123.9623 123.9258 123.8687 123.8156 123.7780 123.6974 124.3046 115.8141 114.3861 109.4543 102.6168 106.1254 107.2382 108.8544 107.4289 114.3362 114.3573 114.5973 108.4267 102.2260 100.9147 102.1022 105.8129 101.8620 101.5012 101.9021 102.5969 102.7304 102.3093 102.8394 102.6800 103.3249 103.9653 110.1823 107.1347 106.8446 113.8456 105.4534 107.8962 105.2602 108.4964 112.5286 110.8186 110.7278 114.3466 125.5699 126.1152 123.9868 122.8698 119.6896 130.9745 128.2210 128.7609 122.3428 129.3330 128.4304 107.4883 104.9440 129.8086 107.0750 106.4200
124.4000 124.7050 124.0661 124.2285 124.1464 124.0986 124.0518 123.9940 124.0196 124.2947 122.6993 114.2874 103.3814 108.1918 108.0377 120.7004 109.2563 103.0653 114.5515 115.5213 113.0553 111.3039 97.4049 105.5403 102.8582 104.1638 108.1064 102.5411 102.8591 102.5500 102.8328 109.3995 102.4179 105.2479 102.2385 105.6451 114.6584 108.9935 102.9767 106.0223 108.5485 104.8959 102.8768 106.8477 112.6534 113.0409 112.0409 111.4273 113.2338 124.2325 128.0450 127.3287 116.7758 116.8990 126.6462 130.1276 130.9063 132.0123 115.5288 131.1138 108.4969 124.1344 103.7481 106.4500
124.6300 124.4365 124.5007 124.4292 124.3763 124.3285 124.2733 124.2321 124.1603 125.5246 103.6898 101.1417 107.9656 111.0527 110.5830 120.1190 112.6016 109.0516 103.2818 115.9397 116.6903 104.1370 101.6673 102.3206 102.5930 102.3772 102.3399 102.5936 102.5570 106.6783 103.3576 109.8963 104.5456 105.1718 103.0441 103.6039 114.7248 112.4626 103.7572 103.8011 109.9409 107.5712 104.2207 103.5920 105.0618 113.7374 113.5774 114.9687 115.0900 122.5229 129.5938 126.6785 127.4397 120.1332 116.5350 125.1997 130.4938 131.4706 131.5423 134.1582 133.4197 110.4648 107.7134 106.5800
124.8300 124.7796 124.6910 124.6425 124.5935 124.5209 124.5798 124.4541 124.4207 125.7745 120.1147 103.4425 111.9613 109.8771 109.5669 103.3036 110.7718 108.5709 103.3046 117.2231 118.1975 103.8972 103.1227 103.6797 102.6235 102.8301 102.9621 102.3343 108.2969 106.2777 107.2665 105.9789 103.8109 104.9653 103.7456 103.2733 112.9616 108.0702 112.6423 106.0185 103.1711 107.6495 102.6090 104.9501 103.4011 110.4246 113.2752 114.5396 115.7069 113.0957 118.6944 126.4076 127.6881 123.5238 117.9972 118.7085 118.9322 133.3867 132.5603 132.9399 135.3424 119.9232 105.4776 106.6100
125.0300 124.9641 124.9100 124.8627 124.7932 124.8920 124.1321 124.5788 124.6251 124.6183 121.1361 121.7110 113.5021 111.3789 108.9812 106.5866 107.2580 109.4900 103.3022 118.3851 119.2642 103.9910 103.4043 104.1477 102.8304 102.9866 103.1374 101.7423 112.8364 102.5183 106.8018 105.3831 104.5787 109.9974 103.2037 104.6405 104.6933 111.2643 102.7897 107.1574 104.1982 109.2051 107.0529 104.8274 104.9542 104.3948 111.7738 115.2393 114.9526 117.0024 115.8848 118.7967 129.3121 128.9462 126.2883 119.5850 119.9353 128.4664 132.5439 134.9195 128.6202 109.0899 107.0501 106.7300
125.2300 125.1617 125.1097 125.0464 125.2145 123.5412 129.9399 124.8482 124.8777 125.0171 125.7267 121.0580 114.7060 111.6393 108.0423 101.4775 105.9885 103.6222 101.4896 120.1966 120.1846 104.0260 106.3933 102.9415 105.2642 103.1903 103.2844 102.5648 108.9880 108.0180 105.0295 106.4358 106.0726 107.2467 104.4691 104.4235 106.1451 106.2288 102.8052 114.1428 111.2225 104.1948 105.3001 104.7660 106.0385 120.7028 117.1385 114.9454 115.9204 116.6270 117.1721 124.2277 125.5064 129.5216 130.3804 129.3430 121.6092 119.0689 128.5395 122.0719 101.5886 109.5425 106.7816 106.8900
125.2300 125.2600 125.2900 125.1500 125.1700 125.1900 139.0700 125.0700 125.0700 124.9200 124.9300 119.2000 114.2400 116.8800 102.9400 102.9300 111.0300 102.9100 103.0800 119.8900 119.8100 103.1700 103.1700 103.1500 105.9500 103.2600 103.3900 103.5200 103.4900 105.1700 105.1700 108.4500 110.3900 106.0900 107.7400 104.0200 105.2200 106.8100 107.5800 112.7400 115.9400 104.6400 113.6000 104.8400 104.9600 119.3000 114.7100 108.8500 116.1700 116.1800 116.1300 117.4700 130.2800 129.4100 131.3800 130.5300 121.8000 121.5600 106.4500 106.5400 106.6300 106.7100 106.8000 106.8900
