123.7900 123.8300 123.6700 123.7000 123.5300 123.5600 123.5800 123.3900 123.4100 123.4400 123.4500 123.2300 123.2300 123.2300 123.2300 125.1100 123.4400 123.4200 123.4100 110.6500 110.6500 123.5300 123.7000 123.6700 123.8300 123.8000 123.9700 124.1200 124.0700 124.2500 124.3800 104.0200 124.4700 124.6100 108.6400 115.5200 124.9800 125.1400 125.2300 125.3800 125.4700 125.6100 133.8300 125.8300 125.9700 126.0600 126.1700 126.3000 126.4000 126.6200 126.7500 126.8400 126.9400 127.0500 127.2800 127.3600 127.4600 127.5600 113.4300 113.5200 121.0700 120.6000 128.2400 128.2400
123.7900 123.6584 123.6278 123.5545 123.4508 123.3920 123.3474 123.2967 123.2570 123.2250 123.1968 123.1810 123.1715 123.1617 123.1199 122.3828 121.7879 123.1339 127.1324 105.3187 106.7100 123.1273 123.4574 124.4724 123.3926 124.6056 123.5734 124.9373 116.7283 105.7174 123.5619 113.6332 107.2599 110.2645 105.6594 107.8838 119.2376 118.4441 120.1870 124.9357 117.5483 124.4655 126.9057 125.4821 125.7852 126.0022 126.1810 126.2985 126.3860 126.5101 126.6474 124.7721 125.8720 132.6847 130.2437 111.6836 111.8140 117.3919 113.3123 112.7888 115.4489 125.5580 125.4448 128.2100
123.5500 122.9961 123.2556 123.1424 123.2453 123.1670 123.0943 123.0370 123.0004 122.9653 122.9355 122.9170 122.9077 122.9125 122.8938 123.0374 122.9356 122.6214 124.8692 112.2637 119.2891 117.2393 115.4752 122.2992 108.1388 119.0228 123.4672 126.9187 108.8698 116.3324 125.1911 96.3217 103.5109 110.7863 113.6564 114.0961 108.9892 107.0885 114.7900 125.7450 123.1047 125.6960 125.1679 125.5901 125.7724 125.5979 125.9825 125.7730 126.2588 126.4074 126.5424 126.1464 125.5136 117.3607 120.7478 107.4471 109.6724 112.1904 116.5681 114.3686 115.6035 126.8563 128.3138 128.2100
123.3100 127.4467 123.6335 123.8386 122.8801 122.7528 122.8556 122.7906 122.7279 122.6953 122.6696 122.6492 122.6405 122.6374 122.6095 122.6292 122.5864 122.5286 125.5467 107.3680 110.5881 103.4511 108.9564 112.2729 127.2126 122.7386 123.1532 125.6079 115.5233 121.6270 110.7444 104.2324 105.9330 112.1179 114.6207 117.3887 111.0679 109.7879 121.2019 125.1426 125.1919 125.1354 126.6345 125.9105 125.5102 126.0279 126.5780 127.0080 126.2496 126.2619 126.4517 126.7343 127.5113 129.4160 119.5496 113.7378 115.3556 112.6147 114.3648 119.5737 119.9300 128.8265 128.0958 128.0500
123.0700 124.9099 120.4528 110.1763 124.2181 123.5305 122.0218 122.5919 122.4773 122.4092 122.3866 122.3652 122.3537 122.3553 122.3674 122.3845 122.3639 122.4052 122.8184 117.9542 121.0920 117.6531 104.0075 116.8763 119.6179 122.8889 122.6280 127.8428 123.2919 125.4299 123.1677 113.7667 103.5986 127.0122 107.2315 109.5870 121.8326 125.5967 125.2862 125.1459 125.6350 124.7397 123.5036 122.3229 124.9046 125.3122 108.7795 118.2310 126.0370 126.0748 126.1074 124.8751 128.5847 106.2614 107.2156 113.1561 120.8601 107.3071 111.1884 110.2553 117.9340 128.5017 127.8154 128.0200
122.8100 122.3384 123.4463 127.7665 123.4730 123.1317 113.9077 122.6835 122.1938 122.1215 122.0996 122.0763 122.0665 122.0619 122.0677 122.0829 122.1034 122.1401 122.3545 122.5904 122.7962 116.0144 110.0222 124.1784 122.6630 122.8199 122.4647 123.4056 123.1733 118.3435 110.8658 119.5312 118.3443 100.2580 101.4592 106.3659 124.9946 124.3080 124.6737 119.6543 111.8083 126.1341 124.6354 125.1991 125.3147 125.4372 123.3471 127.4993 125.7375 125.7646 126.9172 121.6071 105.1176 102.7225 112.7621 115.2219 110.2715 103.8256 116.1621 109.4111 124.2686 127.7470 127.7995 127.8900
122.5300 122.4971 120.4233 122.9903 121.1271 122.6269 115.8921 122.5892 121.8971 121.8225 121.8034 121.7767 121.7658 121.7619 121.7662 121.7891 121.8120 121.8595 121.8735 121.9045 124.0034 105.7699 116.0686 123.1889 121.2687 121.1826 122.6500 124.3003 121.7624 126.2586 108.0650 98.5260 110.7300 101.4288 111.7271 126.0600 124.3301 123.3225 128.9048 129.0996 123.7869 122.1765 124.8073 125.0329 125.1798 125.2637 125.5188 125.8475 125.7411 126.6198 116.8465 104.7019 103.8433 112.6383 112.1230 105.6652 105.1233 104.0204 103.9830 126.6984 127.0675 128.0700 123.6872 130.6400
122.2700 122.3460 120.4282 120.4270 121.9181 121.8029 122.2262 121.8361 121.6129 121.5567 121.4828 121.4751 121.4497 121.4534 121.4573 121.4798 121.5114 121.5499 121.5901 121.6276 122.7911 113.9773 109.7921 118.8346 118.6291 121.7983 121.9577 125.9741 99.7623 121.9215 121.2606 117.2269 108.0371 104.3247 96.5505 118.1394 124.0698 123.9300 123.7665 124.5787 124.0862 103.7048 126.3472 124.5260 125.0809 125.1781 125.4002 125.3176 126.8925 114.6427 117.4898 103.6367 108.5704 104.7579 111.1639 102.5467 113.6691 120.3368 128.3415 127.6499 127.4142 127.9316 127.4404 127.7300
121.9900 121.1942 122.0213 121.8228 121.3926 121.4860 121.2942 121.7133 120.8180 121.1994 121.2357 121.1260 121.1338 121.1281 121.1358 121.1519 121.1853 121.2335 121.2824 121.3713 121.3764 120.5857 118.2363 116.6131 121.6037 122.8572 123.4236 123.7884 116.8599 104.1428 111.2889 104.5482 118.7130 106.1381 104.7138 122.1687 123.6002 123.9932 124.8991 115.3679 118.5305 111.4022 123.0229 125.0575 124.8715 125.0311 125.1864 125.4090 125.1404 125.2501 115.7688 109.1108 106.7342 109.4997 104.7588 104.3474 118.5667 115.9258 126.0724 126.9679 127.7503 120.8024 121.4935 107.0100
121.7000 124.1437 120.6509 121.4302 121.2691 121.1978 121.0722 121.7528 112.5930 120.7196 120.6953 120.8928 120.7902 120.7963 120.8018 120.8381 120.8796 120.9173 120.9614 121.0400 121.2681 121.1012 123.0687 122.4423 119.1619 107.0000 117.4620 122.5560 120.9165 118.7729 121.7618 120.5648 118.3298 118.8362 122.5097 124.3969 123.0701 123.1945 117.6152 103.5958 118.1373 105.2155 113.4239 125.2294 124.6756 124.9168 125.0448 125.3076 125.2308 127.8848 113.8224 113.9054 129.7228 125.2633 107.3335 105.1891 111.2834 128.7864 127.3593 127.1524 127.2383 127.9588 125.9314 105.6700
104.2000 111.7335 121.1911 120.8781 121.4358 120.7365 120.8252 120.1854 120.7989 107.8308 120.6022 120.2891 120.4651 120.4475 120.4639 120.4782 120.4521 120.5771 120.6460 120.6910 120.8283 121.4487 121.6298 114.9050 119.5679 116.3188 124.3712 121.7518 126.3999 120.5212 122.0524 123.5666 124.4178 99.0816 113.1229 123.3513 122.4520 125.1353 104.6003 102.4196 110.3387 118.7811 124.5453 124.4354 124.5979 124.7707 124.9168 125.2728 125.2124 127.2243 112.5788 105.1464 113.9916 103.5391 114.6481 115.7840 105.8648 119.8569 126.8718 127.0621 127.0671 126.7688 127.3982 127.5400
121.0800 123.2555 120.4481 123.0136 116.7259 121.6878 120.8705 119.7147 120.8742 107.3519 119.8432 119.8558 120.1138 120.0821 120.1125 119.6596 120.4345 120.2249 120.2905 120.3921 120.5367 120.1818 119.9249 109.2813 121.5355 121.7518 120.3267 121.5169 120.9165 121.8515 121.5081 121.7528 111.0036 126.3505 123.7045 123.0136 123.9109 121.1558 101.9736 107.5602 126.3955 124.5816 124.2270 124.2015 124.4597 124.6401 124.8095 124.9946 124.8126 125.6780 127.1462 112.4965 133.1871 110.5333 107.2890 103.6182 111.6067 124.7938 126.9968 126.9276 127.1326 126.7033 125.5285 127.2400
121.0500 116.8680 120.0295 118.1560 105.5858 120.3105 120.4399 111.0671 112.9353 102.7806 119.4247 119.3336 119.7254 119.5667 120.2683 112.3099 120.6725 119.8396 119.9258 120.0132 120.0767 120.4599 118.3718 119.6193 120.6505 120.7851 120.9509 121.2145 121.0784 121.1817 122.6951 115.8156 106.0052 114.2673 121.2651 122.5679 120.7415 121.9857 116.2789 114.3079 118.2304 123.5717 123.9167 124.1375 124.3257 124.5076 124.6917 124.8528 125.2027 124.7442 127.4770 128.8994 116.5691 115.4187 108.5518 118.3059 116.0759 127.5948 126.6055 126.8634 127.0350 127.1567 125.0334 127.2400
116.2600 111.2988 120.0838 119.5196 120.4408 119.3230 119.4685 121.9145 102.3100 114.7344 123.1764 118.6037 119.3975 119.2398 119.9337 119.9678 119.3561 119.5049 119.5711 119.6550 119.7632 119.8215 120.0386 120.1436 120.2037 121.1399 120.6411 120.7842 120.8505 124.6984 97.8776 119.1655 109.7457 109.7027 119.4955 122.3473 123.5256 123.3989 125.6718 106.7152 119.9674 123.4897 123.8726 123.9919 124.1923 124.3747 124.5631 124.7300 124.7736 127.2196 110.1807 126.2627 110.5013 130.1836 109.6756 119.7588 117.0431 119.8241 127.2736 126.7646 126.8925 127.4276 121.1742 120.0000
106.6200 136.1897 119.3120 119.9067 119.2050 119.2146 119.1828 120.9743 112.1666 122.7621 107.2434 119.2608 118.8245 118.8574 118.7508 118.8268 119.0132 118.9280 119.0476 119.2431 119.5478 119.6036 119.6411 119.7709 120.8838 111.1196 121.4891 120.5258 120.7189 114.1681 112.5124 114.4981 124.4982 114.4999 123.2855 122.1293 122.2539 123.0076 124.0202 108.1481 125.5145 123.3886 123.6749 123.8650 124.0526 124.2513 124.4423 124.6144 125.2058 125.3157 104.4246 125.6686 125.9039 128.6663 124.1087 107.3767 120.5359 124.1609 126.6146 126.7232 126.8374 125.9057 136.5104 115.8100
106.6200 121.2798 119.1033 119.6022 120.4785 118.7419 119.7152 118.8932 119.4781 119.0060 119.6040 119.4470 118.4454 118.4696 118.5113 118.5521 118.3806 120.3929 118.6364 119.0000 117.4163 118.5190 124.2804 110.3175 111.9931 95.2578 122.4262 120.3676 120.3528 120.3709 120.7753 118.7889 112.7112 115.7854 121.9799 122.0674 122.4150 118.2837 106.9413 113.6646 123.7763 122.9402 123.5565 123.7285 123.9236 124.1201 124.3649 124.5993 121.1896 123.7166 107.4559 105.1151 123.8198 113.0188 123.1514 115.9256 126.6921 126.3902 126.4603 126.6429 126.6890 126.5277 127.4641 127.1600
119.6300 119.3749 119.3179 119.0748 119.1566 100.5204 117.8524 118.1952 118.2049 118.1683 117.9507 117.8111 117.9735 117.9989 118.0131 118.0655 118.0106 118.2728 118.2732 118.3511 117.7028 119.0906 116.9207 117.6364 107.8143 94.6667 104.0911 114.2149 121.4180 122.3930 107.1196 110.8779 120.5808 121.8162 121.5315 121.8774 121.8196 122.8391 122.8696 120.6580 118.5766 123.1721 123.2161 123.5561 123.7902 123.9966 124.2146 124.3628 124.3480 124.7107 127.5943 105.2477 128.2017 124.6902 124.7947 110.0045 125.1714 126.0679 126.4287 126.5649 126.6739 126.9087 126.8681 127.1300
119.2700 119.1202 118.8862 118.7085 119.1755 118.3623 119.5578 117.7609 117.8265 117.7113 117.6400 117.6012 117.5414 117.5183 117.5382 117.5904 117.6761 117.7525 117.8308 118.0460 115.7301 117.1701 114.9464 118.8848 100.0789 100.5672 99.9418 99.0048 106.9115 106.0499 104.5851 120.8582 117.2675 111.6263 122.2801 121.4999 121.7623 117.4175 96.3710 111.3404 113.2500 117.0001 123.3059 123.4928 123.6487 123.8174 124.0805 124.2496 124.6040 124.7069 118.6833 105.0374 125.9409 114.4498 123.6952 116.8140 127.0466 126.1402 126.3065 126.4937 126.6577 126.8278 126.9558 127.1100
118.8600 118.7783 118.5229 118.2239 118.2632 117.9230 118.4880 117.2901 117.3661 117.2308 117.1043 117.0393 117.0182 117.0073 117.0282 117.0828 117.1560 117.2754 117.4313 117.5848 117.8971 118.4797 111.3403 102.0152 104.9902 115.7751 101.9738 100.1087 106.6717 107.6510 105.6887 112.0848 121.2953 121.3656 121.1464 122.2486 117.0731 102.7769 106.5120 110.8079 106.2029 112.4895 115.2819 124.0528 123.8759 124.1666 123.9516 124.3048 124.5513 124.4821 125.3003 126.1805 124.8385 106.1055 128.3605 121.0085 126.2441 126.0518 126.2615 126.4250 126.5961 126.7681 126.9451 127.0900
118.4200 118.4431 118.1609 117.8757 117.8412 104.5400 116.1836 117.0083 116.8424 116.7069 116.7063 116.6021 116.4743 116.4602 116.4874 116.5442 116.6457 116.7633 116.9248 117.0836 117.2641 117.2638 117.6454 115.0105 116.3989 118.9248 105.2630 110.6705 105.9587 110.0552 107.8057 110.0760 120.7654 121.6912 123.9050 122.8929 109.0691 107.1509 105.2586 109.2744 113.2284 122.9426 124.0725 124.3149 120.8676 119.2670 123.6434 122.1443 125.3232 124.5328 124.3050 119.5550 105.9303 104.6149 122.5299 125.8215 125.7340 125.9020 126.1669 126.3745 126.5624 126.7324 126.6348 126.9500
118.3800 117.9584 117.7929 117.3156 117.1955 116.2816 118.5838 116.3319 116.3271 116.1573 115.9642 114.8169 115.9609 115.8951 115.9088 115.9815 116.0790 116.2296 116.4066 116.5899 116.8812 117.0452 111.6080 114.6935 111.6761 99.7175 104.3569 101.8298 102.2653 103.4213 114.4031 121.9355 120.0011 113.8856 109.4379 110.2238 101.0681 108.2030 105.9660 114.3349 106.5003 112.6565 122.8648 118.5142 111.5053 123.6169 124.4000 115.7570 119.3771 123.0078 125.2317 112.2548 123.5092 124.7297 125.9809 126.6427 126.4533 126.4773 126.1468 126.2098 126.3515 126.4954 128.8504 126.9300
117.9500 117.6094 119.1186 106.7903 116.0348 116.5942 115.8828 115.9964 115.7575 115.6166 115.5054 115.2616 115.2991 115.2725 115.3056 115.3637 115.5280 115.6055 115.7766 116.0981 116.3397 116.8599 118.1274 118.2216 107.8323 103.1790 102.9872 100.4002 105.2209 112.1526 121.5947 111.5088 118.8987 96.7802 97.1807 98.5655 109.4015 107.1766 102.2221 101.7641 106.7846 111.4117 122.5068 110.5482 115.2295 121.6254 122.4026 119.5983 118.7580 120.6073 109.8859 122.0216 118.1858 115.5752 126.4604 120.4017 121.6016 123.3287 126.9394 126.8123 126.9077 126.9193 131.9599 130.0200
117.4000 118.1029 108.5985 122.0523 117.0840 116.0091 115.7202 115.4352 115.2226 114.7937 114.7370 114.6826 114.6189 114.5884 114.5458 114.7506 114.5687 115.3702 115.7215 115.4350 115.9487 116.1268 105.9284 107.9391 100.9271 104.4253 102.5866 98.5070 103.9801 120.2611 119.2686 114.3146 120.2635 96.9900 102.2496 115.0037 105.5409 103.6930 104.8879 97.7712 113.1187 125.8358 124.3926 119.4728 115.3215 118.1050 118.9500 125.1545 119.6790 126.4829 115.2012 116.8101 118.6477 107.4573 117.9851 111.3728 109.5656 118.5707 121.5031 122.3067 124.0811 121.6906 123.0569 104.8900
117.4000 110.0044 108.8837 112.8951 115.7189 115.4758 115.1426 114.7933 114.4170 115.3909 114.4637 113.9742 113.7670 113.9252 114.3974 114.0607 115.0973 111.6449 105.4175 114.9626 115.3657 113.9958 106.8179 91.9658 114.1682 104.2528 99.7596 100.1603 102.9344 106.8915 114.1326 104.2450 108.9831 105.9606 97.1376 92.8105 96.2322 102.5114 115.2422 116.0614 113.5685 113.9539 114.9060 109.1745 118.4874 121.2725 116.1860 124.4092 123.6374 111.7841 119.9055 108.9638 112.7434 113.4648 119.6918 109.6577 112.8978 110.3247 115.2219 116.4611 121.8862 124.8764 108.5137 126.7400
100.9400 115.8743 110.2237 115.5502 113.1475 115.3421 114.5636 114.1606 114.5936 107.3302 107.1301 113.5928 113.2116 112.2508 109.4499 111.4157 110.0995 104.2267 111.4724 114.4393 114.8002 113.4773 103.7680 109.9714 111.3273 115.2346 112.9959 116.8154 102.5336 114.3962 111.0715 111.6841 113.5009 108.3973 111.6335 99.0314 105.5530 120.5545 118.0976 113.6147 109.2392 111.1552 112.2450 122.4475 124.1873 123.8567 120.2312 123.3849 124.6432 129.4893 105.5205 103.6432 107.0468 109.1411 108.6592 119.0906 117.1526 115.3549 125.2193 123.7160 125.0015 123.4494 125.6891 126.7200
100.1300 113.5171 116.0828 115.6250 112.0968 114.4311 113.9300 113.5361 111.6619 107.3150 111.3248 112.6826 112.0396 108.7860 113.2190 114.1683 113.7431 103.5498 112.7156 113.3152 114.4763 111.6350 107.0987 116.8745 114.9955 117.2172 106.7580 113.4001 100.2688 118.5415 121.1103 121.1920 120.6772 106.3786 106.6196 103.0960 102.7886 114.2077 117.3011 115.4251 101.9170 114.3185 105.4376 102.6138 124.5875 122.8530 123.5723 126.0130 109.0273 115.1876 104.5555 108.9102 113.7881 113.1943 121.4347 116.9460 118.9965 116.1932 127.2151 126.8895 125.4418 110.8489 121.4096 119.6200
116.1800 116.1275 115.0498 114.8587 113.9047 113.9489 113.3190 112.8757 113.8023 117.5899 117.9933 110.8507 111.3437 113.0681 111.1194 109.9407 112.4202 112.5222 113.0803 112.9191 113.5170 113.8716 117.5526 116.2685 116.2381 116.8705 116.4270 117.7497 104.1273 107.8772 108.2987 117.0477 111.7803 120.6705 99.9453 105.8883 109.5218 122.2264 111.9362 110.8445 119.7932 121.5549 109.1561 120.9840 122.7934 123.4183 119.0976 115.9899 111.3300 114.0263 101.6249 105.6451 118.8901 114.4164 120.5038 124.8427 115.6347 119.4408 118.4188 118.0366 118.2999 117.8390 118.8766 119.8100
115.6700 115.4091 114.8749 114.3403 113.8214 113.2294 112.6656 112.1110 111.0538 110.1109 110.7263 110.0429 110.2388 109.8805 110.4800 110.6776 110.6955 111.3416 111.8045 112.3099 112.9174 113.3426 114.3266 108.7797 90.9215 114.8478 95.5880 109.2057 117.1413 117.0424 118.5512 118.5387 119.4818 109.8923 102.7334 118.6964 100.0724 122.5875 120.0038 121.4147 121.4211 122.0342 122.4476 122.2589 122.6195 125.0422 105.6513 116.1271 105.7734 113.8884 114.4136 118.3291 113.5785 113.9666 114.3668 115.7364 121.2903 119.0123 117.1722 113.6489 127.3408 120.3508 125.8035 111.7300
115.5400 115.0781 114.5024 113.8985 113.2780 112.6516 111.9913 111.3816 110.7048 110.3001 109.6315 109.2596 108.9957 108.9438 109.0088 109.3317 109.8183 109.5610 108.4658 111.6810 111.9550 113.5981 108.8662 116.2125 95.1169 119.0839 115.7501 116.4570 116.6545 117.1831 117.6502 118.2160 118.5553 120.9000 123.0396 108.5802 100.7685 119.8671 119.8243 120.3395 121.3803 121.6696 121.9180 122.7414 120.6066 126.7648 128.9013 105.9202 113.7305 111.7536 115.7284 116.1117 115.6062 108.9713 109.4717 107.5970 123.8328 108.0146 115.8847 101.8727 107.8165 109.1961 111.5252 111.3700
115.0000 114.7497 114.1105 113.4665 112.7799 112.0646 111.3254 110.5605 109.8064 109.0798 108.4123 107.8841 107.5531 107.4735 107.6610 108.0599 109.0127 107.4510 105.6001 111.2485 111.2187 113.3999 96.9199 94.2145 109.1713 114.8275 115.5700 116.0204 116.8176 117.7657 117.8432 118.0738 118.0542 115.6019 99.5020 97.3701 104.7624 122.1263 113.7546 118.6039 121.5382 122.4815 122.0815 113.9561 99.0728 111.8486 107.1040 109.7415 107.7612 102.6314 100.6239 101.9740 102.5987 103.7160 103.7730 106.6291 107.0788 108.5604 109.1671 110.6377 110.1515 111.0835 126.9452 120.4800
114.8900 114.4291 113.7600 113.0518 112.3013 111.4968 110.6445 109.7600 108.8403 107.9222 107.0577 106.3301 105.8522 105.7303 105.9967 106.6008 107.1979 108.7938 109.2399 110.0850 111.0457 112.1542 114.2218 112.6575 115.7428 107.3040 115.5293 115.9420 114.7299 112.8517 117.5390 118.0405 119.2073 99.3495 100.3146 105.1310 105.0991 122.4383 120.6917 118.0319 120.0422 121.0425 120.3568 102.5648 102.7375 99.2169 99.6546 99.4203 104.9860 106.4843 107.1400 102.8797 107.1587 103.3194 105.4203 116.3901 117.2016 117.9862 118.5665 119.8272 119.7646 119.9023 112.8135 119.1300
114.7900 114.1585 113.4469 112.6797 111.8572 110.9714 110.0038 108.9697 107.8518 106.6965 105.5279 104.4888 103.7493 103.5543 103.9777 104.8620 105.9752 107.0307 108.2641 109.3367 110.4315 110.8609 111.9920 112.4506 113.1883 104.6044 115.0106 114.3645 113.9231 106.5147 119.1135 115.3562 115.6318 98.8653 99.8919 101.0065 100.5255 112.8297 109.6586 106.6261 112.0942 113.1601 104.6985 111.0888 107.2489 104.6505 105.6927 105.2994 110.3156 110.1945 108.9447 114.0911 115.9248 106.7270 116.5991 116.5407 115.9232 116.1215 116.8068 117.7619 117.1303 116.6572 114.7262 119.0500
114.1500 113.9330 113.1795 112.3663 111.4801 110.5037 109.4196 108.2205 106.8919 105.4174 103.8364 102.2283 101.0142 100.6772 101.3937 102.8347 104.4387 105.9956 107.4190 108.7638 109.4256 117.6013 111.3386 112.6260 114.7384 115.7381 116.3337 117.7196 119.0288 118.3147 107.5961 113.3848 110.5363 98.9420 100.2996 101.2837 103.3249 104.7860 106.5246 107.5654 108.9968 109.5246 110.3028 109.6499 111.0742 112.0156 112.9395 114.5230 106.2479 99.3930 101.6982 108.3391 109.4760 110.2395 116.0295 109.4115 124.7629 122.6816 121.9896 122.5791 123.2599 125.2057 109.8848 119.0400
114.0900 113.7552 112.9750 112.1155 111.1683 110.1182 108.9289 107.5808 106.0191 104.1825 102.0109 99.5824 97.0459 96.1201 97.9796 100.4863 102.8853 104.9149 106.6310 108.2847 109.3396 114.9835 111.4545 112.1972 114.7671 114.8553 100.5830 104.1847 106.7293 120.1805 102.8290 112.1075 97.9969 97.5164 99.2517 102.5260 105.2436 106.8022 107.2479 107.7516 109.2517 108.0694 110.4115 111.4677 112.4196 117.0351 112.3775 112.6900 106.5117 102.1034 101.6975 101.0100 101.5062 105.8914 119.0122 106.3080 119.6677 126.0126 126.9172 127.6478 127.1567 127.6973 121.5272 131.2500
114.0500 113.6365 112.8298 111.9390 110.9533 109.8438 108.5837 107.1053 105.3452 103.1748 100.3201 96.4252 90.8433 89.4731 92.7225 98.1929 101.5072 104.0482 106.0590 107.7177 108.4788 109.5354 111.2272 114.0474 95.7713 118.0164 88.5406 90.9035 93.9370 105.9088 109.9037 108.8560 100.2281 104.2062 105.1291 107.7088 108.3553 103.9943 108.9022 107.6881 107.8050 107.2609 102.8687 114.0914 114.3337 116.6802 115.4942 103.7259 100.4507 101.3753 101.5557 102.1166 102.4098 104.9059 108.7329 102.5253 114.0044 121.1805 111.6955 110.8853 120.5334 120.8181 123.7370 112.1400
114.0400 113.5796 112.7618 111.8611 110.8492 109.7136 108.4016 106.8578 104.9817 102.5995 99.2702 93.6444 86.3406 84.5694 88.5117 96.3788 100.6735 103.5744 105.7459 107.4802 109.0176 110.2240 111.0464 112.1543 110.8462 102.5963 112.4671 94.0432 113.3003 106.3053 100.7058 117.8103 115.3515 108.1635 101.3428 108.6590 102.2329 108.9555 119.7224 119.0065 112.8068 110.6659 104.2906 106.9605 120.4324 106.3052 113.8447 100.5767 103.7461 103.8610 104.3578 104.6107 105.4783 105.9768 106.2061 109.1272 123.0994 109.1035 108.1459 107.9051 117.2724 127.3144 114.8818 124.4200
114.0400 113.5833 112.7667 111.8669 110.8651 109.7288 108.4164 106.8865 105.0181 102.6496 99.3940 94.1423 87.1237 85.2902 88.9484 96.6339 100.7653 103.6278 105.7782 107.4968 108.9614 110.3555 111.2877 112.1589 113.6175 114.3217 95.7993 96.5934 98.8794 108.1880 114.6267 107.3209 119.2492 117.8189 119.6363 117.0671 104.0210 104.7110 115.8767 120.6559 120.9781 120.0709 106.8811 99.7409 101.1643 99.0814 101.3848 100.1858 102.2280 103.2320 103.5362 104.1332 104.5126 105.2943 106.5289 106.2560 105.9872 123.9857 105.7175 121.8996 116.8409 113.0333 111.4446 111.8200
114.0600 113.6575 112.8522 111.9722 110.9885 109.8856 108.6307 107.1729 105.4425 103.3221 100.6048 96.9883 91.8252 90.3493 93.6666 98.5417 101.7186 104.1823 106.1341 107.7551 109.0138 110.0972 111.9088 112.6204 112.8979 114.2735 108.8842 110.1472 97.1916 93.8360 117.4726 118.4802 100.2876 115.3571 102.4607 97.9090 102.4800 120.9171 120.1043 121.3048 121.4036 121.8293 123.0754 126.5390 125.7574 113.8494 110.8348 112.5061 109.2450 111.9669 111.7625 115.5889 114.3668 114.3557 113.1798 113.7898 117.3368 115.8390 116.5305 117.1299 117.4361 118.5005 118.9439 118.7300
114.1000 113.7822 113.0053 112.1609 111.2192 110.1795 109.0123 107.6858 106.1576 104.3904 102.3438 100.0941 97.9118 97.0327 98.6376 100.9063 103.1571 105.0930 106.7611 108.2536 109.2248 115.1693 124.5562 90.2272 114.1807 113.2454 105.7855 110.1179 116.4748 100.1502 118.7936 118.8417 99.7300 114.1408 100.0957 98.7095 98.1195 100.1717 119.2944 102.1969 111.1735 110.2338 111.8223 101.5592 107.1786 100.2289 100.5629 100.8481 101.2098 101.3615 101.8476 102.4024 103.3673 104.0656 104.7964 107.0045 116.7107 116.2449 116.2567 116.3369 118.1413 117.9555 117.6227 118.1100
114.1600 113.9692 113.2284 112.4194 111.5458 110.5755 109.5203 108.3502 107.0616 105.6249 104.1441 102.5589 101.5264 101.4382 101.8722 103.2317 104.7119 106.1858 107.5796 108.7158 109.5901 111.7107 111.5175 107.4543 100.1621 100.0379 102.1614 95.4670 100.3800 116.4889 116.0275 116.5373 100.4798 98.2886 96.4667 98.3113 103.1120 108.1295 107.3788 103.8798 110.1777 111.4613 110.2613 106.5045 99.7841 108.7885 100.1068 105.1941 105.3148 106.3540 112.9748 104.0942 105.1969 105.9914 105.1498 118.4037 107.8096 109.1179 108.0893 107.0142 120.0032 107.0157 116.7190 108.1200
114.7100 114.2076 113.5048 112.7526 111.9399 111.0625 110.1223 109.1035 108.0317 106.9265 105.8772 104.8083 104.6990 96.9686 105.0087 105.1716 106.2084 107.4417 108.4369 109.5813 110.6601 110.7787 104.8505 86.9686 91.1322 100.2132 114.3216 106.1541 108.7875 99.0180 99.0177 117.3091 119.3716 100.8196 99.0753 100.8208 101.8850 101.5333 108.0209 112.6687 109.5132 113.8482 107.3672 108.0620 99.4448 100.3085 100.2753 107.4047 107.6076 108.0656 101.1979 112.0089 112.3309 105.7788 115.3583 117.0250 112.2912 111.6596 115.9414 118.9349 113.6929 113.9376 108.1479 104.6200
114.8100 114.4850 113.8258 113.1240 112.3808 111.5935 110.7690 109.9009 109.0159 108.1268 107.3034 106.5146 106.5694 106.3346 106.4910 107.3968 87.2053 108.2016 109.4377 110.1335 111.6258 101.1145 89.6770 98.8387 91.9642 93.1367 91.5283 102.8585 104.1441 109.8834 107.7790 112.9205 102.1114 102.1324 112.2042 102.4233 104.7659 103.1797 107.7521 119.5704 108.4821 110.1150 102.9765 99.5842 100.5085 101.7781 108.7901 101.9750 102.4719 103.3965 102.7985 103.0637 103.2261 103.8841 116.2500 115.6353 116.1127 116.4318 116.2075 122.2930 121.6351 119.8986 109.0804 104.6200
115.4400 114.7915 114.1795 113.5403 112.8697 112.1643 111.4452 110.7067 109.9695 109.2693 108.6342 108.0978 107.6787 107.6217 107.9022 109.1638 107.3832 112.1067 110.0203 113.1720 111.9904 93.5645 114.5555 111.9609 107.7927 91.9331 96.8205 100.9159 98.9631 104.5022 108.3527 110.7923 107.2332 115.7405 107.1150 99.0025 102.0451 104.3970 106.1338 109.2561 110.1470 104.9765 100.0655 100.6263 100.1198 105.0271 105.3156 106.5377 107.1146 106.8871 106.4484 106.2103 106.6054 106.8159 116.0774 118.3799 118.0871 118.3474 119.3684 123.5401 116.4537 114.4495 104.7111 104.6300
115.4400 115.1295 114.5644 113.9767 113.3716 112.7499 112.1182 111.4916 110.8838 110.3151 109.8084 109.4447 109.2265 109.1671 109.3508 109.4723 110.5048 109.3708 110.3313 99.5756 111.8546 105.5533 95.0249 105.8910 107.0766 109.2965 100.3947 100.8117 101.4298 102.6545 103.9592 105.6807 108.8011 110.0567 100.9580 103.3616 99.8625 103.7277 106.4256 108.5441 105.4976 90.2189 99.6070 100.7517 101.3802 108.7093 110.7193 110.1818 107.1225 112.1829 105.7117 105.7484 108.7131 108.0071 107.6231 111.6724 119.3787 123.5278 116.1427 116.7984 115.5773 114.4622 115.8450 124.0600
116.0700 115.4862 114.9659 114.4307 113.8895 113.3358 112.7878 112.2550 111.7376 111.2705 110.8766 110.5708 110.3927 110.3415 110.2645 110.8743 98.6062 108.6936 120.8923 108.3854 113.7373 114.4271 97.7672 106.5200 94.5685 100.0246 101.8779 99.9963 101.9907 103.8626 104.7564 105.2901 105.8720 106.2118 103.7086 112.7837 99.3845 99.1662 104.5239 106.6752 106.5422 110.4589 101.5046 99.5562 103.3547 112.7317 112.5825 115.2546 110.2400 118.8772 102.6891 102.6296 104.8822 115.0669 118.6666 116.9381 111.2435 113.3385 110.0167 111.3466 109.5307 108.4193 119.2548 113.1400
116.2000 115.8541 115.3739 114.8912 114.4015 113.9175 113.4367 112.9552 112.5424 112.1559 111.8457 111.5838 111.4481 111.5073 111.4633 111.9354 109.0219 92.1343 93.3767 98.8895 95.3006 98.1697 96.2610 98.1442 96.1620 102.6097 97.2387 104.0929 98.5663 99.9731 106.4866 107.2409 99.0060 101.6627 109.8188 112.1112 97.7398 100.0644 102.9818 104.5660 104.3467 102.9897 107.6290 106.5797 108.6129 111.9375 112.3548 113.4946 116.5605 105.3895 117.2366 100.8055 100.8701 109.4448 106.5266 119.4738 123.3028 120.2910 119.4454 112.9506 122.0761 109.5553 112.8179 113.1500
116.6900 116.2334 115.7981 115.3555 114.9188 114.4807 114.0660 113.6745 113.2974 112.9748 112.5967 112.5361 112.3995 112.2726 111.6387 109.8611 106.6601 101.6539 99.4092 90.9850 92.0961 95.5264 93.3113 96.4161 112.4122 106.9861 107.1011 117.6186 110.0934 98.4664 106.0916 108.1454 104.5351 103.0953 114.6870 97.4956 102.4053 98.6527 100.5604 104.4085 104.8743 107.1227 106.6909 108.1347 109.8258 110.8595 112.8082 113.1810 112.4018 110.6182 102.6678 110.7797 113.4217 114.3804 112.8354 111.2806 104.5878 109.7825 123.5827 123.5294 124.1438 123.5774 121.8366 123.5800
116.8200 116.6074 116.2085 115.8102 115.4178 115.0237 114.6480 114.4019 113.7474 113.2453 114.0568 113.2301 113.2558 113.2719 115.3243 112.8745 115.2155 112.3115 102.9628 95.5756 97.8389 94.5519 96.8009 96.2272 114.6201 116.3211 117.5465 116.6903 119.4422 107.9553 111.7345 102.7063 104.6653 108.7913 99.5267 103.2386 104.4613 106.4447 111.8423 111.1834 104.6271 106.4246 107.0105 114.2678 107.3884 107.8883 110.2120 110.4730 113.4588 114.7900 116.7061 115.5254 115.7721 116.7473 115.8241 117.2458 116.9170 109.8480 104.0975 104.3926 105.1650 108.6816 126.1483 121.0000
117.2800 116.9888 116.6219 116.2685 115.9103 115.5648 115.2460 114.9542 115.2086 105.2270 103.7748 114.3145 114.1735 117.8216 98.5043 95.4975 116.3745 113.8439 101.8696 97.6313 98.8151 100.6041 94.6887 96.9706 107.7481 119.0493 116.2255 118.1799 115.9781 110.9365 109.1934 103.6294 108.5236 112.8580 111.0555 111.3136 112.1140 110.1842 110.4626 112.7562 112.8265 113.8205 108.3539 116.1960 112.0750 109.1426 109.8249 109.7920 123.0525 116.4283 114.5846 104.3619 115.8919 116.7030 117.2104 117.7637 119.1230 120.8902 117.0602 119.8695 120.0625 102.5984 118.7961 121.4800
117.4200 117.3706 117.0350 116.7049 116.3827 116.0978 115.7860 115.5234 113.8098 113.4374 105.7634 116.1179 114.3855 112.5591 93.7085 115.4062 104.0861 114.3350 108.2654 92.0377 96.5199 101.9772 100.9842 97.0298 98.3545 115.2925 107.8304 114.6161 107.1231 117.7345 99.9618 104.7490 99.0986 108.2450 107.8991 110.9414 112.1568 110.2470 108.1832 112.2070 101.6752 111.0146 113.8951 117.0382 104.1220 110.4589 109.7636 117.2640 110.8143 114.2018 110.9879 128.4159 114.8970 123.4180 118.4546 119.0762 126.1199 125.6116 115.4501 118.1353 117.6695 120.7749 120.0098 121.5000
117.8500 117.7441 117.4359 117.1331 116.9039 116.4694 116.2615 116.2183 118.0007 80.8142 115.4215 115.4540 114.8648 108.2600 111.3392 95.5695 108.5791 97.2648 98.8742 116.6825 110.4658 99.3135 102.8196 105.3633 103.6718 96.3043 116.3213 116.3978 113.6849 100.6295 108.6764 108.5672 102.7057 100.0730 107.1185 109.4695 112.5473 110.3277 114.0353 107.1934 114.1892 118.4031 117.2287 108.0815 99.9176 112.4500 116.8711 116.2900 115.6285 114.9086 113.1572 118.1584 117.6216 121.5590 126.2432 124.3630 121.6034 122.1276 121.8555 122.6729 105.2637 117.1547 102.7247 104.8600
118.2700 118.1152 117.8362 117.5681 117.3143 117.5755 117.2642 116.8711 116.3761 116.1456 116.1435 116.0860 115.4362 110.2559 107.7640 96.7050 111.6844 114.8445 104.0353 105.9442 107.5823 103.3769 109.8327 109.3708 106.6092 101.7712 99.5152 97.0439 98.5356 108.4667 100.8707 103.8683 100.6509 101.7975 103.9292 112.5279 118.8178 114.6368 112.5509 111.9084 115.8389 111.6466 108.4095 114.6393 102.9482 116.6492 117.2712 118.0178 118.0278 118.5989 119.9463 119.9543 121.4412 122.8254 125.3396 124.2850 113.0856 113.1786 128.6060 128.2096 128.6292 116.4829 110.6948 105.0100
118.7900 118.4768 118.2138 117.9721 117.6897 117.3413 109.3286 117.2979 116.6497 116.4998 117.2258 116.7464 116.1800 112.8802 101.1338 97.3656 113.5709 98.9011 105.9340 112.2368 117.0712 101.7469 115.1072 112.6862 109.8698 108.0583 107.9104 111.9575 102.2469 105.4814 98.8710 99.6689 104.7083 104.7154 104.0189 104.0977 110.2702 109.3582 115.0198 117.0828 110.0302 100.9942 107.1804 107.9227 119.2972 118.4313 117.3994 118.3599 118.0171 118.6073 119.3559 120.0717 119.6442 119.8570 121.5367 121.9740 118.8531 112.6106 121.8377 126.1240 125.8661 113.4724 117.6351 105.0100
118.7900 118.8338 118.5896 118.3591 118.0605 118.8942 117.0655 117.3881 117.5397 117.3218 117.4653 117.2353 116.8495 112.4666 102.8829 98.2782 111.0213 116.7399 105.0626 102.8386 106.6129 102.2399 108.8584 105.0545 106.7770 106.2701 106.8978 98.7882 98.0238 100.4520 98.2392 101.4817 103.5387 104.3404 106.8299 105.4283 105.7797 100.3593 103.7557 105.3933 99.0564 107.0081 119.0543 100.8415 110.4479 117.0471 117.3278 118.2007 118.5096 119.2579 119.6028 120.9140 120.8951 121.1973 120.9254 117.5852 121.3476 111.4035 113.6784 130.1673 128.8942 121.4354 116.6815 105.0300
119.5300 119.1841 118.9622 118.7472 118.5660 118.2666 118.3319 118.0194 117.8888 117.7883 117.6692 117.7499 117.2171 113.1679 100.8502 100.5358 111.2048 118.6371 110.0547 106.3545 108.0080 105.3289 99.7285 113.3481 97.9604 96.8134 113.2255 114.4331 112.9059 100.5908 103.3726 104.9958 103.1434 103.8088 107.7782 106.5844 104.5692 102.0064 107.3639 104.6221 101.2846 100.5226 105.4647 100.4667 101.4774 120.2373 116.7595 118.5051 119.2715 119.9648 120.1146 121.0334 121.3967 121.6810 121.5885 116.1496 123.4990 124.9209 124.0782 122.2843 126.4428 128.1534 107.3869 118.3000
119.5900 119.5183 119.3159 119.1173 118.9484 118.7636 118.6739 118.4986 118.3455 118.2496 118.2060 118.2503 118.1195 114.1051 103.0451 112.2346 98.6724 116.6345 105.5057 101.7336 110.8638 116.2237 96.3600 107.0599 104.2666 104.5155 97.3677 104.1630 113.2003 99.4245 102.8598 108.3943 107.2212 105.3362 107.8925 105.7907 107.1011 102.2728 106.1054 110.9699 109.4280 108.2613 100.6101 104.0729 112.9421 107.2721 118.9517 118.4425 118.7912 119.3955 120.3872 121.2056 121.6754 122.1011 122.7345 123.2741 126.1492 123.2370 128.5112 128.4733 128.4705 124.9156 126.2300 125.5200
119.9700 119.8551 119.6627 119.4783 119.3215 119.1618 118.5484 118.7847 118.7837 118.7633 118.4564 116.6226 116.2170 114.9332 103.1399 105.3721 101.6602 118.5738 108.4101 117.2356 112.5632 114.8962 100.0919 107.2070 108.4718 109.4975 100.1378 102.1281 101.5486 99.8941 100.2314 108.1654 108.1610 107.8671 105.7767 107.2017 102.9049 110.0458 106.6179 109.9493 111.0902 110.2116 109.9846 98.1018 119.0565 101.7547 108.0994 118.8089 125.2410 125.8640 121.6308 121.3694 121.3448 121.8583 122.2416 122.6060 129.3321 129.1471 130.2548 131.5092 133.2190 132.6301 107.7627 112.9200
120.6500 120.1793 119.9940 119.8499 120.5902 118.3970 121.4586 119.1742 119.1897 119.1311 119.0276 114.7848 111.9117 111.6566 107.3296 115.2043 104.1807 117.4018 109.3211 108.9700 115.4129 110.2257 113.1915 105.2173 113.4867 114.7326 113.9523 106.8945 107.7748 100.2129 104.9494 115.8718 107.5974 109.4490 111.1870 108.2697 107.7039 104.0911 110.3229 110.0091 111.6472 107.1417 102.0481 113.0083 123.8603 106.6421 118.7623 120.8940 122.6463 127.2623 120.9300 123.3198 123.2198 123.2924 128.4315 128.8418 123.3649 128.1426 130.2391 124.4513 117.4290 107.7961 123.2398 105.2400
120.6500 120.4904 120.3209 120.2231 120.2811 100.9368 119.1539 119.6162 119.5668 119.6161 119.4381 111.5390 113.0776 118.2333 107.3581 119.2999 105.1761 108.4703 100.6087 106.9040 111.7925 113.6488 109.3844 106.6310 107.7389 99.8338 101.5489 103.2571 112.2315 113.7101 114.3332 118.4198 116.4692 113.5985 111.1780 111.4328 108.9618 110.5833 100.7079 108.1227 112.7518 101.4837 101.5374 108.9326 114.5243 124.3697 123.5522 121.9984 122.4235 122.5556 124.9167 127.4320 128.1365 128.3019 128.5997 129.4175 129.1556 130.1054 130.2675 131.3732 131.3909 119.5460 104.9133 105.3800
121.0100 120.8033 120.6424 120.5183 120.8247 121.2053 120.7125 119.8376 119.9643 119.7433 119.5375 104.0056 107.3458 107.1096 107.9509 116.2370 113.6203 112.9672 105.7662 107.0469 105.9136 105.1039 99.5089 98.8396 109.0031 107.9312 100.7450 98.6593 110.6932 116.8682 113.3118 116.8321 116.4896 110.3973 112.0456 113.0783 110.4138 111.3567 103.8604 105.5934 114.0434 106.8171 101.6175 101.5732 105.0859 113.8811 124.4624 125.7312 123.0013 123.2418 123.5945 123.8058 128.1905 128.5811 128.8376 130.9036 118.0397 129.6146 130.9475 131.1148 131.8873 114.1305 106.4846 114.1600
121.3300 121.0971 120.9513 120.8789 120.6476 120.4374 120.4004 120.4103 120.3134 120.2132 120.8648 115.1569 116.9289 113.2356 104.9805 116.5643 109.9411 110.3823 105.3387 107.1194 113.7194 104.3407 99.3975 98.6084 110.5190 111.4627 112.5391 100.4009 100.9796 116.3478 117.8713 114.8591 117.5196 113.1770 101.5686 111.8847 113.1800 112.3697 104.5754 111.8521 113.0620 111.4239 103.8943 104.5556 105.5255 102.3745 116.9046 116.2456 125.5851 126.6908 124.6763 124.3558 123.3425 128.3379 129.4728 129.7052 131.3746 111.2432 128.7457 131.3360 133.2856 130.3725 114.8028 116.2500
121.3300 121.3940 121.2572 121.1114 121.0346 120.9459 120.8544 120.7567 120.6666 120.5981 120.1637 114.3022 117.7116 117.0982 108.7261 101.6514 102.9293 116.6274 107.9685 113.0389 111.8411 112.4796 97.5759 100.7578 105.9703 110.8929 113.6135 103.9667 114.2585 109.5468 116.0597 116.4489 111.5399 119.4489 108.3901 100.2458 107.1500 114.2690 109.5682 106.1584 116.4008 109.4047 114.9177 114.2551 116.4925 108.2831 116.1701 116.9405 116.8329 123.9875 126.9080 124.4040 124.6001 123.2553 128.7861 128.9290 130.7782 134.3849 121.2187 127.4176 122.5580 117.2829 113.8449 105.5600
121.6400 121.6771 121.5508 121.4392 121.3262 121.2394 120.6173 121.0754 120.9973 121.0221 121.0039 116.1423 109.2632 107.3673 98.1172 100.4145 105.2715 103.2691 100.5324 116.4977 115.6913 119.0303 97.4826 99.5138 103.6090 108.4349 108.8885 102.5066 106.3719 109.0085 118.3061 119.7206 115.7225 119.3499 119.3642 105.7170 112.6542 117.8538 109.4181 112.3559 108.6466 115.0180 112.3871 111.9740 115.1060 116.1679 117.8733 117.7463 118.1858 118.2362 121.4181 123.5650 124.2772 124.4513 125.2201 125.3236 129.0673 130.0702 133.8151 131.2658 118.0413 105.8752 108.9122 113.0000
121.9300 121.7600 121.7600 121.5900 121.4000 121.4500 121.4500 121.2700 121.3000 121.0500 121.0700 121.0900 121.1100 121.1100 111.5300 99.7000 99.4100 100.0400 100.0400 116.6300 115.7700 118.5100 99.6000 99.6000 103.5200 110.4600 111.8200 111.8200 105.1600 106.0300 116.0800 119.4100 114.8300 117.2600 119.6500 120.6600 120.6000 101.6500 115.3000 102.0900 102.0900 114.8400 115.2600 108.7100 115.8400 116.6600 117.2500 119.0600 118.0500 118.4900 119.6900 119.8700 123.6600 124.3100 124.8600 126.5100 127.0600 130.9700 131.2600 108.8500 110.0800 114.2100 114.2900 114.2900
