115.2000 114.7500 120.7500 113.2400 112.6800 112.0800 110.7600 110.0200 109.2100 107.3700 106.1700 105.2100 105.2100 103.7400 103.8700 103.7200 105.1500 106.5800 107.3800 105.7800 109.0600 110.0200 111.4500 112.0900 112.6900 113.7800 114.2800 115.2100 115.6300 116.4400 116.8100 117.1700 117.8500 118.1700 122.9100 119.0700 119.3500 119.8800 120.9600 120.6300 120.8600 119.8900 124.9100 121.9600 122.1600 122.3600 122.7400 104.6500 123.2900 123.4600 123.8000 124.1800 112.4900 110.7700 116.1700 120.6100 117.2200 132.0000 116.5100 103.7400 118.0300 104.0100 113.6200 121.9400
115.1300 114.5370 115.6535 111.5698 112.4331 111.6254 110.6937 109.6627 108.5324 107.3042 105.9703 104.6032 103.3075 102.3121 102.0900 102.6913 103.8471 105.1352 106.8257 104.7382 107.8669 109.9332 110.7091 111.8325 112.8460 113.6007 114.3175 114.9786 115.5934 116.1806 116.6635 116.8924 115.0599 118.2715 120.3351 118.9167 119.4380 119.8778 121.4780 120.7481 119.0129 119.6652 122.7770 121.9012 122.0636 122.9261 124.6702 123.2746 119.5770 112.4664 127.4394 113.7368 122.4185 111.4925 107.3097 113.6335 112.9366 121.1369 114.9638 109.4056 108.2785 113.2626 112.6566 111.0400
115.0700 114.5637 113.9246 113.6406 112.1804 111.2871 110.2562 109.1157 107.8315 106.3665 104.7027 102.8157 100.7950 99.1281 98.6197 99.8160 101.6278 103.6652 105.4258 105.9112 108.1115 110.1718 113.2648 112.3031 112.5983 113.3697 114.1280 114.8136 115.4541 116.0672 116.5649 116.3440 117.1942 118.0382 118.4063 118.9890 119.4443 119.6089 119.7358 120.3483 120.6305 120.7472 120.9867 121.5397 122.2818 127.2754 115.0376 115.4267 108.8910 105.0029 116.8101 120.4049 113.8909 113.5346 103.3319 104.5287 105.1735 106.1269 109.7978 109.4806 113.3283 107.0337 106.9945 106.1900
115.0400 114.3980 113.6147 112.7333 111.9283 111.0187 109.9319 108.6925 107.2638 105.5762 103.5495 100.9797 97.9277 93.6425 92.4087 95.3691 99.3246 102.1708 104.3845 106.6630 108.0507 105.9525 94.7764 112.9439 112.2930 113.2057 113.9927 114.6953 115.3533 115.9640 116.4864 117.2935 117.5977 118.0617 118.5096 119.0353 118.9981 120.5136 121.0816 119.9046 125.7924 121.1558 123.2649 123.1937 113.9989 107.4754 102.5221 106.4735 109.6560 106.4409 113.1915 109.8364 100.7964 105.9653 102.0490 102.6641 103.0946 105.4288 103.6821 105.9473 111.8853 106.3790 106.1753 108.4900
115.0400 114.3287 113.5980 112.8016 111.8822 110.8637 109.7306 108.4330 106.9007 105.0540 102.7404 99.5593 94.4700 88.2381 86.8099 90.1241 97.2349 101.0327 103.7825 105.6544 107.8118 94.9389 105.0850 111.0626 112.2911 113.1222 113.9062 114.6217 115.2900 115.9083 116.5238 116.6437 117.6490 118.0827 118.6383 117.1916 124.6688 108.5249 120.2118 119.7397 121.6141 117.1390 104.2454 118.0336 104.1635 101.4483 101.2943 102.3139 104.7144 102.4942 104.6459 102.6775 104.7522 104.7999 106.1803 103.4339 106.7866 107.7274 103.6617 103.8312 108.0750 111.2172 111.3657 112.2300
114.5300 114.3043 113.5463 112.6850 111.8197 110.8242 109.6754 108.3522 106.7993 104.9004 102.4848 99.0963 93.0488 85.9251 84.2346 88.2675 96.4116 100.6830 103.6109 105.4771 107.0930 95.8363 110.1726 111.0831 112.2402 113.0963 113.8852 114.6015 115.2718 115.8876 116.5553 116.5029 117.3684 117.7961 118.3874 116.0311 125.8132 118.4315 120.2326 121.1150 121.5899 122.2446 107.7386 115.6231 104.5706 100.5423 99.7682 100.1275 100.4040 101.1042 102.7804 106.1001 105.7988 106.7256 105.9287 108.7296 114.5737 108.2869 103.6641 103.7929 103.8162 111.2536 110.8777 112.2300
115.0100 114.3376 113.6087 112.8163 111.9704 110.9082 109.7636 108.4822 106.9684 105.1519 102.8881 99.8600 95.3979 89.2779 87.8280 91.2777 97.6813 101.2591 103.9204 105.9667 107.6586 108.5362 109.9876 111.3242 112.2855 113.1352 113.9225 114.6345 115.3029 115.9151 116.5490 116.9929 117.0663 118.5026 118.6511 125.5622 118.6363 119.6555 120.0577 118.6810 101.8301 118.5187 109.6701 113.0149 101.9888 105.2648 103.2551 118.7893 118.2967 104.5811 120.6881 102.3560 111.0435 104.0400 102.1622 112.0793 119.9089 109.7187 103.6075 105.5352 107.3219 125.1175 126.0068 127.0000
115.0400 114.3780 114.1368 108.9508 112.4283 111.0870 109.9969 108.7863 107.3858 105.7570 103.8139 101.4628 98.6068 95.2941 94.0806 96.7348 99.8614 102.5071 104.6926 106.4803 107.7173 112.1557 109.9421 111.3133 112.4218 113.2584 114.0196 114.7135 115.3647 115.9708 116.6856 117.2867 104.3726 117.9053 100.3784 112.3195 118.8885 119.7234 119.3086 129.4368 104.7086 114.9092 110.4340 104.3315 108.1282 108.3050 110.8217 117.2659 118.8120 123.5313 118.9686 117.9555 121.5832 119.8535 116.3200 114.7943 116.2313 102.2592 104.8987 121.6234 125.1926 125.9483 126.6130 126.7200
115.0800 114.3588 118.2151 113.2804 112.3772 111.3502 110.3562 109.2483 107.9995 106.5949 105.0163 103.2631 101.5164 99.9786 99.5970 100.5356 102.2214 104.0307 105.7227 107.1274 107.3719 109.9810 113.7382 113.0343 112.6965 113.4078 114.1732 114.8175 115.5973 116.0728 116.6312 117.1182 118.8928 115.9693 104.1914 97.9894 95.3052 116.3477 117.7322 116.7617 120.5653 108.0307 103.2044 106.8843 109.2217 108.6865 110.4194 116.7350 117.5557 115.5610 116.9307 116.9488 119.1548 104.7480 110.9952 101.3901 102.2422 103.7204 107.2899 127.2232 124.0986 125.5237 125.8293 116.5800
115.1300 114.7646 113.8808 113.2757 112.5648 111.7292 110.8110 109.8103 108.7187 107.5477 106.3022 105.0389 103.8410 102.9951 102.7783 103.3043 104.3167 105.5573 106.8182 107.9831 106.3837 110.1458 110.4566 109.7256 112.8644 113.6855 114.3757 115.0101 114.5977 116.0386 116.6473 117.1867 117.9110 107.9977 106.1486 102.2072 103.0898 121.3522 101.2020 119.0197 96.3738 99.2904 99.4899 99.7280 111.4903 109.8157 101.4267 114.4234 114.2707 110.9244 112.3286 112.1312 99.0450 101.3757 111.7423 105.2600 105.0134 106.1431 112.6248 126.3610 125.3189 130.0561 113.2771 104.3700
115.2100 115.0267 114.4432 113.7173 112.9290 112.1531 111.3206 110.4401 109.5215 108.4746 107.5556 106.6354 105.8076 105.2714 105.1356 105.4485 106.1853 106.9011 108.0530 110.4950 101.4207 111.1566 111.8711 103.8687 113.7396 113.9711 114.6201 115.1555 114.7495 114.8575 117.1901 117.2569 117.8451 119.2432 123.8172 121.1869 123.3215 116.0909 118.5368 107.4011 98.6823 100.3359 101.4748 100.5561 103.8706 105.1586 108.2094 106.9997 117.8331 103.6496 117.3851 101.3060 103.9969 105.0070 109.7004 105.9334 105.7671 104.5772 120.7119 124.7266 125.3462 117.8288 112.2106 104.3800
115.7100 115.2234 114.6068 113.9790 113.3306 112.6257 111.8849 111.1126 110.2627 109.8877 109.1157 107.9886 107.4437 107.0741 106.9860 107.1924 107.6479 108.6025 108.2471 105.5665 104.4681 113.3605 107.8691 111.3015 113.4539 114.3004 114.8826 115.4990 116.3833 116.4891 114.1495 116.9929 118.3572 123.8926 113.3873 105.5633 111.3343 99.6930 116.8727 104.7932 101.1071 100.2196 101.3537 102.8633 105.2134 107.4747 106.3027 107.0554 105.5271 113.4962 115.8700 102.6960 103.7543 107.6033 108.8213 108.0335 108.6726 108.2694 105.4291 115.2795 117.5727 108.1200 109.1257 104.3800
115.8000 115.5149 114.9632 114.3742 113.7570 113.1226 112.4660 111.7928 111.1235 111.5879 110.2847 109.2405 108.8453 108.5750 108.5096 108.6669 109.0939 109.4800 107.2767 114.5178 115.7728 111.7730 102.9881 112.1631 113.8963 114.6422 115.1765 115.7029 116.1603 116.3470 135.9142 120.7472 129.7709 125.2210 102.3827 101.0191 99.0568 103.2338 116.8524 108.6508 97.9018 98.9013 101.2805 106.1754 106.5957 107.5383 106.6993 107.1150 107.8267 111.9493 112.8063 101.2717 102.1971 110.8023 104.6111 105.2484 106.3000 108.0344 111.3713 104.4102 104.2500 106.1948 110.4202 109.5100
116.3900 115.8245 115.3002 114.7686 114.2055 113.6321 113.0534 112.4756 111.8639 111.3408 110.7617 110.3950 110.0587 109.8521 109.8140 109.9219 109.9305 110.8278 108.3273 101.9481 102.2658 112.5984 110.4661 99.0206 115.6955 114.9906 115.5156 116.1694 116.5701 117.1582 106.8576 114.8300 123.9397 112.3986 104.3875 106.7732 103.7171 109.6504 108.4962 102.7210 105.7267 105.9234 107.2980 105.7195 103.8618 105.1032 105.4234 106.3323 107.5959 108.9630 112.0732 103.1343 101.7319 104.5801 103.7210 114.3501 105.5744 104.8615 114.0940 118.3715 119.0081 119.2468 111.1834 111.5200
116.5000 116.1541 115.6704 115.1727 114.6670 114.1513 113.6366 113.1282 112.6399 112.1572 111.7424 111.3955 111.1307 110.9743 110.9370 111.0399 111.0954 110.8561 105.7904 105.3638 106.8746 115.8530 114.5778 113.5916 115.0651 115.3659 116.0028 115.4655 116.5770 115.7170 115.3067 114.3566 112.9382 103.0113 102.8482 110.0038 105.1696 116.1774 111.6627 108.5164 112.5676 112.7331 111.9091 111.5360 110.7369 110.7333 111.3277 111.3696 106.5474 106.5946 109.2327 107.1797 111.1232 101.8729 106.3196 107.8941 105.7480 110.7801 113.9214 117.0622 117.7582 119.4561 114.0119 116.3100
116.9700 116.4891 116.0466 115.5903 115.1243 114.6714 114.2102 113.7623 113.3400 112.9448 112.6000 112.3030 112.0867 111.9641 111.9396 112.0225 112.0479 111.7163 108.4401 115.7475 105.5934 111.4547 114.0653 115.3887 115.2373 115.7892 116.1354 118.9113 126.0056 113.6463 106.0203 97.0156 104.1505 100.7383 102.3371 105.6603 102.7719 116.8004 101.7975 111.2100 96.5664 101.2033 101.7660 110.3535 111.1809 112.6134 112.8991 113.7664 114.0736 113.1177 115.5676 113.7833 111.7638 110.1977 112.7046 118.7394 109.5927 111.5325 115.1856 117.0285 115.2050 114.0223 104.9150 104.5600
117.0900 116.8317 116.4257 116.0061 115.5874 115.1826 114.7695 114.3742 114.0114 113.6715 113.3717 113.1363 112.9614 112.8514 112.8390 112.8946 112.9897 113.2263 114.3463 113.3915 110.8988 115.4373 114.7632 115.3920 115.7450 116.0607 116.8787 116.7801 117.3607 110.7735 98.4804 102.9690 104.2868 94.6008 114.4870 108.8191 108.8849 116.1373 97.6362 99.2182 111.5752 111.2523 114.5787 115.6728 124.8941 111.8053 112.9396 113.3786 113.5642 113.8099 102.7166 103.1141 105.5023 100.7569 103.0010 103.2489 108.1661 111.2009 111.3461 120.7264 122.5478 113.7806 114.0122 104.5700
117.5300 117.1908 116.8069 116.4281 116.0437 115.6739 115.3056 114.9885 114.6518 114.3491 114.1145 113.8951 113.7482 113.6589 113.6276 113.6784 113.8050 113.9907 114.1336 114.3568 114.7558 115.0989 115.4429 115.8591 116.2272 116.3662 116.0091 113.2337 118.6849 97.5909 117.8668 111.8384 102.8564 106.4409 96.8008 106.3902 112.9202 100.0405 99.5807 99.7591 99.0957 108.8963 111.5829 111.9429 117.5190 117.8526 122.6411 125.4303 112.1645 113.3376 101.2107 101.8040 113.3133 110.3453 117.7223 116.4240 100.9852 122.6819 114.7965 111.8704 114.0878 114.2166 111.9064 104.5800
117.6500 117.5919 117.1682 116.8407 116.4969 116.1612 115.8870 115.5012 115.1201 115.0241 114.7191 114.6071 114.4713 114.4035 114.3892 114.4968 114.5439 114.6656 114.8847 115.0930 115.3620 115.6400 115.9935 116.2445 117.4846 106.3556 113.2400 110.2887 112.5664 111.9313 116.2411 104.1114 100.4475 108.0625 111.0656 98.7832 97.5003 100.7663 100.3639 101.7172 101.5638 101.9120 106.3583 113.4333 113.9391 116.3930 110.0538 113.7744 113.1084 116.3206 100.1024 102.2189 101.9999 102.4402 102.5410 102.4282 104.4926 108.7800 121.8133 122.9307 123.5160 122.6021 109.6036 104.6000
118.0700 117.4676 117.5608 117.2429 116.9338 116.6212 116.3611 115.9965 116.4529 115.2596 115.5312 115.2527 115.1466 115.0942 114.9711 114.8414 114.7802 115.3250 115.4725 115.6878 115.9128 116.1845 116.4641 116.7161 116.7649 98.8351 89.0215 95.8723 98.1594 104.3426 102.7030 101.7796 101.8237 99.8550 108.0865 109.2995 112.4838 111.7270 98.0435 101.4099 106.2649 107.4952 104.8987 105.1421 111.6277 113.4971 115.1824 118.5573 102.6665 119.4070 107.9489 102.7298 102.9822 103.2702 103.6949 102.6109 114.7821 103.6434 116.4098 121.2058 121.9165 107.4918 126.5033 124.1200
118.6000 117.4698 118.0462 117.6420 117.3645 117.0808 116.8658 116.5511 113.8229 112.9826 115.9247 115.8887 115.7551 115.6717 115.2235 117.4607 116.4288 115.8012 116.0960 116.2365 116.4500 116.6884 116.9292 117.2073 117.2101 119.3340 98.9890 98.3743 102.0690 98.8317 97.6619 102.1047 101.1901 102.2817 103.0407 109.4144 106.0704 103.3314 98.7591 100.1984 103.5319 104.2372 110.7193 107.6888 112.7412 103.7492 117.5632 112.8197 116.3031 98.5702 116.3571 115.6179 106.8323 102.4889 103.1883 107.2676 119.0813 109.2484 118.0433 116.8253 114.9878 113.4494 121.6234 124.2200
118.9800 118.6300 118.3102 118.0310 117.7804 117.5281 117.2957 116.8777 117.3764 115.6881 116.6848 116.4700 116.4157 116.6797 120.5836 109.2640 111.2559 116.8532 116.5211 116.7714 116.9590 117.0938 117.4500 117.4496 117.3885 114.1479 94.1164 97.5609 96.5812 100.7203 102.7175 105.1412 103.9487 101.8335 104.6943 108.9524 98.8305 109.1099 100.4302 99.5993 102.2715 99.3787 102.3847 104.4697 106.7998 104.9295 114.5704 112.6544 117.6459 104.9488 105.4301 111.9739 120.1465 102.3019 103.5990 106.0077 129.6781 123.1051 119.9187 119.1344 116.9185 110.4934 118.8227 120.1200
119.0200 118.9211 118.6630 118.4119 118.1761 117.9525 117.7419 117.3381 115.5396 108.4114 117.3990 117.0565 116.6837 115.2400 106.9583 101.4511 106.3182 117.9390 116.8936 117.2932 117.4360 117.6452 116.9776 119.3785 117.5228 114.0770 106.1997 101.4335 97.4964 100.2360 100.8460 103.4337 107.1516 108.7088 105.9867 107.8474 98.6527 102.4382 109.6675 105.6192 111.0523 102.9536 106.4410 100.3705 103.2374 115.1985 111.6676 103.0237 108.0460 104.2553 107.1863 105.3667 108.1807 102.0923 103.6987 99.5356 116.3686 103.4217 130.6250 127.4685 126.6378 116.7985 123.7388 120.4500
119.4300 119.2506 119.0193 118.7788 118.5716 118.3586 118.1700 117.8061 118.4489 118.3276 117.4161 117.6097 117.1461 113.5684 102.4315 99.9124 99.8727 116.9368 117.5706 117.7135 117.8644 118.5341 120.3465 129.0856 116.9149 107.8897 103.1735 103.2825 103.2780 102.3227 102.5679 116.0448 112.1493 109.3649 108.1707 106.9176 104.5175 103.8485 104.3184 104.2918 105.7680 113.3037 105.7603 105.2603 103.3530 107.0276 105.3814 124.4905 112.7220 118.5544 113.0306 105.2366 108.9729 110.0053 101.9748 108.0870 108.9740 100.0759 128.3598 135.1703 134.7045 130.0440 130.1151 133.0300
119.8300 119.5828 119.3674 119.1855 118.9630 118.6762 118.6009 118.4384 118.0629 118.0206 118.1419 118.0352 117.7642 117.6993 117.4878 118.3775 116.6577 120.5786 117.6816 118.2341 118.6413 114.7551 121.3009 115.1756 102.2304 110.3788 98.6850 101.2889 106.3454 104.7807 122.2457 114.8288 107.5183 110.1733 103.4290 104.3735 108.2957 109.1633 109.4400 107.2420 103.9611 107.1229 111.1550 119.3431 105.0088 108.5277 100.6203 107.2623 118.8820 108.4678 110.3354 120.7625 111.7328 106.7193 114.3142 111.6649 120.5862 117.7040 124.9824 110.9347 129.6493 135.0729 135.2737 133.9000
120.1500 119.9021 119.6984 119.5259 119.2091 119.6664 118.8856 118.9924 119.4321 118.7763 118.2639 118.2766 118.3452 118.2262 118.3896 116.1018 108.1394 110.9136 119.3959 118.5810 118.9207 117.9815 116.7631 107.0016 99.9904 99.6349 103.1940 100.2258 98.3006 124.4016 120.8039 106.1531 101.5247 103.3559 101.7910 107.7317 109.7064 107.2306 108.8998 104.6972 109.3203 108.1377 106.2155 113.7630 120.4816 112.6778 110.0777 101.2653 105.4503 103.6490 114.9450 107.8058 119.4796 123.0724 110.5205 112.0536 122.9441 120.4902 124.5280 119.3233 121.7256 126.7962 123.8491 119.4600
120.2000 120.2178 120.0133 119.8589 120.2774 115.8958 120.5382 120.6302 113.7061 118.7882 119.4517 118.6868 118.8195 118.5529 119.7749 100.9328 103.3117 114.6356 118.9571 119.0653 118.8850 118.4471 106.6420 120.5202 101.5083 100.4705 100.1755 99.7376 103.8953 122.1843 120.4959 120.8951 120.7871 107.6349 105.0856 110.4806 109.3425 109.0214 110.2770 110.9299 101.9257 109.7833 107.8602 105.9281 108.9341 119.8435 116.6325 111.7569 115.0691 118.0928 124.2616 107.0345 119.6392 121.9870 125.0811 124.4802 115.7726 111.6454 125.1170 124.6621 125.3029 122.8631 125.7347 125.8500
120.5600 120.5224 120.3430 120.1786 120.4956 112.8892 119.5814 120.3089 125.3303 109.5735 118.0124 119.0592 119.2293 118.9954 120.1172 108.6694 113.0973 119.8337 119.3289 119.5778 119.0113 121.2291 119.2955 101.8415 99.7802 101.3704 100.6927 100.6417 105.4980 111.4192 113.6996 121.3492 107.0957 108.3087 104.9970 109.9966 110.1234 109.6904 110.0074 105.9727 111.0281 111.2827 111.3273 112.0046 118.8463 115.2585 110.9284 120.8728 119.5593 105.4268 103.0580 103.8221 104.5562 123.8429 123.7907 125.4895 129.4368 127.6487 124.8856 125.2421 125.0533 125.6950 126.1927 126.2100
121.2200 120.8207 120.6535 120.5266 118.6163 118.7348 117.3905 115.3196 121.9135 120.2317 119.8146 119.6368 119.5969 119.6137 119.5179 120.6484 120.7107 119.7646 119.8222 117.7796 120.3698 120.0661 120.4478 119.4670 111.2441 98.8279 103.6068 103.6430 103.8852 101.6221 119.7198 111.0258 125.4495 109.4322 103.7999 100.3164 101.2590 112.7322 110.7291 116.6037 110.6749 109.2596 111.3997 116.7024 114.0095 119.4192 113.7385 99.8568 121.2701 102.8387 105.4145 104.2955 105.0541 106.6095 117.7058 122.6937 124.3017 127.7397 127.1200 127.0025 126.2665 125.5666 126.1604 126.3300
121.2200 121.1074 120.9513 120.8332 120.1329 120.0372 120.7860 120.6168 119.8451 120.0532 120.0792 120.0581 120.0028 119.9330 119.9841 119.8030 119.7813 119.9827 120.5122 118.1788 110.1882 115.9580 114.0646 103.1611 99.6205 102.9710 103.9110 101.9623 104.2325 102.0123 120.7441 102.1269 126.8526 116.4679 111.6635 103.2038 99.4899 111.3484 112.2192 112.4652 115.4338 114.6735 113.2630 112.7175 114.6100 111.4620 115.1089 102.5238 108.6030 118.9919 126.0227 103.4879 119.2045 105.9248 106.2778 103.0604 121.5377 123.8056 127.2685 130.6265 129.9302 128.2270 128.1000 126.6300
121.5400 121.4046 121.2881 121.0821 121.0343 120.9557 120.6938 120.6593 120.6209 120.5499 120.4600 120.2276 120.5092 120.7151 120.3278 120.3642 120.4009 120.4150 120.5329 120.8040 109.5008 118.4562 109.5988 100.0628 100.5620 102.9226 104.9205 102.3069 104.7299 104.3040 104.8220 114.8016 118.8547 117.6591 110.2387 99.1620 106.1844 116.7497 112.3038 113.5485 111.6725 114.5732 119.9379 113.4242 103.6837 111.1646 108.1666 103.2967 102.3065 102.3119 110.7734 116.6849 124.6925 110.0712 105.1950 112.8866 107.7251 112.8417 119.1973 126.3045 129.6225 130.3959 128.6229 127.3800
121.8400 121.6248 121.4445 121.5921 121.2459 121.0153 120.9387 120.8562 120.9305 120.6861 120.6355 123.4402 118.3674 121.2540 120.6498 120.7092 120.7615 120.7522 120.7835 120.7053 110.7409 105.2759 98.2157 102.8064 101.8906 103.8713 107.7418 104.4565 107.6676 107.4078 106.8396 105.1551 101.0554 104.3380 114.4187 100.7951 114.0395 120.0263 111.2538 121.7868 122.0068 120.5433 117.6983 108.7734 104.6539 100.6203 104.5767 102.1939 103.0276 102.7458 109.7440 106.2521 116.2612 121.2059 111.3903 130.5463 121.6991 113.0006 108.9247 114.1292 120.8187 117.0241 124.7821 132.9900
122.1300 122.2124 123.1919 121.2578 122.9201 118.8811 122.2970 121.0988 121.1265 122.1271 115.9386 117.7417 120.4912 121.5614 120.9279 120.9873 120.9322 121.1951 121.6922 121.7603 112.3597 97.1710 98.7209 101.4655 103.9490 112.4737 112.4124 108.1991 113.7561 105.4661 107.0180 110.8429 100.7481 104.3747 102.6098 100.8564 113.4745 110.1194 114.6043 123.7797 117.8290 114.2625 105.1927 103.3806 106.3751 109.0120 119.5324 104.9230 103.7374 103.6452 118.1321 103.6923 98.7970 113.2255 129.8062 125.5345 126.4782 123.3573 118.9087 105.7198 110.1720 106.6721 126.0212 127.8300
122.4000 123.0011 113.0436 122.2841 117.6872 98.8286 122.5631 121.0382 123.4834 108.7853 105.5668 109.9484 122.0216 121.4638 121.3171 121.2795 121.9004 119.1175 121.9016 115.3414 113.5379 114.8931 96.1330 101.2115 106.6030 101.3791 107.8431 111.9457 101.2651 108.6627 100.8700 103.4395 101.0535 104.7501 100.6094 104.9396 109.7105 100.4018 110.8329 122.5320 119.2523 107.2777 105.1008 105.3913 118.2562 117.7366 106.1233 102.1270 103.6513 101.5980 107.5236 107.0626 102.1036 124.4663 111.0271 126.2351 126.0325 127.1384 127.5136 120.7652 121.8947 111.6602 117.0833 114.0000
122.6600 124.9770 111.0177 122.8470 116.7823 108.6252 121.9964 121.1507 122.4220 103.6493 119.0653 123.2581 121.6090 121.6627 121.6393 121.4721 124.0886 102.8423 123.2349 120.7052 118.6913 96.9283 105.6389 111.3093 106.1638 113.9003 114.0719 111.8489 113.4754 109.6233 108.0800 110.1835 105.6549 106.4924 103.3660 102.6050 107.9702 119.5197 120.5922 122.3409 126.5019 106.5240 101.4476 98.4159 119.2544 115.8377 110.5193 102.7959 103.7074 104.0196 104.3245 104.5381 113.4709 124.6499 112.5662 106.6523 127.9810 127.1718 127.5841 129.6042 128.1402 114.0630 109.6843 115.2500
122.6800 122.5498 128.4892 117.9512 118.4558 117.8596 121.9169 121.7084 122.4155 122.1160 122.0099 121.9104 121.9884 121.9745 121.9786 121.9811 121.8958 123.3221 122.9683 122.1406 123.1081 118.6948 107.9945 106.1573 124.5702 115.5747 113.9712 112.4369 111.1560 108.2010 112.9406 105.6786 111.6255 110.1445 105.5342 106.3315 105.7675 111.7052 124.8888 124.7157 124.0996 111.7456 114.6201 115.5978 103.0228 111.1959 110.1591 103.2991 103.7125 103.7524 104.1092 104.9928 104.3195 119.5305 125.5664 124.4951 127.4926 126.6314 128.5832 127.9389 128.4460 131.9411 127.2915 114.5000
122.9400 123.2968 124.1333 119.6266 114.4196 116.0116 122.2692 122.4317 122.2669 122.2934 122.3918 122.3203 122.2887 122.2678 122.2718 122.2706 122.3094 122.0440 122.4574 122.4680 122.2833 122.9302 105.6452 103.1864 109.0118 118.3860 109.8163 110.5505 115.9380 115.2896 105.7221 113.0645 111.9861 111.8759 116.1154 109.8337 107.9150 123.4363 123.8335 124.3371 125.4864 119.9997 108.3188 109.2015 100.6835 103.0048 103.0622 103.7608 103.8689 103.9147 104.1070 104.6996 105.3772 105.2878 113.7793 112.7399 121.7538 127.5045 127.4800 127.9726 128.9963 129.1392 131.0836 129.4200
113.4900 112.4588 110.7142 115.2021 101.2223 116.5810 122.4846 122.8728 122.7387 122.6620 122.6006 122.5838 122.5664 122.5531 122.5522 122.5538 122.5638 122.6111 123.0768 118.5662 123.0027 122.8513 122.6258 108.5947 108.8031 120.8735 112.4802 108.4310 116.4258 115.7856 108.7602 117.4504 114.9258 113.1041 118.5424 111.7654 108.2141 124.3677 124.5297 124.3027 125.3327 123.5289 113.9274 101.7202 115.3116 107.2304 103.8219 103.7487 103.9542 104.5070 103.0759 105.1418 104.7438 106.6492 126.7021 117.2097 116.6892 121.2922 127.9368 128.1894 129.5720 127.2454 125.4672 129.6900
123.4400 122.0274 105.0785 104.8371 111.6602 123.5168 122.8088 123.0939 122.9679 122.9124 122.8845 122.8607 122.8414 122.8305 122.8264 122.8261 122.8502 122.8731 122.8763 123.1416 123.2978 122.9659 120.7187 106.7452 109.3510 120.5143 112.9513 108.0144 113.7476 114.5302 116.0982 115.9852 117.5335 110.8205 112.0899 113.1048 108.4242 120.4614 126.7366 117.1666 124.4588 125.0907 125.1272 117.1591 103.1193 103.2746 104.8388 106.2002 105.0233 104.4372 107.0343 125.0967 116.1633 105.9535 119.2698 109.8818 124.4338 118.0724 118.1346 128.7777 129.0311 130.5525 129.7653 130.1300
123.6800 125.3796 99.5663 105.7892 125.4062 122.6921 123.9143 123.0523 123.2218 123.1833 123.1459 123.1270 123.0994 123.0857 123.0843 123.0929 123.1131 123.1329 122.9947 123.1260 123.2689 123.3047 121.5848 108.5582 107.5953 111.7355 110.3667 115.8556 123.8106 116.5749 116.7258 115.1245 116.4487 115.4202 113.7276 115.8351 120.5883 117.1988 110.8705 114.8865 123.9789 124.7068 112.6972 109.8496 103.2622 120.2717 103.8392 105.9802 106.2108 105.5630 104.3092 104.4489 125.0620 112.5737 114.8277 118.6304 108.6356 126.4227 116.4350 115.5480 126.9423 125.4854 127.6352 131.7400
123.9100 123.7598 103.7035 114.3662 124.1976 126.4041 119.8187 124.1154 123.4664 123.4297 123.4055 123.3788 123.3915 123.3472 123.3338 123.3767 123.3717 123.4300 122.5085 124.0755 123.5779 123.5368 124.2461 112.0723 121.8580 113.1451 109.1343 118.9680 117.5081 125.1860 115.2107 120.9936 116.7841 120.5023 116.0821 113.2354 117.6565 118.9436 107.0452 109.5426 126.1265 122.8410 106.8554 104.1567 101.9081 103.3412 103.3973 112.9759 106.2348 108.6139 106.7283 105.5820 104.3073 120.3250 110.8415 117.1234 115.6267 107.4665 129.0346 119.8255 115.2406 107.6305 108.1316 130.0300
124.1300 124.7182 125.1617 124.7111 121.1828 114.5289 114.7931 124.2979 123.7103 123.6755 123.6587 123.6869 123.2618 121.9905 122.1965 123.2868 123.6592 123.6510 123.5988 123.5669 124.2417 123.7789 124.1370 114.2021 112.2252 112.7338 113.9751 123.1514 116.6765 126.9170 110.2935 118.6779 108.4678 120.1595 119.3126 116.4382 122.7345 122.0161 122.6588 127.9124 123.6967 112.2124 104.4165 106.7712 103.6058 107.1818 104.8731 104.3764 104.2235 104.1421 107.1242 107.8159 106.7321 122.9791 130.3228 122.8420 118.9947 120.1946 121.4984 129.0064 126.1549 119.9807 122.6561 117.0200
124.3400 124.1814 124.1156 124.1253 124.3975 122.5549 125.3621 123.8122 123.9740 123.9197 123.8964 123.8957 123.8755 119.7221 119.8349 123.8213 123.8446 123.8746 124.1435 124.7172 118.3343 124.6114 124.0779 125.1147 113.8697 113.2518 119.6066 123.6040 117.4997 102.2483 107.2004 125.5132 108.7798 117.5922 121.0883 114.7469 119.4403 116.0156 121.3209 107.5884 106.1993 103.1487 102.7330 103.5233 105.3306 113.2808 104.0023 105.0029 104.3149 104.3906 108.2599 109.3588 108.0285 121.3595 128.2691 126.5809 123.3884 120.7820 121.2987 121.8402 117.6533 120.2958 113.3537 117.0200
124.5700 124.6171 124.5166 124.3425 124.2511 124.4560 124.0935 124.2429 124.1818 124.1546 124.1343 124.1278 124.0712 124.6301 124.6403 124.1013 124.2482 124.0986 125.1454 112.2893 103.7008 122.4335 123.6446 120.4738 115.0236 113.5269 122.7961 116.4301 114.7577 122.0868 120.0394 111.0976 117.4809 107.5009 113.8169 121.9834 118.2325 126.8552 122.3012 122.7450 106.3147 103.7355 106.6626 104.3130 104.7779 104.3128 108.8422 119.5525 109.7494 106.1069 107.6453 106.1956 109.2996 104.4135 120.1506 131.2670 129.1932 126.5682 115.7399 119.0508 121.1752 113.3428 107.7459 106.5000
124.7800 124.7682 124.7052 124.6776 124.6297 124.5302 124.5225 124.4448 124.4130 124.3811 124.3600 124.3452 124.3202 124.2752 124.2140 124.1481 124.7227 125.8421 117.1224 115.3790 111.1926 119.6359 125.9932 128.1680 111.2839 116.5399 114.8225 121.2931 117.7301 119.6672 103.3377 109.5770 120.9408 117.4728 105.9166 106.6548 107.6686 112.8487 120.4656 111.0177 102.2307 104.0524 104.2781 102.9349 115.2469 116.0494 112.5093 125.3627 121.1663 104.5980 105.2119 108.7260 111.2912 110.6138 109.9813 117.1694 132.9940 130.0473 129.4563 121.8534 109.7501 103.0101 113.1656 106.5200
124.9800 124.9836 124.9211 124.8505 124.7945 124.7584 124.7098 124.6721 124.6393 124.6039 124.5757 124.5616 124.5500 124.5579 124.4578 124.0592 132.6689 124.6152 127.4717 124.6138 128.3283 105.7015 131.0829 101.3325 103.5123 116.9757 110.7405 122.7475 107.1763 120.1238 103.9460 102.8049 116.6686 116.3663 103.0238 104.6338 104.2259 111.0478 109.6049 102.9132 104.6424 104.4658 104.4029 103.8221 119.5002 108.4110 103.5305 118.2804 120.7457 107.9820 105.6640 109.6709 108.5811 111.0430 111.3066 110.7871 117.5447 131.1348 132.1935 117.1986 115.4157 105.8964 128.0434 106.6600
125.1800 125.1765 125.1175 125.0643 125.0112 124.9637 124.9259 124.8873 124.8552 124.8197 124.8247 124.7501 124.7406 124.7523 124.8643 124.6979 125.3984 106.9601 108.4930 125.3499 114.9319 109.5680 128.8735 105.7999 117.2618 117.8593 118.6432 113.0262 112.0892 108.8461 105.2851 103.4957 107.1149 103.9010 106.0354 103.1977 118.3020 101.6968 103.0836 101.1960 105.4257 103.0683 103.9384 104.3247 104.3983 110.5051 114.4225 112.6618 119.8633 107.5903 104.1491 108.1151 106.6114 110.8862 111.8375 112.9090 110.0129 126.6534 131.2766 118.9807 131.5907 124.3980 120.4648 106.6700
125.3800 125.3768 125.3212 125.2689 125.2151 125.1619 125.1270 125.0760 125.0610 125.1299 124.5629 125.7658 124.9317 124.6621 125.5049 123.0699 128.0031 110.3277 126.0234 124.0851 126.4711 110.7508 129.3303 105.9823 126.1072 117.2091 122.7197 126.2802 125.4605 110.2985 120.5158 108.5060 103.2863 104.5240 104.7234 103.3225 116.5069 110.9908 122.1633 112.8390 112.0337 105.2939 118.7924 104.9212 105.6107 104.3602 123.6374 101.6868 105.4509 106.3984 109.3952 108.8446 118.6385 112.8549 114.5038 112.8352 112.5533 116.1757 133.4307 132.9595 108.3173 132.1737 129.7415 118.8400
125.5700 125.5718 125.5166 125.4590 125.4142 125.3689 125.3722 125.3651 125.2329 126.2296 114.9126 125.6585 124.8127 126.2390 121.2848 109.4849 121.4101 115.7774 108.0734 125.5653 124.3748 112.2290 128.1607 114.7916 128.3355 116.2730 120.9060 127.0314 126.2077 123.0634 104.7043 115.8022 107.0869 104.1231 104.2071 104.4306 112.7622 125.5252 122.2098 119.8573 120.3203 125.3677 128.8356 106.1952 106.9246 107.7587 125.9643 115.0457 105.4192 105.5359 105.1793 106.0125 112.4345 127.1389 119.3538 112.3444 114.7901 113.9974 113.9876 117.5448 133.9545 132.2507 133.9984 118.3900
125.7500 125.7568 125.7048 125.6571 125.6020 125.5816 125.3129 125.0809 125.4258 125.6429 120.8423 125.7843 125.7437 115.2767 97.0529 120.1950 111.4969 107.8897 105.5912 125.4480 120.6120 110.8763 127.4692 118.0606 126.4472 113.2760 111.0744 119.6871 118.5986 124.9896 122.5627 111.2625 109.5774 104.8997 105.0247 104.3208 107.6371 124.6327 125.6466 119.3786 119.2032 115.2441 107.0558 107.9880 105.5652 105.0700 119.3514 127.4624 115.6040 105.9397 105.9488 108.6174 110.2598 125.3532 125.5716 128.2545 128.6943 131.0443 120.8892 113.5701 130.0086 132.6709 133.7048 133.5700
125.9300 125.9405 125.8929 125.8283 125.7909 125.7259 126.8464 127.7848 125.7397 125.7202 126.0817 125.4237 126.0442 107.4180 114.7818 106.5889 116.5149 109.0984 108.5029 125.0522 115.3176 114.7632 127.4181 127.3630 131.3059 127.1500 113.3372 114.4784 113.1196 115.5632 118.1365 101.2933 106.2791 104.2191 106.6240 104.2339 108.3763 125.1008 126.0973 126.7242 127.9109 112.1826 107.4035 105.0703 105.7736 112.7030 127.3530 127.5102 123.4098 106.8898 115.4755 122.0286 119.5656 128.7355 128.3423 127.8651 123.1861 126.3471 116.4968 123.5340 119.8572 128.4411 133.1472 133.7000
126.1100 126.1260 126.0794 125.9975 125.7897 127.5993 105.5580 117.7127 125.8572 125.8358 126.0676 125.8268 127.1888 111.1481 131.7615 109.5143 111.3455 111.4410 110.0579 112.6002 122.3304 114.5350 110.3954 117.5701 124.1168 126.4283 114.8245 113.4483 107.2614 110.3696 115.1616 108.3543 120.5425 119.8544 106.2812 102.9322 121.4853 124.4010 126.1295 126.4736 123.3972 118.6376 105.1684 105.4157 109.5067 113.3661 106.3035 126.2195 130.3317 129.6378 131.0736 126.3008 118.5545 124.7686 128.2181 122.3405 107.2560 129.5609 134.6924 131.1905 125.5599 117.5212 125.6553 133.4400
126.2800 126.3018 126.2505 126.1935 125.8266 128.9900 102.8671 127.0998 126.0230 126.5836 120.8236 126.2292 126.8671 107.6753 108.6919 111.2297 110.3170 110.7905 108.6992 133.9494 117.4540 119.8777 116.9666 109.6717 128.1659 115.0135 107.4907 109.6421 113.5469 107.6732 112.9575 120.7641 104.6604 109.8584 106.3488 112.3884 124.1952 127.1650 126.0692 119.5413 129.3518 118.3172 104.7447 105.9720 105.1645 133.1806 105.1601 93.5052 128.0510 127.0579 127.2886 128.9537 123.7390 120.5967 129.6338 130.9049 114.7187 121.4447 126.4508 128.9083 132.7901 123.3294 118.1672 134.0400
126.4500 126.4756 126.4364 126.3634 126.1643 127.4785 126.5060 126.2475 126.2966 126.4648 126.2666 125.7300 127.9529 108.0892 104.1557 125.8394 124.4083 124.9209 112.0441 116.6955 112.2476 111.4799 99.2423 123.2901 124.6463 103.2819 120.7859 107.9960 107.5659 103.4056 105.1425 102.2629 106.9940 121.3591 109.0134 106.9459 108.2302 113.9161 106.3033 104.2581 124.2697 105.9976 104.7887 105.3608 117.3754 127.5119 121.9142 111.2481 125.0046 128.2476 128.2095 128.4638 128.1852 124.5165 126.4800 129.0068 114.4042 119.8648 127.7497 129.6904 130.2472 129.7258 110.9738 107.3800
126.6200 126.6471 126.5894 126.6792 126.4011 126.2630 126.3638 126.4726 126.3898 126.3368 126.3087 126.2306 126.4226 127.5522 107.9508 122.4853 116.2253 125.8260 112.1163 109.7966 108.9689 120.4056 102.8763 100.2424 118.5227 107.7689 116.2153 102.5595 104.3242 104.9245 104.2084 109.5997 126.9238 119.5475 108.5164 106.1122 106.9948 109.7602 109.0046 119.3316 100.1904 108.1675 108.8751 107.1581 102.1082 121.9913 131.4085 128.8314 129.9537 128.0926 128.2915 128.3730 128.5751 129.3042 124.6396 123.1076 122.6706 113.2735 128.8234 128.8075 129.5014 127.3688 111.4443 107.5000
126.7800 126.7631 126.4090 125.6828 126.6623 126.7277 126.6520 126.6065 126.5944 126.5935 126.5659 126.1556 127.6964 114.1581 127.7355 116.0575 115.1572 114.0557 115.4570 103.3623 101.1630 120.1306 117.4841 115.5964 124.8165 114.6790 105.0230 108.0686 105.1635 104.8837 105.2710 117.5629 124.6639 124.1725 115.6098 114.7937 107.1447 104.3413 106.3791 121.0671 110.2219 108.2944 108.3525 128.7044 123.3139 118.4696 128.2443 129.9388 128.1841 128.3361 128.4114 128.5087 128.5092 128.4371 128.8852 126.9990 127.0245 129.8380 129.6533 129.2132 129.1396 122.0821 120.8455 119.9200
126.9400 126.9377 124.6336 126.6362 126.7509 126.8458 126.8021 126.7849 126.7577 126.7451 126.7087 126.3016 128.1724 115.8471 124.8516 125.4112 117.2127 115.9796 116.5517 112.6396 113.3429 124.1637 115.0673 105.8806 129.1865 115.1406 113.8826 108.6136 105.0572 105.2228 104.9915 108.8415 127.5011 119.2835 111.9558 114.5467 108.0438 105.7311 115.6814 107.7064 111.2133 112.3398 123.0831 126.4616 126.5042 124.9150 129.6107 131.4970 127.6620 128.6233 128.5112 128.6158 128.7398 128.7763 129.1011 128.7883 129.5248 129.0123 129.1025 129.6606 129.2117 130.7036 104.3076 107.6500
127.1000 127.0926 127.3381 127.0371 127.0402 127.0051 126.9765 126.9522 126.9342 126.9203 126.9638 126.3861 127.1224 117.7756 110.0345 121.3845 123.7106 115.2693 117.6672 119.1542 113.5979 124.8298 105.9248 114.4869 109.4910 107.0617 121.5510 102.6310 105.0254 105.5899 105.2239 103.8545 125.0456 126.9448 112.6899 112.6968 109.4045 112.3726 125.5014 128.5091 117.8218 107.9033 129.2891 130.6330 125.0619 123.2551 123.6124 130.6788 127.0853 128.0943 128.5587 128.6502 128.8160 128.8677 128.9783 129.0921 128.5658 127.7519 130.4757 126.8114 126.6834 131.4535 127.3619 107.6600
127.2600 127.3262 127.2213 127.2374 127.1980 127.1677 127.1470 127.1183 127.0986 127.1191 126.8315 127.2582 110.4890 111.3035 118.6433 129.4312 124.1987 112.5484 118.9052 120.4639 112.5234 114.4328 105.0018 108.2499 111.6124 107.7340 105.6837 104.7856 105.4520 105.8208 105.1627 105.3768 125.0530 121.6764 113.1727 121.8733 113.9531 111.7749 117.3526 110.5529 111.2652 105.8149 103.2609 126.4220 127.2835 125.0571 130.9583 130.8689 130.7879 128.4488 129.9238 128.9942 128.8938 129.0076 129.0679 129.1565 129.2505 129.2808 129.7260 134.7710 123.1170 112.5201 115.4725 127.3000
127.5500 127.4568 127.4227 127.3862 127.3605 127.3360 127.2912 127.2692 127.2615 127.2771 127.3417 119.3198 119.1914 116.9053 118.0812 126.4517 123.8669 121.2191 119.9025 120.8641 118.3267 105.8818 104.8568 105.0683 105.5077 103.7712 119.5038 105.1887 104.9267 104.6290 106.0249 110.3673 108.5634 118.3697 129.3007 122.9257 117.0681 112.8864 107.7023 110.0025 105.2247 106.3040 106.2637 112.2802 131.2601 128.0580 131.4895 129.1212 128.2622 132.0663 115.1391 120.3353 129.8740 129.1158 129.2597 128.9935 129.2883 129.4692 129.1428 129.3480 130.3478 133.7668 110.6466 110.8200
127.7000 127.6109 127.5762 127.5441 127.5223 127.4643 127.5639 127.5158 127.4233 127.4408 127.3950 127.5096 118.0425 115.6761 103.5488 128.3858 124.5153 121.7797 121.8253 120.9731 109.4495 105.0061 105.9797 106.6510 106.6134 105.4361 121.0357 110.4269 110.9636 108.3009 120.6091 112.0607 131.2410 111.6925 125.7447 123.2531 127.7780 111.0687 113.9626 130.1938 119.1115 106.9969 107.2792 105.4777 132.4224 125.5883 126.2426 131.2578 138.1962 130.3170 131.9244 131.5236 128.8383 129.2586 130.9211 132.9461 129.3990 130.3302 129.6276 129.8357 129.0075 132.2302 127.5343 115.9600
127.8400 127.7650 127.7325 127.6943 127.6596 127.7583 126.9585 127.1918 127.5878 127.5815 127.5010 126.8886 119.5270 117.9545 106.2958 123.3402 110.4571 119.9587 108.8180 122.0460 118.8729 105.3092 106.1818 107.3100 106.9870 106.4974 108.2330 112.7200 108.8387 109.3972 121.2631 115.8922 121.6321 113.6318 125.9674 124.4020 126.2863 123.2231 108.0627 116.3359 121.0967 107.1408 105.9941 104.9733 130.8827 130.8935 129.3742 123.1577 109.1168 133.0182 132.3807 130.8914 129.8577 129.3444 129.2918 129.5964 123.6448 127.8823 129.4420 130.8025 130.8701 121.2647 115.8738 108.0400
127.9800 127.9101 127.8808 127.8476 127.9415 126.5050 134.6949 127.4145 127.7279 127.7287 127.7331 127.5593 123.3594 109.5279 106.1313 111.6320 109.8963 105.6961 117.4210 124.6074 114.0492 106.0318 105.7860 108.0478 107.9106 106.9289 110.7056 107.9584 105.6070 116.5289 105.8673 115.8010 120.2826 111.6180 129.5301 124.0539 125.2263 115.8137 113.7922 115.8014 123.2178 114.4910 106.2968 114.4734 132.3448 130.8562 129.7003 129.7912 118.6265 133.2899 131.1382 131.5500 132.5461 129.1234 129.8334 129.6084 117.7375 131.0112 129.8956 126.2487 123.4424 128.3431 126.9565 110.4200
127.9800 128.0000 128.0200 127.9100 127.9200 127.9400 139.0500 127.8400 127.8500 127.8700 127.8700 127.7400 122.4400 105.7500 105.7500 112.7400 117.2000 105.7400 124.5000 123.9400 116.5100 105.8300 105.8200 129.2100 108.1000 108.5400 106.0200 124.3700 117.0200 114.9000 109.6700 122.5900 109.4700 109.6400 128.3200 125.1200 125.1200 126.1600 115.1900 115.1900 116.0500 113.6700 107.3800 107.3800 131.1900 108.2600 129.6600 131.1300 131.6800 130.8800 131.4600 131.8800 132.8600 129.5300 111.6100 129.6800 129.7500 129.7500 129.9000 107.9700 124.4800 119.6100 122.1200 122.1200
