116.3000 120.6900 112.7700 115.1000 114.2000 113.7200 113.1900 112.6800 112.2600 111.5200 110.2200 110.2200 109.5700 109.7300 108.7300 108.7500 101.7400 109.6900 109.5200 105.0600 94.1900 111.5200 112.1900 112.6900 113.2200 114.2100 114.7000 115.1600 115.9300 116.3100 116.6800 117.3800 117.7100 118.3400 118.8400 122.8500 119.4800 119.7500 124.0000 120.5000 120.7300 126.0800 125.2400 121.8300 122.0300 122.2300 122.6200 104.7300 123.1700 123.3500 123.6900 124.6400 128.2300 110.4900 115.5500 104.0600 105.4700 103.4600 108.6400 103.5100 116.6800 103.9100 104.1700 104.2900
116.2100 118.3614 114.3335 115.0343 114.2302 113.6203 112.9629 112.2779 111.5790 110.8729 110.1762 109.5074 108.9088 108.4755 108.0706 106.5837 107.6177 108.6673 108.6609 108.8770 101.3440 102.3584 112.1041 112.4549 113.2641 113.9050 114.5315 115.1157 115.6751 116.2109 116.7242 117.1640 118.5255 118.0890 118.7082 119.9540 119.2784 119.3298 121.0711 120.5118 116.8285 122.7558 122.1270 121.2542 121.5461 122.8165 125.2551 121.6240 116.8027 113.1698 115.5022 121.0447 121.1891 112.7601 105.1824 103.4229 104.6021 103.0976 111.3053 101.8746 108.1113 104.8592 109.8586 104.2900
116.1300 115.4348 115.0852 114.5199 113.8859 113.1946 112.4742 111.6973 110.8960 110.0646 109.2190 108.3815 107.6271 107.0004 106.5941 106.7010 106.7095 107.2312 116.2918 97.4029 94.5911 107.1436 113.6675 113.0976 112.7284 113.5068 114.1799 114.8093 115.4113 115.9763 116.5180 116.9240 118.2678 117.9008 118.2271 118.5656 119.2792 120.7340 123.3259 121.3280 119.5277 122.7507 122.5283 123.6663 122.8818 128.5127 116.3635 118.1143 105.5313 110.2348 118.1306 104.0252 110.3511 110.4856 102.1575 102.8936 102.9743 102.4485 108.2795 104.0682 104.4839 102.3376 109.4351 107.6300
116.1300 115.5425 114.9285 114.2620 113.5551 112.8035 112.0061 111.1559 110.2361 109.2664 108.2315 107.1697 106.1579 105.2759 104.6859 104.5080 104.8982 105.2723 107.2176 107.0783 100.1257 107.7419 101.8421 110.6592 112.2547 113.1940 113.8711 114.5479 115.1763 115.7689 116.3245 116.9116 117.3254 117.9007 118.4231 119.1391 118.7869 113.0479 101.9923 122.3186 113.2205 107.7863 113.8654 114.4414 112.2403 105.6636 100.1411 107.0382 105.0681 115.4166 110.9134 105.1974 99.0184 105.7595 102.2133 102.5355 101.6606 104.3560 103.0663 105.5819 105.5421 121.8146 118.8499 126.8900
115.5800 115.3202 114.6598 113.9589 113.2597 112.4591 111.5944 110.6533 109.6133 108.4841 107.2398 105.9001 104.5006 103.1954 102.2134 101.9805 102.5152 103.8941 104.7955 107.2056 107.5288 111.4935 106.9150 111.0915 111.9591 112.8283 113.6058 114.3105 114.9729 115.5937 116.2074 116.2396 117.2746 117.5805 117.7697 116.7625 124.7125 113.9449 114.7351 120.5029 118.6420 120.5153 115.1919 120.6691 115.3571 106.3734 103.4700 100.6530 101.1996 102.5364 104.1890 108.7350 118.8612 110.5310 102.5010 104.3084 112.1970 113.7147 101.9884 103.9838 103.8761 111.6173 131.1735 127.2900
115.5300 115.1816 114.6095 113.9386 112.9876 112.1903 111.2490 110.2294 109.0777 107.7815 106.3059 104.6218 102.7015 100.6452 98.9597 98.4347 99.6788 101.5601 103.6295 105.4068 106.4319 108.9261 109.6659 110.4805 111.6721 112.5718 113.3880 114.1252 114.8175 115.4564 116.0644 116.5819 117.0910 117.6948 119.4065 122.3942 120.8367 120.1282 120.1012 119.9150 104.7851 122.8128 109.5683 112.8486 109.4329 99.2460 112.2989 112.3604 108.3651 106.1184 117.7744 108.2324 103.6488 114.9704 101.6677 105.6653 118.3586 117.3826 102.7735 103.7418 107.2678 114.8406 116.4174 115.6700
115.4900 115.0619 114.8436 109.1938 113.3750 111.9080 110.9947 109.8988 108.6590 107.2233 105.5254 103.4757 100.8750 97.6740 93.3912 92.0634 95.2249 99.2199 102.1442 104.4493 106.3668 107.8346 109.1319 110.6254 111.3002 112.3878 113.2284 113.9946 114.6993 115.3667 115.9970 115.9339 116.9540 105.4042 97.5648 117.0928 117.8930 119.2267 120.4509 120.2853 115.9377 106.2758 117.1995 104.6184 104.7022 103.5415 103.8910 107.2107 107.5998 108.1084 108.9710 108.0262 109.2801 109.5051 111.1352 109.4870 120.7051 101.6479 103.6301 104.1851 114.8846 114.8013 114.5926 115.0400
115.4600 115.0081 113.7425 113.6372 112.8554 111.8381 110.8435 109.7065 108.4008 106.8695 105.0096 102.6733 99.4487 94.2029 87.8104 86.4353 90.0515 97.1976 101.0504 103.8463 105.4927 106.6525 83.7647 109.5363 110.7867 112.3032 113.1403 113.9096 114.6246 115.2875 115.9280 116.2553 117.5647 118.8807 110.8541 100.3114 97.9322 101.3358 122.4812 106.4080 117.2613 102.7127 100.5746 99.1777 101.1690 102.8029 104.3323 107.0905 107.3861 107.3921 108.3048 108.0303 108.5837 109.1745 114.4332 101.0921 102.6869 103.1898 102.8942 114.2230 113.1609 113.9627 114.7005 114.9900
115.4500 114.9845 114.3292 113.5177 112.6777 111.8178 110.8018 109.6605 108.3340 106.7776 104.8762 102.4491 99.0405 93.0425 85.7152 84.3387 88.4179 96.5108 100.7359 103.6935 104.8122 108.0334 84.7926 109.4742 110.8843 112.2670 113.1194 113.8798 114.7739 115.2924 115.9008 116.5074 116.8741 115.7862 108.3259 103.5031 102.5145 103.5142 123.5640 109.3970 118.2340 103.7422 101.6914 100.0408 103.4365 104.8692 104.1640 109.9214 108.3763 108.0389 108.6230 109.9765 107.6849 108.1120 112.3759 102.0900 103.6112 103.6704 109.0651 113.3852 115.8231 116.9753 115.9733 114.9900
115.4500 115.0199 114.3302 113.6008 112.7853 111.8802 110.8855 109.7586 108.4699 106.9591 105.1481 102.8844 99.8644 95.4223 89.3618 88.1800 91.6252 97.8487 101.4466 104.1200 104.0704 107.5756 101.6240 108.7706 110.6830 112.3442 113.1783 113.9185 113.2456 115.2605 115.9050 116.4478 116.8118 116.3173 103.4087 110.6558 116.8170 115.6101 115.0309 120.0739 117.2048 103.6618 102.8703 101.3840 107.8566 112.5709 114.0107 113.0454 120.9519 111.2270 118.0862 113.1196 101.9945 101.4402 101.4941 115.1702 106.3125 108.1260 106.1618 105.3538 130.1108 124.6044 121.2275 116.2800
115.4700 115.0983 114.4173 113.6937 112.8983 112.0322 111.0757 109.9991 108.7856 107.3955 105.7706 103.8394 101.4252 98.8712 95.4279 94.4505 96.9853 100.0077 102.0314 103.8726 106.8832 108.7196 110.9356 107.0468 111.7319 112.4280 113.2803 113.9090 114.0065 113.3847 115.9296 117.0201 117.2272 112.7081 118.4359 110.7856 101.6295 98.8112 103.4033 105.1053 102.2384 98.3844 100.2527 100.4275 102.4145 103.4483 104.3212 106.1326 111.0244 112.6056 112.7393 110.2076 102.0379 105.1854 107.7436 112.9814 108.6735 108.0174 106.6171 107.3815 112.0748 105.4408 110.5141 116.5700
115.5100 115.2265 114.5641 113.8602 113.0965 112.2699 111.3626 110.3585 109.2503 108.0051 106.6137 105.0610 103.3386 101.5411 100.2018 99.7774 100.6956 102.4279 104.6806 111.7916 106.7600 108.7172 106.2014 111.8020 111.8809 112.6418 113.4520 114.2144 114.9998 115.8869 117.8774 113.4790 117.3201 120.9721 102.0173 101.0268 99.9523 103.3037 118.7839 102.4226 104.5004 102.3815 101.9466 104.8125 104.5155 106.3840 108.5641 108.5047 123.0156 109.6986 112.2559 107.9545 103.2338 103.7148 106.8213 106.1723 106.7691 107.8871 113.7137 105.8278 105.4155 106.7148 111.2954 109.8400
116.0200 115.3156 114.7449 114.0780 113.3533 112.5752 111.7288 110.8152 109.8218 108.7444 107.5690 106.3279 105.0676 103.9293 103.1062 102.9022 103.4201 104.5219 105.2293 110.9526 107.8769 109.7371 99.3947 111.4476 112.0792 112.9125 113.6965 114.3270 114.8963 115.6351 108.9223 104.1441 113.8649 116.5468 102.2629 100.3698 102.5286 107.5427 110.6810 110.4399 108.6889 109.6815 105.3743 103.6822 107.6598 108.9266 109.8823 112.5494 119.2000 104.2745 111.8937 98.4601 100.4485 112.6364 100.1394 102.0628 105.6088 110.9000 120.6484 114.2338 116.2565 116.5393 112.3914 104.2500
116.0900 115.8433 114.9436 114.3438 113.6623 112.9319 112.1637 111.3363 110.4581 109.5337 108.5659 107.5950 106.6643 105.8710 105.3595 105.2343 105.5365 106.1371 108.9836 111.2118 108.9295 110.2519 107.4540 110.2508 112.5975 113.2679 113.9356 114.8159 115.6591 116.6602 120.3129 104.4671 102.1845 97.4296 100.8079 102.4045 103.5556 113.0813 114.8109 106.9382 109.9155 114.8184 116.2301 109.2769 112.3950 110.6767 111.1863 111.7501 112.1293 109.1284 113.7926 109.7173 105.4695 105.0873 105.3600 117.3825 102.7529 109.6827 120.9579 122.0244 122.9930 124.8546 112.3599 110.5300
110.6300 115.2260 115.2243 114.6483 114.0060 113.3364 112.6354 111.8950 111.1307 110.3428 109.5439 108.7850 108.0757 107.4971 107.1484 107.0604 107.2704 107.7426 107.4018 109.1362 109.9574 110.5237 111.8238 112.2858 112.9644 113.6707 114.2196 114.8252 113.2884 116.7848 126.7490 107.4156 114.7403 100.8329 99.8760 97.9301 97.7640 114.4366 103.2456 101.2720 100.1028 102.8147 106.0774 108.9693 109.4045 115.5781 117.5965 117.7236 115.0369 115.1436 112.1360 113.6359 114.4568 107.8130 106.7570 107.5483 102.8838 110.5316 118.5002 119.7958 120.4305 121.0970 114.9754 117.4800
116.2600 116.0734 115.4989 114.9641 114.3790 113.7709 113.1277 112.4745 111.8080 111.1404 110.4832 109.8650 109.3144 108.8920 108.6351 108.5738 108.7208 109.0722 109.5353 110.1591 110.7835 111.4494 112.1148 112.7358 113.3941 114.0712 114.7412 113.0329 121.9927 125.5302 102.8210 99.4211 106.3205 100.4059 105.7282 104.5356 99.7790 115.8145 103.5783 98.1788 103.5194 109.7957 100.3337 109.4733 110.4792 108.8107 109.9587 111.6496 111.4311 113.0817 117.0098 119.3008 116.4380 118.6836 115.4550 118.9053 105.0627 110.3573 116.9133 119.2130 119.5523 118.2508 104.7562 104.2700
116.7300 116.3654 115.8360 115.3062 114.7773 114.2161 113.6586 113.0675 112.4883 111.9368 111.3744 110.8575 110.4323 110.1024 109.9108 109.8564 109.9761 110.2374 110.6201 111.0747 111.6135 112.1711 112.7487 113.3291 113.9319 114.3378 115.3094 115.4760 116.4075 114.9963 97.9835 97.4314 100.1076 101.4766 101.4830 100.3751 112.4069 114.8610 102.5555 100.0226 98.9561 102.5985 101.1442 113.3418 119.1970 114.3974 124.3625 113.4383 114.1360 112.5159 101.8891 101.0941 110.7020 107.0756 110.0736 103.1509 111.6942 126.5831 120.0195 121.8663 119.4678 112.9403 114.9754 104.2800
116.8300 116.6321 116.1568 115.6832 115.1890 114.6834 114.1717 113.5348 113.1506 112.4231 112.1804 111.7738 111.4308 111.1710 111.0131 110.9712 111.0756 111.2760 111.5768 111.9622 112.3996 112.8820 113.3696 113.9185 114.3695 114.9456 112.8764 112.3814 115.5024 116.8078 114.6553 115.3713 101.0276 103.1453 105.2158 105.8274 114.3041 103.7087 100.0427 98.6146 99.9893 102.9609 106.6630 102.5113 102.4892 103.7940 104.1873 114.1066 114.8970 117.6833 100.7131 101.6275 110.3841 105.5324 116.9173 117.9970 101.3145 110.7192 128.6385 127.0953 122.7811 127.7257 129.5228 121.4000
117.2700 116.8931 116.4534 116.0752 115.6008 115.1385 114.6549 114.9679 115.5316 113.4117 112.9601 112.6276 112.3330 112.1448 112.0458 112.1984 112.0389 112.2187 112.4568 112.7695 113.1458 113.5446 114.0138 114.3753 114.5451 112.9129 105.8862 111.6838 110.0825 114.3389 115.3429 101.2499 102.6957 102.9240 104.4143 106.5045 105.8680 105.9965 98.6546 101.2927 102.5861 111.4817 114.9658 107.6594 109.5010 108.3609 104.8274 104.2645 103.9636 105.1146 100.9999 102.2199 101.9045 102.4105 101.9825 101.9751 105.7764 106.1043 113.5092 112.3552 109.5438 106.9813 130.5123 131.6400
117.3800 112.1459 116.8994 116.4205 116.0207 115.6210 115.0730 114.9897 111.5716 113.9581 113.7209 113.3771 113.1938 112.9851 112.3564 111.0699 112.8294 113.0160 113.2680 113.5374 113.8424 114.1943 114.5694 115.0075 114.3007 95.0154 99.7863 98.6407 95.3102 103.0042 95.9497 101.6997 101.5185 100.7557 102.1905 105.7723 106.9541 111.0513 103.9446 99.5240 105.8750 106.2389 105.6490 104.8338 113.4519 113.2018 116.6331 107.4780 104.4243 101.0762 100.7865 101.3174 102.5226 102.6047 103.0092 101.6505 120.1972 118.5594 121.9356 120.3335 112.9862 115.3028 109.5168 112.5500
117.8100 117.6610 117.7996 116.7523 116.4544 116.0465 115.7327 114.5050 111.1082 116.1290 114.3335 114.1812 113.8987 114.0043 111.4970 113.3799 111.5593 113.7152 114.0386 114.2261 114.4959 114.8144 115.1403 115.4912 116.1637 121.2094 117.4970 95.0187 99.2956 95.9673 104.3778 99.3285 100.6931 100.1989 103.6787 106.4219 103.3258 105.9550 108.1613 100.4335 109.2796 113.8447 108.8596 109.7103 106.5126 109.6942 114.3295 116.1293 118.3834 100.1551 106.8157 108.0253 101.5558 102.5896 102.7205 103.4394 102.6110 99.8203 117.3049 124.7213 126.4418 120.4576 121.3527 121.3000
118.3300 118.1024 117.0279 117.2006 116.8480 116.5136 116.1840 115.4693 114.7757 116.8307 115.1899 114.8172 114.7011 114.5947 116.1119 111.0306 116.3819 115.2930 114.7046 114.9266 115.1094 115.3978 115.7283 115.8825 117.6587 95.2127 109.8486 92.8934 96.8548 96.9005 109.8026 96.5316 99.0540 103.7255 103.9900 105.7069 102.7287 110.7652 104.4131 109.1285 109.4672 109.5122 119.5449 112.4873 110.4275 120.0374 108.5853 105.9310 108.1558 107.6272 112.6019 113.0339 110.7017 102.8815 103.3953 104.2620 106.7433 105.1830 104.1044 110.3402 117.2612 117.1433 124.7787 125.1500
118.3600 118.3221 118.1122 117.5860 117.2714 116.9437 116.6732 116.3271 116.0594 117.7352 115.7111 115.4904 115.0708 114.0905 104.3804 109.4055 98.7750 103.0009 116.5744 115.4880 115.6959 115.9525 116.2079 117.5325 116.6333 109.9713 111.7490 94.0061 112.2386 92.7229 96.1366 104.2981 101.9109 99.9099 102.2911 105.7379 102.5750 101.9945 109.5657 107.0382 108.1755 110.9023 113.6922 114.5618 111.2963 118.0521 119.0150 115.0997 113.3856 107.6079 109.2201 103.8722 117.5051 101.4248 101.8449 101.8846 102.7658 101.9076 103.2811 107.3224 103.7446 107.9540 114.6736 123.4800
118.8300 118.5550 118.1912 117.8187 117.6682 117.4307 117.0988 116.8360 116.5931 116.3392 116.1943 116.1181 115.8730 114.7273 108.5622 99.2215 108.5220 114.7743 116.7070 116.0832 116.2768 116.4910 117.9884 110.4272 117.1670 115.7310 102.5210 99.9985 106.0117 98.8957 114.4972 119.9584 110.1662 99.8303 104.3796 102.3032 105.8336 103.3474 109.4297 108.4491 109.2947 109.4658 113.3855 117.7576 113.3958 116.3533 120.4068 121.4444 121.4398 116.7307 108.3180 109.6037 110.1168 105.5829 107.9124 120.4483 105.6966 117.5093 119.1883 120.9068 103.4584 107.2454 104.2996 107.9300
119.2000 118.8249 119.6025 118.5733 118.0043 117.8397 117.5296 117.2563 117.0381 116.8411 116.7485 116.2248 116.3905 116.9025 110.6321 111.8811 113.7192 116.2997 116.3174 116.6163 116.7762 116.9284 116.4460 106.1999 109.0865 104.3018 104.1137 99.6284 99.1288 99.2902 116.4410 117.9995 108.3934 107.9835 102.4539 99.6354 105.7432 109.2191 108.4034 110.4209 110.6605 110.2787 109.5724 110.1917 109.1903 114.8815 120.6596 121.0821 120.7436 122.6813 123.7006 119.7616 118.8740 108.7661 109.5114 105.1253 111.0433 117.6208 129.6890 128.6790 121.4243 123.9426 123.9217 116.8900
119.2600 119.3968 114.9088 118.6723 118.4374 118.0982 117.9568 117.9290 117.8760 117.9729 116.7505 118.1360 117.0334 116.9405 117.5891 117.0091 117.2984 116.9529 117.1593 117.1768 117.0488 117.5036 119.1342 100.5054 100.6386 101.8611 100.2690 99.9735 100.3802 116.7856 122.9163 113.3005 100.5151 104.3826 99.1622 99.0792 103.7440 107.1011 108.8179 102.3187 103.8614 111.4674 111.2674 111.8144 110.6882 111.8648 121.0642 120.2634 121.5473 121.1868 119.2981 121.2023 120.6457 120.8635 122.7286 116.3682 109.5896 107.6676 115.3327 116.9781 126.8210 129.0683 129.5200 130.3700
119.6700 119.3651 119.5010 118.8610 119.0771 119.2494 118.5964 113.9213 116.6488 115.5951 100.2636 118.5710 117.4280 117.3930 117.8556 118.4564 117.3414 117.4857 117.4763 117.6052 117.6618 117.7011 109.5851 124.1223 93.4527 104.4482 99.8525 107.5752 95.3293 118.5915 119.1177 120.2194 116.9745 97.6593 98.4431 103.8383 100.3417 110.9245 102.4465 112.6160 99.7251 111.4320 110.7554 111.8559 113.2803 112.9405 113.6342 114.5631 121.6188 104.0237 122.4948 118.8609 123.8543 124.0069 124.7819 124.9690 124.3636 124.3807 121.8639 112.6988 116.6051 110.7529 125.0432 127.3600
120.0100 119.8101 119.5817 118.7616 117.7753 119.0583 119.1761 118.7940 116.3378 114.8469 119.1806 117.8864 118.0014 118.7447 107.1342 106.3930 119.3259 117.9191 118.2657 118.2526 118.0165 118.7942 108.7318 115.2754 107.9584 96.8668 100.5074 103.0379 101.0198 114.5203 103.2335 118.7209 104.1979 103.1905 98.6682 100.0817 107.0571 110.7860 112.6084 112.9209 110.2567 111.5442 111.7414 112.2570 112.7328 113.8555 114.1074 112.8060 113.3747 118.9654 102.7615 99.5427 124.1197 124.5332 124.6727 125.0514 125.2394 125.9775 125.3982 122.8600 124.7480 112.6603 115.0735 115.5700
120.4200 120.1281 119.9199 117.5331 114.5003 119.4954 119.0689 119.2772 118.6887 118.9857 118.3406 118.5386 118.4471 118.6950 119.3043 118.7921 118.5824 118.4199 118.7200 115.0189 119.3502 118.7945 112.2919 95.4143 119.3064 99.1949 102.2494 103.9304 102.6496 102.3815 106.6937 107.5176 123.3773 114.3245 102.9982 101.0615 99.5738 108.5554 111.2861 113.1908 112.6717 111.3898 115.0110 115.3714 113.6454 114.1090 108.1686 113.1692 113.7580 100.2992 104.4061 104.5914 115.3477 122.0726 124.6364 125.4023 125.8350 126.3317 127.0536 126.9558 126.4876 126.8145 125.0395 114.2000
120.4200 120.4065 120.2456 119.9897 120.0882 119.7378 119.5152 119.3635 119.2688 119.0897 119.0812 118.9346 118.8643 118.6519 118.4488 118.6462 118.7285 118.8479 118.9091 118.9906 118.7216 112.9463 121.3957 99.5873 102.1683 101.1917 102.8252 103.2176 104.2226 104.4944 104.4026 106.2791 109.6886 120.9120 102.3188 104.7989 100.7817 110.4313 112.6178 113.0701 117.9114 112.2608 112.7427 113.0050 112.0584 114.1677 112.6511 106.2336 110.8483 102.9067 123.3869 107.0597 121.0320 121.8848 120.9252 126.0920 125.5110 124.7714 124.2722 126.6580 127.5761 127.9601 128.3926 126.7400
120.7700 120.7188 120.5438 120.3540 120.0974 120.0244 119.9116 119.7333 119.6464 119.4476 119.3462 119.2608 119.4500 119.4499 119.2172 119.2285 119.2250 119.2503 119.4719 119.7036 103.3180 96.8999 111.3311 101.8677 104.3353 109.3098 102.7508 106.0070 109.3345 103.4627 106.3992 106.8807 106.8386 115.3936 105.8991 99.4455 110.0298 116.1768 112.7359 112.0348 114.9232 115.3973 117.0464 115.8598 103.0433 107.2209 99.3790 98.3334 100.5629 101.8410 100.0230 113.7588 115.4266 107.7771 102.9405 123.2029 127.4288 120.1700 117.9928 122.9348 127.9728 130.4092 127.0405 128.8600
121.0700 120.9999 120.8285 120.5746 120.6236 120.5307 120.1284 120.1051 119.6807 120.5995 120.0298 121.0101 117.2507 120.4367 119.7121 119.6226 119.6848 119.6400 120.4536 118.5786 94.2020 97.8167 98.0795 104.1078 99.2457 97.2269 108.3235 102.6007 105.8738 109.7478 106.7922 107.2030 99.9147 107.4732 99.1902 100.0321 106.6747 120.5257 116.0549 119.5070 121.1717 123.3749 122.3577 109.3187 105.6278 102.2717 108.2339 102.1643 102.2876 103.2554 103.6210 106.5294 113.2043 114.4466 114.8054 111.3769 121.5000 127.8292 129.9857 127.2005 127.3996 118.4868 119.5799 128.8700
121.4200 121.2808 121.1574 120.6005 119.9087 119.5566 120.4266 119.9727 121.3129 114.7074 109.1724 117.1265 113.7190 115.4722 120.2631 119.9483 119.6332 119.7105 120.5637 119.0124 108.7245 98.1730 98.3649 101.9863 104.7230 113.2061 105.2652 108.1920 106.6707 109.7983 102.1624 106.4808 109.5679 106.8319 100.1914 100.0676 113.2383 114.1391 111.4484 122.2154 117.3226 121.3762 118.1655 104.3086 104.9162 103.0029 112.6715 105.3106 106.1274 102.8899 103.1353 102.3188 100.5433 97.7748 106.8908 117.8984 114.9806 119.0836 120.5771 128.3501 129.7495 103.2973 119.7986 129.2300
121.4200 121.5568 121.4642 121.5898 117.8978 117.2041 120.3521 118.6275 122.4134 104.2065 111.8024 114.8869 120.0761 119.9424 120.3366 120.2857 121.7750 121.9390 121.2142 114.2633 109.6057 110.5796 99.6436 100.9454 111.4734 99.5097 102.9211 103.7402 111.2373 110.7464 101.2868 99.0269 110.8545 102.5999 104.1870 103.0387 104.4368 103.7726 115.3255 123.7302 115.1710 114.9005 114.9632 109.3669 104.5059 108.6690 99.1359 102.1433 105.7667 103.1017 103.7524 103.5500 104.1983 117.7445 106.9935 110.1481 119.7365 123.8989 115.0880 121.5492 128.3648 109.0719 131.8536 129.2300
122.0200 121.8484 121.9284 121.3742 117.3839 118.1907 121.5434 120.9003 123.8983 112.4879 121.3154 109.5837 121.6127 120.8713 120.6798 120.4933 122.7135 101.5561 123.0620 121.3710 112.4623 101.5748 97.4476 104.7964 119.4034 106.9208 106.0078 111.6375 112.7759 110.1635 107.2521 101.1115 110.0367 100.8092 109.8495 104.7375 107.3316 112.9160 115.2049 119.3038 124.9336 105.7227 100.5313 100.4667 103.0537 112.7142 103.0634 103.2307 102.6622 103.2201 103.4297 103.8753 103.8423 114.4547 113.4325 108.0432 111.7585 121.9915 119.6183 117.7364 120.1671 111.4589 129.8002 129.3200
122.2800 122.1564 119.8034 120.4785 121.8697 121.8569 121.3503 121.2730 121.4399 121.3736 122.0845 122.1548 121.0714 121.0536 121.0492 121.0326 121.0764 119.8311 122.0733 121.1869 122.0961 106.4618 105.5020 100.5356 116.6056 115.9232 106.2720 109.1745 106.6846 111.1710 97.6688 116.1312 109.8757 107.2659 105.3619 105.0772 108.0050 113.8475 124.8423 123.8442 120.6401 115.3357 114.8329 113.6002 100.3137 103.3098 102.4304 102.9402 103.1451 103.4917 103.9437 103.8281 105.0106 107.7122 107.8812 115.1229 114.9548 121.0893 108.2457 119.8669 122.9010 119.6502 118.6716 118.4400
122.3100 122.1569 124.3124 117.9688 123.2069 122.0181 121.8335 121.6971 121.5358 121.4986 121.3025 121.3134 121.4051 121.3936 121.3674 121.3624 121.4029 121.3459 121.2890 119.1002 121.4088 123.1546 106.1481 99.8810 113.7214 117.7515 106.2309 107.9415 114.2930 109.0603 108.1046 113.4327 110.0882 110.6195 112.1366 111.9659 106.1238 107.0945 117.1390 123.6208 122.7367 121.1485 110.4670 112.7079 110.3925 108.1376 109.4371 102.2274 104.2742 104.9595 103.9958 105.1390 104.6758 104.2137 105.5574 109.0518 122.8515 119.0385 117.7028 120.5691 123.1378 123.3379 126.0802 119.7200
122.5900 112.6849 111.3118 104.2534 112.1882 122.2974 122.0551 122.0000 121.9537 121.8642 121.8418 121.7755 121.7259 121.6944 121.6862 121.6834 121.6797 121.7372 122.0183 119.7368 121.6870 122.6402 118.8830 106.2586 105.3488 112.2027 107.3439 114.1526 108.1917 110.3582 115.0088 115.2812 116.2925 112.7645 112.4452 113.0473 113.6519 114.8576 116.1179 122.5001 124.5260 124.1801 116.7855 101.9925 104.5306 103.4492 108.6795 108.4769 104.5199 104.8373 105.5398 104.7120 106.1938 108.0661 123.8087 109.2629 110.7918 128.4658 120.0955 119.0043 117.2268 113.5278 121.1781 122.0400
122.8600 117.4300 102.3033 102.3429 120.2325 122.4474 122.4780 122.2757 122.2020 122.1547 122.0902 122.0556 122.0236 122.0001 121.9923 121.9870 121.9939 122.0032 122.0394 122.3378 122.1417 122.1176 118.1754 105.7750 105.9331 117.4336 100.6594 114.7141 108.6353 117.6109 115.7089 115.8279 118.4154 110.3776 108.5409 113.7911 113.2295 117.1913 119.3177 110.3007 122.5751 124.5816 127.6386 105.5911 103.0161 103.2853 102.6367 107.4017 109.3477 105.9094 105.6011 105.7610 108.2260 106.5669 121.4902 123.6833 115.7440 108.7010 129.8559 125.5948 118.5550 119.6679 122.4030 123.3000
123.1200 124.1185 101.6460 121.8365 123.3183 122.5441 122.1080 122.5575 122.5182 122.4325 122.3880 122.3447 122.3155 122.2921 122.2780 122.2733 122.2889 122.3115 122.2102 122.1863 122.4815 122.2911 121.9722 105.5358 105.8592 114.4692 121.5798 115.2585 123.1316 117.5029 117.7398 115.6151 107.0745 120.3045 112.7046 113.6105 114.1533 114.9736 114.1541 108.7261 118.9572 121.7178 109.1297 105.6978 102.7391 103.3969 103.2017 112.8549 110.8794 112.1140 108.2474 106.5905 107.3538 109.7280 107.4645 117.8832 121.1026 117.8212 108.4738 121.3780 124.5024 116.2593 118.2883 122.5800
123.3600 124.3597 122.9290 122.9814 122.8831 121.6830 124.6966 122.9369 122.7507 122.7056 122.6663 122.6290 122.5968 122.5780 122.5618 122.5572 122.5676 122.5940 122.3432 124.7705 122.5477 122.7734 118.4403 110.0929 119.6587 111.3538 106.8311 113.5860 115.2007 120.8886 116.4296 111.5996 118.4028 120.4828 114.9141 113.8765 114.0480 114.6870 102.3089 105.8637 116.8874 118.3639 102.8034 106.6576 103.0645 103.4856 103.2188 108.3091 113.5392 111.0700 113.4370 108.7240 106.7422 108.0046 108.1618 114.4807 108.5005 108.5305 127.1907 114.4268 107.9876 105.4954 106.0456 120.3700
123.5900 123.2137 123.5511 123.2932 119.3877 113.5972 113.2011 123.2199 123.0194 122.9696 122.9359 122.8919 122.8711 122.8494 122.8418 122.8471 122.8607 122.8793 122.6285 123.5080 120.4253 122.7745 124.0297 116.1901 113.5534 114.5351 114.6615 121.5673 116.5060 120.9904 112.0496 119.4750 117.4300 119.1669 121.4415 117.8351 121.3067 115.1754 119.8909 123.7388 103.4453 110.5956 103.9919 104.5134 103.7449 106.5040 104.7651 104.2647 103.4986 107.3672 109.8571 114.2597 110.1425 108.5138 107.6354 124.9481 111.2842 112.9754 121.2211 134.4330 127.1191 112.2146 108.7474 118.7900
123.8500 123.8114 123.7054 123.4088 124.2725 124.3239 120.5963 123.1669 123.2900 123.2320 123.1938 123.1625 123.1301 123.1148 123.1040 123.0619 123.0301 123.1218 122.3947 123.3693 101.0112 122.9845 122.7088 119.7751 113.1533 113.4280 116.8021 118.7630 117.4646 112.2008 110.9931 119.3681 118.9189 119.4427 118.1256 120.7063 120.6338 124.9805 121.1765 116.0531 111.5929 109.6704 103.8324 104.5296 102.0804 108.6867 103.4524 104.3285 104.9633 104.6011 108.8608 116.8068 113.8757 110.3176 108.6318 109.1390 109.6555 114.6511 120.7660 123.6878 135.1784 120.1630 108.8808 113.1800
124.0800 124.4152 123.8926 123.9093 123.4615 123.6139 124.0100 123.5498 123.5268 123.4788 123.4407 123.4119 123.3924 123.3703 123.3592 123.4442 123.7551 123.4891 124.0455 123.0862 99.8357 109.1319 126.0485 114.6792 114.1117 114.8596 116.0213 114.7863 118.5668 106.5686 106.3301 109.3694 120.5329 103.0263 106.7517 114.6117 119.1584 121.9154 120.7843 116.3343 102.1573 106.1656 103.1373 103.7782 102.5342 102.6317 105.6078 117.5302 106.5042 105.9593 106.6144 113.1238 111.0275 113.5644 112.7552 111.6863 111.0806 114.0152 117.6318 110.0495 114.9334 111.9563 120.0488 106.1100
124.3000 121.6298 124.2449 124.0408 124.0391 123.9637 123.8342 123.8202 123.7728 123.7255 123.6900 123.6618 123.6381 123.6242 123.5963 123.4271 122.6251 122.8646 125.6349 103.6475 127.0803 100.0015 126.8031 112.7039 105.9946 116.5775 114.9476 118.0967 124.3087 120.8781 102.0367 105.0902 110.8502 121.4649 110.9505 102.9654 117.0975 110.2130 116.4311 112.9916 102.7529 103.4618 103.8660 102.2427 110.0233 120.2384 122.0609 130.1470 109.4652 106.3785 107.0656 106.4581 110.9630 112.8923 112.4800 113.9017 110.4142 110.9530 111.1152 113.0359 104.7925 103.8341 131.5988 106.1100
124.5100 125.0418 124.2380 124.2932 124.2173 124.1584 124.1118 124.0507 124.0086 123.9674 123.9310 123.9012 123.8762 123.8718 123.7876 123.3348 133.3820 128.2794 117.5945 123.6498 115.7312 107.6970 122.9175 106.9911 102.9874 114.5549 116.9884 108.5631 109.1610 120.0857 111.4301 102.5090 107.3859 115.8379 107.3883 103.9404 100.8585 122.0310 105.3731 103.4879 103.0698 103.6824 103.7967 104.6681 115.8032 111.4964 114.6442 110.2132 106.1536 105.6108 105.1295 107.8468 106.0305 113.9864 114.9508 113.5824 115.3169 111.7677 113.0045 109.2907 110.0249 105.5091 117.5300 106.2800
124.7200 124.5090 124.5894 124.5066 124.4424 124.3805 124.3276 124.2808 124.2321 124.1948 124.2012 124.1221 124.1085 124.1100 124.1063 123.6872 126.6892 109.6079 118.5644 126.0661 114.1440 107.4670 123.2793 99.5864 105.5251 117.8812 96.6853 114.9702 103.6650 118.6214 112.9308 103.8524 103.3676 106.8650 108.2406 102.1388 105.2001 102.7926 100.9062 104.6374 104.0480 104.2509 103.9359 103.7148 104.6830 110.4422 104.3618 104.8718 113.4433 112.6748 103.6793 106.1409 122.0969 105.9754 111.7034 111.4133 114.7619 115.7128 112.9349 112.5568 114.8884 114.1314 115.4663 116.8400
124.9300 124.8822 124.7797 124.7223 124.6592 124.5980 124.5521 124.4982 124.4587 124.5012 123.9146 124.9685 124.3003 124.2640 124.2445 124.6946 126.8531 104.7386 120.2506 122.5634 128.0150 110.7591 127.6837 110.8132 124.6511 120.1701 117.1351 119.4444 120.5212 122.3196 127.5357 114.2994 102.9686 103.6846 102.5882 103.1907 106.6389 123.3398 122.5065 108.8877 105.5186 101.8313 103.3710 104.2567 104.6774 104.9800 101.9187 121.5491 104.4131 105.1328 105.8446 109.3452 110.9172 112.0132 107.8234 115.1220 114.6805 115.6491 117.3341 116.0341 106.4936 114.8251 117.1533 127.9200
125.1200 125.0533 124.9948 124.9255 124.8660 124.8124 124.7547 124.7378 124.6463 125.7434 114.9050 124.9864 124.3855 124.8483 125.9988 105.5238 125.7782 118.5544 115.6420 126.7377 118.7922 110.4163 127.8689 113.5397 124.5721 113.1875 112.2534 123.2226 125.2978 123.0206 110.5369 108.3458 103.0959 105.0058 103.3680 103.1507 124.6650 120.6298 125.8172 121.4097 119.3830 121.5092 113.0243 109.7163 105.3520 103.5909 114.0783 128.7816 109.3255 106.2568 105.4068 105.1809 109.8144 112.7911 127.8767 124.2905 122.8192 117.6207 115.8101 117.9913 114.9150 113.7032 125.9995 127.9800
125.3300 125.2550 125.1812 125.1305 125.0693 125.0328 124.9624 124.7949 124.8471 124.9474 119.8947 125.2477 124.7852 116.3095 119.0155 122.4177 112.7705 105.9806 111.7968 122.3701 116.7582 112.6595 125.8051 111.6317 125.5859 111.1751 112.4035 106.8229 113.1137 123.9962 112.0551 113.6311 108.6044 105.2317 104.1278 102.4509 117.8740 126.0291 125.1284 126.0559 120.7015 115.8981 106.6754 112.6206 105.8551 106.4375 125.6698 122.9834 120.9803 108.0547 109.4104 107.7087 107.8025 120.3775 127.9086 126.6383 128.9450 126.0876 116.7131 116.7762 122.6185 116.5052 126.4890 128.0100
125.5200 125.4436 125.3909 125.3278 125.3096 125.0704 125.3702 125.8054 125.0210 125.6685 126.3944 124.5793 125.1381 105.5654 106.6916 105.9072 109.2751 108.9846 109.6237 127.8910 117.8367 114.1134 119.8258 125.6243 134.3675 116.2503 113.2694 113.1954 113.5564 111.5692 123.4526 102.2197 102.6838 106.3400 106.7905 103.8215 110.3514 124.0826 125.8131 125.9802 125.0614 105.8067 106.2021 114.4605 105.7359 108.7852 123.3333 126.7556 124.7347 109.3217 111.4632 121.0080 119.6898 126.7562 128.3447 128.5371 116.0380 126.7566 124.9011 126.3677 121.9847 123.1480 118.4828 116.7000
125.7000 125.6336 125.5740 125.5243 125.3329 125.9037 120.8813 115.1402 125.8756 111.6904 123.8447 124.9411 126.6494 109.9212 114.6235 109.3415 115.6421 110.2437 108.8193 112.7756 123.3739 115.5199 119.6645 111.1757 118.7086 117.2449 113.9420 114.8704 104.4366 110.9212 108.7689 109.9958 119.3772 104.9017 106.3580 103.1730 118.2671 126.1406 125.8816 126.4041 126.3387 122.4352 101.4910 104.2754 112.4791 120.2712 108.5229 115.9459 126.8181 127.4316 123.0400 128.1294 128.6607 116.5264 128.8771 125.4429 108.9111 130.2542 129.8843 128.3091 128.4083 118.6697 123.6453 125.8600
125.8900 125.8241 125.7661 125.7097 125.5933 125.7944 105.7733 127.3159 125.2197 126.4729 120.4476 125.5764 126.4462 111.7594 110.4655 109.6390 107.3025 109.8824 109.8229 117.0133 117.1845 117.2879 113.2984 119.6003 123.3155 110.5774 115.0288 107.6295 114.0003 112.9370 103.3955 120.7079 112.3512 108.1039 106.3653 105.5616 120.7531 121.0179 127.9351 126.1623 126.3509 129.5243 108.4324 102.9312 112.2598 104.3088 110.7862 106.3384 114.9181 120.7294 127.0772 125.9036 132.5748 120.3321 126.3663 131.9261 122.0345 114.1370 128.3391 128.3717 129.7736 122.5079 119.8353 126.0600
126.0700 126.0015 125.9531 125.8871 125.8120 126.9122 127.0136 125.5787 125.6825 125.7734 125.6033 125.3081 126.9959 102.8324 113.9722 120.9380 123.6034 111.2278 114.6077 104.6041 115.0748 111.7688 107.1868 122.9743 113.5263 103.6057 115.3516 107.7410 103.7618 104.7010 103.6618 105.2233 100.1616 127.7322 110.1377 106.3598 107.4133 106.4605 118.6623 106.0701 122.1445 114.1418 102.5852 107.4644 115.9629 123.2520 126.8826 117.1816 130.3146 123.7282 124.8381 120.4320 123.7860 128.5826 128.4803 129.4445 117.9751 123.9772 128.1265 128.6630 128.7954 129.9849 116.3377 107.0300
126.2400 126.1847 126.1330 126.0784 126.0403 125.7307 125.7453 125.9692 125.9079 125.8474 125.8015 125.8518 125.3893 118.4620 115.4694 119.8248 117.8940 112.6011 113.5788 103.7801 123.8133 122.0479 101.3415 102.0443 119.6021 108.1415 106.4621 106.8287 104.2533 104.4781 104.3397 108.4658 128.7884 121.1572 112.3933 110.2107 105.1628 112.4213 105.8890 99.7196 100.8378 112.8659 103.3261 111.4408 109.6068 124.8606 129.9320 132.3828 128.4744 123.4325 124.8826 127.5644 124.9646 126.5339 128.0282 128.4855 118.1003 125.8434 128.4369 128.7966 128.8427 126.8491 122.6475 107.1400
126.4100 126.3554 126.3081 126.2588 126.2151 126.2204 126.1740 126.0996 126.0768 126.0681 126.0462 125.7011 127.2434 110.6237 117.8857 115.1543 113.0819 113.0566 114.3060 113.3603 109.2286 123.2849 115.1696 103.5852 127.5601 117.3485 113.2648 103.7490 104.3728 104.3028 104.4258 109.9847 125.7016 124.6903 127.6799 107.3712 103.3409 105.0589 99.7556 110.0917 118.1782 104.7091 111.1751 132.1699 105.1973 123.8388 123.8107 129.1159 127.6305 127.2547 123.7417 124.7808 126.1431 126.0292 129.0378 128.3826 129.6764 130.2623 128.5894 128.7725 129.3536 124.1954 116.8348 129.1800
126.5800 126.5309 126.4835 126.4382 126.3978 126.3491 126.3197 126.2891 126.2662 126.2482 126.1421 125.8656 127.2903 115.1571 119.9049 125.1265 115.1997 114.5978 116.2836 112.8057 112.5822 123.8908 104.3637 117.6895 125.0385 110.6734 105.6631 103.5519 104.5155 104.4710 104.7217 107.7811 125.7538 116.5406 122.3863 104.1537 109.0922 111.6334 104.3082 119.2092 120.3242 109.6462 106.6412 128.5466 128.2083 123.9706 112.3582 126.3931 128.5174 128.8394 128.4440 125.9178 126.9412 108.0452 128.0217 128.4897 128.2761 128.8895 128.7298 129.5971 128.0160 129.0698 106.9270 107.2900
126.7500 126.6992 126.6488 126.6063 126.5745 126.5329 126.4995 126.4663 126.4397 126.4641 126.4233 119.7775 125.4054 110.1011 115.5010 119.0884 117.0950 115.6888 117.1870 107.2021 107.1688 121.3819 102.9185 105.1129 119.2271 112.7482 121.7179 104.5218 104.5197 105.3636 105.4818 109.2259 126.1076 125.3360 102.4740 111.1476 106.5488 111.8270 124.1691 133.6251 101.7778 101.5567 113.6544 129.6835 127.8167 123.7291 121.7505 125.6208 127.5120 129.1504 128.2658 126.5789 126.9991 125.0551 128.7966 130.0511 130.0110 128.7990 128.6104 126.8305 128.2325 132.6643 127.4576 107.3200
126.9000 126.8645 126.8187 126.7826 126.7420 126.7005 126.6748 126.6445 126.6107 126.6846 126.3541 121.4351 116.3964 111.0377 125.1849 125.9224 118.9243 118.2128 116.9642 123.5486 110.7375 106.6150 108.2976 115.9246 107.1141 103.0637 115.0424 104.3707 105.1796 105.5869 104.9007 102.6509 126.4585 124.4083 125.5282 128.5081 115.2675 111.6089 110.4258 117.3967 110.1648 108.6488 111.9026 130.2346 131.2909 125.6365 129.7439 125.3209 128.6421 129.4913 130.4304 130.8741 128.8623 128.5387 128.3110 130.8520 126.5026 129.5720 129.2183 129.1034 128.9764 112.5481 124.3298 121.7200
127.0600 127.0267 126.9831 126.9490 126.9106 126.8741 126.8211 126.7918 126.7842 126.8591 126.7310 116.6634 116.6647 120.2041 122.0262 126.9701 121.6073 118.9699 118.6523 121.8378 102.5797 106.1028 104.7738 103.4633 104.3474 104.9070 109.3534 103.0783 104.5239 104.7341 110.4703 104.7563 110.7517 114.1851 124.5282 121.8918 117.9127 112.2795 113.5473 108.6308 104.2917 105.7000 106.5314 106.3232 135.9694 128.0699 129.6099 129.0006 125.3681 117.0406 133.2919 130.1339 130.1659 128.6099 128.6639 129.6292 130.1116 129.3536 129.0686 129.9450 130.9606 132.0190 110.0051 110.3600
127.2200 127.1882 127.1453 127.1070 127.0809 127.0175 127.1402 127.0909 126.9583 127.0177 126.8186 124.1520 118.5245 109.7383 121.6573 126.0506 121.6372 122.0946 121.9970 119.2764 115.5857 106.1909 105.9169 105.8777 105.7615 105.1831 119.4168 112.2621 105.8356 118.9947 121.6838 111.5080 115.2788 113.8422 124.3027 122.1857 128.1808 112.4504 110.9737 113.4652 109.7725 106.5518 105.9810 102.7286 123.2761 131.6832 131.0248 129.5700 129.0577 134.1833 131.8556 110.3355 131.2930 129.7532 128.2559 134.3898 129.0925 130.4270 129.1107 129.8655 127.9649 136.8720 118.6677 113.8700
127.3700 127.3416 127.2993 127.2775 127.2203 127.2651 126.4036 126.5811 127.1287 127.1682 126.9592 123.4825 118.8752 108.9579 123.4516 124.1266 116.1709 120.6754 111.4741 123.1157 113.1952 106.0441 105.8533 107.2796 104.9233 105.6774 105.9203 110.7637 107.6141 114.2947 119.9788 119.0136 123.4940 116.6855 123.3744 123.6493 124.7235 113.5291 109.0259 113.9769 105.8560 106.6697 120.9484 114.0426 134.5347 131.1579 131.8194 127.5315 107.6931 131.6861 133.3089 133.3125 132.4928 132.0219 129.5028 129.1377 127.0454 130.9565 129.6411 127.0315 129.3963 126.6109 105.1757 107.7100
127.5200 127.5001 127.4585 127.4227 127.5444 126.2468 136.4982 126.8313 127.2870 127.3221 127.2525 124.5941 120.6358 112.5423 109.3751 111.8818 104.8749 110.2278 116.7542 121.5710 118.7917 104.7497 106.0743 107.9857 107.2882 105.1885 109.0470 117.9840 107.4994 117.6190 118.4884 116.0023 119.8546 117.9247 121.7951 124.5016 125.8754 122.5462 113.3257 115.5654 114.7546 112.2057 107.5607 105.6818 134.2884 131.2574 131.4066 129.1996 126.3432 133.7344 131.9094 132.2623 133.3846 133.0750 133.7566 133.2408 115.7620 121.9887 130.5260 129.2512 114.2353 125.8994 123.0051 121.8900
127.6700 127.6700 127.5600 127.5800 127.4700 127.5000 127.5000 127.4000 127.4100 127.4200 127.2900 120.7400 117.2800 105.3100 112.3100 112.3100 116.6300 105.3100 105.3000 123.7500 107.7400 105.4200 105.4100 108.0000 108.6000 105.4900 105.4700 126.2000 106.8400 114.2200 109.5700 108.3100 122.2600 109.7400 127.8100 127.9000 125.5700 115.9700 115.9700 115.2400 112.9800 112.9800 106.3100 107.1200 132.0100 131.9000 129.8000 132.0700 132.0400 131.7700 131.9700 132.7900 132.9900 133.5100 133.4300 107.2600 129.3300 129.3900 129.4700 130.7900 107.6200 119.4100 119.4100 118.3100
