89.7400 89.7400 89.7400 95.6000 101.5300 105.0200 106.3500 108.5300 109.4400 110.2700
91.7900 89.5500 88.5499 96.8879 101.2956 104.2390 106.4387 108.1897 109.6491 110.2500
91.7900 88.5413 91.6759 98.1549 101.8725 104.5667 106.6464 108.3343 109.7576 110.2900
97.4300 95.3361 97.5163 100.4913 103.1642 105.3533 107.1715 108.7055 110.0312 111.1000
101.1500 100.5655 101.3345 102.9569 104.7285 106.4079 107.9161 109.2509 110.4488 111.2000
103.7400 103.7074 104.1394 105.0887 106.3022 107.5609 108.7766 109.9135 110.9666 111.3400
105.7200 106.0204 106.2865 106.9123 107.7674 108.7210 109.6897 110.6431 111.5585 112.3000
107.3300 107.8546 108.0296 108.4613 109.0904 109.8201 110.6003 111.3994 112.1848 113.1400
109.8700 109.3561 109.4889 109.8127 110.2749 110.8549 111.4955 112.1532 112.8263 113.2300
109.8700 109.9000 110.8000 110.7100 111.3100 111.8700 112.4700 112.9300 113.4200 113.9100
