103.2900 101.3200 101.3900 101.2400 103.1100 104.6000 107.0500 108.0100 109.0500 109.8400
100.3800 99.1616 98.4362 99.7967 101.9683 104.1266 106.0265 107.6601 109.0920 109.6600
96.5400 93.1941 91.4542 95.1379 99.6065 102.7290 105.1233 107.0481 108.6437 109.5300
90.0100 88.2799 86.2972 90.0197 97.7912 101.7897 104.5745 106.6834 108.3859 109.4500
95.9000 87.2865 85.5112 89.4416 97.6293 101.7025 104.5211 106.6547 108.3636 109.4200
95.9000 91.7074 90.1531 94.0131 99.2054 102.5001 104.9847 106.9519 108.5734 109.4500
100.6100 98.0527 97.3451 99.0557 101.4861 103.8428 105.8335 107.5318 108.9927 109.6600
103.2100 101.9426 101.6244 102.3717 103.8022 105.3710 106.8930 108.3011 109.5615 110.6000
105.6400 104.7351 104.4710 104.8917 105.7813 106.8699 108.0175 109.1573 110.2330 110.7800
105.7700 105.7900 105.8300 105.7500 106.9900 107.9000 108.7600 109.5600 111.0000 111.6500
