110.5900 108.9900 108.0700 107.0400 104.5900 102.9900 101.1700 101.3800 101.3500 103.3800
109.6500 109.0925 107.6767 106.0402 104.1358 101.9546 99.8901 98.4413 99.0975 100.5600
109.5300 108.6440 107.0512 105.1279 102.7457 99.6211 95.1626 91.4879 93.1343 96.5600
109.4500 108.3933 106.6912 104.5782 101.8082 97.8256 90.0158 86.3280 87.9855 90.0000
109.4200 108.3687 106.6606 104.5279 101.7114 97.6456 89.4599 85.1113 87.4327 95.8800
109.4500 108.5749 106.9553 104.9928 102.4970 99.4161 94.1464 90.0857 91.8479 95.8800
109.6700 108.9914 107.5364 105.8388 103.8427 101.5507 99.0805 97.3463 98.1803 100.3600
110.6000 109.5638 108.2960 106.8991 105.3675 103.7698 102.3861 101.6311 101.9577 103.3200
110.7900 110.2357 109.1658 108.0258 106.8640 105.7793 104.9051 104.4674 104.6510 105.4400
111.6600 111.0100 109.5700 109.5700 107.7600 106.9300 105.7200 105.8200 105.8100 105.4400
